 -0.00000001731493069  0.00002548272002662  0.00018604487067551  0.00054927141276071
  0.00109816783990586  0.00183620930072049  0.00271536729263664  0.00370134506007323
  0.00487968849210985  0.00617315014921957  0.00755638575760959  0.00896395223897281
  0.01047647827237297  0.01206707673602766  0.01369986077579183  0.01534481187168983
  0.01704683581721145  0.01870014515003792  0.02048898929324779  0.02240036648039741
  0.02428393746793565  0.02619189150683416  0.02820169441197912  0.03018328066335928
  0.03212494699637145  0.03405418143568772  0.03598860970063619  0.03793809115215502
  0.03993987029768011  0.04194338605580498  0.04401757603215915  0.04622604177918118
  0.04855600702934613  0.05095783163248351  0.05329014030504826  0.05558957734307100
  0.05783712773460265  0.06005335592513118  0.06240576381773598  0.06481612647295994
  0.06720044092778056  0.06957370164957512  0.07200535728389071  0.07443991101060166
  0.07683958433259042  0.07928049625247091  0.08171521269521818  0.08414855486153157
  0.08662954389482599  0.08921363348752144  0.09180482772493199  0.09440097478784089
  0.09694015937389310  0.09944998833932747  0.10193407248814183  0.10442419368982757
  0.10709829231119479  0.10999553260958532  0.11286936884314781  0.11574201979631808
  0.11865954569015116  0.12159883222316026  0.12447580272995798  0.12743078904076918
  0.13045009373340460  0.13344063487760080  0.13634460696112716  0.13946472215074099
  0.14288942060770699  0.14636197827947006  0.14993644180923457  0.15363146160386848
  0.15732917176365022  0.16111053026507471  0.16498487929456940  0.16893786558074045
  0.17302774090837370  0.17721266207393332  0.18164317990248124  0.18627279919998233
  0.19127881563337940  0.19706761712501045  0.20290726874488299  0.20897306138010541
  0.21566578742148049  0.22304966264603743  0.23072251935604213  0.23883515861378796
  0.24901502170338591  0.26125150213357673  0.27651659493652392  0.29492615946480960
  0.32115414228512201  0.38930390666279691  0.61698078699194236  1.00000000000000000
  0.00969386586720468  0.01451138073407891  0.02313189203002397  0.03376335785638915
  0.04486860452855329  0.05690338074272570  0.06840813323854938  0.07950376042461139
  0.09104808988622916  0.10322435055349241  0.11346983828828890  0.12355723348698795
  0.13397538439273884  0.14441463206037325  0.15470525119710693  0.16484756443634610
  0.17608058482338279  0.18781426037513077  0.19884036126013227  0.20925539405914093
  0.21850723143748685  0.22790746413315296  0.23768298150157974  0.24744663353383820
  0.25683987223683186  0.26647146941492256  0.27736958151152180  0.28886770686409285
  0.30046132259145275  0.31145502114217588  0.32226528489413470  0.33305226247548164
  0.34398562563227819  0.35433551248175316  0.36421317366324940  0.37446047916920944
  0.38460793441102953  0.39434729240288546  0.40365927119869721  0.41329523779643357
  0.42292345944995957  0.43229967678208886  0.44209459261997475  0.45266315057545847
  0.46296422492905726  0.47345045603347591  0.48449791607617892  0.49623248615750715
  0.50771056809545023  0.51859601208459849  0.52965073320490830  0.54058880993024083
  0.55149681079961355  0.56146776019602307  0.57083317544330825  0.58010250424242693
  0.59018415272066216  0.60055389219959476  0.61046316787278143  0.61974808896955591
  0.63000078185812314  0.64035662621485501  0.65070516334916273  0.66053860554802757
  0.67151680961800053  0.68304677375657596  0.69497159413436138  0.70714560007653970
  0.71920425721739834  0.73060996572889458  0.74144269258199014  0.75272527431949987
  0.76491946443013692  0.77623134841459884  0.78645265797011765  0.79619792008895174
  0.80584325032869419  0.81509550861193358  0.82374850026135160  0.83252716369876700
  0.84262013609722386  0.85392120858060727  0.86441104672910907  0.87443967190904148
  0.88350249435658401  0.89241359596945513  0.90182519831524488  0.91158607492154708
  0.92197186925768093  0.93212306757619146  0.94273706840109017  0.95411133479733734
  0.96555141465582495  0.97660203274539636  0.98805433289778721  1.00000000000000000
 -0.00001764999270149  0.00019561864009545  0.00050377685520290  0.00099751305163784
  0.00164091643968368  0.00249274037798452  0.00356868812156998  0.00470973991178658
  0.00596567197703936  0.00733718625867183  0.00901261311398156  0.01088435985430792
  0.01281749369062799  0.01468137765707537  0.01659899976764645  0.01858081804902805
  0.02073932364696365  0.02307379928768834  0.02542578674883382  0.02774317720099597
  0.03012306266043548  0.03258538051322145  0.03509803521519981  0.03768464270075749
  0.04036357106210096  0.04317679441287721  0.04610415314788002  0.04911577402393173
  0.05230978773512744  0.05574489082717556  0.05926591969505784  0.06291014572585679
  0.06685999303785313  0.07088236569431791  0.07491353149380378  0.07904127813760478
  0.08313261373679180  0.08729493339303998  0.09131192881832528  0.09549596521171029
  0.09979742166980499  0.10414185415025880  0.10846858197658836  0.11267746053548880
  0.11680542061294431  0.12100676617408862  0.12530750851360783  0.12972233935084709
  0.13435594955638033  0.13884867059470879  0.14346003685106604  0.14816338960644188
  0.15291261851921845  0.15768418388905348  0.16236636147251807  0.16716854036817408
  0.17200356060765387  0.17671535638814501  0.18180464590511311  0.18747305681605289
  0.19309453739399435  0.19871054807716648  0.20427727774927801  0.21004873836793458
  0.21591519897924877  0.22184752186220230  0.22789104035461666  0.23401636102268239
  0.24016013173385861  0.24640957224632348  0.25280633618782250  0.25937787004701379
  0.26592415020168003  0.27186330207672149  0.27837119390047854  0.28522401539382419
  0.29225211321669081  0.29934456900264705  0.30645807958795984  0.31351851091740424
  0.32089488328122390  0.32811840979153195  0.33505871717541447  0.34179005592704331
  0.34858131119654517  0.35545159737379806  0.36223349674277106  0.36898390408084886
  0.37588783305337597  0.38315103510412768  0.39008280074673568  0.39697920567551270
  0.40347718124103954  0.40812795672942886  0.41161531755696623  1.00000000000000000
 -0.00313156751921052  0.00937631699353310  0.02096183204385456  0.03201785535740792
  0.04361853289147441  0.05570248820554031  0.06717973566148533  0.07782517586263554
  0.08819530267196030  0.09841630158869433  0.10824782200549207  0.11766831729761264
  0.12714580466455766  0.13712187657421149  0.14771897198613906  0.15918931384377200
  0.17133488505099778  0.18314972744786842  0.19449681559012150  0.20579099213266552
  0.21733662587542238  0.22909283861176358  0.24082831039600128  0.25237040554820500
  0.26346039512691699  0.27420424455540282  0.28530311254876700  0.29601992166270574
  0.30521794803960756  0.31470138153007687  0.32425079776398680  0.33393260485202875
  0.34355251115093099  0.35343207821192346  0.36395407986594064  0.37446725541492593
  0.38394383430856827  0.39300833350895992  0.40221574880650718  0.41158406996275315
  0.42096780107399245  0.43058420979371487  0.44068501211138772  0.45113440431928348
  0.46137867839132390  0.47166858560427627  0.48188381448123396  0.49218714084049964
  0.50270927313251068  0.51309561314769103  0.52331407847505462  0.53376223037465398
  0.54492809726447511  0.55696054728709865  0.56886520451013145  0.58046654817616983
  0.59183662881736609  0.60306994643701273  0.61403833459967072  0.62458940848330469
  0.63487611842143066  0.64553473199273959  0.65671123754967697  0.66812544530160001
  0.67851153657982000  0.68883247183370910  0.69977178102051130  0.71048046508038287
  0.72109857384889353  0.73146653102970349  0.74110070969846642  0.75123732033640489
  0.76084857485685886  0.77078849023766305  0.78055627528837612  0.79027725592471887
  0.80114851111051000  0.81294628142403180  0.82281401213021010  0.83297239286395064
  0.84281003184115610  0.85209406629058326  0.86120254980323996  0.87044294785509702
  0.88037715853933396  0.89054224119325853  0.90149040993803164  0.91276550880349239
  0.92353356076307025  0.93437190857471386  0.94643816619739229  0.95837194752918875
  0.96923903775356235  0.97984547839695912  0.99017356796276801  1.00000000000000000
 -0.00316727466507034  0.01016812619499642  0.02183089678787138  0.03318438877516604
  0.04487615357279579  0.05676328392204960  0.06825433353080194  0.07951193296667017
  0.09086451072577258  0.10190468613850964  0.11235341072021329  0.12235413490290875
  0.13271224200015080  0.14344257163653085  0.15470398617047207  0.16649310919257052
  0.17756643480924797  0.18790861242492229  0.19833714675129921  0.20863466287172938
  0.21855575183716353  0.22828964415774544  0.23849887013306720  0.24886089907077966
  0.25884925302641087  0.26881245398082793  0.27872663970866018  0.28829150207906978
  0.29761172760875398  0.30727890555380827  0.31740458082165024  0.32761863154080256
  0.33794344758142031  0.34886180884941598  0.36060376895927870  0.37291915580922486
  0.38538753024693834  0.39762862585467251  0.40953537991153854  0.42123969118631788
  0.43271357061424198  0.44398062185593501  0.45546900471074203  0.46757265090830274
  0.47963598301943899  0.49060060674667694  0.50114254958055149  0.51153228090961933
  0.52209503040248895  0.53358436651487673  0.54529875856836418  0.55777066914006679
  0.56921001007018102  0.57961621894523774  0.58959576250774348  0.59904468189283433
  0.60842882923651254  0.61807452912862393  0.62848526282074113  0.63956504699889039
  0.65042086311643577  0.66171214811621915  0.67322201250517755  0.68525611263478647
  0.69678288517321840  0.70793368180577276  0.71853941007852329  0.72849635349455366
  0.73821678337316299  0.74767379435458503  0.75666236873255655  0.76527728786483629
  0.77412624634913862  0.78292144775372230  0.79152478236769030  0.80037994048336158
  0.80927430419624846  0.81898337766978302  0.82893058204568493  0.83850721578180265
  0.84799149709243271  0.85739027132231849  0.86627127703511009  0.87488834471840493
  0.88341222500477168  0.89159813590050163  0.90050730683362890  0.91036139434020602
  0.92078199075076506  0.93188467935246222  0.94331988655017185  0.95485429676819067
  0.96603445641314611  0.97690821218148027  0.98814274112916844  1.00000000000000000
 -0.00201751259778120  0.00817447500146986  0.01685626173684623  0.02671925656541226
  0.03652483083515142  0.04657525867202011  0.05654769252557059  0.06757485591888547
  0.07949881371258102  0.09067535932345247  0.10099331335486079  0.11149179943208444
  0.12262120334793024  0.13385453785747950  0.14509840985405253  0.15625545117663903
  0.16728925941535805  0.17813778529319829  0.18946488008415702  0.20255288315597014
  0.21528987997425766  0.22752692475707303  0.23789600035636099  0.24837785129775250
  0.25917966724696140  0.26941617734663703  0.27902945969455728  0.28853723519350538
  0.29827411591008934  0.30818130932976828  0.31826643525307152  0.32801886264844521
  0.33733404482000123  0.34706031633040646  0.35780555626646926  0.36988927865812926
  0.38132300902235378  0.39218619052565123  0.40265975322458952  0.41303925871501274
  0.42373622091190177  0.43425924252698350  0.44438643049905274  0.45425438647923500
  0.46537079418019989  0.47750875537937681  0.48790897843555620  0.49787480756272301
  0.50744860097176647  0.51713781483799137  0.52693965779092533  0.53688864266560266
  0.54742843257244267  0.55846644980204907  0.56895505071293440  0.57917042345889569
  0.58975304759790903  0.60064648628711481  0.61103687469674239  0.62072442319114607
  0.63112183610343697  0.64249271910971151  0.65336730412897925  0.66424283561350539
  0.67570522268124222  0.68774883568621925  0.69932543110322909  0.71032190059758260
  0.72089374727687061  0.73132682113427483  0.74172401749160299  0.75257787223858341
  0.76361248643460844  0.77500830930716491  0.78617997743045276  0.79672240490538571
  0.80654172593545415  0.81623267227400220  0.82589492570963652  0.83565029754836428
  0.84524622280491013  0.85476111072734240  0.86463648596976039  0.87497765842349862
  0.88621618464637031  0.89768640617302164  0.90870289211356070  0.91913301515016743
  0.92925314620387856  0.93926518072934306  0.94971368970213887  0.96011941569435300
  0.96968441609359168  0.97961263497554874  0.98956839090249360  1.00000000000000000
 -0.00286599381090539  0.00931253956675080  0.02015456961677749  0.03088818972761820
  0.04144097089809243  0.05059980000733466  0.05974648919472449  0.06934653085916871
  0.07975114402056165  0.09015022032186817  0.09974016697377754  0.10953707931799744
  0.11986624967568152  0.13004711810933864  0.14012473929240168  0.15013000500422868
  0.16010777035499543  0.16978836636254738  0.17923884440898741  0.18860470598156243
  0.19798067371553252  0.20773372248469132  0.21815153062152071  0.22848896803698013
  0.23793760438736611  0.24704884990193501  0.25681553417959785  0.26701975486785423
  0.27735844099863066  0.28741254959822315  0.29862544011595932  0.31094032570998981
  0.32263496307437994  0.33403903015468078  0.34583770579304601  0.35762854892193008
  0.36944129096168760  0.38142877614773990  0.39326552181422492  0.40433639097719892
  0.41492139393564254  0.42417975781628731  0.43335825031472014  0.44255422259934696
  0.45166015024376688  0.46092782129977372  0.47044086719501388  0.48007627267636144
  0.48962070259314033  0.49923568602979101  0.50962423288780079  0.52043142621983984
  0.53080384435584205  0.54104622889404863  0.55183938095495433  0.56261572336928189
  0.57237895286315954  0.58142284179700632  0.59037373691537476  0.59906838378777993
  0.60846713961151178  0.61780334470663922  0.62798211655623493  0.63898641568875025
  0.65048640476118991  0.66216767806423826  0.67439836421356025  0.68729473293569709
  0.70025746723250692  0.71290512436820297  0.72519377176577882  0.73730337892454412
  0.74986823512731493  0.76081714873927886  0.77172519809367901  0.78317016536927486
  0.79471519529024459  0.80562510000784127  0.81631151747509534  0.82743759652278270
  0.83888740796903083  0.85001725290878094  0.86195930046584568  0.87318159649938520
  0.88589617019938227  0.89818300533646522  0.91075143443289519  0.92208407066967524
  0.93288909923966579  0.94308989817753608  0.95239257379238085  0.96124969614375044
  0.96988841946335225  0.97910072294938122  0.98924090436611456  1.00000000000000000
 -0.00260149527978675  0.01033849046467963  0.02008266913552158  0.03093706007088775
  0.04135431620235627  0.05158572943823121  0.06153817295318380  0.07381191888959951
  0.08549903030722834  0.09671183310225746  0.10678291071707662  0.11604786149781265
  0.12524459602916352  0.13439800165688665  0.14370627657880830  0.15331811420094762
  0.16310707488603624  0.17322524509682430  0.18438180063584958  0.19538798041537289
  0.20619517353842604  0.21649767129007250  0.22625115381727690  0.23685145439072436
  0.24783047476788231  0.25890160473014640  0.26985716985495178  0.27918608765149655
  0.28877573975627646  0.29855765995059536  0.30835677993045912  0.31789625682654238
  0.32699378488951314  0.33667943535155131  0.34712663156083012  0.35812670891000031
  0.36998139976967320  0.38060694899030156  0.38984057456498117  0.39894061845239603
  0.40811787639873992  0.41760443061429897  0.42675594295244773  0.43551270610669035
  0.44574190018988630  0.45735287394391166  0.46865134668715525  0.47878206390184042
  0.48837486354363996  0.49818670052081604  0.50822519206645222  0.51867306993339024
  0.52961456552018926  0.54140812682740702  0.55430871440327756  0.56737008575045755
  0.57985114072344301  0.59125835956539552  0.60197926977858440  0.61324364864099745
  0.62448368054191550  0.63492577075861600  0.64552628391685585  0.65768357560089485
  0.67006360448203706  0.68189034075832433  0.69370455721022672  0.70546902050535920
  0.71593235311759351  0.72572643504795320  0.73584577967269993  0.74656205770785600
  0.75647803795183821  0.76616864708620935  0.77575804472951515  0.78600140353696879
  0.79630586028452277  0.80634142872897852  0.81619622270336756  0.82562661379636726
  0.83557445561760868  0.84601616216346354  0.85669951234020314  0.86735886530927853
  0.87830231267525483  0.88866534271360886  0.89982660885285637  0.91156831993885745
  0.92331040149735533  0.93429069090998240  0.94540895327225816  0.95663797915110338
  0.96778037704119146  0.97872947481716377  0.98956459332437829  1.00000000000000000
   1.0432815939408053E-016  -1.0000000000000000     
 F F F F F F F F F F F F F F F F F F F F F F F F F F F F F F F F F F F F F F F F F F F F F F F F F F F F F F F F F F F F F F F F F F F F F F F F F F F F F F F F F F F F F F F F F F F F F F F F F F F F F F F F F F F F F F F F F F F F F F F F F F F F F F F F
  <DiscreteSampler_grid>
  grouped_processes
  1 # 1 for a reference and 2 for a running grid.
  10 # Attribute 'min_bin_probing_points' of the grid.
  1 # Attribute 'grid_mode' of the grid. 1=='default',2=='initialization'
  0.0000000000000000 # Attribute 'small_contrib_threshold' of the grid.
  0.5000000000000000 # Attribute 'damping_power' of the grid.
 # binID   n_entries weight   weight_sqr   abs_weight
    25   10   1.518042244638542E-013   6.127084791607749E-026   1.518042244638542E-013
    43   10   2.935602816685453E-013   3.221796097568851E-025   2.935602816685453E-013
  </DiscreteSampler_grid>
