 -0.00000000257103723  0.00000105325869948  0.00000729794949947  0.00002041279445982
  0.00003851590769428  0.00006419407061291  0.00009533622021451  0.00013180928409100
  0.00017226149662304  0.00021512734889294  0.00026245951680435  0.00031434621606027
  0.00037034508365900  0.00042807149907312  0.00048667945508793  0.00054649762959703
  0.00060795623226854  0.00067627632546383  0.00074550195424292  0.00081394593663740
  0.00088272573548604  0.00094739281042636  0.00101309567701039  0.00108093957125050
  0.00115297141024699  0.00122424799019849  0.00129487941245758  0.00136742782735410
  0.00144304691990234  0.00151876374591487  0.00159359559823873  0.00166721567131462
  0.00174016035908703  0.00181481271639528  0.00189156565018089  0.00196891308006626
  0.00204601863020917  0.00212214779570023  0.00219798823497290  0.00227627245583822
  0.00235673326285733  0.00243849946833955  0.00252105856883217  0.00260442293296607
  0.00268779389355324  0.00277089113650022  0.00285430701238855  0.00293924125833778
  0.00302659778532093  0.00311600569004302  0.00320116988897483  0.00328854654297022
  0.00337517426646552  0.00346236148143140  0.00354891466172800  0.00363357454355972
  0.00371888259593831  0.00380956249266474  0.00390488012596884  0.00400525506098282
  0.00410563273690455  0.00420511076412631  0.00430505909373098  0.00440610286826668
  0.00450709002149506  0.00460683535563548  0.00470732927422252  0.00480968234463293
  0.00491362440051148  0.00502060362143944  0.00514621764543932  0.00527284726033457
  0.00539942809461355  0.00552465427885542  0.00564836614539734  0.00577297155278125
  0.00590291196640156  0.00603600238732725  0.00616867305511504  0.00630313291873416
  0.00644134913439983  0.00657940301808314  0.00675769617931118  0.00693963306205579
  0.00712822482034832  0.00732558456667370  0.00753180035732198  0.00774928321848217
  0.00797716347181021  0.00823504242113443  0.00852868613818581  0.00900432362584640
  0.00966502116346161  0.01067967068652857  0.01224784204015186  1.00000000000000000
  0.00946914664890426  0.01568187773495211  0.02524549777617470  0.03679675747536575
  0.04820953155791741  0.05964208253084097  0.07094075538085609  0.08241217636591057
  0.09277570216963144  0.10327961446664187  0.11335676372803707  0.12338028307173365
  0.13319545995552001  0.14271492322871687  0.15248942119289063  0.16244450115656170
  0.17318254800538344  0.18426563305559526  0.19523137709123364  0.20554559083533208
  0.21604087942523559  0.22648836580841364  0.23718136286414229  0.24792347466143086
  0.25847505308360286  0.26900186569711215  0.27966925247257274  0.29030612717741594
  0.30074680393681552  0.31114662758178374  0.32209342345057668  0.33399082566803351
  0.34453370636002661  0.35500426211492486  0.36461738875569055  0.37381923838641462
  0.38283820611240105  0.39170287783526492  0.40122439509518376  0.41134322670679663
  0.42167531645453882  0.43357585175689195  0.44462451463483638  0.45545381704519605
  0.46623199108349800  0.47726596874549349  0.48704502738025457  0.49669538054726475
  0.50671534269986152  0.51682592341223954  0.52598842857846151  0.53484010460691056
  0.54429746435771087  0.55431611827736549  0.56379930852442794  0.57255739868981825
  0.58160705411231295  0.59123632784526148  0.60095934353903657  0.61004643502252764
  0.61911124607699952  0.62863649042828529  0.63888005720745811  0.64924398060123767
  0.65976970542366697  0.67033509654895029  0.68101999286374248  0.69174237146789785
  0.70264224678906406  0.71384880866045441  0.72507511857573159  0.73606209887699037
  0.74679580107891597  0.75786288871626983  0.76913711120247619  0.77929540090598381
  0.78921308863781270  0.79946068733683873  0.81002349173694099  0.82049374694351129
  0.83045618814612832  0.84079872018286483  0.85166911787859334  0.86296156709820215
  0.87440763929959631  0.88547987060568911  0.89632431489137998  0.90599622837561311
  0.91615365401003679  0.92645067900212774  0.93701346820339060  0.94792678712351475
  0.95896093561790441  0.97002794444265372  0.98102019501628146  1.00000000000000000
 -0.00002154924980716  0.00025948471365579  0.00074680622656433  0.00154572969799206
  0.00269052507962606  0.00403844974417810  0.00565025657845555  0.00748212109886424
  0.00946634169023997  0.01168041532492980  0.01414179472505579  0.01687501068368808
  0.01982671500691045  0.02300024751005922  0.02626139558358860  0.02982343102024094
  0.03375983197326676  0.03763745758464751  0.04149038080880316  0.04559947833839970
  0.04993765012973127  0.05454828545125371  0.05948058001789382  0.06467100514467278
  0.06995603815680933  0.07545475214529415  0.08109738022685403  0.08674897783687503
  0.09237870740116436  0.09793550522593999  0.10341116775592456  0.10906486144417361
  0.11472668583976824  0.12046492792811749  0.12632019520823423  0.13236348647140964
  0.13840865082386408  0.14449844600003980  0.15058197134047357  0.15679296078210261
  0.16323958372238229  0.16999216854168842  0.17682691623035837  0.18387275279416010
  0.19128846712081685  0.19849887256285614  0.20628412715790098  0.21418474575314717
  0.22229526166412336  0.23105803465163560  0.23988144927995278  0.24914113014118289
  0.25876681095587567  0.26855606363937196  0.27854517263126549  0.28880874977919524
  0.29870607017701378  0.30902920250952143  0.31963176897252438  0.33034183102128167
  0.34168403235760525  0.35367184623183245  0.36614851530998083  0.37901739122823441
  0.39210767311195743  0.40547988622305248  0.41913241484825142  0.43297662979050949
  0.44741726945777821  0.46213110253918477  0.47683489405703311  0.49145103466289058
  0.50599916763126052  0.52068662826829271  0.53654853492127552  0.55309307162983767
  0.57024910623032432  0.58767161041009353  0.60496764384605839  0.62257824185279798
  0.64069372987595563  0.66001899665497910  0.68163686982935368  0.70376307158175899
  0.72583545028959118  0.74777665349600575  0.76939939473511032  0.79184007531851475
  0.81524310792959132  0.83951131206050189  0.86448195873223799  0.88991388440792052
  0.91605149481582127  0.94304931808364933  0.97103544037862310  1.00000000000000000
 -0.00262865931879231  0.01099250135336561  0.02249840843808323  0.03400596474105996
  0.04531076877276522  0.05553006879033581  0.06623624018224794  0.07691146286669935
  0.08716330210931110  0.09683813894706075  0.10848420722877937  0.12163448391154005
  0.13429039846778718  0.14636946404509457  0.15822962316217812  0.16981933251984785
  0.18093577913563341  0.19271742300867278  0.20523896065790714  0.21737669690647216
  0.22985370529692511  0.24312672635485624  0.25601013399070227  0.26753674853187431
  0.27923155451610776  0.29058347161762121  0.30191645309613852  0.31330992503903460
  0.32612257346820811  0.33898974118193337  0.35140858541390474  0.36365293187842207
  0.37542046753867003  0.38644783398790133  0.39710082484843295  0.40730456419680089
  0.41768511140254000  0.42830738560892462  0.43928338005714807  0.45057238522558379
  0.46197825438419127  0.47367779398084559  0.48415376230474794  0.49398691825182967
  0.50404673636117003  0.51430850676585338  0.52411613172843752  0.53349136384719120
  0.54275312570836121  0.55183728242467300  0.56078842581809851  0.56919041374788237
  0.57778243214836533  0.58679001391118268  0.59599879823487834  0.60513065997421400
  0.61443893947530903  0.62379422388251404  0.63341703565829033  0.64316669735380971
  0.65289861398283999  0.66233953719052019  0.67172098255216761  0.68137760706343242
  0.69129315706192940  0.70171584122837649  0.71171908636317283  0.72148556342340664
  0.73117289658158979  0.74090847392745263  0.75078403741914057  0.76079068626741153
  0.77073128760594711  0.78044621853961593  0.79007426553287752  0.80007040228042581
  0.81034989076075636  0.82079488709397164  0.83106798514498303  0.84245413560389526
  0.85411109050821243  0.86453471937945026  0.87481837829868747  0.88448396183541833
  0.89419502182996713  0.90383479435627367  0.91331905553357096  0.92295216809445357
  0.93260164382835331  0.94229515630239835  0.95203459741128560  0.96195076503213339
  0.97151375346022317  0.98125412383957789  0.99050422209306122  1.00000000000000000
 -0.00264445023225935  0.00971011374374344  0.02118448091014010  0.03312867315162216
  0.04459056641022921  0.05554345027780400  0.06628323265299468  0.07701035602072630
  0.08696546651568601  0.09664816949046018  0.10610720416996323  0.11538861652980005
  0.12451347570962040  0.13377959603309195  0.14305823757287203  0.15261479904186026
  0.16242209956073905  0.17276240303067092  0.18338692223985092  0.19462233577944385
  0.20608762051631577  0.21736647019497340  0.22815617267727709  0.23871569697110043
  0.24897621574216386  0.25938511361623789  0.26983159522823136  0.28062207317044585
  0.29188353641672521  0.30342578355359107  0.31467863201662577  0.32498593361973915
  0.33516344609361587  0.34468619067142042  0.35396021935961852  0.36310235305333799
  0.37262536457677836  0.38300651575866534  0.39388038174021178  0.40452157120933963
  0.41496088143928089  0.42533639200973500  0.43555521515448764  0.44525808874040046
  0.45479065192317397  0.46502790246570525  0.47588348314848428  0.48679903128099689
  0.49738161134776615  0.50754459424697707  0.51750224927171606  0.52744488485323870
  0.53725528525678323  0.54665567650559543  0.55594921966030464  0.56554513848255095
  0.57513802298840566  0.58423504142959293  0.59381687876135070  0.60316598732466242
  0.61351960679221251  0.62403814729166696  0.63467072577691619  0.64559163956961918
  0.65655031399082986  0.66730078237734769  0.67845643343961226  0.68892225949589503
  0.70031824669653542  0.71180786454956990  0.72382508006419843  0.73612498033789608
  0.74850059864451601  0.76021044755413048  0.77144860975560825  0.78240476291934069
  0.79315925253546471  0.80384512943714148  0.81474460787755087  0.82621896667114614
  0.83738069013288374  0.84844913388485677  0.85934720168016054  0.86985337002993723
  0.88030982338259800  0.89084016299956270  0.90208826750761084  0.91359921965627389
  0.92480809339662573  0.93574857620493812  0.94647859571565407  0.95735448337907081
  0.96843340563346592  0.97931949412104857  0.98976253919323909  1.00000000000000000
 -0.00211146946610996  0.00802052870400265  0.01719839410412605  0.02626110537145673
  0.03551647026419712  0.04451340836760179  0.05358105181264752  0.06294599172713011
  0.07300002500437877  0.08310962829883431  0.09351336065287708  0.10437050744410774
  0.11560487047383498  0.12688305578384926  0.13736828656316774  0.14740878524146769
  0.15729261461678556  0.16734217545286909  0.17776533833738170  0.18881500245583735
  0.20041789054688802  0.21201740421094672  0.22311774745579188  0.23408133117692401
  0.24505318501723133  0.25553836878808167  0.26571454254840537  0.27557037380672894
  0.28512296255134617  0.29480851892229271  0.30481823516273815  0.31508288580445820
  0.32510947978736526  0.33519822040500591  0.34543266010501406  0.35589885632371743
  0.36670133368308377  0.37765302734801165  0.38843990941684686  0.39936167854559795
  0.41051712208402619  0.42158465970143028  0.43223793454271547  0.44268953921910614
  0.45329584726447303  0.46408058782754141  0.47476083540579855  0.48540680777889261
  0.49612645992596566  0.50678106926766930  0.51750101366543766  0.52847122896487264
  0.53909244279979851  0.54918972350940254  0.55923634479449613  0.57027777661716816
  0.58180738860033943  0.59328724771089136  0.60482228721136244  0.61603508042347566
  0.62635294382906959  0.63561631616125636  0.64485149088311922  0.65407818384054306
  0.66320377710801071  0.67254412993042811  0.68205517603976717  0.69254625084005494
  0.70356636094523517  0.71469997422746578  0.72571057128319805  0.73593994138477470
  0.74608205757725610  0.75616441736183226  0.76618324043911923  0.77657906030536372
  0.78717124944166705  0.79819209646222755  0.80937190798086256  0.82094488122708253
  0.83260527786928917  0.84353375423125943  0.85415852059871256  0.86488325893807394
  0.87575781196056812  0.88656962468088263  0.89776143585846724  0.90940662097981229
  0.92090875485365908  0.93213757551634557  0.94352065758843462  0.95516414851953002
  0.96669802618795975  0.97773016131687518  0.98888891164076143  1.00000000000000000
 -0.00229523672386778  0.00923427919775627  0.01907381800732529  0.03003942644410260
  0.04123490729027305  0.05184253882770307  0.06246620820049820  0.07309400969329670
  0.08407444928906506  0.09426752781158501  0.10458706903836035  0.11404838752865885
  0.12325370357808223  0.13236057119297129  0.14147008751614118  0.15059751561863932
  0.16024139228096809  0.17019010397206008  0.18152514134799119  0.19263002657943193
  0.20377656954870987  0.21462948144992763  0.22546375610888439  0.23622217305024681
  0.24718772986675072  0.25826523823819453  0.26945716127995628  0.28069447743428205
  0.29162041476438699  0.30179202975677827  0.31243414832390926  0.32351577094488765
  0.33448915473358520  0.34470759134353418  0.35492081496396466  0.36519465187062178
  0.37578730322072895  0.38665016751988135  0.39745853642849877  0.40793853062374258
  0.41792016548049221  0.42796018571081429  0.43800888048922954  0.44840280309297598
  0.45858377281929863  0.46904494012727926  0.47895982464201836  0.48928230997026417
  0.49971434825036010  0.51059696375491637  0.52135733341498325  0.53203045439441732
  0.54276493504173240  0.55364704044172552  0.56488072552303625  0.57600890251331716
  0.58648003531329662  0.59632203095782366  0.60589934704800497  0.61624747159890991
  0.62609710893761394  0.63741621595244979  0.64801169124109648  0.66065410888713783
  0.67260281150270862  0.68498847199366797  0.69680531758452369  0.70880254752017779
  0.72119495064929218  0.73275697508776683  0.74359860403276290  0.75394167477207097
  0.76414760296921591  0.77405794894917535  0.78371478027395303  0.79315348564264376
  0.80301973029076690  0.81264459203150263  0.82382744667634344  0.83480004713141687
  0.84591979727685196  0.85666872278620732  0.86671483989592657  0.87684776474631254
  0.88731584485413428  0.89780008148317869  0.90928919269855368  0.91996940920686043
  0.93079401258857564  0.94109490399659479  0.95142667161116479  0.96125345456102407
  0.97077656782427857  0.98012625058264846  0.99024105684673835  1.00000000000000000
 -0.00273649925473570  0.01021760733738679  0.02132124975204254  0.03266207029198841
  0.04366620612525095  0.05417768869012124  0.06436343113819198  0.07483801291335741
  0.08540737911897213  0.09598020227900057  0.10593706269242903  0.11592652252653830
  0.12633515568424875  0.13760263308192722  0.14901432775451523  0.16067819057179658
  0.17159323025750503  0.18166367142939283  0.19146813918165526  0.20153229856303626
  0.21190254432415040  0.22189283511550434  0.23178519014024210  0.24148912268086090
  0.25091997835475571  0.26069296042466661  0.27079978275004912  0.28076947483332637
  0.29070974181973114  0.30070340172839732  0.31057796461898202  0.31986830709146513
  0.32864848155088044  0.33791144936616158  0.34763193133540615  0.35777425038158239
  0.36838679557647924  0.37941595575463943  0.39109695803553485  0.40315054619311302
  0.41546705930067385  0.42702144626379146  0.43791779333539849  0.44819653633584416
  0.45891220307871156  0.46993100321694281  0.48073587314408156  0.49079267839626384
  0.50079080248583618  0.51136921283190973  0.52207930303787486  0.53253921699555362
  0.54308518895263336  0.55375054855049299  0.56411242816109419  0.57418592477133845
  0.58417306249869683  0.59330894584088112  0.60227899273186924  0.61108399824834980
  0.62009004507203502  0.62959940051113827  0.63948419802789247  0.64981930743216387
  0.66047288215720146  0.67087422265523589  0.68114853195313296  0.69155047956347904
  0.70202232006385878  0.71248694420816905  0.72297460827216498  0.73371633747634013
  0.74472816534387043  0.75574990805343367  0.76690567592724035  0.77841774757145810
  0.78994083079430821  0.80103362349918827  0.81205790798871680  0.82342100719484257
  0.83452634455608143  0.84518612078240829  0.85587021047928746  0.86710798025862013
  0.87852789535426024  0.88972918119989219  0.90128013266935736  0.91327818493130175
  0.92462898310885877  0.93537607263198141  0.94602453647892104  0.95701134969252299
  0.96751751265941444  0.97780451541903546  0.98881320431953812  1.00000000000000000
   1.7312868726028754E-012  -1.0000000000000000     
 F F F F F F F F F F F F F F F F F F F F F F F F F F F F F F F F F F F F F F F F F F F F F F F F F F F F F F F F F F F F F F F F F F F F F F F F F F F F F F F F F F F F F F F F F F F F F F F F F F F F F F F F F F F F F F F F F F F F F F F F F F F F F F F F
  <DiscreteSampler_grid>
  grouped_processes
  1 # 1 for a reference and 2 for a running grid.
  10 # Attribute 'min_bin_probing_points' of the grid.
  1 # Attribute 'grid_mode' of the grid. 1=='default',2=='initialization'
  0.0000000000000000 # Attribute 'small_contrib_threshold' of the grid.
  0.5000000000000000 # Attribute 'damping_power' of the grid.
 # binID   n_entries weight   weight_sqr   abs_weight
    19   10   3.939316852371773E-005   3.877193492623489E-009   3.939316852371773E-005
    22   10   4.601402071055437E-005   4.222154769031603E-009   4.601402071055437E-005
  </DiscreteSampler_grid>
