 -0.00000001133360237  0.00000611419856443  0.00004318224297829  0.00012257915799238
  0.00024336809606852  0.00039963137083039  0.00059105972569534  0.00082267046887200
  0.00107290236864346  0.00133619420045822  0.00163318290675549  0.00195530632263175
  0.00229052438374356  0.00267507253233074  0.00307296522926657  0.00348275136258864
  0.00390273382825953  0.00432604792756946  0.00473723830038834  0.00515323369107343
  0.00559176527078640  0.00602611230996921  0.00644880904730672  0.00690474534911789
  0.00738043237569426  0.00784608413144143  0.00832104343349355  0.00879781525981877
  0.00928169495026142  0.00976700261746223  0.01025272612191790  0.01075535634746592
  0.01125928988491611  0.01188216801469851  0.01257719128514697  0.01342846280105387
  0.01484178269549711  0.01706295854343431  0.01885950323159999  0.02045591967132307
  0.02198553454594685  0.02341230555391522  0.02479662059621045  0.02613739105416688
  0.02743616413837674  0.02872856384131332  0.02996983218518650  0.03118105963625286
  0.03239294500453682  0.03361978006018424  0.03489345901918463  0.03616097004247716
  0.03742208030665755  0.03868872410667146  0.03995629321716012  0.04125059206894459
  0.04261181804542223  0.04404176781058809  0.04545415887288173  0.04679901722241528
  0.04821841694541061  0.04966335109268130  0.05115430175809101  0.05269175659788664
  0.05429655383779831  0.05608570744251706  0.05788925700062263  0.05964426216193313
  0.06139625373479306  0.06316139092617604  0.06496323031580854  0.06678687416109083
  0.06855068670072492  0.07037034316037762  0.07264085878917538  0.07496232088135465
  0.07725093830865791  0.07953015653393501  0.08183495006559439  0.08417460088814849
  0.08653979203417989  0.08912209891220770  0.09190672311401694  0.09522119760412391
  0.09881743257249810  0.10263035788485475  0.10671288108500535  0.11123328797492768
  0.11653694662198326  0.12308125289197919  0.13184174738811671  0.14332216652339583
  0.15902816456204427  0.18959959835022547  0.32257599880329030  1.00000000000000000
  0.00941710082407827  0.01615681231881920  0.02705780707062684  0.03866452313770634
  0.05049496387814031  0.06251532113966415  0.07508400360965545  0.08691696860314974
  0.09764362793789408  0.10752546143200342  0.11737122204607969  0.12777752563386019
  0.13792435269073317  0.14776333258322996  0.15773064840519999  0.16809574000820124
  0.17887878335369672  0.18967858813118549  0.20029896783425630  0.21076556959031245
  0.22069493420101213  0.23028258156049122  0.23988424024218166  0.24976468864940904
  0.25993319728645570  0.27022993173043663  0.28077737333178687  0.29137171036167819
  0.30223495479006379  0.31428257761164458  0.32759635631114331  0.34050664759470523
  0.35178827083844466  0.36236909253096988  0.37243821852022130  0.38215470308216581
  0.39166093542431840  0.40073539318315266  0.40939562193086593  0.41814602472353929
  0.42743498692287840  0.43719669125204808  0.44682966812504371  0.45643219429918952
  0.46660371913311754  0.47698619922692254  0.48699203651687972  0.49663584866054200
  0.50617644087185265  0.51581347828019031  0.52555392241067844  0.53512476405673426
  0.54485502283140763  0.55484897551509726  0.56513118386340622  0.57576298244470525
  0.58678750188762696  0.59840459165986792  0.60950585560780846  0.61952160313608251
  0.62968228374642710  0.63996916489051847  0.65063862388633176  0.66165822202281910
  0.67290136166646852  0.68451605989058384  0.69465145200607858  0.70384775620371365
  0.71310726090508059  0.72261938800453906  0.73256145375886927  0.74251952814552780
  0.75239987115826401  0.76270892599494189  0.77321784317468178  0.78382504085738058
  0.79465594363248682  0.80531175951405842  0.81542354454611043  0.82503219409124984
  0.83439534484723954  0.84441542878335274  0.85485690140811865  0.86579277885313577
  0.87686977366632812  0.88689831806834019  0.89685311852286520  0.90655995879597895
  0.91652724723349022  0.92627057762379184  0.93638715787826921  0.94730932269301082
  0.95937644738863592  0.97042643026195341  0.98113832011449986  1.00000000000000000
 -0.00002097372175868  0.00024180959603654  0.00069122938094292  0.00140015577968001
  0.00240243199302154  0.00362079880225832  0.00514515124959982  0.00690197683944692
  0.00879603783941284  0.01073627910770023  0.01318343985036880  0.01574350471704546
  0.01826773935544698  0.02093340887016136  0.02383409831486653  0.02710555627312684
  0.03075581767602252  0.03466654286605680  0.03887176970685581  0.04294843898861681
  0.04682314267975175  0.05058043150344941  0.05461847124480706  0.05874747160549518
  0.06334104415606819  0.06857725902908528  0.07388719463204299  0.07910194345535274
  0.08421120392787422  0.08918305391539205  0.09419240006992780  0.09918292582659936
  0.10416701201435274  0.10918078658037837  0.11416116599501867  0.11929173707524381
  0.12464294472920243  0.13011689111053823  0.13589176265814415  0.14181787091802547
  0.14811094153312523  0.15473074989073690  0.16159651557347976  0.16800262235113592
  0.17447002771954029  0.18097339029139994  0.18765683720253409  0.19451530072944254
  0.20166007573653802  0.20897032751407096  0.21615226628067558  0.22356690321139461
  0.23175089168375906  0.24037515983476540  0.24918575047103286  0.25851859605922839
  0.26811313015128252  0.27769419472804024  0.28722483707361279  0.29687075823706260
  0.30681262110846164  0.31631404615548042  0.32559001863005738  0.33489163594129012
  0.34463685443858671  0.35474803150356998  0.36486042708847172  0.37476334392369859
  0.38454541072922238  0.39492875856355414  0.40521969558874393  0.41580723579061452
  0.42675322809118743  0.43815830531706856  0.45044300907692586  0.46241553824663462
  0.47460622382333506  0.48721954158236214  0.50018426378081871  0.51308708728052943
  0.52628118329426832  0.53936635953966261  0.55253981912841388  0.56587804512172968
  0.57895974591956301  0.59218668598672297  0.60518468386901381  0.61797815824123181
  0.63066754493989252  0.64348443093003593  0.65556152648349786  0.66742963914854014
  0.68004952382765249  0.69223019946043718  0.69984348865420576  1.00000000000000000
 -0.00241325821075589  0.00948705830690280  0.01967798082310760  0.03214840889252900
  0.04390939129331063  0.05729028892554572  0.06949653815103171  0.08223971059461385
  0.09465031055442737  0.10712018311184315  0.11952883609496559  0.13303731867895172
  0.14642663390346039  0.15860323228486928  0.17031058074742728  0.18181614955178285
  0.19326466536773873  0.20487491449099257  0.21745773459277368  0.23004110386323434
  0.24175912892120088  0.25300662185185169  0.26413978493914420  0.27517228048702991
  0.28614035991121467  0.29687917375893846  0.30726184443924059  0.31731355259614397
  0.32752422330443792  0.33842955837022415  0.35002838531756181  0.36182799565175916
  0.37335352780834119  0.38468791364477278  0.39595750683121073  0.40712536152391426
  0.41769801274358731  0.42776760608299874  0.43815235234998362  0.44951441136398734
  0.46072141355520202  0.47102447990793733  0.48105924737996764  0.49129241799139550
  0.50158232812824055  0.51201456631302145  0.52318217561406677  0.53527194206255424
  0.54749983467118635  0.55895934629574373  0.56930009784334501  0.57905743739797577
  0.58898487399680621  0.59901798489904512  0.60871724405639049  0.61798120420201474
  0.62739316853831317  0.63698117603088877  0.64640797237718273  0.65575341489323380
  0.66618025405029568  0.67712083565297521  0.68783414995746717  0.69772574335616966
  0.70823700683702639  0.71945672652359360  0.73048862967637074  0.73986141175698894
  0.74894647926492575  0.75752227517249848  0.76654693198328372  0.77540460796763155
  0.78402212681956018  0.79219191505524711  0.80047368261219287  0.80954767265158778
  0.81938878530018244  0.82961863847007056  0.83895796350950813  0.84808852522002853
  0.85726392068871526  0.86678909047538177  0.87670027127784089  0.88596934332971888
  0.89539303208127174  0.90437904506972655  0.91336937176100530  0.92250205335883062
  0.93161663643302295  0.94085151321536209  0.95048835917205343  0.96033632218081788
  0.97023860273512774  0.97995553415998071  0.99007525958454112  1.00000000000000000
 -0.00202867084935328  0.00860653719535899  0.01734614877566331  0.02636278252736279
  0.03567045541270906  0.04515376559215594  0.05496280855894772  0.06502989170750118
  0.07618353146042889  0.08756018258707285  0.09954868439779824  0.11218186954072015
  0.12484868941109263  0.13817674889247292  0.15138026451705916  0.16369703833224869
  0.17526858192080474  0.18638444640506638  0.19772652752870998  0.20906003017631408
  0.21950616169084097  0.22958438176387966  0.23964367936426717  0.25015884089807233
  0.26085565476883621  0.27208503995579514  0.28450073175139523  0.29665745746762212
  0.30797351925338484  0.31842807361629233  0.32857284137152631  0.33920196308497630
  0.34999763169497861  0.36085874218044489  0.37131994749521241  0.38131655007631715
  0.39093736537825580  0.40092888729062531  0.41083262641497159  0.42047010230602810
  0.42918581477116663  0.43795935135183905  0.44745216332251569  0.45752298522046925
  0.46823697990313828  0.47961159620635446  0.49165587765437113  0.50355782274110761
  0.51489769953859343  0.52620999098557109  0.53756022239109014  0.54821166107519859
  0.55877783593325381  0.56967418111706292  0.58086642399567356  0.59131818247113355
  0.60153111915974999  0.61172486747876875  0.62238828256148648  0.63233889488488471
  0.64201699138322144  0.65169929746027488  0.66189961451692259  0.67171493264437421
  0.68158746453171448  0.69184772165101294  0.70248264325793186  0.71321845958462760
  0.72400432638406786  0.73509279291276675  0.74644172606288328  0.75753066363856958
  0.76820235259811032  0.77883889902621894  0.78962024659389118  0.80104862053030990
  0.81322671923021894  0.82558426672943441  0.83743416735923271  0.84756377260414151
  0.85727958885512789  0.86566470582419175  0.87506774350174965  0.88369881946739637
  0.89228165862626563  0.90090769284821282  0.90934161697473725  0.91794302850978826
  0.92718716532028189  0.93697798556122236  0.94741266969230442  0.95785818082106189
  0.96890915768363750  0.97936423116615978  0.98960027307144838  1.00000000000000000
 -0.00206459139678388  0.00870653534439678  0.01791757758655137  0.02770609718834931
  0.03781561513908138  0.04791250250881184  0.05859790624453165  0.06973365217619062
  0.08166227834622342  0.09251055078767272  0.10334790508783345  0.11371459602969983
  0.12434652595178143  0.13529726380622473  0.14578857909720311  0.15700883474730967
  0.16799804910313090  0.17996341173543895  0.19124432638829425  0.20194327960618486
  0.21274113061096969  0.22399546466655887  0.23479401176903161  0.24522875424686763
  0.25531165582029269  0.26536281731776118  0.27506703041835051  0.28466868077583696
  0.29410686405578879  0.30362911999150122  0.31315717880945704  0.32375882883387030
  0.33363591801351344  0.34315181618990392  0.35222721595243550  0.36140228615817710
  0.37073158722703670  0.37966964401964814  0.38824359842652795  0.39726221064128830
  0.40700981937299419  0.41773518447804497  0.42915254639535749  0.44114767839303010
  0.45288165969682903  0.46366760618123531  0.47401553179516054  0.48457289933680153
  0.49520658357834585  0.50574559610598224  0.51662537513386586  0.52740914358768609
  0.53789980050193220  0.54840848952071530  0.55882243470334270  0.56848938426257756
  0.57809755063435198  0.58817291640268587  0.59907362010487142  0.60995368499332348
  0.62162579477220459  0.63390005317704434  0.64498691625535221  0.65581348363909597
  0.66650853654953035  0.67791028323311009  0.68909697768650380  0.69986238681229451
  0.71026598756192227  0.72064629153495141  0.73057934642502598  0.74061949855518006
  0.75042815081150915  0.76093492193203949  0.77300168051951301  0.78608177735153362
  0.79819519863286592  0.80899403596363539  0.81917826253855897  0.82943264148383655
  0.83939150593181300  0.84892119693796220  0.85896231055970784  0.86911968275544793
  0.88059708941411663  0.89240401955743942  0.90298292273195968  0.91293333154827394
  0.92344689286881765  0.93412880017977062  0.94492196598478617  0.95601773515048771
  0.96772130657079325  0.97949490769555259  0.98996702726140151  1.00000000000000000
 -0.00201155096311551  0.00815514450826200  0.01784572035030222  0.02810748596789782
  0.03886530876990111  0.05030894307774901  0.06197552305781065  0.07327002659015663
  0.08413536126873689  0.09496798221347172  0.10536685569301033  0.11476077980362222
  0.12423515604669838  0.13406441189702339  0.14438903685285287  0.15467995046646227
  0.16462850900301843  0.17529746234565391  0.18650155387057255  0.19750794196787380
  0.20858061762210595  0.21955144510861319  0.23027934910490502  0.24065908714978113
  0.25086934516856457  0.26112822014057030  0.27129312906676978  0.28140061225170432
  0.29191936236716959  0.30335213743395778  0.31513269461012633  0.32636975800601881
  0.33781978461075834  0.35015032464655571  0.36178301123073608  0.37262974930930037
  0.38339353045904934  0.39373055246343619  0.40321575112844499  0.41229045653079088
  0.42167674530605520  0.43164517837956290  0.44137063699406431  0.45100073807136265
  0.46060409536710412  0.47033057758655522  0.48012125954773377  0.48959218348321587
  0.49909434231505562  0.50944447599336717  0.52042744469214053  0.53130378034712689
  0.54258089888429839  0.55460010320163844  0.56658870715730214  0.57798274966206675
  0.58911478610208901  0.60046778676306933  0.61171811195303727  0.62289545853090200
  0.63459721420325410  0.64615786501629713  0.65699274996086543  0.66791501542774512
  0.67881873436488571  0.68907567550892301  0.69862407583977326  0.70823562802823437
  0.71925799394164269  0.73121847317803923  0.74318922817597366  0.75497060561692764
  0.76582090082328436  0.77727444452332972  0.78811946007426226  0.79904912793835325
  0.80975642137693482  0.82046408251616743  0.83121050456135848  0.84160928956589154
  0.85148683291776317  0.86104365439000963  0.87077185785483058  0.88152006462728616
  0.89245764139501216  0.90283251129861708  0.91325909827135154  0.92325734313914520
  0.93307605296669482  0.94161385460380009  0.94993303742156987  0.95816872171718259
  0.96862560913717255  0.97838452294101674  0.98911060456237798  1.00000000000000000
 -0.00277725639546743  0.01062104580060476  0.02100600705626915  0.03141039830617939
  0.04210677167948934  0.05271934993527155  0.06320370661556085  0.07354001570022761
  0.08391818715923177  0.09364173722265491  0.10344836755313344  0.11359835737811169
  0.12378482846885516  0.13325178111019442  0.14252295852187738  0.15269834490844603
  0.16283492361596760  0.17333807638589868  0.18335132190317746  0.19356413553421783
  0.20386374376414476  0.21387869358484096  0.22382481279610031  0.23397420658247817
  0.24446650884434387  0.25549680392996582  0.26733698730342587  0.27873795862130135
  0.28996336616662505  0.30058657655251109  0.31047418635463986  0.31970735728631716
  0.32880685595388209  0.33789595323891081  0.34701024878834391  0.35587252879101111
  0.36438237580744315  0.37333307932006171  0.38283853785167837  0.39288583549469480
  0.40290877907610601  0.41206841332909638  0.42190694254668465  0.43213388737241254
  0.44337454759530082  0.45455130491691509  0.46536539616672923  0.47587694403729736
  0.48755005966646708  0.49990631781108485  0.51105467190988585  0.52173688383086259
  0.53238424785087279  0.54319611007940738  0.55449369395343928  0.56658499801957607
  0.57885170118703966  0.59120769782104698  0.60310242327752905  0.61434720982198909
  0.62631630948231964  0.63950050010092963  0.65273020580805052  0.66521579876586856
  0.67595635214644134  0.68636331559207353  0.69648933359058141  0.70661710710378323
  0.71711495335835684  0.72794744199922590  0.73837770089308918  0.74946001969303466
  0.76021777476481411  0.77074783591118623  0.78077755444216956  0.79088706105587370
  0.80118473816709668  0.81167411721720728  0.82172519265695187  0.83167573495248936
  0.84254272845367040  0.85345527929571607  0.86242367212344384  0.87133593911499341
  0.88076829449593619  0.89127989033056021  0.90105527429983123  0.91062940823930849
  0.92096233551164253  0.93254073720656261  0.94425988590257859  0.95574332699434239
  0.96679347605397681  0.97750755953596546  0.98871549692501115  1.00000000000000000
   4.1055586717252314E-016  -1.0000000000000000     
 F F F F F F F F F F F F F F F F F F F F F F F F F F F F F F F F F F F F F F F F F F F F F F F F F F F F F F F F F F F F F F F F F F F F F F F F F F F F F F F F F F F F F F F F F F F F F F F F F F F F F F F F F F F F F F F F F F F F F F F F F F F F F F F F
  <DiscreteSampler_grid>
  grouped_processes
  1 # 1 for a reference and 2 for a running grid.
  10 # Attribute 'min_bin_probing_points' of the grid.
  1 # Attribute 'grid_mode' of the grid. 1=='default',2=='initialization'
  0.0000000000000000 # Attribute 'small_contrib_threshold' of the grid.
  0.5000000000000000 # Attribute 'damping_power' of the grid.
 # binID   n_entries weight   weight_sqr   abs_weight
    25   10   1.786374926952570E-012   7.252663396386429E-024   1.786374926952570E-012
    28   10   1.968052408050252E-012   7.184071538773166E-024   1.968052408050252E-012
  </DiscreteSampler_grid>
