 -0.00000001583318000  0.00001635157882225  0.00011828347105682  0.00034910719713031
  0.00070114196820486  0.00118002498005859  0.00175874432241746  0.00245781487683468
  0.00324691109229418  0.00415601282884905  0.00529900957040121  0.00665678233947588
  0.00845803880353457  0.01074205366648376  0.01234800619966605  0.01323732423219508
  0.01390495018671145  0.01448113571518281  0.01502334653908550  0.01554955184548524
  0.01607490976024842  0.01662114381498925  0.01716346830440575  0.01770642278726322
  0.01825806761811576  0.01883972396284533  0.01946328983844363  0.02011295893898116
  0.02076880407670412  0.02143020917959198  0.02210285962535361  0.02279401031887267
  0.02350016634859746  0.02420178292556914  0.02507866031032436  0.02600920583366078
  0.02694448772323723  0.02788863224981526  0.02885377709980413  0.02980534753743893
  0.03073818319506085  0.03166058860052003  0.03260898000540107  0.03358040578603241
  0.03458804586494638  0.03563171727678227  0.03669493540317761  0.03776487025631722
  0.03882125487169385  0.03987059954279169  0.04088555393682558  0.04209428567442196
  0.04345228915881527  0.04484849134006157  0.04629925429467046  0.04771443507439066
  0.04910362298818426  0.05048468040796337  0.05188316769442499  0.05334233454995012
  0.05482198032543031  0.05646774471788935  0.05814406050909372  0.05983117431810822
  0.06155994782752117  0.06335134160828923  0.06508469991038758  0.06680690843050095
  0.06842066047859419  0.07006527890729020  0.07185116777295134  0.07378764656374220
  0.07576215969537688  0.07777143008580116  0.07988407881055480  0.08204916157494402
  0.08424707071791022  0.08651840610922851  0.08884436581602256  0.09133263463751669
  0.09404194855215285  0.09697658621943833  0.10007943652156268  0.10333181275361236
  0.10672003413217228  0.11022820422697938  0.11389325829969606  0.11797358488301177
  0.12324132730566567  0.12953780329940454  0.13709117078872499  0.14577856517266405
  0.15985048541625005  0.19772753269969581  0.31921719814940280  1.00000000000000000
  0.00883530900956648  0.01791444929730523  0.02834886906813503  0.03963621516289840
  0.05149038055504744  0.06471577938494859  0.07698617942484320  0.08867351569473941
  0.10004725931212168  0.11010294675480362  0.11929983619094503  0.12810422011730571
  0.13705054009039772  0.14619565109877530  0.15540851302457537  0.16468661531431758
  0.17498309590408012  0.18632283943242123  0.19726227067837099  0.20768960422179300
  0.21726279853991490  0.22621035936853093  0.23498143094051391  0.24378467501622617
  0.25250086842034181  0.26166013234725655  0.27085398829899121  0.28095451369265650
  0.29118594173075363  0.30096836143302969  0.31059031111532281  0.31976144921297112
  0.32932924204346936  0.33933851133770992  0.34964911176009339  0.36050774667897156
  0.37173570025373842  0.38251413633306053  0.39321259682765936  0.40332922701637042
  0.41341725614587377  0.42348722650368803  0.43337267726692341  0.44329595936663180
  0.45359632224634000  0.46405148751954428  0.47471304109243573  0.48523285553503109
  0.49563054094824649  0.50616151564964107  0.51608052461773490  0.52699375631467094
  0.53785630779484872  0.54905800826016116  0.55992655162518146  0.57319888471919578
  0.58587461874836555  0.59739952359449688  0.60792294391049073  0.61804036104188154
  0.62848945812299994  0.63968283168834739  0.65165818791353269  0.66391619127262513
  0.67554129046971279  0.68661122614061754  0.69730480900860325  0.70838404379669961
  0.72000653018900962  0.73105617473666706  0.74095043245484360  0.75056526069968454
  0.76037358005344446  0.77048316551371721  0.78072861487746781  0.79076445756188218
  0.80247081107588902  0.81366807528494356  0.82430958983735614  0.83446697145987347
  0.84433143793066401  0.85402107927318849  0.86312079514300954  0.87193936481803169
  0.88088571270585425  0.88981213975570805  0.89897952366243661  0.90802901844687955
  0.91714202661758637  0.92699726959165607  0.93714775212589474  0.94724455266919505
  0.95731385907760447  0.96775437506797513  0.97888467008844682  1.00000000000000000
 -0.00001968538308766  0.00023885036189200  0.00065158194589560  0.00134904491982311
  0.00223727263568026  0.00333508824891462  0.00480455745966693  0.00653733435216655
  0.00851600327381569  0.01071773568668002  0.01305214710591268  0.01540167665768382
  0.01787211222993373  0.02046517399365493  0.02321412889152117  0.02616691896399710
  0.02948971024660626  0.03301047786829103  0.03666866804066660  0.04051360017646557
  0.04470132185241785  0.04932218492550267  0.05399988529960733  0.05845890472349344
  0.06272476996771013  0.06722994730373763  0.07171499081345530  0.07624911341817373
  0.08104596972135487  0.08592695529752267  0.09094426698130854  0.09648851138172237
  0.10263694850529231  0.10882731821806187  0.11482448924009640  0.12077726420082908
  0.12677703951497468  0.13262053394968418  0.13826685114698378  0.14395129503610174
  0.14985767292808766  0.15642775346527515  0.16320084746231109  0.17023066439584059
  0.17767617713034439  0.18525307687260925  0.19292428375815390  0.20066773395872797
  0.20866029738131486  0.21670592426172550  0.22521866879462210  0.23471521744299262
  0.24456196102853367  0.25416910959814870  0.26354820722916289  0.27265517918725496
  0.28187436608838451  0.29123987942430823  0.30085137843897691  0.31095129454965897
  0.32128318370610809  0.33238872084864363  0.34331097935383686  0.35435972945185362
  0.36530406293802276  0.37595191721373861  0.38636557118212494  0.39675599292155278
  0.40694328290230386  0.41701588774455167  0.42730298025061536  0.43787893911142106
  0.44860550975961661  0.45936471487149133  0.47027377627385791  0.48205640771861319
  0.49386787086787021  0.50550080667373831  0.51684489765344599  0.52771232484501196
  0.53799214280110008  0.54829248442210532  0.55868514246110224  0.56971010954217394
  0.58142449908870908  0.59367769585689412  0.60651712436752558  0.61967755723599871
  0.63212253908953941  0.64416104170818700  0.65581843373528748  0.66709183491084845
  0.67830461194553371  0.69006344179448786  0.70221189002828999  1.00000000000000000
 -0.00185658224019957  0.00775363435815494  0.01650221153823295  0.02668014454545244
  0.03775364164155190  0.04920246880194618  0.06136735136868900  0.07347297762168427
  0.08571193683018610  0.09738893364031927  0.10894818729498143  0.12018452536833781
  0.13048668815948147  0.13971545925312234  0.14963312964949654  0.15955432007145109
  0.16917474595308418  0.17857517130925041  0.18817603531572333  0.19996034555791489
  0.21277529483882979  0.22585666419900610  0.23980946022458224  0.25415480616597946
  0.26772205121425557  0.27946560517232277  0.28966035008510754  0.30052429211515735
  0.31060111496178755  0.31962891037072078  0.32838532909419132  0.33839500558682090
  0.35008772897301033  0.36202828698666961  0.37349015837483557  0.38565774915583206
  0.39854496774967829  0.41010927380194717  0.42173844557434964  0.43304534540030032
  0.44397750333999952  0.45438843423988007  0.46498548499243858  0.47598641258058627
  0.48554424861590806  0.49444676089461104  0.50372629001029645  0.51306155963473443
  0.52243914147797099  0.53170582757221441  0.54109839268636595  0.55184248692147242
  0.56404424885913229  0.57815485222091001  0.59120213554756929  0.60407564260197544
  0.61698297090383603  0.62984941969158770  0.64259489821175120  0.65429082749323253
  0.66543770124997459  0.67535466873753625  0.68494582446722374  0.69471887871146809
  0.70545401603783930  0.71601900500133930  0.72661818891725449  0.73675516977311317
  0.74679074970687620  0.75618149238471621  0.76535084729976033  0.77498587307441169
  0.78526298670086259  0.79551974507024881  0.80654065747464032  0.81682065269565807
  0.82689022734563500  0.83619357212785228  0.84503469096606698  0.85373071404175183
  0.86268029154713943  0.87192629297132473  0.88145451600093760  0.89059406902426363
  0.89963933764590631  0.90858360001306671  0.91764004123552878  0.92731949528587854
  0.93663929790821254  0.94630974583321170  0.95552783538057973  0.96454937513054739
  0.97352615488544025  0.98237790814040560  0.99117647096772121  1.00000000000000000
 -0.00250158667978963  0.00968102947573908  0.01993887205440903  0.03097415050345774
  0.04159892561693632  0.05238696482119951  0.06295078326815247  0.07271385640552015
  0.08303475977754192  0.09318698507730068  0.10384632938950292  0.11355882042005644
  0.12311527316615091  0.13204358358152798  0.14041111182264224  0.14876942712494601
  0.15724278137314551  0.16587640249784397  0.17460790068100890  0.18337241514735000
  0.19338430401668344  0.20396779132894927  0.21449338017113187  0.22530356015534678
  0.23592010566702343  0.24714670880627687  0.25902962419530456  0.27124768320852050
  0.28240806704582178  0.29433539559580707  0.30682329069896541  0.31800551361204060
  0.32810645460087257  0.33832427959990663  0.34869093535400475  0.35857657659765468
  0.36801624856130621  0.37792226372117177  0.38886086860942876  0.40012091477669370
  0.41097941489879530  0.42306405732004637  0.43596041733503027  0.44763311727065791
  0.45870698142028404  0.46964586104139100  0.48052650482229226  0.48896232998992939
  0.49791460295532625  0.50699722130721792  0.51618072783505997  0.52528953704078774
  0.53436097116202230  0.54420648457319520  0.55532763518994177  0.56710794187112867
  0.57975761522812597  0.59240440365269253  0.60444256963160325  0.61508539084655267
  0.62514714014015371  0.63540437835906194  0.64576930644368447  0.65666649960611145
  0.66756150538944337  0.67845831636293918  0.69029319422838675  0.70269464839072771
  0.71471197022376931  0.72581649438125584  0.73613157004230678  0.74585672854921403
  0.75510594967527600  0.76410329115351239  0.77298140911475255  0.78266327831629701
  0.79230557546714486  0.80301247755413874  0.81404084046631819  0.82595242878355768
  0.83746103494567603  0.84745246674388031  0.85738685734028863  0.86790946528155433
  0.87871157600847893  0.88932185793770024  0.90019691960278203  0.91211048518294713
  0.92306252128994970  0.93361863114130839  0.94458463610137189  0.95582640514369344
  0.96613349351699351  0.97651357213339196  0.98734879931747632  1.00000000000000000
 -0.00201521372568574  0.00775662280128828  0.01655590144082809  0.02568811701423292
  0.03479567300215088  0.04414703139700889  0.05366019255690406  0.06263327315636238
  0.07097623335608992  0.07924210264606538  0.08855284091786317  0.09869414037981669
  0.10899242615730645  0.11860783498445997  0.12843561917679533  0.13904380328478100
  0.15025077855731642  0.16167461457755872  0.17258043796356556  0.18276189352481381
  0.19349374840647021  0.20426759983155368  0.21541566653000629  0.22706067187115520
  0.23862520212241192  0.25028819761493887  0.26081117667683851  0.27151076057060697
  0.28041653348867968  0.29001448258046103  0.29991700140833916  0.31006318534618765
  0.32027812954136459  0.33087311561212707  0.34194965744500300  0.35297285219556573
  0.36346177235219718  0.37359193579312622  0.38393906406459333  0.39444451158330507
  0.40581473216241004  0.41788817157465474  0.43006911927790714  0.44250664911705662
  0.45490394617902830  0.46727799424652255  0.47981008753854215  0.49180560476166874
  0.50253872252899312  0.51179457405454354  0.52128908540335361  0.53109600229953857
  0.54098377618805538  0.55096214589033976  0.56159063701320555  0.57440551844372967
  0.58785017839437481  0.60017597623207564  0.61139220490109292  0.62167708796551469
  0.63194127364219632  0.64222367704993288  0.65163091436902831  0.66044518205983960
  0.66996354930084878  0.68022911879937431  0.69056689763282864  0.70020179604727628
  0.70973031651603291  0.72043068822901268  0.73111110985239258  0.74184250293751375
  0.75242492548707640  0.76292350192183156  0.77298105964728703  0.78303623747603845
  0.79351749313099473  0.80436154417542005  0.81692069213122698  0.83007533176376436
  0.84107008099973624  0.85150276523547830  0.86108850733911513  0.87130863558749239
  0.88093374067704766  0.89044642316247846  0.89993071351881704  0.91012591945162180
  0.92021623146556775  0.93081308879145941  0.94119755813421657  0.95189649037386859
  0.96234960361383648  0.97323859968993442  0.98561840299393044  1.00000000000000000
 -0.00226046960623421  0.00851801937320879  0.01914458131434236  0.02995664985490416
  0.04137039727788228  0.05307838480218430  0.06506862800758242  0.07725254501046863
  0.08865994540581404  0.09965023216791184  0.11134998393479610  0.12354711355869476
  0.13472578794985854  0.14533050530192818  0.15618508143898915  0.16716828216797008
  0.17836524351127142  0.19048259360834016  0.20367595344739173  0.21594108877920076
  0.22717135841324346  0.23877896447912650  0.24968061683834578  0.25891907393670960
  0.26818736761796319  0.27751397914523040  0.28707045526668529  0.29616136268022070
  0.30491928189927697  0.31378907558933133  0.32308498257254614  0.33276529525178483
  0.34307131431366539  0.35392867371427994  0.36528470687073927  0.37726415303548205
  0.39034922890175261  0.40349786161629286  0.41584240090508595  0.42842354152504408
  0.44066381785647463  0.45130358167633139  0.46231005527399549  0.47333307118525730
  0.48476165557227457  0.49604666206567410  0.50684675469759399  0.51753920266266107
  0.52809264216329910  0.53809859806780169  0.54713388785192352  0.55617181525216652
  0.56655980427725194  0.57795656346364677  0.58771415886364808  0.59628914772121067
  0.60543203837193194  0.61486091716947233  0.62402333505917251  0.63263379172121059
  0.64121700515062563  0.64995595605111722  0.65957970253466125  0.66945171698173855
  0.67964913105490765  0.68939702023615723  0.69861215899699092  0.70797379235792490
  0.71855541253394117  0.72989224640893968  0.74092665021129511  0.75143967045810589
  0.76110409623031905  0.77051894249900033  0.77995777472922179  0.78948094037798588
  0.79907446587418840  0.80856635853549064  0.81823951407986950  0.82832936257870815
  0.83857977866074274  0.84962333504199639  0.86000377366537895  0.87028491141295905
  0.88009776257656280  0.88946729742740305  0.89865421820303981  0.90803816171281204
  0.91786100703786699  0.92871979434248175  0.93981099067533003  0.95398946994295308
  0.96612973169710292  0.97760545757988615  0.98887030210024529  1.00000000000000000
 -0.00298673157069981  0.01006265056486583  0.02160159276749027  0.03305024472507877
  0.04471912833313344  0.05630336899437879  0.06760090163201342  0.07857407682994251
  0.08936075482601810  0.10017987767003560  0.11079923042035851  0.12128206012136862
  0.13183990967099912  0.14273200900706545  0.15394806976489989  0.16524907960889909
  0.17514935093239378  0.18505780019665885  0.19563703262114063  0.20669295261974968
  0.21682687152796828  0.22613010808127731  0.23513274151814151  0.24433858920925680
  0.25376945210156954  0.26327997725205593  0.27325348991506926  0.28384447004996288
  0.29504206095208391  0.30682694368416735  0.31875800143298189  0.33060466416455869
  0.34228267603065432  0.35345333625977543  0.36303378056608132  0.37225867904575310
  0.38125826130709672  0.39038758074756363  0.39952956478065593  0.40839959673275023
  0.41701048965562842  0.42666289775323446  0.43646291572080503  0.44644365334855596
  0.45675221612263345  0.46737799208856806  0.47836613769540581  0.48897769923863293
  0.49948957507082958  0.50960299995816927  0.51988950796079614  0.52865566622732696
  0.53768313924217648  0.54752361421753104  0.55812479079602684  0.56839398142786202
  0.57813917775486867  0.58866278527265326  0.60123523540970381  0.61376417958975082
  0.62601679907071039  0.63804261457786460  0.64954048900133288  0.66143755090240619
  0.67271117631938349  0.68364039795618714  0.69441445940563440  0.70428680284177614
  0.71361763324280270  0.72255941883014863  0.73177495921438995  0.74118861147416781
  0.75070494983077551  0.76101523162558515  0.77252418529625033  0.78436433657635485
  0.79529650936509622  0.80537316758190591  0.81557722746441375  0.82670183001519493
  0.83807930010803033  0.84890354703967963  0.86000013087256644  0.87057766395492342
  0.88103191720642071  0.89131809258394668  0.90228395115465510  0.91320751456180427
  0.92466032871914450  0.93588299305026412  0.94752357801130049  0.95958283870624916
  0.97038305368625755  0.98147750057934879  0.99076764121857663  1.00000000000000000
   6.4061644691952332E-015  -1.0000000000000000     
 F F F F F F F F F F F F F F F F F F F F F F F F F F F F F F F F F F F F F F F F F F F F F F F F F F F F F F F F F F F F F F F F F F F F F F F F F F F F F F F F F F F F F F F F F F F F F F F F F F F F F F F F F F F F F F F F F F F F F F F F F F F F F F F F
  <DiscreteSampler_grid>
  grouped_processes
  1 # 1 for a reference and 2 for a running grid.
  10 # Attribute 'min_bin_probing_points' of the grid.
  1 # Attribute 'grid_mode' of the grid. 1=='default',2=='initialization'
  0.0000000000000000 # Attribute 'small_contrib_threshold' of the grid.
  0.5000000000000000 # Attribute 'damping_power' of the grid.
 # binID   n_entries weight   weight_sqr   abs_weight
    25   10   2.446389006394107E-010   1.862957339239309E-019   2.446389006394107E-010
    28   10   1.822459095066302E-010   9.091129089717793E-020   1.822459095066302E-010
  </DiscreteSampler_grid>
