 -0.00000001168365240  0.00000631055821878  0.00004725853895566  0.00013214462310591
  0.00025837203308216  0.00041752112893871  0.00061154045658190  0.00082288170809420
  0.00106312460343641  0.00132800068620122  0.00160598823629756  0.00191453204751723
  0.00223551227267681  0.00262881272709049  0.00301090383649707  0.00344720106803792
  0.00386255621417194  0.00432268395575132  0.00479034848684926  0.00527072821811656
  0.00576947641035619  0.00623286677781371  0.00670672514817897  0.00716247580453011
  0.00761437341366322  0.00807354041921439  0.00855017311332434  0.00905799076441140
  0.00957941536999246  0.01008141148923361  0.01057360845269238  0.01105903439375618
  0.01160581814855397  0.01218259281092422  0.01282949479145714  0.01369834633064866
  0.01542203149817130  0.01763129739908794  0.01928067447262889  0.02082530802982919
  0.02226814308303048  0.02366112628608512  0.02501409512155422  0.02636581352144137
  0.02768987270922941  0.02903441567627878  0.03034254930053041  0.03163750604410415
  0.03296343622241493  0.03430858888278001  0.03564447093400215  0.03700145923253793
  0.03837430862860666  0.03977980981516906  0.04119494490725250  0.04262044570729431
  0.04406522138375926  0.04552315878202197  0.04694537784302449  0.04834165886059356
  0.04973970723872599  0.05114380652675532  0.05253833409227223  0.05396958725648904
  0.05562405724063468  0.05734538985347273  0.05913630320670395  0.06091572589810377
  0.06267524218214922  0.06444274677322080  0.06624256000539197  0.06799504493570134
  0.06983917551428641  0.07189360539237803  0.07409584570708845  0.07640144857544784
  0.07882138868358723  0.08133312269015480  0.08386770001088084  0.08640048841190552
  0.08886755217855985  0.09153570492052489  0.09490108253046836  0.09838509343367158
  0.10220742978160824  0.10630125435177597  0.11066737838964921  0.11525790997005551
  0.12083250285495187  0.12838091552434167  0.13692197569603265  0.14686299706944272
  0.16202681754979650  0.19648214154178822  0.31918832463368713  1.00000000000000000
  0.00995416817989934  0.01486106891460761  0.02340835822319279  0.03296858173584889
  0.04284002872349601  0.05306128146268447  0.06337336632546142  0.07393221742464900
  0.08441343930660677  0.09540199844707638  0.10599897272509488  0.11547376712120797
  0.12446383230707235  0.13269848397344172  0.14091290765646536  0.14911281173633126
  0.15724365830121398  0.16499190147524598  0.17438165616356818  0.18407565642673379
  0.19395315013855283  0.20440431751644539  0.21454081753265836  0.22522347246448393
  0.23574537745560908  0.24605236435954325  0.25589995317171910  0.26535189187843666
  0.27531351966972223  0.28514586454231661  0.29589715880077655  0.30697549042570638
  0.31855935880996727  0.33058829534643869  0.34209393013398359  0.35333798858360321
  0.36412394909191237  0.37476331986602585  0.38408189584765989  0.39366184756420991
  0.40336786061243030  0.41339607067764239  0.42375058554207368  0.43386309057516914
  0.44391557981611124  0.45363196935440070  0.46347040462240213  0.47342680303526907
  0.48347682962310518  0.49364833913437456  0.50419461459845316  0.51480200208740345
  0.52458285596704934  0.53365295940545221  0.54289169104980395  0.55255332961133874
  0.56227700767474598  0.57232437685987203  0.58276469510659212  0.59458404350045324
  0.60698276177404220  0.61885711271059285  0.63084556969617955  0.64258975953007813
  0.65390208272224126  0.66458368545123647  0.67543242189159802  0.68662691144938903
  0.69735287202118401  0.70798672982162825  0.71837486833407371  0.72914628425774219
  0.73993537586842528  0.75024472522276020  0.76134326943011421  0.77246520342029834
  0.78458929525794074  0.79639586511216864  0.80785866022644104  0.81850607393899999
  0.82853543309668909  0.83920065447943160  0.85026168692595328  0.86126629716995173
  0.87243010858297432  0.88492692515125138  0.89824358591867404  0.91101349182867630
  0.92276540343124958  0.93411541063037817  0.94550348035586773  0.95732195767066042
  0.96860932353514040  0.97956355561450537  0.99141027918746460  1.00000000000000000
 -0.00002243379826712  0.00025628309311875  0.00072431131007360  0.00143586920422121
  0.00234996561462271  0.00350396924434291  0.00498295809653345  0.00677297703441822
  0.00853037737961397  0.01043732039268333  0.01264887101178203  0.01509244344373974
  0.01768398884091446  0.02040980169474413  0.02324131436344091  0.02617129659777468
  0.02929582484903217  0.03253369252041387  0.03598062346067335  0.03957306053848145
  0.04333754868104245  0.04732495272015386  0.05143940534981851  0.05546067073446129
  0.05936195462541270  0.06334002471749453  0.06755639646610037  0.07195314000100224
  0.07660935735534133  0.08180531606965005  0.08744770146220722  0.09313386916338248
  0.09906116548348087  0.10511211799007232  0.11122080354979956  0.11735387380507334
  0.12351623462090019  0.12977528750869169  0.13613192663463794  0.14271316589570188
  0.14953700447681900  0.15634217296149175  0.16321329303167348  0.17029250008757912
  0.17746146496685164  0.18466232513061781  0.19213331350323246  0.19981991047974534
  0.20762729592357534  0.21543238846600074  0.22349920643933824  0.23196856966594773
  0.24084324971226517  0.25005182227234996  0.25942612572011409  0.26895257912067205
  0.27818429364242048  0.28731189861320472  0.29631243912595034  0.30521904262100663
  0.31444385029772193  0.32423839768211044  0.33403124787840949  0.34388860956512585
  0.35393280766259022  0.36399909926244411  0.37451570490896380  0.38563969399482845
  0.39737937802967005  0.40974763229323957  0.42152058989793240  0.43279709651165182
  0.44358993684195658  0.45418509912934674  0.46490293279962785  0.47591779155809572
  0.48711534950801993  0.49869705143388360  0.50992801127327059  0.52130150587431634
  0.53313684542165385  0.54498969779065765  0.55648053911155326  0.56792043819341043
  0.57973349982992450  0.59259036685202615  0.60585678332459991  0.61902245353904939
  0.63230907208650766  0.64541643693397766  0.65877901577117104  0.67288166214104461
  0.68703342620255725  0.69688574172211337  0.70076421652263909  1.00000000000000000
 -0.00269089463710611  0.01037517995222099  0.02166100620568285  0.03311124249588590
  0.04421250922390246  0.05524797910451430  0.06726125392542849  0.07991341496819786
  0.08954245999441031  0.09811207915968996  0.10758677464396046  0.11783298998460630
  0.12795187676152184  0.13781673094789243  0.14860633178348245  0.16184430459236998
  0.17575383527612709  0.18881543430993966  0.20137098878691012  0.21445131507353035
  0.22736495098149526  0.24093912579156798  0.25313475619018017  0.26319756239320652
  0.27304332225344519  0.28222895048627056  0.29144591679434267  0.30016883823069967
  0.30931134204789096  0.31897586138204981  0.32940874079084825  0.33996479363781607
  0.35082276294877263  0.36183809795245636  0.37304804479799841  0.38447858079157837
  0.39621116296913050  0.40795567571825986  0.42025431403487645  0.43312369585446520
  0.44477450042125299  0.45535656615502379  0.46477489045333592  0.47371283896186422
  0.48264330723981780  0.49103288260402900  0.49961968059425349  0.50867321371011087
  0.51828842550145837  0.52891505788236581  0.54045714512136345  0.55148131569310288
  0.56250995527074110  0.57344148413090890  0.58391482761686553  0.59410804582162757
  0.60420767300047917  0.61453563846295811  0.62489498983752323  0.63515953708459327
  0.64526535471108881  0.65552391868848658  0.66598676335668050  0.67708227597688742
  0.68828208116743683  0.69883228013297349  0.70923104931022174  0.71978406113725535
  0.73006143139794066  0.74023726587156979  0.75075977861087373  0.76155159589312260
  0.77189326583876805  0.78159565208805881  0.79120061315515067  0.80077395160242948
  0.81039885632455300  0.82045916570984245  0.83093326265629053  0.84121012890262326
  0.85130070526863755  0.86158831689241366  0.87204700815813230  0.88216037987290075
  0.89162665972412181  0.90097810361031860  0.91020478470874222  0.91933894424594154
  0.92858566776472851  0.93798600534861398  0.94781671575359772  0.95786936250893773
  0.96831607273344966  0.97892584659827409  0.98929157823926139  1.00000000000000000
 -0.00264472619096876  0.00985157233426879  0.02064372398364784  0.03154880428274118
  0.04243038892076265  0.05306992471932084  0.06365722293339492  0.07380633756018100
  0.08361108969975543  0.09315029289037226  0.10257965768610167  0.11198768121411685
  0.12135342434790052  0.13086497448591272  0.14026959836362360  0.14958001763917725
  0.15919722437006362  0.16945802956343606  0.17971221038253993  0.18968223278839594
  0.19999198636365448  0.21038596059558470  0.22087849002668011  0.23163643331078546
  0.24233610255410262  0.25289108344725170  0.26340280659065468  0.27420439634195859
  0.28593052699687876  0.29736956534262454  0.30836200793452156  0.31788556919380134
  0.32641414430374027  0.33526385894851163  0.34384555348715246  0.35277602138653025
  0.36155506621249467  0.37032106723487007  0.37951916450198508  0.38936922240799887
  0.39962619572072677  0.40991339690055983  0.42082841746994004  0.43174096976837489
  0.44255837523187708  0.45352865041465584  0.46498171371676605  0.47675428213198995
  0.48791313323596769  0.49848394312256755  0.50837079824880016  0.51833634739592482
  0.52816005438681213  0.53783449733531397  0.54724583209072197  0.55659568208151888
  0.56688293498074127  0.57817927664293467  0.59014113558208925  0.60178526387506048
  0.61316003782067352  0.62443705535154903  0.63580734607152900  0.64691094012247141
  0.65731488806436511  0.66727785007212814  0.67726876108364320  0.68744694074636492
  0.69769410743600613  0.70763696285518263  0.71734759135169979  0.72732390260607460
  0.73783054193771513  0.74888593505236500  0.75967422244493987  0.76958716713755948
  0.77967987807064598  0.79042548593403394  0.80213645492900532  0.81357619575866968
  0.82439758801489627  0.83534290910576148  0.84655898974767807  0.85773397276113339
  0.86918342147502747  0.88152254270118591  0.89454142501962874  0.90742750215232004
  0.91991862756361276  0.93226556418458373  0.94377732812591042  0.95459777795619372
  0.96536905423308816  0.97684250589509880  0.98829780072407192  1.00000000000000000
 -0.00235730156795712  0.00954494417582921  0.01913001579905197  0.02892340267402136
  0.03867798885836100  0.04836280695429118  0.05787049830701374  0.06793172369850684
  0.07797314621894726  0.08842797398515626  0.09946433367433057  0.11081148255841869
  0.12280311700206194  0.13392647608683336  0.14482280150856147  0.15579286808993714
  0.16680463270493864  0.17811981806581817  0.18943787104792240  0.20071136637107631
  0.21157255272833930  0.22251517238391988  0.23322388334363608  0.24380321026998217
  0.25405250321108080  0.26432445765988694  0.27440190799623687  0.28440534229834241
  0.29434283130076250  0.30418570143606288  0.31433704286524961  0.32458698009966619
  0.33484853205004145  0.34546525754600421  0.35598918233193821  0.36707381569965314
  0.37805286236120494  0.38879427319578080  0.40067458571635839  0.41344439979294578
  0.42567433735130883  0.43755577941524143  0.44858703009022088  0.45950836430128211
  0.46970347906494836  0.47947344075711079  0.48911418943573265  0.49913482282887323
  0.51026397446805305  0.52197591561334333  0.53245257433655513  0.54238973211647656
  0.55176050559140577  0.56108724256337283  0.57049623633901381  0.58002967628410207
  0.59008230772927783  0.60026692344617916  0.60986781803587031  0.61894010269673561
  0.62848642114709019  0.63842356819934465  0.64844707468455975  0.65862257958787052
  0.66937836787593685  0.68047435849980542  0.69104179978357494  0.70111475921702948
  0.71131464861729787  0.72153346430274257  0.73171234482267189  0.74276963693226228
  0.75381947557225226  0.76528684099728517  0.77708242788074389  0.78846644135925048
  0.79847548349188291  0.80732149104189366  0.81615911634016880  0.82518743381516224
  0.83459359922504073  0.84429676482317650  0.85418940186017622  0.86508583994438304
  0.87596739695496151  0.88633520056749016  0.89682332945043064  0.90789042117666330
  0.91913990797073508  0.93103067490978486  0.94363980074578102  0.95629109641593057
  0.96801014215473558  0.97894070275330047  0.98934275224304502  1.00000000000000000
 -0.00215126637825326  0.00979006223744892  0.01868124171030613  0.02812408477507303
  0.03760475676428183  0.04767390789405684  0.05745922097970298  0.06638481335767332
  0.07517924208764425  0.08445139081477976  0.09382408750479258  0.10336550705305933
  0.11325081581486605  0.12339314123160616  0.13444595534679663  0.14603303046675184
  0.15748744501290360  0.16813265870479965  0.17779530640374960  0.18717766222762952
  0.19649053676462333  0.20577347892748477  0.21521851975868306  0.22513175305817912
  0.23601092979815480  0.24759789743352181  0.25850777324489038  0.26903960380968756
  0.27940864214043071  0.28969478200153354  0.29996251197627499  0.31017813443549846
  0.32077312733915470  0.33163501040417559  0.34265492286984101  0.35381032652666861
  0.36510350292744487  0.37627394639634754  0.38744612102479448  0.39910004010074940
  0.41136149869623623  0.42347457071392686  0.43515245475980735  0.44643906425224983
  0.45744100151060640  0.46816458134612676  0.47866533802131295  0.48903590081430404
  0.49937478476659786  0.50960156634863363  0.51979371894643112  0.53027697811538865
  0.54012018196668610  0.54920534380644648  0.55798403810677666  0.56758257156198055
  0.57803092049889104  0.58833360187782002  0.59836614725970716  0.60839667876198822
  0.61904083906519292  0.63061267074608318  0.64226548967789376  0.65356019387056441
  0.66456786396451284  0.67559553876774980  0.68620683158013684  0.69643595464549979
  0.70681952350402810  0.71754091157963529  0.72874186945652486  0.74020654481169423
  0.75143144281348728  0.76240685047823820  0.77323069436724645  0.78442793635068364
  0.79562121533879848  0.80637386421705759  0.81695696387147632  0.82795687323646316
  0.83866505317651630  0.84948989786081652  0.86012930466676218  0.87119523046777014
  0.88219210502242440  0.89348411871765321  0.90389837955788921  0.91405676062073971
  0.92432247112095334  0.93428065959625506  0.94415956450581995  0.95391260276529866
  0.96404283284220726  0.97564695965018089  0.98715938847673168  1.00000000000000000
 -0.00245580637801668  0.00934151816543205  0.01842358947523903  0.02805562763442878
  0.03785716389896721  0.04787288001575248  0.05930949658094704  0.07060204289302177
  0.08310492057912182  0.09579643506006062  0.10786358557600619  0.11951042466464762
  0.12898980498754231  0.13800885317417080  0.14725199892414212  0.15739568684571814
  0.16776277288448743  0.17728111526536733  0.18653785764126740  0.19668908965474008
  0.20747123299186518  0.21782319502692785  0.22836287429836455  0.23849282084883808
  0.24899170546944022  0.25928037984388652  0.26997949525570203  0.28078274233563610
  0.29128470505274368  0.30100021391544013  0.31051900728148285  0.32045826355078239
  0.33008346293772217  0.33991793415552624  0.35027048006437655  0.36073703549881708
  0.37207596238393137  0.38179669951296441  0.39157581368827477  0.40109122537257963
  0.41052877953931682  0.42011951855406376  0.42958143175139257  0.43932285057219794
  0.44941503929915427  0.46007039744898925  0.47100229490596451  0.48213595910175688
  0.49341755517906732  0.50453124325534759  0.51597129797671071  0.52738493424715838
  0.53840068667445828  0.54885990101578497  0.55916912771203287  0.56970104766405938
  0.58096334477995204  0.59292443902739189  0.60512337473874689  0.61662178837188009
  0.62803675131247583  0.63953108767992861  0.65111685087703874  0.66237432475355906
  0.67323096873521515  0.68420469817252794  0.69550372246164693  0.70680468813035746
  0.71748863085344228  0.72751205877861369  0.73754317088938082  0.74785281185270869
  0.75845118579438109  0.76922725702921990  0.77964600347304280  0.78984765013070379
  0.80009522011639056  0.81034385985738111  0.82053995017940640  0.83060868766310647
  0.84081190473250289  0.85108974641041901  0.86172728498477824  0.87223015659033132
  0.88213473691195954  0.89197861888478169  0.90234193279439379  0.91316375690579155
  0.92378412904499341  0.93422880789974527  0.94477070266494034  0.95561950998450673
  0.96707431000259669  0.97880439469944802  0.98953888477161545  1.00000000000000000
   3.9269330857860559E-016  -1.0000000000000000     
 F F F F F F F F F F F F F F F F F F F F F F F F F F F F F F F F F F F F F F F F F F F F F F F F F F F F F F F F F F F F F F F F F F F F F F F F F F F F F F F F F F F F F F F F F F F F F F F F F F F F F F F F F F F F F F F F F F F F F F F F F F F F F F F F
  <DiscreteSampler_grid>
  grouped_processes
  1 # 1 for a reference and 2 for a running grid.
  10 # Attribute 'min_bin_probing_points' of the grid.
  1 # Attribute 'grid_mode' of the grid. 1=='default',2=='initialization'
  0.0000000000000000 # Attribute 'small_contrib_threshold' of the grid.
  0.5000000000000000 # Attribute 'damping_power' of the grid.
 # binID   n_entries weight   weight_sqr   abs_weight
    19   10   1.336190534023076E-012   5.385596537262696E-024   1.336190534023076E-012
    22   10   1.038516129103689E-012   2.391958590318646E-024   1.038516129103689E-012
  </DiscreteSampler_grid>
