 -0.00000000438740438  0.00000227482422955  0.00001659987458110  0.00004851266128883
  0.00009865447204890  0.00016410486579846  0.00024276493487410  0.00033631938715146
  0.00044322421707636  0.00055839079120495  0.00067929586275094  0.00080900793067764
  0.00094950487018829  0.00110674285177278  0.00127154003259654  0.00144795541198036
  0.00163679777561518  0.00183627325382037  0.00204747744002557  0.00226787028510851
  0.00250654585844594  0.00275036562657681  0.00299801159643315  0.00325460799160274
  0.00351015069966819  0.00377710933051101  0.00405821678786425  0.00435520502776914
  0.00465255789233404  0.00497210418130555  0.00531142834814421  0.00566859728837375
  0.00601898100630196  0.00640026611375947  0.00683277773899386  0.00731813069200009
  0.00784108604540375  0.00838986543814688  0.00897304167422466  0.00965038113948804
  0.01059650566290108  0.01154396543517245  0.01212270407967799  0.01249669511436839
  0.01276918677421589  0.01301162058257061  0.01322764250383006  0.01342362917301705
  0.01360450120760342  0.01377074970568615  0.01393031138458409  0.01408358737610621
  0.01422843345517183  0.01437083227353354  0.01451305208161732  0.01465589885495724
  0.01479621160074455  0.01493500473132864  0.01507086169201186  0.01520579884660280
  0.01534050447024656  0.01547734577729762  0.01561765657023912  0.01576091646118116
  0.01590824692916297  0.01605982664310573  0.01621561191184102  0.01637734491301697
  0.01654226489760849  0.01671294285310403  0.01689908081671194  0.01709021032275100
  0.01729290995682466  0.01750961203230146  0.01773199719876780  0.01796562253889472
  0.01820898079118756  0.01846115896866952  0.01871960754155143  0.01905635269485023
  0.01941666428935688  0.01979246887325325  0.02018312314799262  0.02059793233353145
  0.02103775397588094  0.02152629112079106  0.02206412426549665  0.02266429921604201
  0.02333096389510160  0.02407606510962513  0.02523575785894312  0.02694821753072753
  0.02920329127087413  0.03526402969696834  0.04966483619632112  1.00000000000000000
  0.00985395405145078  0.01457396811115168  0.02341926864968510  0.03421521304629779
  0.04486885537182794  0.05534633047867256  0.06676787248725959  0.07908135087422789
  0.09029822202666134  0.09987584393036458  0.10944629905290978  0.11891527790219951
  0.12829969620837528  0.13767469806727414  0.14798995812247168  0.15950040871179114
  0.17127887252059473  0.18261712322002355  0.19415723945455030  0.20558878186816323
  0.21608343881400019  0.22623293233569408  0.23577769326149256  0.24450554640248137
  0.25328049286855425  0.26198118310416646  0.27118882760366131  0.28095305442766744
  0.28997442946726720  0.29999856214466253  0.30989051400910878  0.32171571490491102
  0.33413734285837171  0.34648452422697540  0.35907949776519638  0.37124275140907126
  0.38228127052246946  0.39273667035675086  0.40284755735920630  0.41315775660897341
  0.42345641171687304  0.43393671727114741  0.44483119907172869  0.45604289723203795
  0.46646302992883393  0.47628285912664337  0.48580523352662169  0.49510944752676411
  0.50482167635935304  0.51468929369808381  0.52479884756309469  0.53502873688841579
  0.54567115534807042  0.55678891820230259  0.56788956054516160  0.57831917678142863
  0.58827635631664077  0.59794541286331016  0.60803613221414121  0.61938343512511829
  0.63108382367067106  0.64279664977065709  0.65327141575507341  0.66291511703360362
  0.67352137566186554  0.68395037823726645  0.69424406136818251  0.70431941762949601
  0.71429330669864166  0.72421992771536892  0.73422688234178646  0.74437519648562323
  0.75496817020598339  0.76554051181267613  0.77630152508773287  0.78701025642396705
  0.79701864101416453  0.80663656925129357  0.81634114465053831  0.82608329187827145
  0.83635263180331954  0.84716173747529444  0.85772239961706120  0.86780808484950955
  0.87791067740689477  0.88786374680385971  0.89783518401034246  0.90756463752687144
  0.91754715307303425  0.92789695840447595  0.93855236105627859  0.95020004543843339
  0.96229875781188279  0.97467336459267373  0.98753939266372326  1.00000000000000000
 -0.00002050592701504  0.00025109884584150  0.00070055600817387  0.00149485979493214
  0.00260672514650966  0.00387224105446254  0.00546514243878189  0.00725600623307885
  0.00928749381861351  0.01169238915271731  0.01447637373878515  0.01717439536534811
  0.01970387998657569  0.02257923378375627  0.02570933260781531  0.02878860667304983
  0.03185791024765543  0.03517276363216138  0.03890405746256641  0.04307172860889727
  0.04725646346171862  0.05146788745648733  0.05589678227979732  0.06048530254917173
  0.06543563712136076  0.07064527340619409  0.07572898779805279  0.08013184948497297
  0.08449764608995526  0.08912855585013497  0.09372593579328327  0.09841163341554790
  0.10344004508294584  0.10896803070729141  0.11492246814232962  0.12092215194268070
  0.12692800105076624  0.13332579881769915  0.13997164026380970  0.14684569622409327
  0.15402987944925736  0.16163592986657863  0.16954609416223368  0.17760847781721953
  0.18642933458820499  0.19594183734707668  0.20547951656585389  0.21505283033059394
  0.22508093411480362  0.23494104869708107  0.24450835514105354  0.25362839445777807
  0.26247516374437296  0.27148772795091364  0.28101578356520934  0.29113732530748371
  0.30204660635618108  0.31287525160876822  0.32341242995666591  0.33393256768868201
  0.34476295756959285  0.35606123606245427  0.36777247617176478  0.37974983259959649
  0.39171924391913970  0.40400834750820652  0.41654557189792396  0.43083513410076935
  0.44595299228091817  0.46122095010812614  0.47662462306031322  0.49200243759018314
  0.50710351108567031  0.52311136045937356  0.53979156774703363  0.55676116060141245
  0.57393217774220540  0.59144502927130360  0.60892622914676664  0.62695002310857295
  0.64527774162713758  0.66461072684818279  0.68441485866054619  0.70367083807223219
  0.72245357550413314  0.74257131184273584  0.76240999720975822  0.78209340494842228
  0.80302628567976764  0.82563565552397455  0.84858795592760627  0.87297959439674278
  0.90016503294207983  0.92951439153004678  0.95959718360341606  1.00000000000000000
 -0.00295261794012935  0.01140460468793719  0.02356054292782804  0.03613234878630682
  0.04841451081593803  0.06018650091520954  0.07171721964695743  0.08408303393539981
  0.09701054595681106  0.10972108438797115  0.12128829140352010  0.13256362866504706
  0.14301209465405590  0.15305942391509644  0.16317750118232802  0.17401470331458507
  0.18502718079059097  0.19644821507576588  0.20836824607779730  0.22057917492839715
  0.23403619500939041  0.24739206361823732  0.25930151509732863  0.26975301671326785
  0.27898140138825661  0.28791627606598375  0.29731651643492774  0.30667123323732082
  0.31628114428701976  0.32518409990479191  0.33400762584713067  0.34338110784705822
  0.35302843893266006  0.36245676448083913  0.37177120866727026  0.38129976753834244
  0.39087388266937889  0.40158909935318354  0.41308560100077746  0.42390405769168188
  0.43349925612144835  0.44468659092768653  0.45643090670658615  0.46780212911990265
  0.47921871913580166  0.49137176844619906  0.50318274173941102  0.51453325260650473
  0.52548271070744568  0.53615369572227867  0.54653106987425282  0.55639763982700630
  0.56628672295956350  0.57649141233496304  0.58719195226715315  0.59802496352527212
  0.60841829892424681  0.61814871349916356  0.62747534759266088  0.63680701997799072
  0.64639453854405493  0.65572411319422075  0.66470507648776134  0.67395971322463422
  0.68369813025056880  0.69383534720800344  0.70378314485472238  0.71434812482799415
  0.72522426241215820  0.73584983797770931  0.74648463206972726  0.75701690882365502
  0.76772054880796703  0.77896960466056431  0.79047624701559682  0.80175086763050296
  0.81266008612142293  0.82317510353121237  0.83371715689288872  0.84450775346466000
  0.85531804760430385  0.86643690419812280  0.87727182139350124  0.88785543833071101
  0.89874842299183022  0.90935250245752108  0.91955222494604560  0.92867512484290993
  0.93740026504242757  0.94609966023511716  0.95523150284289338  0.96422072569330586
  0.97384157148502903  0.98298491163104629  0.99158863485836835  1.00000000000000000
 -0.00169672348364627  0.00751897036285554  0.01514664890725241  0.02338095035556086
  0.03208734357748612  0.04080046180781204  0.04968281551990455  0.05923870935186154
  0.07028288027030132  0.08188449063858330  0.09240744813278556  0.10227036045888491
  0.11196233437091162  0.12150113440809755  0.13110005469910563  0.14048656575169613
  0.15017134049099001  0.15983879684132657  0.16988015717024180  0.18030058081271322
  0.19061215366445178  0.20048828038399011  0.21037212128044711  0.22031873355248008
  0.23099741940031068  0.24243851913469647  0.25401168058971269  0.26516679627078965
  0.27624152592508566  0.28749318895059356  0.29806087737272174  0.30825878586640221
  0.31877163835582656  0.32998268469627690  0.34229931996772367  0.35420809537761877
  0.36478267666122943  0.37464708289287407  0.38428119639434632  0.39394384678779165
  0.40340509488699960  0.41267197857902405  0.42231662663552577  0.43232092037995640
  0.44254981243072039  0.45324594970186427  0.46470514174370769  0.47682810593335123
  0.48886344435961365  0.50052690052383175  0.51172124257813345  0.52287263394270322
  0.53443297474102569  0.54607494431876680  0.55797430375465873  0.57039963444396136
  0.58235758744208055  0.59313737317549131  0.60370480282414496  0.61438061620734186
  0.62548100627883529  0.63617847426134677  0.64688756840580142  0.65773556870490324
  0.66931705470497271  0.68125996660642818  0.69339827847192570  0.70531486871996862
  0.71738685452603546  0.72910275965036164  0.74062661174105648  0.75194563307770856
  0.76346950147033921  0.77480470890890007  0.78584713852768251  0.79580788448436701
  0.80468615082064310  0.81330169558060017  0.82216967269587182  0.83138006125893649
  0.84122002052369105  0.85027464630297978  0.85925732967893509  0.86833399556871549
  0.87803277105025990  0.88838516062924566  0.89859689645123597  0.90919635336839155
  0.92042401706049892  0.93353540386320610  0.94539374390213171  0.95650282015140942
  0.96739575022259727  0.97852272585508215  0.98908737544280845  1.00000000000000000
 -0.00181237869382711  0.00740243654752745  0.01547436457302986  0.02432537937475105
  0.03341328114099860  0.04213755768258816  0.05152981934059411  0.06141786551615254
  0.07148712546769742  0.08150121592710957  0.09122248609927491  0.10068207021886261
  0.11066461982195488  0.12127403772206499  0.13193231784470741  0.14253631518695664
  0.15300749947903594  0.16316056747253738  0.17339275899846934  0.18366544299000770
  0.19431197002006517  0.20549072609620619  0.21654259103217049  0.22749573272316354
  0.23789126554113751  0.24760826063337821  0.25688804975750429  0.26623895816737714
  0.27570596232983524  0.28567787766469427  0.29580100394924558  0.30625963042824889
  0.31671493879753632  0.32631221454837528  0.33588539181931432  0.34580881465660018
  0.35567183929160612  0.36518974913924268  0.37459698229311300  0.38485353089277036
  0.39553482745950225  0.40589179041220996  0.41626406579286096  0.42725245193475014
  0.43886741344927599  0.45074118742718960  0.46254707527072692  0.47393555732322346
  0.48532395312072241  0.49699850456118938  0.50856346139308961  0.52065673477206975
  0.53250555813679445  0.54430295487659330  0.55612480585958080  0.56814515259242071
  0.57976668262148257  0.59116274697959259  0.60233700963914372  0.61300299192955765
  0.62381591311427498  0.63443705946876838  0.64516897825823327  0.65532904558883565
  0.66507065856372183  0.67465202098952837  0.68455604337694453  0.69540667468697925
  0.70638260383667384  0.71757431714540942  0.72805278067442125  0.74156049706462657
  0.75366908808970001  0.76473901031325209  0.77514450103917554  0.78539196116819499
  0.79542011791692580  0.80527719939816422  0.81584746035924594  0.82751284892899868
  0.83982460023113925  0.85123323602304835  0.86230334436009437  0.87322785635590516
  0.88439452910175964  0.89524613307954148  0.90552587356048242  0.91626300509863834
  0.92628034998569708  0.93646400897415349  0.94690684147564896  0.95751063293312422
  0.96824319819987703  0.97869335455199358  0.98938278127950674  1.00000000000000000
 -0.00264938167453557  0.00939206123692932  0.02004039035243126  0.03096733096295586
  0.04161480646856586  0.05178047745051912  0.06180017935134095  0.07163978861353602
  0.08151820479330280  0.09126735203214759  0.10118377146592289  0.11215595041830753
  0.12417930029292872  0.13475021930100189  0.14469582846805262  0.15437900938730431
  0.16397149088295354  0.17273049866653237  0.18109972811004341  0.19003019734757609
  0.19977857864378107  0.20934730452202291  0.21858144580245692  0.22813284728669442
  0.23828581105029661  0.24843577362431621  0.25845446520693632  0.26870883176065657
  0.27903685987505139  0.28896620450480492  0.29866342765260118  0.30840331365315904
  0.31795504881401421  0.32722567911871925  0.33704624691619384  0.34742955366222528
  0.35789155251774135  0.36793533739038947  0.37862576948677817  0.39039385060494497
  0.40277611771365296  0.41528113519588261  0.42748022035903210  0.43886531223107456
  0.44953841905509034  0.46014454874631672  0.47089339560360627  0.48161697232452871
  0.49220803098757726  0.50250023708197999  0.51252932971660992  0.52269620787121562
  0.53333216279027462  0.54437415902634612  0.55571657483884707  0.56758461069889510
  0.58074819233381403  0.59424599016937751  0.60647999928130836  0.61595700764897998
  0.62522682865602586  0.63457592515546035  0.64354709745944594  0.65227547754696757
  0.66097056570023072  0.67105794446354317  0.68242800051823349  0.69416392389642134
  0.70609143209034742  0.71782435929074739  0.72958535154454962  0.74160610732601406
  0.75332134237345771  0.76458685174398944  0.77614133033590527  0.78793884455834051
  0.79977338259995889  0.81158846693736608  0.82209064315335145  0.83242201422858109
  0.84288742879571488  0.85327114848599062  0.86330140162771540  0.87294692258671114
  0.88336774637898996  0.89405396697871375  0.90434767119846160  0.91440340066972459
  0.92508637000217830  0.93620164695777353  0.94725086392244728  0.95767490971286118
  0.96805389240100248  0.97809197048146568  0.98895617426532079  1.00000000000000000
 -0.00251402762883047  0.00920111725210506  0.01966356504455736  0.03074826447134719
  0.04169875629208820  0.05222419594981818  0.06257199183469718  0.07274589799077810
  0.08238910985945852  0.09154819432915140  0.10043473920006032  0.11006581245356993
  0.12052577241370041  0.12991189948377613  0.13874881480094400  0.14767816647541374
  0.15689707851699358  0.16673831644602721  0.17596946000413616  0.18518274068064494
  0.19520306931772344  0.20645364558374527  0.21742640888853343  0.22854049854726691
  0.23884722304313247  0.24876947190073823  0.25756122254873975  0.26629928654823065
  0.27535372275618142  0.28448681002748716  0.29342815810640432  0.30228272596244832
  0.31130396346268574  0.32129842649741019  0.33192420432017844  0.34248935052446722
  0.35311694212959943  0.36444364615094177  0.37605345632247528  0.38698146907749764
  0.39774826254427953  0.40927108632154502  0.42025988780353202  0.43053327191405388
  0.44109428270618106  0.45118617430668018  0.46091068512435646  0.47059087169749869
  0.48101779877583539  0.49180834040989047  0.50240689008696993  0.51267589977093908
  0.52319889202399472  0.53351332929052286  0.54415744394814491  0.55522707098476087
  0.56657794620418944  0.57806055940116530  0.58953447696255301  0.60065815391708410
  0.61132181527729057  0.62182805028100396  0.63226213640910012  0.64273444802466251
  0.65335975925221623  0.66409177905197803  0.67501849746470421  0.68669540877142121
  0.69989584755567014  0.71418930941442238  0.72789604720017886  0.73959799073776888
  0.74962089172265844  0.75974822603565750  0.76950635818292534  0.77881028098233784
  0.78792659376226470  0.79753434992885086  0.80728631335828027  0.81723207117125984
  0.82750827418421580  0.83829471952950296  0.84965878112435100  0.86151001765706126
  0.87364651184260500  0.88581564765321463  0.89776715412371044  0.90918432095888213
  0.92060313603373922  0.93112743790766761  0.94166686166224323  0.95227794246030173
  0.96295892368394287  0.97423835980489504  0.98624366965730514  1.00000000000000000
   7.1951074023439703E-013  -1.0000000000000000     
 F F F F F F F F F F F F F F F F F F F F F F F F F F F F F F F F F F F F F F F F F F F F F F F F F F F F F F F F F F F F F F F F F F F F F F F F F F F F F F F F F F F F F F F F F F F F F F F F F F F F F F F F F F F F F F F F F F F F F F F F F F F F F F F F
  <DiscreteSampler_grid>
  grouped_processes
  1 # 1 for a reference and 2 for a running grid.
  10 # Attribute 'min_bin_probing_points' of the grid.
  1 # Attribute 'grid_mode' of the grid. 1=='default',2=='initialization'
  0.0000000000000000 # Attribute 'small_contrib_threshold' of the grid.
  0.5000000000000000 # Attribute 'damping_power' of the grid.
 # binID   n_entries weight   weight_sqr   abs_weight
    19   10   2.379011617579141E-006   1.259224103697558E-011   2.379011617579141E-006
    22   10   2.040447696111349E-006   1.364816645990414E-011   2.040447696111349E-006
  </DiscreteSampler_grid>
