 -0.00000001166827130  0.00000625263056054  0.00004502661086333  0.00012293794791178
  0.00023550880937230  0.00038836792837593  0.00058031451559613  0.00080750951507555
  0.00106062597084413  0.00133953781044389  0.00163112053040984  0.00195533916380604
  0.00230728669300614  0.00268203985780928  0.00307242166305902  0.00346419979208777
  0.00385142278736710  0.00426500075044212  0.00465217576091156  0.00504808417272370
  0.00545805961451334  0.00588067931403423  0.00631063031977614  0.00676376190721525
  0.00722170713358861  0.00768328226403589  0.00813667790964723  0.00861237872689153
  0.00911199764393835  0.00962275438300270  0.01011536755599543  0.01061971143189086
  0.01117236241522126  0.01177983937766034  0.01250326754676894  0.01337737910007365
  0.01483378204217497  0.01714986912428688  0.01903414304019913  0.02061789477983736
  0.02208102314445719  0.02345432781613860  0.02492348613192914  0.02640028296365698
  0.02786904760503450  0.02930125325196078  0.03068529625662914  0.03205340481294355
  0.03343132332657790  0.03479291544922312  0.03617717563695996  0.03756922367543028
  0.03895325975746206  0.04035781274800174  0.04184904290387222  0.04331301285791574
  0.04474971574511215  0.04617254785011990  0.04760749550431880  0.04907530661371792
  0.05051458252588175  0.05195743208608482  0.05341609423462819  0.05506731627250731
  0.05682807892469775  0.05860643594325009  0.06040997949297244  0.06221413693671880
  0.06402354677097585  0.06580223796980125  0.06755311975970490  0.06937122406068694
  0.07135556790757180  0.07346929287810111  0.07577765546323742  0.07812167168680341
  0.08044168375069588  0.08275221173348174  0.08510966841237549  0.08754746939825926
  0.08990925076546008  0.09249849684677122  0.09590028857606797  0.09940516224443620
  0.10300535649582093  0.10685370934376165  0.11097366551000723  0.11526274790114437
  0.12026744470669237  0.12671086226014661  0.13492653130908008  0.14477323093385977
  0.16029288240729656  0.19551807748862249  0.31973653642719857  1.00000000000000000
  0.00970512601861140  0.01497186251621245  0.02259502863168348  0.03114391092744415
  0.03965154706964494  0.04882784175179216  0.05885396738453244  0.06984418474080095
  0.08120122560987296  0.09216812323403752  0.10279876207039819  0.11284592399630548
  0.12258362726567425  0.13244683778558533  0.14221282674817823  0.15255435371379306
  0.16350104331786583  0.17422185683230426  0.18430624713647181  0.19374805727704722
  0.20294690002083907  0.21199519458439622  0.22077833973344124  0.22971075460581195
  0.23909031981674830  0.24867800851285748  0.25839270269104075  0.26804238776850708
  0.27881007638031235  0.28997390662194494  0.30270611941798103  0.31449642055782717
  0.32554212952119732  0.33639809238562252  0.34766342393058003  0.35924652300338639
  0.37128393621781791  0.38365945634502135  0.39568753741130580  0.40684694802812743
  0.41773145520324118  0.42996619311839618  0.44267728818814772  0.45525998617488805
  0.46697765133096514  0.47751122356313053  0.48828884179042975  0.49877706809204292
  0.50885043017990894  0.51892985359953647  0.52920540520874781  0.53951724065856133
  0.54959643067507169  0.56010661031419340  0.57031172569299537  0.58033524046500851
  0.59072075340455144  0.60165329781633881  0.61223495577911435  0.62249170434449808
  0.63570692400044193  0.64773274915905166  0.65910503171058454  0.67021880972132863
  0.68101614781625897  0.69108242581525481  0.70013901149775482  0.70944447182807879
  0.71915320687447348  0.72926278107704756  0.73950580112777975  0.74985994785065135
  0.76192740969537454  0.77426211107363452  0.78636551760393214  0.79769328852539656
  0.80850938817098905  0.81937530295430838  0.83067008913425766  0.84239009852107416
  0.85430403175924741  0.86597365133179804  0.87676599177981596  0.88674542671544609
  0.89674262934621485  0.90666110118304977  0.91637757264032593  0.92555739664906522
  0.93446603971294728  0.94371190034676034  0.95326967075455382  0.96308724221040287
  0.97329403280199300  0.98598640100591306  0.99034197450302897  1.00000000000000000
 -0.00001930237957114  0.00023740779303019  0.00068137287249063  0.00139944149281122
  0.00236704647612834  0.00348027631867401  0.00480882685300552  0.00639741981462723
  0.00809840553635532  0.01025555010486735  0.01266051218977252  0.01515978551621305
  0.01774445723104701  0.02048203231507943  0.02342964478149129  0.02678508798338561
  0.03070620527377211  0.03445928989944119  0.03812567110725116  0.04180591825814637
  0.04561869100681721  0.04958719887271522  0.05374389793075324  0.05818984699334556
  0.06266051202796490  0.06696948623155478  0.07126247181682192  0.07572287998563533
  0.08048644168432419  0.08536464644723560  0.09023519654140026  0.09522314822139646
  0.10044618791635669  0.10579581177816282  0.11131188926915248  0.11711827870349124
  0.12323485018620375  0.12937532158353085  0.13510924932382953  0.14050040378706347
  0.14623048976761585  0.15235103320448110  0.15878752653769027  0.16522307040280898
  0.17162208986571811  0.17786469856285425  0.18464231102278417  0.19136043609860892
  0.19829442581130247  0.20558267064726726  0.21297510055323746  0.22051131939478943
  0.22830430460409296  0.23611247817305511  0.24393621071032909  0.25231387870851008
  0.26110308045883673  0.27019749186839420  0.27921852588539448  0.28845736819247647
  0.29813857535082317  0.30840139673266276  0.31935931285863983  0.33102341202348579
  0.34209301841225048  0.35212122671377383  0.36194734482892088  0.37218191347225116
  0.38254489413776144  0.39327032792941358  0.40446323109294685  0.41585322450851264
  0.42718606306485662  0.43871668416766307  0.45017867723625837  0.46181514706767146
  0.47430208283476422  0.48716011531571080  0.50114890702942583  0.51511610106298478
  0.52883022527986623  0.54227104707601748  0.55587489113288879  0.56885832054923768
  0.58186578485455931  0.59466077178961163  0.60685227538993947  0.61908557759506933
  0.63103232278348675  0.64286584106560307  0.65490262206754590  0.66707195888518522
  0.67926095123609442  0.69137932680472958  0.70190438945185363  1.00000000000000000
 -0.00259108746506222  0.00989662124118165  0.02183445852894116  0.03461588689787857
  0.04688312765562840  0.05860354522785313  0.06989206673623967  0.08067340725371912
  0.09088998950865289  0.10040954790513396  0.11052416898113178  0.12189750522873027
  0.13370375430889422  0.14505569352221004  0.15636711422983732  0.16785813919667128
  0.17967299684114083  0.19132891293242504  0.20315035624500877  0.21550595203986725
  0.22749625758247227  0.23799402829710337  0.24779486375878298  0.25794626059719905
  0.26854017822352899  0.27912882176735543  0.29013225003486420  0.30177491745518725
  0.31330402921623535  0.32419361003187075  0.33518522947500190  0.34708128204777650
  0.35951242110481746  0.37198590287967948  0.38411872730976848  0.39557839331520578
  0.40677323608400934  0.41750709984340073  0.42788217841640680  0.43808694907392121
  0.44938557194406115  0.46066502987742686  0.47213014527662689  0.48290813673121319
  0.49414479000887418  0.50531969225669582  0.51703018257252764  0.52804579457137912
  0.53826419194836228  0.54828233060003140  0.55822059646365108  0.56773484657938000
  0.57671976843371930  0.58554708744861916  0.59434873981960523  0.60335963291349970
  0.61250194686323545  0.62111196783693046  0.63007735574381929  0.64016000030876119
  0.65077507834315673  0.66159251416042286  0.67320331448433934  0.68590705830777510
  0.69817543412290284  0.71015065562757573  0.72227027984193204  0.73321942313939492
  0.74364628072192751  0.75391626748197760  0.76344024333411920  0.77272980189167373
  0.78195847292489618  0.79076879101190989  0.79989190080470007  0.80868656034318964
  0.81756959148102637  0.82670735236344106  0.83570254701519453  0.84429128492689087
  0.85295205292783371  0.86188279364927212  0.87091358306745048  0.88035352341884698
  0.89003515429112279  0.89985271118319143  0.91058654993953048  0.92099653351739774
  0.93066891129373375  0.94025211897014394  0.94960384156986843  0.95912697223221066
  0.96859139005425388  0.97868118023399397  0.98927513558477820  1.00000000000000000
 -0.00225344509695181  0.00919136184975612  0.01821651795457956  0.02813206894371243
  0.03817012487567870  0.05003374653009782  0.06253609662177818  0.07560588174191112
  0.08768220509009010  0.09986162689960838  0.11105415024780482  0.12215634193924083
  0.13281679416040310  0.14322332661391152  0.15336696609384626  0.16342115446081409
  0.17339205820012818  0.18345501944663228  0.19375742881902402  0.20486586242070540
  0.21485267631319763  0.22453019415085343  0.23451915644104618  0.24426947546283417
  0.25395040825891974  0.26299017548857545  0.27220110381153462  0.28173273391817533
  0.29163245690929074  0.30175648824483775  0.31183490636741468  0.32238488104359780
  0.33322481118194364  0.34396972818175825  0.35470833237264793  0.36579519526143284
  0.37750308527307169  0.38946548853867596  0.40075590726255456  0.41143107559478254
  0.42173162584971846  0.43163453637416810  0.44186002187350198  0.45260655287115015
  0.46356859376213361  0.47440111317408740  0.48512368169043590  0.49590160972419584
  0.50694001101899344  0.51819560542870813  0.52954880239153357  0.54082600193375485
  0.55189588912907250  0.56273576828581084  0.57350008648566408  0.58418906123348635
  0.59441589092506908  0.60457765485851389  0.61421886564679040  0.62374014542821132
  0.63362850717129338  0.64362142660352961  0.65346661156201225  0.66333950239732409
  0.67380578243654121  0.68473910319017561  0.69504433661673815  0.70538319405838579
  0.71652337303290403  0.72764358887202851  0.73858914450151836  0.74918967890745858
  0.75952993902090860  0.77044875193134754  0.78209662363964116  0.79473864140839323
  0.80739332239698269  0.81876590588669163  0.82962277379478133  0.83937574067121667
  0.84963483290117636  0.85956114186150179  0.86957609053348983  0.87859178639527391
  0.88786344808066719  0.89748804334077148  0.90728690040090187  0.91692102268605480
  0.92638238155878683  0.93538253507950864  0.94551818058818271  0.95628490291868651
  0.96734527768773204  0.97893499523050664  0.98915425946645241  1.00000000000000000
 -0.00182833953911198  0.00772612067189906  0.01607005083194328  0.02495962048662036
  0.03363828639106956  0.04217309554406776  0.05136092675416158  0.06155402732060394
  0.07295472360832622  0.08444237241515705  0.09746337132794149  0.11033901959409169
  0.12312860985242949  0.13508851830225843  0.14610584438898233  0.15678289103828144
  0.16734845746927554  0.17799635607739048  0.18874651909165885  0.20028404199310382
  0.21184118204056315  0.22284091489390279  0.23312110873741307  0.24304083954040884
  0.25292292393168936  0.26243496730015525  0.27240422444811635  0.28351868726856111
  0.29457996837199463  0.30441800343956515  0.31326031751635414  0.32226820351170871
  0.33159623956990647  0.34091896182459774  0.34983162683203584  0.36013798307525391
  0.37231261183961661  0.38365787639305315  0.39420149453340630  0.40401712525846345
  0.41380104467104123  0.42401481555070697  0.43455631283170820  0.44515780996884463
  0.45568606140603118  0.46627171382672961  0.47680126147242280  0.48721425620324443
  0.49767544185171847  0.50870045668089925  0.52038919295618102  0.53191734139962810
  0.54325227122233899  0.55447333738058402  0.56555594953112054  0.57698276330981857
  0.58862011876105857  0.60044068553963892  0.61116308601783187  0.62142021890348209
  0.63129269755406670  0.64044772479658774  0.64967266823505709  0.65913215117212476
  0.66833441720960873  0.67847473220891552  0.68853336194551118  0.69996039962212220
  0.71190449204398665  0.72410550521346717  0.73655249136589374  0.74836143039480263
  0.75975708493585214  0.77038466924830495  0.78026614562776664  0.78994721397792833
  0.79937740323296325  0.80877447675321545  0.81819908664230889  0.82806831086434585
  0.83847144969851106  0.84940641545825479  0.86005699875156050  0.87093122180630511
  0.88183133360258836  0.89260150764192681  0.90316928720348555  0.91371302885220473
  0.92433719652270097  0.93529621500469173  0.94629441179674434  0.95675646391694380
  0.96670156888141534  0.97693665773439198  0.98776376732096505  1.00000000000000000
 -0.00232714637597929  0.00933626420170569  0.01883866404886774  0.02926117356318761
  0.03984789337019400  0.05045932325321997  0.06073407823332477  0.07031888454008682
  0.08000188579740405  0.09012540614197734  0.10033291916211820  0.11103199159136157
  0.12211614424097629  0.13311645771853545  0.14390644744237607  0.15408596811647968
  0.16459194417718703  0.17432075777333877  0.18451718256563018  0.19459422099042334
  0.20491205155715048  0.21520927822075184  0.22562367532829566  0.23649549784856863
  0.24706455816562245  0.25750014718333131  0.26821409023311482  0.27994765635046343
  0.29238967948789824  0.30495957353663522  0.31653394984556471  0.32714891955325920
  0.33752396226298453  0.34782332592197768  0.35845765662233214  0.36897575424437301
  0.38123588598593833  0.39414665293370771  0.40658868082602972  0.41838777152870715
  0.42921299159752591  0.43996614364667602  0.45112447157787633  0.46202509351514032
  0.47246221693565771  0.48261160013982307  0.49274341686035800  0.50282658337383379
  0.51276170816545152  0.52262589500228052  0.53219953566505396  0.54163807731040259
  0.55118187166350219  0.56091455798177381  0.57109258598620416  0.58110542320663128
  0.58961011748829217  0.59795436488630793  0.60647256434908059  0.61556961948702338
  0.62489771277728379  0.63376987018109110  0.64248195041285616  0.65214718444783759
  0.66254207359222528  0.67272877796703912  0.68246682003821668  0.69276675913477148
  0.70386268447407574  0.71503096108897291  0.72652750217161122  0.73819137807193547
  0.74960637606052627  0.76046709976234894  0.77110947243655692  0.78190253831836498
  0.79299969422838168  0.80422391240912727  0.81526924791239297  0.82606150782918020
  0.83625443545077904  0.84547841272301916  0.85436471912865231  0.86379059464487529
  0.87401727033392407  0.88420718090489681  0.89404936900773779  0.90426924890343807
  0.91492675383892030  0.92566897200797560  0.93668510194048260  0.94869328688901389
  0.96156763036716730  0.97407984476378462  0.98701578375109555  1.00000000000000000
 -0.00254758253132196  0.00935992754954586  0.01936979354495008  0.02984290420306849
  0.04088903897003238  0.05218390671298476  0.06357809734522883  0.07464745624800966
  0.08534841922415146  0.09608795943398959  0.10672734843530830  0.11662555296606131
  0.12673164987048424  0.13656773757865553  0.14628976694445359  0.15582432060116239
  0.16561284267986343  0.17636112771474249  0.18720801041957283  0.19864370017925931
  0.21051784976627369  0.22195646909387476  0.23374095471929870  0.24561308172666479
  0.25695629317844609  0.26916153151916239  0.28233990864814767  0.29635875002757855
  0.30877401334664989  0.32033818840295963  0.33170710631920974  0.34400699141277374
  0.35651456907883511  0.36881303110018682  0.38004631950782614  0.39042294563458907
  0.40029636671868379  0.40981568738734120  0.41912339697657702  0.42857788977973948
  0.43817678114036585  0.44811198606503450  0.45757928360105282  0.46791586643323174
  0.47850976810492152  0.48979138757088608  0.50054592561696143  0.51149261066045115
  0.52265246467248216  0.53387733490451383  0.54533366755905632  0.55693758680332650
  0.56753405991135730  0.57671989267089863  0.58540470856723692  0.59392263342715712
  0.60298029773300044  0.61253483359185235  0.62203166240076757  0.63210559783259146
  0.64209673756710905  0.65201834394459612  0.66185799635227049  0.67124678007273553
  0.68045796929836444  0.68996577742435561  0.69968260110240577  0.70912419258824200
  0.71820392068863059  0.72720609730346197  0.73669504745085868  0.74658904373819723
  0.75695440983607076  0.76717079019074563  0.77780582578553326  0.78906377329692046
  0.80028607737185686  0.81173505342722085  0.82356101731939113  0.83462226821395336
  0.84547351643435464  0.85647822651211936  0.86769824896818826  0.87827567369068749
  0.88831510983878725  0.89816671404154180  0.90796396189232131  0.91826151640477638
  0.92885431032162169  0.93914635860211915  0.94808332563286157  0.95709615839196793
  0.96707199224102802  0.97838031923645119  0.98925141996995436  1.00000000000000000
   4.1338392329220312E-016  -1.0000000000000000     
 F F F F F F F F F F F F F F F F F F F F F F F F F F F F F F F F F F F F F F F F F F F F F F F F F F F F F F F F F F F F F F F F F F F F F F F F F F F F F F F F F F F F F F F F F F F F F F F F F F F F F F F F F F F F F F F F F F F F F F F F F F F F F F F F
  <DiscreteSampler_grid>
  grouped_processes
  1 # 1 for a reference and 2 for a running grid.
  10 # Attribute 'min_bin_probing_points' of the grid.
  1 # Attribute 'grid_mode' of the grid. 1=='default',2=='initialization'
  0.0000000000000000 # Attribute 'small_contrib_threshold' of the grid.
  0.5000000000000000 # Attribute 'damping_power' of the grid.
 # binID   n_entries weight   weight_sqr   abs_weight
    25   10   1.442105111538503E-012   3.540107784743859E-024   1.442105111538503E-012
    28   10   1.362872207432936E-012   4.330502163707765E-024   1.362872207432936E-012
  </DiscreteSampler_grid>
