 -0.00000001570602139  0.00001277848256859  0.00011625240566733  0.00031900160788636
  0.00063304589316638  0.00103327907716311  0.00158476267709654  0.00231222348123147
  0.00315115982703654  0.00404459744624667  0.00498534433427929  0.00612415684993715
  0.00746118477293593  0.00953703900782790  0.01190150892766016  0.01296618514640578
  0.01368171527017262  0.01428094133764111  0.01479006904186065  0.01533136574320793
  0.01588911721650031  0.01646269567531178  0.01699259931105543  0.01748818637228586
  0.01799161592688433  0.01851403999107533  0.01915823117550117  0.01979272628060843
  0.02041249701805331  0.02109503830393769  0.02180498256050948  0.02249704511346000
  0.02318449239185648  0.02390935954730311  0.02474656552465513  0.02571362277767311
  0.02677668485438906  0.02781256506047367  0.02882595770638683  0.02981848824685522
  0.03078665237350738  0.03174281446348150  0.03270774984032540  0.03368505387731208
  0.03464531861838058  0.03561987883366683  0.03657568026807342  0.03755775967784301
  0.03856980066945170  0.03960421597119427  0.04060792969150968  0.04168999154180914
  0.04289275094324314  0.04412946347912260  0.04536904131326988  0.04666585535781768
  0.04800053843591491  0.04943244608505955  0.05083864941278660  0.05220234525113937
  0.05352257363343607  0.05481186089879228  0.05610012315417885  0.05742661412601945
  0.05884411668996030  0.06020291251284512  0.06154339527765333  0.06288186293928864
  0.06425673559823157  0.06577284142787045  0.06738165450235033  0.06908927864398541
  0.07118111462921234  0.07340258848465010  0.07573428593158268  0.07820065632459063
  0.08087023910268577  0.08363443486256356  0.08649641885194813  0.08943118377711025
  0.09255807616331441  0.09573057393539219  0.09890747733063264  0.10213004166933526
  0.10537514167090870  0.10858054897396772  0.11215558152091624  0.11614823920672093
  0.12182699668398930  0.12960739964033532  0.13851955166196245  0.14889632293698457
  0.16482388371940002  0.19834812789599021  0.31503708228909233  1.00000000000000000
  0.00979556354027750  0.01549549602149116  0.02547774866985645  0.03738889303994547
  0.04939765688466133  0.06162097947065369  0.07634990779936332  0.09109234913830513
  0.10205813722239074  0.11267816581684907  0.12403513043485728  0.13634485228235602
  0.14912092957706255  0.16137630734686781  0.17223448412438658  0.18206431309412605
  0.19126177595533567  0.19996816630590181  0.20870493492743483  0.21762404661232598
  0.22651072631476962  0.23605681381186919  0.24590292678690029  0.25521024877750176
  0.26398817033446331  0.27428952055184147  0.28474200189720122  0.29460117029833910
  0.30436587797890924  0.31605043625848511  0.32874671044424814  0.34066157912260936
  0.35168071566442610  0.36267029714767091  0.37383958490513414  0.38389402862033734
  0.39305169584798483  0.40217734101082564  0.41145111352589792  0.42246300771933071
  0.43300596059553698  0.44148151332566843  0.44825949181218089  0.45459140336276727
  0.46163099730945145  0.47002120191943453  0.47816658454072847  0.48521569245589868
  0.49233620618630619  0.49918624083622720  0.50724521084492480  0.51571803595404209
  0.52489112634103219  0.53690385038397204  0.54919652043222711  0.56121577101574427
  0.57269286154404353  0.58328864755753884  0.59311721943307683  0.60343049777957825
  0.61556405131357939  0.62803697872774278  0.64059070834988507  0.65549347861463692
  0.67214006337691479  0.68876713103212517  0.70510417500843114  0.71541805317330176
  0.72501617970354959  0.73428047015052322  0.74319669285289824  0.75236372561925902
  0.76247887030350947  0.77174076757106147  0.78085749733674803  0.79027312528114568
  0.79989879908744643  0.80851190687915109  0.81647258860605421  0.82461665156536179
  0.83327348017021452  0.84258180920135195  0.85279505174269665  0.86414393087701169
  0.87523643451423372  0.88467886331465961  0.89398799050993594  0.90460009810825370
  0.91596377995000955  0.92570767452614489  0.93416404355284688  0.94305901363684341
  0.95186105886368144  0.96163748019681161  0.97327185269714855  1.00000000000000000
 -0.00001934615629386  0.00024242255741481  0.00070524883769829  0.00133419979093590
  0.00232461455772256  0.00360029625926159  0.00532612438817006  0.00716736017253335
  0.00930930125141858  0.01193655171391977  0.01390878493502371  0.01606096409435387
  0.01855711897828608  0.02159125047892423  0.02454770859494409  0.02735679660779532
  0.03021265690609295  0.03354261871140251  0.03717741119851643  0.04107812631999458
  0.04491122274027111  0.04848254935678214  0.05205108079370728  0.05598717283471438
  0.06008797017820727  0.06442022592799473  0.06880026104412522  0.07338535778334138
  0.07780518925662540  0.08165879720162675  0.08544031830785850  0.08941947108155118
  0.09378936011813324  0.09842905548783788  0.10349614809120963  0.10861432006898322
  0.11364246308470703  0.11869101149723521  0.12354721970780255  0.12861131179696142
  0.13387288851857829  0.13893134182570133  0.14423186556792483  0.14958313632399547
  0.15505549634983490  0.16065244902243353  0.16704905075164622  0.17401630784703118
  0.18126043324673888  0.18895459109484594  0.19683535515337008  0.20427071521353099
  0.21115428179765328  0.21764374964984812  0.22481862670985489  0.23251007120193107
  0.24070912553421364  0.24890930550983789  0.25583096367330405  0.26272297727836852
  0.26932530800814353  0.27619777008705704  0.28361126119460295  0.29124032030382063
  0.29912531561398897  0.30755778761317293  0.31638501597442603  0.32501224542696427
  0.33328407104790458  0.34173937732725079  0.35423171243816964  0.36780629134199183
  0.38126469975747929  0.39457632047990099  0.40790053384764147  0.42105625688946474
  0.43407974360271712  0.44699389286329438  0.45903662753556629  0.47140686787188257
  0.48367023899416572  0.49562336166199622  0.50727437990915558  0.51944672862582153
  0.53270203895059964  0.54650593997160879  0.56052153501310409  0.57300634610609713
  0.58662934126741206  0.60924911512026825  0.63235708261408807  0.65588462539662562
  0.67368970411961993  0.68938681316070138  0.70261928422212083  1.00000000000000000
 -0.00246938167424541  0.01034494155116810  0.02148992394531856  0.03281434899396576
  0.04559489619792351  0.06065695790624599  0.07597571823633623  0.08931321632433380
  0.10030948577101999  0.10981879693120650  0.11874363167554838  0.12707969856076110
  0.13476062759587151  0.14292536352556809  0.15357008440360670  0.16657264627787011
  0.17952658460462950  0.19252922655554247  0.20437202583849814  0.21499905830565191
  0.22594474209833643  0.23631488406349094  0.24563536176088085  0.25495563600523996
  0.26464025360794918  0.27400499080347085  0.28161332623748320  0.29025434783071546
  0.30060745949288847  0.31464205997399414  0.32536384869918361  0.33706939905588795
  0.34921513400070681  0.36107247220715533  0.37069780330638225  0.38055618788200468
  0.39129813516181317  0.40129444675040810  0.41274197509273292  0.42528733830788340
  0.43864137455614427  0.45146617047232868  0.46393372093872109  0.47594155381187292
  0.48748498301106119  0.49799067983868128  0.50750554560620742  0.51677937570743082
  0.52636244426319123  0.53670434096348674  0.54835194730068504  0.56065719765768063
  0.57352912976627912  0.58564022935027615  0.59698713946792370  0.60793282647068358
  0.61881666052244622  0.63043516144824707  0.64255081137961401  0.65248491185043100
  0.65998229249260698  0.66655580825044858  0.67267580561274154  0.67942567393420616
  0.68633531228136657  0.69367054323959498  0.70117692475674975  0.70904050042258082
  0.71782177388129920  0.72718365154333298  0.73733171444651868  0.74741498946635476
  0.75911131387685193  0.77093024983221803  0.78205478424411590  0.79205306325153624
  0.80039011377247182  0.80830443897958437  0.81615883032910708  0.82409438701303450
  0.83233270469316800  0.84066787266286591  0.84848434517176541  0.85737403749886809
  0.87071922229455145  0.88444266797760307  0.89633258762488988  0.90857165639706872
  0.92092979078760229  0.93344740543022875  0.94625633252222152  0.95894775357217243
  0.97030279916186202  0.98166604764619880  0.99096684722742678  1.00000000000000000
 -0.00189138190002569  0.00911179016195056  0.01965073128627750  0.03163437851168852
  0.04250625960103431  0.05223347131551912  0.06117005912156719  0.06975128702660974
  0.07812897190794792  0.08674118594756437  0.09594260688622919  0.10506511563005470
  0.11595672734889474  0.13116186568554430  0.14496832142528418  0.15664352556853231
  0.16613680642547857  0.17482558341854043  0.18366835299274414  0.19209118385008409
  0.20133864402260554  0.21118300129033871  0.22093423223984016  0.22998236809774827
  0.23862869504412321  0.24625104232391384  0.25423255534720718  0.26248136464059796
  0.27194463556042064  0.28550143031236386  0.29826574172769243  0.31107971372043114
  0.32398950775757640  0.33700172443714449  0.34969899504383845  0.35982342382546789
  0.36824584318380527  0.37621038135867874  0.38443354044001898  0.39177157078801383
  0.39981625928583880  0.40839008083608053  0.41722195466412237  0.42507020076931906
  0.43318985307528446  0.44310743851090234  0.45502405725280864  0.46631058639059592
  0.47715016155339346  0.48858848894110113  0.50028130682462812  0.51137248946731939
  0.52230690012124925  0.53423816117637535  0.54616068341774471  0.55785241456361379
  0.56853867050099915  0.57830207486895036  0.58916689988455095  0.60104013510938714
  0.61287371262296886  0.62432443766122114  0.63309530858187546  0.64160996657511604
  0.65053558044265469  0.65975367558792197  0.66841091574032863  0.67641406841558249
  0.68486159643081934  0.69447773482064379  0.70557479700472003  0.71569818282943398
  0.72536511938997594  0.73421315015946631  0.74259473302204881  0.75178354792367164
  0.76241958421092282  0.77435892993929378  0.78532292165995132  0.79902324136996328
  0.81482152204720171  0.82818959752098908  0.84120412619075435  0.85415896632525612
  0.86603239640111540  0.87749395358744475  0.88943678340687526  0.90164427033340466
  0.91368717894601648  0.92593767560171614  0.93898371505406497  0.95299244439082587
  0.96669791490953982  0.97790306096860158  0.98905658076851444  1.00000000000000000
 -0.00137422776777639  0.00791043519410670  0.01704183556451933  0.02645442301681585
  0.03568376354498977  0.04465587893682144  0.05446983345919666  0.06651772653663357
  0.08016057958303753  0.09396657526178213  0.10828916759672115  0.12481627719037143
  0.14116353611133209  0.15203243302408345  0.16217905688928980  0.17242213463843906
  0.18330680106258632  0.19382594523289215  0.20509245683604849  0.21772358180776669
  0.23074250811165492  0.24172368821404994  0.25359539830828182  0.26687114712074350
  0.27960018862040015  0.29090844941832539  0.30130975202091675  0.31145623097922248
  0.32181779392233761  0.33454847198684279  0.34904046705615505  0.36289572334530029
  0.37506270396917069  0.38579952064734807  0.39655591608446356  0.40706742249100253
  0.41672554775124648  0.42673375215119158  0.43800815610424043  0.45333343244275282
  0.47053798193403601  0.48684874005297757  0.50080438095455282  0.51182970516927651
  0.52080579911168734  0.52974703220749386  0.53910248984573095  0.54736171199048966
  0.55632611755998240  0.56522086290104279  0.57445164914282165  0.58338778564125804
  0.59224951636572265  0.60135620237296261  0.61189461420528468  0.62409745940697758
  0.63550873024084897  0.64644549687834352  0.65664356349461983  0.66620647272163047
  0.67476014565683229  0.68322546591385669  0.69249665161631202  0.70259158965149182
  0.71187345765027854  0.72034453308088886  0.72914530997256966  0.73825803702465409
  0.74705919088839223  0.75515225977275491  0.76290438588047182  0.77190847823783981
  0.78115969486845194  0.79003844612622776  0.79911446806210107  0.80796398077782483
  0.81676786301425486  0.82485277721704942  0.83334478797820666  0.84211990809472859
  0.85083244559258753  0.85919355384037088  0.86747344757068257  0.87715911822213166
  0.88816597360263594  0.89888034410755902  0.90954684117478568  0.91938886285131549
  0.92802410060068086  0.93670833260332020  0.94692776691042391  0.95919069613204633
  0.96881443612466378  0.97719539635427044  0.98769438190699854  1.00000000000000000
 -0.00193078221301811  0.00826789014667448  0.01842159303290415  0.02840495899452233
  0.04090455208481384  0.05621815401030753  0.07169217218030297  0.08558645302409924
  0.09869139949124654  0.11093808391169210  0.12279032084676303  0.13506961618736696
  0.14706844897064864  0.15743653870854002  0.16695862988157575  0.17658245981035153
  0.18658515264929823  0.19642832078346156  0.20559572848143384  0.21420402890559617
  0.22307999977235307  0.23222981593762806  0.24292135053028552  0.25243089050487533
  0.26059270442885751  0.26902557374126734  0.27772196801093418  0.28617240182753029
  0.29459675577183569  0.30274106604239676  0.31110819142799828  0.32004017835099535
  0.32876225413756682  0.33753400156804614  0.34691250015319769  0.35652204984810265
  0.36574871670246961  0.37574809429728129  0.38860719449655390  0.40004388580809430
  0.40942794781168923  0.41827441685746858  0.42670205575943093  0.43421422491287198
  0.44281226320645067  0.45253467436915118  0.46449897528527762  0.47442190851079252
  0.48407284518069621  0.49357564534548326  0.50341469458768118  0.51370294760487667
  0.52469320063598002  0.53534126165982776  0.54757608879150721  0.55929288478424610
  0.57030750569115474  0.58096088832303716  0.59234519437965238  0.60214901393129394
  0.61120380754220638  0.61926129611553471  0.62732241851727988  0.63578081270161668
  0.64463659496757220  0.65408387447933070  0.66402089383455765  0.67601905300298359
  0.68875049584698322  0.70112885507405387  0.71380697024116735  0.72741199581423155
  0.74354229688113027  0.75587976502902243  0.76648649687090242  0.77626771907344183
  0.78605642673523435  0.79507555586676260  0.80394957765552355  0.81164389567656359
  0.82222349431507380  0.83334557512427720  0.84438704581132884  0.85431115048774420
  0.86283192936432540  0.87130101708475982  0.88016319819631694  0.88991019823681161
  0.90183268866570065  0.91450260104695125  0.92676377865158133  0.93851043277632129
  0.95051607309620256  0.96359199685998886  0.97890527153760454  1.00000000000000000
 -0.00387713611697700  0.01654061159374526  0.02847780517030087  0.03748742027096037
  0.04656025483292145  0.05546543785687910  0.06567025329345004  0.07630424379891280
  0.08664885344727333  0.09674106666497631  0.10708112028363553  0.11729212289223367
  0.12831871269533371  0.14024545614227521  0.15176544173163581  0.16306933320056055
  0.17581019071384477  0.19024568479763782  0.20489483111982287  0.21674257338064573
  0.22720789386574269  0.23698842653441177  0.24701364358310135  0.25704208689964131
  0.26866543057568432  0.28325376951526388  0.29582457992957956  0.30550248839119809
  0.31554390448505959  0.32655830582619827  0.33690022690326399  0.34598600671558122
  0.35465850633572954  0.36602945296606870  0.37889374723462693  0.39366936429183508
  0.41029952590197771  0.42579592193507698  0.43942694571304303  0.45345360591451078
  0.46308729008151495  0.47244323940784644  0.48150560852820506  0.49175305186859203
  0.50227535341943452  0.51289675839676419  0.52535168843913105  0.54025573703168051
  0.55463461481059728  0.56721620134847905  0.57857910779304755  0.58885850472482615
  0.59851128964217393  0.60784422230775281  0.61671952375956673  0.62724903658977160
  0.63885937817774985  0.65147160881907384  0.66239516880495786  0.67202151785201236
  0.68029477630761392  0.68929225786174497  0.69795730669689948  0.70739191194402573
  0.71688707469108959  0.72717431215251205  0.73866762781137407  0.74882210863418708
  0.75953492748207896  0.77000759906305827  0.78095149305454381  0.79185075704283447
  0.80210452048775005  0.81099552994391755  0.81924117909124117  0.82712654257103968
  0.83469305317970943  0.84282302899762485  0.85156678922035178  0.85878780136779542
  0.86614629115253694  0.87353521056122208  0.88120345327450100  0.88914347823225592
  0.89648851581420941  0.90358480791839924  0.91141750928754228  0.92014743831679247
  0.92851750096199259  0.93653774052299399  0.94435318104273736  0.95202295414407034
  0.95938087320530629  0.97294269289124735  0.98671962344172381  1.00000000000000000
   2.8600248771465745E-014  -1.0000000000000000     
 F F F F F F F F F F F F F F F F F F F F F F F F F F F F F F F F F F F F F F F F F F F F F F F F F F F F F F F F F F F F F F F F F F F F F F F F F F F F F F F F F F F F F F F F F F F F F F F F F F F F F F F F F F F F F F F F F F F F F F F F F F F F F F F F
  <DiscreteSampler_grid>
  grouped_processes
  1 # 1 for a reference and 2 for a running grid.
  10 # Attribute 'min_bin_probing_points' of the grid.
  1 # Attribute 'grid_mode' of the grid. 1=='default',2=='initialization'
  0.0000000000000000 # Attribute 'small_contrib_threshold' of the grid.
  0.5000000000000000 # Attribute 'damping_power' of the grid.
 # binID   n_entries weight   weight_sqr   abs_weight
    19   10   1.110637154795875E-010   5.949334586021998E-020   1.110637154795875E-010
    22   10   2.363093928455179E-011   1.822488342118505E-021   2.363093928455179E-011
  </DiscreteSampler_grid>
