 -0.00002527148640617  0.00047755184591774  0.00117013248824665  0.00170751302071381
  0.00223091559501980  0.00292345727935062  0.00373366498903460  0.00451087715141471
  0.00531788885082298  0.00604087877349519  0.00666766918596847  0.00731368882399779
  0.00801823337503990  0.00880175829706493  0.00988389368269842  0.01109919868124112
  0.01325354800635918  0.01715973927875896  0.02163914933017414  0.02445902234201512
  0.02681332758401174  0.02913540863021482  0.03103611076506157  0.03263129653101703
  0.03421967399479765  0.03569261895058190  0.03702184506966073  0.03845821049389324
  0.03973328687655710  0.04079499887799559  0.04204717526873425  0.04347353755783299
  0.04484683246299197  0.04646927674439974  0.04809649004317082  0.04989710107522436
  0.05211710562888722  0.05410695632864120  0.05601213087836839  0.05742137473668608
  0.05805926046947350  0.05875569454715707  0.05963288707756420  0.06039402180661199
  0.06110831188128927  0.06197630515794673  0.06280770771000968  0.06347354192021036
  0.06456505427267945  0.06593779802320469  0.06743655737541662  0.06943115342309546
  0.07207198750962220  0.07537552634967472  0.07864251819840014  0.08122868160385770
  0.08287070316921444  0.08400650149830008  0.08504040587366558  0.08572057488417510
  0.08668765144024980  0.08811459852499456  0.09050821923876802  0.09315493877583669
  0.09573911912098149  0.09883989598743727  0.10251897873074764  0.10597113075177772
  0.10856492620965066  0.11090011755639671  0.11361805476596458  0.11630690302845666
  0.11850374990358331  0.12158994638904323  0.12549979170239947  0.12903070828132016
  0.13260233660990411  0.13527244175002853  0.13893463483526153  0.14231425643743403
  0.14581628896958834  0.14887744254928428  0.15261355700978263  0.15701255080559373
  0.16128865335847059  0.16772621290465167  0.17339108569546349  0.17958814002660767
  0.18598848251938069  0.19298730463566863  0.20402546019475604  0.22714776552176319
  0.25845425930519894  0.30844234120796815  0.40595528342518988  1.00000000000000000
  0.00929500475599343  0.01592309004168492  0.02405156356306666  0.03457720554253823
  0.04595219498530109  0.05792277142193763  0.06990969833503997  0.07542675713433251
  0.08164258900206862  0.08919951939092981  0.09884637751635722  0.10948842818770307
  0.12005973934280158  0.12611846186915615  0.12869495412688176  0.13221512157122642
  0.13574847828882847  0.13848178685496162  0.14092827323970092  0.14348710548426624
  0.14820692645725919  0.15142415346054902  0.15524961143555960  0.16144584514575652
  0.17052237512520788  0.18570712197536429  0.20011440257841781  0.21263485531712042
  0.22217583984611428  0.23107423559836546  0.23930300632547266  0.24905747025140393
  0.26116594888176131  0.27806302049916376  0.29728636092254423  0.31565540567217593
  0.33292122377563865  0.34371767973886480  0.35432666375191479  0.36480040194641727
  0.37726294979743669  0.39308710174001943  0.41045725060799604  0.42657895979964106
  0.43815899516602075  0.44709009229145880  0.45354156189450590  0.46070734262278162
  0.46624965933440571  0.47282285506230692  0.48331479685979462  0.49652067240284553
  0.50968981538841485  0.52003852121842398  0.52726754779336260  0.53433064289228127
  0.54487429844463264  0.55425197200022880  0.56155676666666643  0.56922695579420912
  0.57857304018552080  0.58703299443096313  0.59312569432733475  0.59945583089906540
  0.60706065498522166  0.61396753149621452  0.62030207762774991  0.62650151934545883
  0.63582083190092364  0.64742192561773082  0.65766308059598588  0.67231768779213885
  0.69111392241442815  0.70775327384757603  0.72256639667792677  0.73633934915856170
  0.74783541930016795  0.75656602102461845  0.76341292064421973  0.76931982800765086
  0.77597614777836355  0.78341683217485947  0.79083417921560106  0.79865416666974687
  0.80677941958373856  0.81457031046481609  0.83222858163762492  0.84596499422543969
  0.85941649514793772  0.87179435171037933  0.88401467292254854  0.89785900643147321
  0.91317680854508920  0.93294115448978876  0.95519495038773239  1.00000000000000000
 -0.00266836662513313  0.00889639985720790  0.02073557578711075  0.03327832447628069
  0.04523981704706109  0.05468676673711974  0.06378116247331926  0.07186954080301265
  0.07870084843746182  0.08331313639564591  0.08922015124706224  0.09822521167811392
  0.10674166688515833  0.11173097119691658  0.11526708920363223  0.11812950428327530
  0.12115490891129167  0.12507694413161191  0.13437007703448617  0.14388846139097344
  0.15166586603950288  0.15864881614198331  0.16477261643736724  0.17464353974616584
  0.18839443920537927  0.20235841504766144  0.21634787812083101  0.23160919958394657
  0.24455555116895536  0.25583844726051508  0.26650899759516922  0.27697755557219644
  0.28992018093275063  0.30145206870314917  0.31153190255326041  0.32310819062686469
  0.33540623001722425  0.34695840085196628  0.35996341111174007  0.37288931044541374
  0.38077205380121576  0.38677128427915342  0.39379096105323852  0.40198664905762072
  0.40563807844452221  0.40766169833934257  0.41115302757209737  0.41551511459449025
  0.42131341944894635  0.42928263603557976  0.43714879708417032  0.44329968082037030
  0.45371502724900531  0.47127078235293146  0.48701245570746449  0.49967546670585627
  0.50984453909675687  0.51835836140504143  0.52811977730708282  0.53844717658937380
  0.54584224849005647  0.55367737821203356  0.56108117501538435  0.57158257030736515
  0.58511934101096053  0.59283446643320126  0.60131784513504294  0.61220939910142946
  0.62322627954607601  0.63689037964685347  0.65102783269021580  0.66474107263346160
  0.67819818481373484  0.68855031258288724  0.69858327703347423  0.70761756013474619
  0.72075507812010964  0.73917574682238729  0.75945278290876039  0.77723129857710127
  0.79164655122645966  0.80329524287610410  0.81213332410013672  0.82142272605515465
  0.83676886888005608  0.85477687817760895  0.88169609060534282  0.91424494188043626
  0.93377213847678830  0.94102408694099016  0.94671698395602666  0.95180391455413371
  0.96081709019017547  0.97589718331337549  0.98957124089804571  1.00000000000000000
 -0.00351567132375917  0.01312330816683596  0.02998521884315509  0.04842348175396936
  0.06600858807099574  0.08324062847199219  0.09870226577620687  0.11060694290311369
  0.12161912872177999  0.13477993485031348  0.14766219790051580  0.16007295796010027
  0.17225230958048360  0.18519940253367859  0.20120726027756511  0.21689582236670191
  0.22835691537063837  0.23750556228983774  0.24402141523509510  0.25065563964549337
  0.25641451729812292  0.26155784082663469  0.26899722177093383  0.27876419908100830
  0.28896108804633791  0.30007723748745108  0.31114101863110466  0.32022378386412276
  0.32884078542189998  0.33716249147312072  0.34518438872665103  0.35274584897152161
  0.36069721139046507  0.36864385121348298  0.37249586924846756  0.37562789257007784
  0.38013779744255916  0.38708778296595570  0.39428937874196573  0.40048905573057897
  0.40719534054359208  0.41356398825744783  0.41959570079337022  0.42854418818810341
  0.43806135018242831  0.44723442586927059  0.45528518989691391  0.46282850870013076
  0.46987463541343694  0.48343121798769223  0.49302358273531338  0.50373811323559403
  0.51659578311448762  0.52680504352532509  0.53729535997408717  0.54905646178799772
  0.56333202347200417  0.57482152839022449  0.58521271370919903  0.59401728255200492
  0.60489457521151890  0.61673881533611552  0.62905883705219801  0.64158863750858630
  0.65482905167171002  0.66881614929642985  0.68279271300735178  0.69642634781945179
  0.70899226528896975  0.72052187407307355  0.73223469479171555  0.74649755467818191
  0.76241554970339986  0.77614803611734073  0.78728921735025059  0.80130872107393569
  0.81734963613468015  0.83552018568786157  0.85199661806183125  0.86564979006529219
  0.87290350235923209  0.88047806721572719  0.88836873286896267  0.89539377777937423
  0.90147553927919166  0.90997003074582672  0.92136750994989980  0.93244524700843445
  0.94057898534925255  0.94796564617208323  0.95556254920063333  0.96367243540685521
  0.97215346674387026  0.98174809137688412  0.99151724784666340  1.00000000000000000
 -0.00627649574759218  0.01514694617693194  0.03426467902894019  0.05197810063062897
  0.06601347910183661  0.08030318667806476  0.09360280268484886  0.10870398780133413
  0.11833565068390761  0.13282477235470885  0.16057964216130133  0.17648770666340155
  0.18767413822038831  0.19658014068134289  0.20611163337008984  0.21451641356618575
  0.22065389765409293  0.22862325998733421  0.23942296362139928  0.24948762822618215
  0.25882802851650727  0.26958161598913943  0.28177721890104834  0.29655882052427568
  0.30919615411996926  0.31778623413838647  0.32595239830960021  0.33383618618321675
  0.34162413106874362  0.35037143857030983  0.36550772554492145  0.38424983125501910
  0.40340267789253870  0.42988248898418940  0.44631626552894593  0.46049362659379484
  0.47300622838595258  0.48426878603444234  0.49882724513220245  0.50871016814071612
  0.51403025986421180  0.51817325187613417  0.52324458461612511  0.53281152444820312
  0.54683472700372682  0.55885928470896917  0.56877819181984179  0.57760141995004655
  0.58706541449354399  0.59639304914892288  0.60994326974180035  0.62709253316802849
  0.63916075740987410  0.64910787912830759  0.65921508442766785  0.66679793231851225
  0.67151742187678365  0.67588026944894897  0.68097346232162004  0.68439077901312417
  0.68713374962124651  0.69001979616353470  0.69340053906939114  0.69799553984573759
  0.70259804935834325  0.70781321567144728  0.71770796416178151  0.73299555796974436
  0.74887230794665816  0.76327422265424893  0.77476136766531323  0.78502237565562061
  0.79418203324244241  0.80297403761227215  0.81136162334385908  0.81874224358471415
  0.82671374545290988  0.83571095956536146  0.84512962594373620  0.85382481166532642
  0.86018535960318510  0.86630460053337166  0.87401428486529298  0.88863653647998964
  0.90249920188083577  0.91418194945226539  0.92252804386398723  0.92980331315821640
  0.93549155137906903  0.94149001077564232  0.94911417320775582  0.95916245225606533
  0.97318644542419941  0.98422796352797415  0.99260005983533095  1.00000000000000000
 -0.00147956544737049  0.00499277833852279  0.01173655177419032  0.02205670837404667
  0.03631960393087307  0.04856051674387755  0.05920745033719407  0.06629327984107096
  0.07226132675392663  0.07877468384647994  0.08668647602917909  0.09780277945917987
  0.10934849710328652  0.11853160944735645  0.12932072355524557  0.14263002795687910
  0.15768468939157781  0.16937089352491641  0.17938457959630752  0.18868192430607961
  0.19907489827744568  0.21353922204818987  0.22571036728975469  0.23716278943031430
  0.25000911243243545  0.26523072012985921  0.28097473472283041  0.29550338594565073
  0.30934949053044447  0.32555058710343704  0.34016173834541985  0.35126732535747435
  0.36105542739593621  0.37023780723063310  0.37912774144426475  0.38674920613450237
  0.39639505725430157  0.40120454884884676  0.40529371392511782  0.40939104416143651
  0.41456362013136699  0.42173348555751405  0.42932324424456608  0.43726763106032568
  0.44863544676406608  0.46387734208191683  0.47196343415402175  0.47657282518602828
  0.48009974110886672  0.48329473686679753  0.48699356603523208  0.49270902524503257
  0.49885808144112431  0.50657123664023052  0.51494787667132591  0.52106254594300039
  0.52576376004429748  0.53085796124966544  0.53900911172390675  0.54719536728234286
  0.55645531971125561  0.56518963281942436  0.57433598169556388  0.58333981368633581
  0.59461910667802564  0.60350279203582013  0.61215856775669297  0.62424219183730700
  0.63642438392074618  0.64511587146765459  0.65423694589783665  0.66579158506388114
  0.67860069406114654  0.69251172026661034  0.70580854997084552  0.71859283636769544
  0.73126548230315336  0.74338103505113950  0.75586002169007604  0.76815943219922644
  0.78063368233092600  0.79432189332116965  0.80748027703517300  0.82009815837435540
  0.82936866333215187  0.83712690234251852  0.84516422835178817  0.85332510300287812
  0.86160441877509930  0.87602834099723781  0.89730542214082520  0.92772691474204694
  0.95750463623826487  0.97535386710423011  0.98666721445649219  1.00000000000000000
 -0.00052192990462738  0.00229605285215572  0.00414144469408042  0.00640076857654759
  0.00877417034180960  0.01143843858184833  0.01391141189577167  0.01652719338159968
  0.01867030275096272  0.02072141693978227  0.02396780669012033  0.02752374751877368
  0.03125702203072066  0.03640567105293697  0.04127290392409183  0.04674287105442827
  0.05355006240934113  0.06127607623344522  0.06869431886611299  0.07522808885138586
  0.08179080789640845  0.08828937047423613  0.09429567270284347  0.09944180049404754
  0.10429016622548165  0.10973594972351074  0.11529511232323623  0.12015631485225813
  0.12873879509993144  0.13967203886871010  0.15040633619341312  0.16121235698248884
  0.17200946158012403  0.18227306849804176  0.19478201922736271  0.21046433936675196
  0.22776944217467854  0.23919606008411898  0.24572645661581519  0.25185058909998376
  0.25868949010076853  0.27011587575980844  0.28076816315622699  0.29434920948655674
  0.31441378912279033  0.33930030470118633  0.36796398660919433  0.40307683512044051
  0.45435752591568801  0.50845103378238321  0.56073801444877247  0.58888723843717217
  0.61408701112443209  0.63290000735834984  0.64458927403739263  0.65541520267930820
  0.66842390449432110  0.68191180118143435  0.70419977622698460  0.72877466137257152
  0.74705642357427215  0.75699661421115327  0.76430176216482515  0.77160805898373130
  0.77959881109247731  0.78737743608906507  0.79509289115087467  0.80641288057780214
  0.81315306077099903  0.81947633434896394  0.82483807907715889  0.83068616584353039
  0.83678800627625782  0.84492960140732554  0.85092922609407740  0.85559308424403735
  0.86141088285387923  0.86864042040435430  0.87669554595255850  0.88316035654694469
  0.88842754784532652  0.89412863459045921  0.90061488198048267  0.90855129029836934
  0.91619358873230083  0.92357680707731593  0.93201781676250484  0.94073173192628168
  0.94860510319800972  0.95613737200658877  0.96399752513623738  0.97245567902940244
  0.97986717881831165  0.98576193958466718  0.99193860059561245  1.00000000000000000
 -0.00516453707960952  0.00878247269498082  0.02170520363828769  0.02731693412800637
  0.03330598233010876  0.04012799120044799  0.04788665054774248  0.05785846885753667
  0.07106620002283588  0.08317501007220775  0.09378000848798233  0.10486597411550283
  0.11495294649945316  0.12399095224072981  0.13126526464034247  0.14134233364134283
  0.15347662294097525  0.17058676743070858  0.19122759458708524  0.20744272833212285
  0.21694438833661858  0.22642405782415509  0.23471977276121467  0.24119651108114071
  0.25058331868069816  0.25967671803563225  0.26910981392400651  0.27731804399598331
  0.28499841269995824  0.29448733369530000  0.30275567126054015  0.30945521745073673
  0.31560950370144913  0.32134822930460821  0.32640593582102317  0.33275734523232481
  0.34118577741175465  0.35502372432141072  0.36799209937519917  0.38163478167718867
  0.39229381185569379  0.40242255389048609  0.41255378021225819  0.42301683096790021
  0.43266601869340793  0.44228444160718150  0.45631767832129638  0.47103074883884899
  0.48331968513533669  0.49450559255392784  0.50588896315876641  0.51788727683908808
  0.53096368067477329  0.54157193371983547  0.54954039999342374  0.55655080047141747
  0.56398576250095278  0.57389764397840881  0.58385125345860089  0.58857052054612591
  0.59168397079032409  0.59465417184131342  0.59844394472359208  0.60355507682853549
  0.60958135143806580  0.61498235921708377  0.61994998646381871  0.63794467109108910
  0.65860757855373231  0.67215944313933551  0.68294794819775972  0.69573163818097583
  0.70920047834447464  0.73462819259183443  0.75615074702655116  0.76959806020420829
  0.77938301288866574  0.78761358475636789  0.79452419439547850  0.80045504442509485
  0.80845154657709528  0.81798474980148272  0.82928062433951000  0.84170945942346165
  0.85439778460293836  0.86857425916998154  0.88447450260706917  0.90292248797133456
  0.92214380385354588  0.93393553967366383  0.94598869713438472  0.95712948357135474
  0.96591632761444357  0.97347132701439565  0.98266517882310433  1.00000000000000000
   2.2726090444560103E-025  -1.0000000000000000     
 F F F F F F F F F F F F F F F F F F F F F F F F F F F F F F F F F F F F F F F F F F F F F F F F F F F F F F F F F F F F F F F F F F F F F F F F F F F F F F F F F F F F F F F F F F F F F F F F F F F F F F F F F F F F F F F F F F F F F F F F F F F F F F F F
  <DiscreteSampler_grid>
  grouped_processes
  1 # 1 for a reference and 2 for a running grid.
  10 # Attribute 'min_bin_probing_points' of the grid.
  1 # Attribute 'grid_mode' of the grid. 1=='default',2=='initialization'
  0.0000000000000000 # Attribute 'small_contrib_threshold' of the grid.
  0.5000000000000000 # Attribute 'damping_power' of the grid.
 # binID   n_entries weight   weight_sqr   abs_weight
    19   10   1.733779356039789E-019   2.950982139794846E-037   1.733779356039789E-019
    22   10   1.669294601917684E-021   7.570011236197119E-042   1.669294601917684E-021
    25   10   1.615083584062064E-020   8.564461688825196E-040   1.615083584062064E-020
    28   10   6.672105291377487E-021   1.635117564346728E-040   6.672105291377487E-021
  </DiscreteSampler_grid>
