 -0.00000000627289479  0.00000276328268887  0.00001946276075551  0.00005337444293578
  0.00010559301051903  0.00017048665472912  0.00025427142246161  0.00034909894393057
  0.00045637529336069  0.00057043258622355  0.00069623891022743  0.00083701376831143
  0.00097962536967083  0.00113659913144011  0.00129502891271414  0.00147644381784572
  0.00165589496626380  0.00183522861492637  0.00201536397514190  0.00219284285469443
  0.00237906426378529  0.00257905160411218  0.00277952419090671  0.00298908428563375
  0.00321548388062930  0.00344056868315268  0.00366463494014229  0.00389289285045273
  0.00414140116099145  0.00438298687837674  0.00461940371441498  0.00485682343662816
  0.00509860380291119  0.00533952497594576  0.00557745540253174  0.00581510073171945
  0.00605082118283776  0.00628315623440055  0.00652440110075331  0.00677505817359495
  0.00704071422261157  0.00730470797802235  0.00756294137580037  0.00781604547870859
  0.00806444747639433  0.00830208547035379  0.00854871253028704  0.00881927245225773
  0.00910129086756591  0.00938309608234843  0.00966449940394010  0.00993694563086099
  0.01020518247109298  0.01046598995578940  0.01071870120878217  0.01100442578284501
  0.01131407688214853  0.01163681239717272  0.01196990434307216  0.01232912045127346
  0.01273261285757232  0.01319045013659463  0.01377151541745573  0.01473656993850874
  0.01624771532149193  0.01755625640406788  0.01853964031721412  0.01948002288422751
  0.02040707960487466  0.02129322934225461  0.02216778038394887  0.02302396709288698
  0.02386174019986441  0.02471504930040307  0.02562073934119991  0.02654188868634145
  0.02747954468331148  0.02843213699816190  0.02940185557463884  0.03039082810226625
  0.03138719638264745  0.03238415744119352  0.03371723155999828  0.03504066800549663
  0.03640793230913439  0.03785721021323375  0.03941120258890624  0.04105797326912170
  0.04301797415562508  0.04562195426866724  0.04848601900415826  0.05180400896167338
  0.05676460641079303  0.06804530367403606  0.11638072691631111  1.00000000000000000
  0.01010149183288614  0.01375192525284858  0.02137615341871987  0.03047524692298996
  0.04062743846641016  0.05168248028857396  0.06293778608119618  0.07364139016910091
  0.08426026233820934  0.09540346207022406  0.10681835889188573  0.11788906582015007
  0.12859065591159735  0.13905670066780410  0.14942291008735406  0.15982382210939064
  0.17045143667553520  0.18160814475185999  0.19260262314534818  0.20298185723165460
  0.21322529487532185  0.22324837343787018  0.23330649913728677  0.24275429296265105
  0.25178927541042512  0.26065433643628638  0.26948322855026124  0.27841249031887827
  0.28726522625838163  0.29732620641868984  0.30784774574254303  0.31883759730077166
  0.32995394120086929  0.33987239665889285  0.34954710659222366  0.35929049979535810
  0.36929055007273842  0.37897192078307634  0.38902239673717481  0.39916748101655580
  0.41194805401390272  0.42398388122056690  0.43646979100130839  0.44703364532293743
  0.45728550536200718  0.46725847201161119  0.47732491025577861  0.48754442836831219
  0.49769269600844268  0.50808839482117252  0.51821651590852458  0.52832764313199954
  0.53856769032153740  0.54956543434882565  0.56076403415076181  0.57252596103310005
  0.58446111352449537  0.59655463348208893  0.60841594322075310  0.61988411293747159
  0.63161463599150447  0.64329202179146461  0.65444186391235804  0.66518888732810322
  0.67594179489477924  0.68679207699681932  0.69741525673835958  0.70779330981187349
  0.71816352023967067  0.72869731237621405  0.73945699526743702  0.75024418526864034
  0.76101670023917201  0.77194287202150635  0.78304850814855476  0.79427865590778746
  0.80471766770228903  0.81522818238347516  0.82502428603736233  0.83483127582806771
  0.84471231509031453  0.85470062310377115  0.86507585724842062  0.87537989976007013
  0.88620171004396009  0.89693104124315914  0.90735999866482409  0.91770616198027910
  0.92786518753054881  0.93782326732460175  0.94781769201034294  0.95798558182011806
  0.96872194627173058  0.97956729251270958  0.99148125631788708  1.00000000000000000
 -0.00002109751541266  0.00025075726856151  0.00070708941239190  0.00148804512617796
  0.00252624578459290  0.00384517447898417  0.00539756457395165  0.00719135190128651
  0.00930391842842241  0.01156663522226248  0.01405195706891202  0.01687814817361124
  0.01998820844424144  0.02333269673699484  0.02686451590848414  0.03059389305888224
  0.03448406736488635  0.03843113140536304  0.04229150247825630  0.04612114641537912
  0.05014579371199760  0.05452266774281356  0.05963767599587457  0.06493629994716324
  0.07019107084531612  0.07545458999531721  0.08053811137436807  0.08582826843263401
  0.09150596478478934  0.09756420835535957  0.10390780698538810  0.11045505661088915
  0.11699880455901049  0.12336291206250660  0.12966676557279846  0.13601779576558443
  0.14241376709927772  0.14907450765571126  0.15583660541220087  0.16270082571819708
  0.17033474860934689  0.17821845868081906  0.18635485092422785  0.19488548416150653
  0.20379847077392194  0.21291242409684275  0.22210253298864605  0.23132911959348554
  0.24059769790559421  0.24965646581704043  0.25964088308034533  0.26973383247941796
  0.28000926703901891  0.29037750471138074  0.30084965467408625  0.31156594477325750
  0.32261014873242000  0.33399082075458580  0.34557809713180943  0.35726960830913412
  0.36899753461499402  0.38073351764130059  0.39245861766891177  0.40416201693096032
  0.41594426187341699  0.42840184698980721  0.44128203808214556  0.45438496270608042
  0.46724382207454346  0.48031694354819965  0.49399284463346094  0.50812060708753315
  0.52231682216953579  0.53837990719788742  0.55525203796980527  0.57244083778929666
  0.58965164951932758  0.60682236027956049  0.62432870526417950  0.64234300203925387
  0.66010152762878838  0.67768951113756548  0.69522269469885289  0.71265683949675174
  0.72983672261688126  0.74674448123692161  0.76376056345806786  0.78032336260725654
  0.79755172023720577  0.81505575609004710  0.83289848542264711  0.85058697759471102
  0.86757352394668141  0.88371182478238464  0.89505994925952359  1.00000000000000000
 -0.00294879092288003  0.01123309581635965  0.02296349538994773  0.03495592115947926
  0.04641811347528830  0.05695842105425731  0.06812066762348101  0.07966586894458536
  0.09094243236962568  0.10256446369402933  0.11398597234539599  0.12553919416218567
  0.13584253308244959  0.14568716926144912  0.15552190200065771  0.16589420012539771
  0.17661733760607126  0.18738883520461772  0.19821085299728505  0.20898801693037389
  0.21932528498516426  0.22978594039885705  0.24016265360088290  0.25028466904049013
  0.26033382739928468  0.27086424260760644  0.28199371019948116  0.29294209810450916
  0.30357184359927480  0.31376504764083563  0.32350924173477036  0.33315764309385609
  0.34297840265597174  0.35277719018484394  0.36302245580711107  0.37288766848405441
  0.38524283760686712  0.39797183973778016  0.41038628361743373  0.42270474643573785
  0.43492257768454162  0.44652149607534053  0.45769153927493428  0.46835381025305173
  0.47843782648319222  0.48824343886772437  0.49811777810183400  0.50822466911776842
  0.51834250737901666  0.52844272344618826  0.53815242335505098  0.54819689670603455
  0.55827187578666482  0.56895431573968880  0.58003282923609167  0.59093526882273650
  0.60166851894716966  0.61223077865875020  0.62242473308861046  0.63233004654617897
  0.64229862400931526  0.65257835841964018  0.66306027012370283  0.67313743061338449
  0.68292695191839448  0.69278521445704777  0.70302407009677093  0.71344559356860981
  0.72416323213975564  0.73460296599212438  0.74506883736828333  0.75519382791356360
  0.76537836832818928  0.77547308212424837  0.78534331850845496  0.79537141391251087
  0.80532053308702822  0.81490250162692301  0.82422736500945348  0.83385265138075626
  0.84406211276913878  0.85440259400921936  0.86468159083460749  0.87502303406223048
  0.88559206697275739  0.89649381619739532  0.90769323335346641  0.91886525601361824
  0.92936067843133152  0.93987753734733082  0.94942374300528054  0.95910985457552989
  0.96859779415035185  0.97884591955757527  0.98943362437269355  1.00000000000000000
 -0.00239881420746194  0.00867005388317138  0.01858787395194273  0.02888717580615061
  0.03922307388970563  0.04977260208358975  0.06013357643848002  0.07014716999202093
  0.08031552734680292  0.09167146048215154  0.10301711026375401  0.11457959029399882
  0.12562977353683510  0.13522106251003227  0.14492205226732419  0.15485842108629125
  0.16473569239384295  0.17452825401604288  0.18419315362602931  0.19430180166139635
  0.20538682469663747  0.21538074619956635  0.22542625549422793  0.23535907483028187
  0.24531159232664385  0.25532317709061492  0.26519009408242566  0.27513677716352303
  0.28528308506311018  0.29512360594696591  0.30474014749929396  0.31428314447813516
  0.32401554465263621  0.33388280678841703  0.34422429244433161  0.35490418830403336
  0.36569150136717082  0.37643210014493456  0.38662708206853963  0.39638107360896263
  0.40595387209596562  0.41586959260478101  0.42642005185775922  0.43721777635951897
  0.44782296575408731  0.45837890341336329  0.46925474837961184  0.48035929829769880
  0.49147794190276956  0.50255367857961664  0.51347734871499984  0.52434731698311010
  0.53504266670035605  0.54555178371903634  0.55580515770340899  0.56623015702203860
  0.57714392288380989  0.58811381530879137  0.59906119519850842  0.61040906055280952
  0.62213841288002625  0.63364976592644928  0.64465142166482003  0.65511335101089685
  0.66515206540177263  0.67529733331963659  0.68557518221743963  0.69583565086608612
  0.70604647295080802  0.71643746528596830  0.72700232947721144  0.73755464887155331
  0.74815651994645449  0.75931160145497167  0.76991253599023002  0.78018126502186458
  0.79070814277741397  0.80166954504805366  0.81308323272932581  0.82421273318226784
  0.83501762341594621  0.84588684139617887  0.85694979053715015  0.86840128391799198
  0.88030390159425631  0.89309897964943208  0.90523005402858536  0.91722760558994931
  0.92889253693579255  0.93987165256722272  0.95015125765585751  0.96038588364511168
  0.97054108072586331  0.98028500718542588  0.99022165119507499  1.00000000000000000
 -0.00231813076273730  0.00910193170999640  0.01925604514403061  0.03019710435387194
  0.04118898824341366  0.05325291218428999  0.06520753955664305  0.07654316177361961
  0.08808376979434249  0.09964934915720827  0.11118051759324082  0.12285243458349089
  0.13519725353524059  0.14727927767440291  0.15820246016890360  0.16891990879538968
  0.18006145427669576  0.19098016072753010  0.20136354524259420  0.21191289536404681
  0.22297878290368930  0.23366837165996193  0.24391014391020296  0.25441405910273729
  0.26477859857538394  0.27520393720729652  0.28571042163686250  0.29655657178251199
  0.30754703797371247  0.31809492509364606  0.32835215637885240  0.33846235612448716
  0.34882340067354745  0.35933356377791076  0.36938445259028890  0.37902625184583566
  0.38877599672054741  0.39897581635548240  0.40960438734004451  0.42012312093643622
  0.43032837139177044  0.44048289309418182  0.45054893293325876  0.46092081324131084
  0.47181666545420359  0.48258707307667520  0.49290522211563714  0.50286026396220862
  0.51274246963981096  0.52318216571192233  0.53389799747313760  0.54502210884517599
  0.55657396510820656  0.56851378969340116  0.58068349010990417  0.59184271713751335
  0.60276362642047066  0.61348376127677373  0.62403989602752707  0.63439484714579775
  0.64445420414203813  0.65469546367546305  0.66505963174121852  0.67554430240354102
  0.68597332226761198  0.69634109504162434  0.70676756080570236  0.71670643321885441
  0.72627063457436580  0.73597853385245271  0.74597872404050525  0.75613247052157384
  0.76624694282856542  0.77658214684854565  0.78707331492723198  0.79743726573308149
  0.80797021726283591  0.81823822184119133  0.82843036443472884  0.83865018980977379
  0.84923704144939560  0.85945204298373767  0.86949485596152654  0.87989809238755690
  0.89049612665264766  0.90095967469558591  0.91136212206785672  0.92220240483588589
  0.93355862847673177  0.94380121217471158  0.95309801218814294  0.96217151054270100
  0.97156960975070428  0.98105944832093961  0.99049047008089552  1.00000000000000000
 -0.00234222964644574  0.00927749670564831  0.01972208789303061  0.03030831036090137
  0.04138022972758148  0.05181557315996311  0.06201386365699921  0.07244927995917809
  0.08280039433094297  0.09310154790356848  0.10323260245138541  0.11410415458863088
  0.12467511057801456  0.13464610715585751  0.14439004397480495  0.15474867868889461
  0.16515843842752959  0.17433974946312580  0.18352059374918703  0.19393630668404246
  0.20524981211308826  0.21598600316938230  0.22629416801076493  0.23700954004276131
  0.24782003457991628  0.25827558250234894  0.26867342848380088  0.27921016440081159
  0.28993350884105618  0.29986540657697625  0.30963865017142667  0.31926167155044133
  0.32945631282389892  0.34003513729796020  0.35088039914900176  0.36177932010200281
  0.37266203160920081  0.38388875059957184  0.39527309495872631  0.40676965477456178
  0.41839801675798277  0.42959991395561931  0.44037110741163238  0.45062994888391600
  0.46069038725965766  0.46978451429940066  0.47944136190027647  0.48914161961227365
  0.49890844488168035  0.50860062633832570  0.51810660466593284  0.52816542263421595
  0.53884712670910651  0.54967400445407988  0.56046728689756586  0.57157151907248205
  0.58264983092266265  0.59292350656897785  0.60340177477635937  0.61406216927537116
  0.62478112489556592  0.63511877395841643  0.64546383278865438  0.65590567363254326
  0.66628045001767988  0.67662077873522219  0.68692523995284116  0.69684093361633792
  0.70685034868615204  0.71722376821572231  0.72784194610546871  0.73824651018939802
  0.74872680905673927  0.75955562098048623  0.77009055711129248  0.78008654058749449
  0.79007580512565612  0.80083686957809963  0.81224715274213333  0.82321119514697583
  0.83395376561807921  0.84468652389163790  0.85561681900077347  0.86640513596551028
  0.87692622815428234  0.88762794478634366  0.89874688583878315  0.91114692180043033
  0.92323845867635457  0.93486741753045977  0.94642016049696953  0.95780571227455080
  0.96842260643908995  0.97860003771843762  0.98922639885671737  1.00000000000000000
 -0.00205331312328778  0.00878852169336700  0.01788775740829417  0.02745202300575341
  0.03663644175568678  0.04605006749048576  0.05608575824061091  0.06625492668609942
  0.07627375689526715  0.08662714908861921  0.09788392556283043  0.10896487597906453
  0.11885496540801854  0.12872070067039829  0.13798657227994376  0.14710807700618719
  0.15617154219577031  0.16567401839970308  0.17644823320974543  0.18794249695046286
  0.19931463902589810  0.21048141081872218  0.22172138338302916  0.23304501063869643
  0.24367917255660373  0.25375341613314434  0.26345775744293842  0.27306688092895709
  0.28227611720680978  0.29128287097044825  0.30051434717105718  0.30999494557695656
  0.31974332624615204  0.32971315510144061  0.34033819249339864  0.35157315181793497
  0.36314977582968883  0.37470218570929337  0.38587393620100441  0.39676956123281365
  0.40761057444817711  0.41836919732522448  0.42925690345676365  0.44035153659079523
  0.45130313290820667  0.46235370726242597  0.47352881843311306  0.48474626336935411
  0.49603825547170682  0.50778459016168431  0.52011661156600897  0.53150138948688086
  0.54249202926303675  0.55460569143092431  0.56668883083791199  0.57832913941527653
  0.58940087979280853  0.60011162869036716  0.61023975163454680  0.62026047903521031
  0.62957514469499609  0.63871648031089590  0.64808665247183606  0.65747724488801773
  0.66702072844179283  0.67668388004309110  0.68591016416088113  0.69557070310726854
  0.70582003488811429  0.71640885111787800  0.72779560679628796  0.73903934778656344
  0.75041972924456446  0.76134279540691085  0.77204992670569705  0.78288501534634303
  0.79408862387019563  0.80544114602898409  0.81694787385770484  0.82843469727664820
  0.83960942386272730  0.85061983056185020  0.86156795164361044  0.87350480316255830
  0.88530674652053898  0.89668068756729324  0.90766672961934847  0.91798549799800278
  0.92829157350385672  0.93875015227472702  0.94921136744893264  0.95910020756937864
  0.96875211396850924  0.97868477402887011  0.98928202274092003  1.00000000000000000
   3.0704289217819995E-016  -1.0000000000000000     
 F F F F F F F F F F F F F F F F F F F F F F F F F F F F F F F F F F F F F F F F F F F F F F F F F F F F F F F F F F F F F F F F F F F F F F F F F F F F F F F F F F F F F F F F F F F F F F F F F F F F F F F F F F F F F F F F F F F F F F F F F F F F F F F F
  <DiscreteSampler_grid>
  grouped_processes
  1 # 1 for a reference and 2 for a running grid.
  10 # Attribute 'min_bin_probing_points' of the grid.
  1 # Attribute 'grid_mode' of the grid. 1=='default',2=='initialization'
  0.0000000000000000 # Attribute 'small_contrib_threshold' of the grid.
  0.5000000000000000 # Attribute 'damping_power' of the grid.
 # binID   n_entries weight   weight_sqr   abs_weight
    19   10   9.152647019608639E-013   1.540951996533331E-024   9.152647019608639E-013
    22   10   5.379473601996148E-013   5.633400032541911E-025   5.379473601996148E-013
  </DiscreteSampler_grid>
