 -0.00000000660692562  0.00000279187169441  0.00002059763228014  0.00005876205201226
  0.00011388202716465  0.00018550254297328  0.00027040468115835  0.00036656587993284
  0.00047396734167589  0.00059668183701224  0.00072810579235238  0.00086772195657726
  0.00101440611583534  0.00117428555982709  0.00134800027696476  0.00153007876039541
  0.00170686289703219  0.00188498914745478  0.00206804169722940  0.00225184006136821
  0.00245878678356922  0.00265976384066301  0.00285791570703895  0.00306409431937011
  0.00329102126056040  0.00351376470615065  0.00373553142152046  0.00396193992726921
  0.00419635127861767  0.00443263851664739  0.00466872648856840  0.00490616702033685
  0.00515011507985420  0.00539980895970201  0.00564892796200698  0.00589444524261857
  0.00613551025554360  0.00637352883386433  0.00662575524757455  0.00688049693240778
  0.00713789253931390  0.00739385818849514  0.00764889211782081  0.00790217242916809
  0.00814944316074746  0.00839362949151633  0.00865009303063882  0.00891898432278847
  0.00918332753569907  0.00944225627619468  0.00970052499622815  0.00995301759871806
  0.01020318985119775  0.01045061676606742  0.01069100639235055  0.01092814308134459
  0.01117557045588512  0.01148308169343182  0.01179210011255723  0.01210315416852263
  0.01242418759525803  0.01279235234013642  0.01322047238463800  0.01379072344949071
  0.01482599768439619  0.01641922704847527  0.01766298439207900  0.01866485190817720
  0.01967524358794660  0.02064134091797901  0.02157680315516885  0.02247931210024746
  0.02335405993078698  0.02423898219028118  0.02516593732657725  0.02614534104789219
  0.02714910523402178  0.02815014986488751  0.02915228250603912  0.03015925705748270
  0.03122465665979834  0.03238028979309297  0.03363885806726165  0.03503683062220433
  0.03649673566972950  0.03798487766107205  0.03947734425534880  0.04115155940875809
  0.04311004358526908  0.04543032293849573  0.04814995606276533  0.05142497847790195
  0.05692754977153588  0.06875687350434376  0.11615905812943837  1.00000000000000000
  0.00982435546755033  0.01452911187945303  0.02295106200706845  0.03281589436906560
  0.04314038757937636  0.05301352358205789  0.06265316012901495  0.07267075042081343
  0.08305881513959794  0.09347597640069298  0.10396202180640757  0.11458261407885126
  0.12499568614369617  0.13535670294624474  0.14583510111698125  0.15667835082393855
  0.16779706956243859  0.17833203962132069  0.18902157645038054  0.19966508096740607
  0.21058692965411549  0.22117005966846273  0.23162553911539061  0.24120515678179724
  0.25109713780254217  0.26100859724116909  0.27095804329115475  0.28011339435536747
  0.28929330709025025  0.29907180502735520  0.30940388788742518  0.31940241804710739
  0.32952272752387057  0.34043621896209775  0.35204070614393157  0.36317263848405079
  0.37398135982870134  0.38457312576239322  0.39511730869812101  0.40543140923373550
  0.41615866167416998  0.42773639560996124  0.44021001608332944  0.45328412174540783
  0.46557609352719342  0.47675724780581857  0.48728098204268239  0.49729164334750275
  0.50732440390083133  0.51721691264946601  0.52709889730514525  0.53681351278033462
  0.54634087670161657  0.55600984160068434  0.56606224395271931  0.57617381279101509
  0.58594931034412590  0.59550423738939340  0.60534214341012849  0.61549396569115067
  0.62586491730715921  0.63634928245015510  0.64720725945405755  0.65837109222777213
  0.66904849526502630  0.67907505204350815  0.68897234677556451  0.69881909029184075
  0.70856262476759180  0.71786256064227316  0.72710597863003845  0.73679728277550083
  0.74723517709303988  0.75832159131365728  0.76962341473782703  0.78118345982642701
  0.79259969591610224  0.80341382443525233  0.81393339783412577  0.82461330751797701
  0.83521408066771285  0.84543815088394636  0.85538436160882536  0.86578997175389039
  0.87646098667023209  0.88764998004775475  0.89911930236320758  0.91065223877188528
  0.92139916300580893  0.93147207047313829  0.94145383201633315  0.95117902904575780
  0.96078294211108772  0.97068144956478375  0.98051792960995654  1.00000000000000000
 -0.00002077167075525  0.00025858848732181  0.00074864685125857  0.00150583508129317
  0.00257445634907391  0.00392340379373317  0.00553445869401353  0.00740250643331587
  0.00942742057944029  0.01164149967498016  0.01420281132813052  0.01699700829254749
  0.01973086360793753  0.02274702391239269  0.02613017517111194  0.02989589005992013
  0.03402618082117990  0.03839813434373395  0.04234817521186845  0.04623284893166105
  0.05022664286621471  0.05439586490816985  0.05885964270045955  0.06366643453471357
  0.06879760019111386  0.07410484889830937  0.07961499045270387  0.08530572049692317
  0.09111700255317823  0.09732132709090160  0.10404386805821822  0.11049446043630561
  0.11669775528262218  0.12293289505456573  0.12915827533932592  0.13564714803112607
  0.14193940721274384  0.14847666612226779  0.15523575341616969  0.16198985123895690
  0.16893642618563176  0.17575909048035851  0.18268288926473211  0.18978190046011642
  0.19686123703647204  0.20481383921030208  0.21321744110261195  0.22190983229899008
  0.23130322228855540  0.24137585527142935  0.25071927181612419  0.26005287803644478
  0.26973814646233035  0.27975951646559655  0.29034248280871383  0.30116760408825882
  0.31179316086116360  0.32232833522625332  0.33276471938481300  0.34307567791915078
  0.35414162469976690  0.36535023619397033  0.37681258977275423  0.38881603935696785
  0.40145003774855403  0.41421023564735798  0.42719413045798088  0.44177267346056603
  0.45517233381741540  0.46906666585315621  0.48335018215056591  0.49816541991217445
  0.51323719783803523  0.52826532300498685  0.54363255503537755  0.55907620950301173
  0.57416648217878996  0.58895126433322220  0.60382622394625418  0.61905441139784112
  0.63488407887581244  0.65158218378908983  0.66918280216822346  0.68729834875279694
  0.70470678320215707  0.72276873303426559  0.74105898690786987  0.75956331330343552
  0.77830807672253399  0.79611154286510455  0.81531856283700677  0.83717579655929109
  0.85965989283835975  0.88046797889648842  0.89669028637912074  1.00000000000000000
 -0.00289664721963156  0.01206323873052130  0.02389904912119031  0.03612341238737979
  0.04765108821638284  0.05851922410913700  0.06974612904214830  0.08036573024305695
  0.09076069774559403  0.10060371271957207  0.11079689759131327  0.12169125980405258
  0.13299739063592791  0.14448472039743401  0.15555280236220007  0.16649610668263717
  0.17701397220034232  0.18743432856854506  0.19782232531803798  0.20832546630715471
  0.21890998689485722  0.22943128208356928  0.24044426223336055  0.25167461937906138
  0.26333212603448325  0.27510404947602374  0.28610737290083560  0.29702223651843684
  0.30792984368206316  0.31880232640489981  0.32974676749175036  0.34085858526935081
  0.35178735067969030  0.36231110673309774  0.37181174111847032  0.38248013952892551
  0.39323103378559243  0.40556747956062167  0.41744662723925868  0.42856177694541253
  0.43949295896043061  0.45049321738703912  0.46141356418941942  0.47253992810826795
  0.48402931521336745  0.49623048512742435  0.50751398165045425  0.51851254147539971
  0.52977721725688531  0.54113138275035344  0.55253860880426642  0.56386790058060388
  0.57520632591388821  0.58657312109919324  0.59775479869973647  0.60884603547968530
  0.61962445554256240  0.63007882398848070  0.63998680945713793  0.64994289942212402
  0.66017839606042139  0.67090616234666267  0.68164813898388443  0.69246258169493735
  0.70236598588631782  0.71241856600404385  0.72245381378673090  0.73246539523337129
  0.74186492624331879  0.75141327807112424  0.76136671768344988  0.77129623267419167
  0.78109226422282962  0.79090573318593627  0.80118455978035030  0.81108163630290486
  0.82070527920630632  0.83052570108977941  0.84076469451553759  0.85090742898543648
  0.86118548207415080  0.87077983250819979  0.88061642497504455  0.89025159853826852
  0.90021302795211766  0.91042495728397377  0.92062771592436043  0.93103081768930618
  0.94068303028346911  0.94974605455029448  0.95859846567720142  0.96734063005690241
  0.97610877406724983  0.98434691358782844  0.99222252482365791  1.00000000000000000
 -0.00221155582027743  0.00815675289369882  0.01739705664697826  0.02765114300599699
  0.03856470062499842  0.04834656017454480  0.05781651601178214  0.06745226278470903
  0.07725525322730445  0.08709240758339186  0.09626443298220701  0.10582868587738686
  0.11628578276868837  0.12726766747440077  0.13812778425403358  0.14865005096260051
  0.15866252799031513  0.16867144310835261  0.17859339059851123  0.18834357864063628
  0.19772178160000720  0.20712099586365421  0.21703154776388808  0.22784651920227436
  0.23917035885981250  0.25015949550274003  0.26043353161490523  0.27039755051678538
  0.28044472398580739  0.29059376325186437  0.30085528433982262  0.31113970633254651
  0.32142333364538450  0.33168228953848339  0.34236301005319347  0.35304335731613146
  0.36345461453754829  0.37394563286754678  0.38440245195225392  0.39480088033079841
  0.40489307971989497  0.41509438759430306  0.42661758278556344  0.43835104614863207
  0.44982949733846678  0.46073757961532796  0.47164929258546628  0.48223529958641620
  0.49285952931878296  0.50349684962652785  0.51456535693194683  0.52564508153024514
  0.53647019059766365  0.54741355594733132  0.55763918604878782  0.56793673508503284
  0.57868464313919454  0.59023460224828661  0.60237099777536884  0.61353910239204112
  0.62409623454354568  0.63477817478354426  0.64520276756050643  0.65529135861378385
  0.66559711885347694  0.67667314407846757  0.68813135971143646  0.69934065275084878
  0.71037346886425101  0.72130685043860510  0.73216577355629997  0.74300595181837970
  0.75410916269246120  0.76561488343731632  0.77702549836189971  0.78811628261822797
  0.79905432161944734  0.81000467026492884  0.82084546824495985  0.83095711941072248
  0.84084654568724038  0.85068683826462321  0.86108445400697931  0.87190731170757430
  0.88249382437867741  0.89262480950726786  0.90290836161487920  0.91351597328223533
  0.92421066884956071  0.93495739801093125  0.94588465904090024  0.95722237959915535
  0.96805407551712441  0.97894519523926382  0.98937887994603013  1.00000000000000000
 -0.00246970216979564  0.00950977438237211  0.01951241880034207  0.03034894202661283
  0.04154534099341661  0.05330648873398836  0.06511204839108896  0.07653341942839413
  0.08717694696580329  0.09772732153483443  0.10846372736295665  0.11908454762061772
  0.12976501445883459  0.14084402994131079  0.15283429131608092  0.16501186795977552
  0.17672781889065450  0.18796168566440821  0.19893138287073422  0.20957677716397510
  0.21993775334724608  0.23019961864644264  0.24008514162623737  0.24988183152060495
  0.26008206665584355  0.27055647548257433  0.28125670007102366  0.29201728788106562
  0.30366881707620180  0.31548852438289354  0.32676779485066509  0.33803767918026301
  0.34879666409240256  0.35947715627972932  0.36939247351201693  0.37904484694950857
  0.38850219498861910  0.39820583217464628  0.40846520541407871  0.41873332199475344
  0.42928893513800392  0.43968416761693413  0.45018128724797613  0.46057325777145708
  0.47077268187929927  0.48145867450258489  0.49257994246324244  0.50346550625610487
  0.51410586205167375  0.52455626798064470  0.53484708489648070  0.54513727954101066
  0.55525753077677975  0.56561438452450929  0.57600400771328453  0.58696490192380857
  0.59837377576251083  0.60938679959492315  0.62015603286327559  0.63086062490975503
  0.64146165449188131  0.65212022464229236  0.66319079299078654  0.67483866044545371
  0.68629697529767175  0.69684197059469888  0.70710683619900383  0.71710783349901364
  0.72682552837190550  0.73628822497764301  0.74568024505856090  0.75576333218987857
  0.76606595870043392  0.77659722317433821  0.78753343917375740  0.79787945550578132
  0.80816452061667610  0.81832120150922871  0.82825084602900534  0.83794685131323221
  0.84748933710152630  0.85728188028017971  0.86746417475849857  0.87736790402497400
  0.88684500737093752  0.89665188071385071  0.90697055053968734  0.91719810204397900
  0.92765926342398508  0.93768939129448625  0.94908803190809210  0.96028789797415515
  0.97070308668766714  0.98084476835297707  0.99036719049642963  1.00000000000000000
 -0.00272790317268394  0.01048562585021244  0.02146945438540130  0.03287707606664789
  0.04431307878145847  0.05592925653113793  0.06709279943635772  0.07773397428910225
  0.08846209815341800  0.09901899542395656  0.10956766897145757  0.11951268953440702
  0.12930014798146822  0.13899142138894890  0.14871411271767010  0.15771169930644854
  0.16655504602263599  0.17570883611379370  0.18498799043833422  0.19469469724741836
  0.20447230030505473  0.21455763161882935  0.22490151666420316  0.23465941939555013
  0.24411249614813049  0.25407672392301817  0.26516323282375542  0.27643215463755716
  0.28757252418137641  0.29813666892963364  0.30815223919029855  0.31806419596253149
  0.32809546644854021  0.33866534239285206  0.34922744070700762  0.36125396297969053
  0.37452699178897558  0.38524210276107962  0.39588780571440690  0.40633278505942699
  0.41641750257882126  0.42645677400110188  0.43633739666738625  0.44768481559748424
  0.45946726838150753  0.47163278858640273  0.48404184499681902  0.49597834478815089
  0.50721640767386078  0.51777328013717605  0.52816541668605543  0.53867164243339027
  0.54946157151455821  0.56067463365963122  0.57228049889164712  0.58428139048728589
  0.59627312846392555  0.60805565225162128  0.61913943916227188  0.62999920963333644
  0.64090989552760091  0.65148197412409903  0.66203424287143897  0.67245063319905041
  0.68293311283742775  0.69347926961709749  0.70386437708493188  0.71395130023684494
  0.72399111358072776  0.73460295645718976  0.74547314380575702  0.75584772867854499
  0.76563991926764163  0.77562563202638024  0.78597451800794915  0.79619494410875313
  0.80619873612673698  0.81620015798744916  0.82682613873062394  0.83723588552376738
  0.84767465085011950  0.85757974243476454  0.86687705799243842  0.87628429270289832
  0.88583678080524630  0.89577934646991653  0.90573832490916995  0.91546929690544365
  0.92517485595155102  0.93524480379862984  0.94508453131556425  0.95572076227903691
  0.96613382612435728  0.97736907516496241  0.98845358966096386  1.00000000000000000
 -0.00230398654081417  0.00895590326138397  0.01871338644583104  0.02831229207937252
  0.03826060788972472  0.04970784804260458  0.06167861480238413  0.07261241914440258
  0.08295489660894258  0.09313586165088146  0.10344728020705550  0.11297732783692557
  0.12224325818258082  0.13163049054955756  0.14131177922600885  0.15119902268251248
  0.16131419483216314  0.17165578833465109  0.18301971162489628  0.19487413878585755
  0.20683011675399082  0.21865235620870638  0.23035844886910570  0.24222292862435696
  0.25434745693965155  0.26567528595975060  0.27662120093314713  0.28744971614172138
  0.29842088542502981  0.30939854807925737  0.31989210910778515  0.33033377503879469
  0.34087006727929986  0.35165868887724500  0.36258393894142671  0.37375408717124015
  0.38543141689837795  0.39689217447785741  0.40747037996441082  0.41797939769438047
  0.42831875249811652  0.43856901152402844  0.44866170426067892  0.45897866685231337
  0.46934965005447343  0.47944129486406939  0.48886001290994696  0.49822562200088982
  0.50758406519815313  0.51746254009196946  0.52782869370705532  0.53807798011663777
  0.54819586341329285  0.55834953765224338  0.56883165468449748  0.57990580054558694
  0.59135198620517826  0.60273228202429141  0.61442634594741463  0.62577221031368180
  0.63589760693439179  0.64575066015634730  0.65551868475496111  0.66518215809415027
  0.67471438991192056  0.68382058051609818  0.69381462716016606  0.70528948006146408
  0.71718222070147652  0.72933724156417734  0.74146590388061306  0.75342972836337740
  0.76492375408447011  0.77581518733058896  0.78626074965188664  0.79644286873512959
  0.80635431970068816  0.81647998179825765  0.82688653257997924  0.83759540227598694
  0.84890455954159161  0.85922045286233784  0.86905950117134556  0.87875772662369001
  0.88883027590794428  0.89873448959434077  0.90834074008438381  0.91794248472222995
  0.92746544495577177  0.93716254991159464  0.94718528667339308  0.95706456645934646
  0.96743893460193275  0.97753611379684791  0.98875011198132701  1.00000000000000000
   1.6569850385510970E-014  -1.0000000000000000     
 F F F F F F F F F F F F F F F F F F F F F F F F F F F F F F F F F F F F F F F F F F F F F F F F F F F F F F F F F F F F F F F F F F F F F F F F F F F F F F F F F F F F F F F F F F F F F F F F F F F F F F F F F F F F F F F F F F F F F F F F F F F F F F F F
  <DiscreteSampler_grid>
  grouped_processes
  1 # 1 for a reference and 2 for a running grid.
  10 # Attribute 'min_bin_probing_points' of the grid.
  1 # Attribute 'grid_mode' of the grid. 1=='default',2=='initialization'
  0.0000000000000000 # Attribute 'small_contrib_threshold' of the grid.
  0.5000000000000000 # Attribute 'damping_power' of the grid.
 # binID   n_entries weight   weight_sqr   abs_weight
    25   10   3.149271592304556E-009   1.893386457644246E-017   3.149271592304556E-009
    28   10   2.971150480083158E-009   2.201626181762070E-017   2.971150480083158E-009
  </DiscreteSampler_grid>
