 -0.00000000750408771  0.00000570435181566  0.00004241084865655  0.00012026602125675
  0.00023440526715391  0.00039338409600242  0.00059021125788278  0.00081222141681689
  0.00105027816525352  0.00133552018802022  0.00166064122425005  0.00203001831529618
  0.00243483666611315  0.00284793850456010  0.00328501136069192  0.00373664739180066
  0.00421959111434883  0.00472363153616553  0.00530827174388662  0.00596196865312458
  0.00668823185166457  0.00755363542039604  0.00852813908268958  0.00974200090221634
  0.01126940056422510  0.01218871776566194  0.01276166938673626  0.01318593045266179
  0.01353018150349651  0.01382800470813472  0.01410483464927444  0.01435538409280978
  0.01460218231605733  0.01484629515933818  0.01508721499859409  0.01532517672884810
  0.01556260755854056  0.01580081083699026  0.01604217016710996  0.01629001432148487
  0.01653711215540247  0.01678624716948166  0.01704264330416630  0.01731292340746797
  0.01759376588236624  0.01787560711094097  0.01815669362724985  0.01844167014808673
  0.01875908415730292  0.01908567223014492  0.01942777391741456  0.01978412280389339
  0.02015064134554854  0.02052046325264872  0.02089915413896292  0.02127419430973208
  0.02165163447704543  0.02204071082214343  0.02242985467333983  0.02283499422784341
  0.02324177576727380  0.02365877228634065  0.02408404872865126  0.02451148429358120
  0.02501853795089383  0.02556016046848314  0.02611520361495403  0.02667482079271617
  0.02724424885426769  0.02784329801383021  0.02844719438012603  0.02905886607296335
  0.02966551867778006  0.03026730178680474  0.03086228170938023  0.03146702234324697
  0.03214529935839661  0.03302786341224448  0.03388122158421469  0.03474084620664264
  0.03561934083405404  0.03652854459748418  0.03748575221457842  0.03853425178284162
  0.03964675714161531  0.04084358078294176  0.04231465119030811  0.04407973243398780
  0.04605227077991496  0.04822399754321490  0.05062688930268155  0.05381860409637773
  0.05932808868803821  0.06996177484045257  0.11580764747759423  1.00000000000000000
  0.00916144339267962  0.01762997996684328  0.02825268255562299  0.03819872879902887
  0.04773331924031361  0.05738404747089970  0.06740077939133644  0.07730097591066300
  0.08762679108263963  0.09876855765007420  0.11061153381176247  0.12264158890671915
  0.13461413066875733  0.14649414875479277  0.15870162377250505  0.17063871576221651
  0.18232602192587458  0.19329138150158867  0.20342783107315079  0.21319908109913863
  0.22304392416857105  0.23313366448754808  0.24335861850594379  0.25349006698990006
  0.26317511576436758  0.27258018344034907  0.28149637573696307  0.29029993252472491
  0.29941207079059950  0.30891616730842159  0.31829779075968517  0.32766428720054086
  0.33694396797457843  0.34659693521151602  0.35673844935304655  0.36745650149478393
  0.37837547227858648  0.38922312970666217  0.39930283152466123  0.40919235795076464
  0.41905942927899414  0.42999007807429990  0.44102296729094581  0.45160395087214195
  0.46150893434228984  0.47121467400713712  0.48102540140098016  0.49018856933684879
  0.49924335106696532  0.50943414777871032  0.52069252865465787  0.53167146176400848
  0.54366728779820606  0.55555402016494282  0.56726916805272476  0.57729069991913062
  0.58806967323168335  0.59854108446904153  0.60887219882790966  0.61822788661087680
  0.62774919871078494  0.63745348429347326  0.64697446508907974  0.65674160295064221
  0.66747148186280281  0.68026674033123191  0.69472970079849383  0.70868550129716945
  0.72143159974177395  0.73361936198146838  0.74542005117561638  0.75693629165606413
  0.76824064209423493  0.77931675036088421  0.79029055358302880  0.80209382802719842
  0.81460603298822432  0.82605473138632290  0.83777442247489642  0.84876392714780402
  0.85952972992629240  0.86999799738278549  0.88078657137218652  0.89177199965595522
  0.90247994130113829  0.91284160078156873  0.92345628825574388  0.93408728835734534
  0.94373039436132011  0.95263880739583773  0.96094248782906999  0.96848905656408768
  0.97606842847878161  0.98352598950632697  0.99055073018314954  1.00000000000000000
 -0.00002108392115643  0.00026559189649392  0.00073821403885443  0.00145439969990530
  0.00238500540065865  0.00366968595448417  0.00511493551498025  0.00709263654981826
  0.00912356610844372  0.01131028334778130  0.01384237048745513  0.01674666430095000
  0.01964705268125101  0.02254096170922689  0.02554273758233357  0.02885348370520846
  0.03261777504785905  0.03671669082591351  0.04083313573927792  0.04494437330090041
  0.04922076247463780  0.05370832558121186  0.05823942912860777  0.06290897112927224
  0.06803225186940098  0.07328436569869697  0.07865979428540612  0.08400307257826101
  0.08938436895402806  0.09496324940856429  0.10077403903530562  0.10704032999111834
  0.11381253516702806  0.12091252281943494  0.12808999271560209  0.13548566672203544
  0.14317887374967603  0.15064602560355450  0.15833409167719845  0.16581087908403949
  0.17286127667266640  0.17995029804530835  0.18694620292021441  0.19421870101644317
  0.20166614818739032  0.20908274169291471  0.21618986421172456  0.22336640971354138
  0.23098404136242132  0.23903080114773348  0.24734011408988149  0.25588481076480563
  0.26473558918190548  0.27395004679811741  0.28370801674668855  0.29430899003105332
  0.30402825300727926  0.31461725023099069  0.32537354412980923  0.33552933969791138
  0.34663730284792532  0.35831016135836918  0.36993093862846060  0.38169265818363263
  0.39402725108814596  0.40624593566232997  0.41886562000083133  0.43177278843290123
  0.44418034538627676  0.45640817629363145  0.46895913172232706  0.48185721333899245
  0.49507920140546463  0.50890235639591008  0.52268883966675728  0.53697977435748845
  0.55146619300376309  0.56604383474352615  0.58086852024857571  0.59597747879754748
  0.61117527750437894  0.62672272861281852  0.64208388974880881  0.65853639366617156
  0.67748048810753481  0.69768585417390783  0.71805955747196704  0.73827080410065093
  0.76213844117287588  0.78569198479080471  0.80909990136958210  0.83246493517549713
  0.85781814901545228  0.88015425112698120  0.89871255755355606  1.00000000000000000
 -0.00371208134078987  0.01287673434124249  0.02765095028201005  0.04021808093541387
  0.05133793373439965  0.06197320842723476  0.07242021882417000  0.08247687136633884
  0.09231992702980707  0.10195467579863886  0.11304741933356925  0.12508118506731766
  0.13775616372499586  0.15000603583809224  0.16156487822009583  0.17336025624869722
  0.18518964517336881  0.19672019647406411  0.20837639461519578  0.22020869613585323
  0.23184601136586802  0.24251675991581434  0.25337577309483400  0.26460844483731227
  0.27646402141188925  0.28914123784663837  0.30153322764524343  0.31393851542412687
  0.32631947501251579  0.33913465761987016  0.35187686706652183  0.36326424262900459
  0.37365917966928702  0.38367767519033824  0.39357398070745608  0.40348825786168868
  0.41335430049871674  0.42404691445609421  0.43525709166205245  0.44855162254376224
  0.46240719818813597  0.47599506875339775  0.48930999078525111  0.50170555648178405
  0.51305833550015967  0.52463631451452375  0.53664994776738650  0.54830927934505225
  0.55928218195521429  0.56997371667674390  0.58022442613450276  0.58955017787672070
  0.59859349104832538  0.60873904374389831  0.61915372584302375  0.62946954451675030
  0.63968723434968899  0.64983382359421460  0.66060322656683035  0.67124392126897159
  0.68265998438156750  0.69270986287734060  0.70273108789194449  0.71225296439101482
  0.72189149841890587  0.73126117178747330  0.74023447130188480  0.74888674689614909
  0.75745624213379392  0.76621509478344429  0.77554764724668446  0.78513080434283677
  0.79461455424262850  0.80362722559548561  0.81249284050458670  0.82215046707221839
  0.83197228490765673  0.84135491466497858  0.84999981591005080  0.85884840183000499
  0.86808684501136968  0.87740790618969289  0.88701040055637526  0.89668926196305132
  0.90629315798248611  0.91551212375338697  0.92377695059374654  0.93165954424269448
  0.93961170370672797  0.94782295366942981  0.95654949530987576  0.96528435056480255
  0.97326359730353962  0.98144923695192288  0.99038827965625775  1.00000000000000000
 -0.00235281654917361  0.00964351704826281  0.01984537946388911  0.02923402017669136
  0.03861571673959589  0.04757936834261016  0.05660048459540434  0.06583393217484618
  0.07511720054379714  0.08472768220559626  0.09484742470709723  0.10513929320265834
  0.11534657918697588  0.12596750805680276  0.13727808589771329  0.14868197773941214
  0.15941753029572059  0.17043416363110922  0.18151195436296932  0.19203494943308883
  0.20193686560666713  0.21202047671325988  0.22320972700178737  0.23456010747174061
  0.24588482866635325  0.25718237122923948  0.26835127256044594  0.27875182496260731
  0.28895113686287371  0.29941053807543072  0.30974564836381946  0.31978044403989481
  0.33033264428192366  0.34230284969725888  0.35562177062189110  0.36716509287201848
  0.37888064229483587  0.39089810535607394  0.40352969253218635  0.41568508153142064
  0.42824551655274140  0.43963742029462877  0.45050110073938793  0.46056693650270736
  0.47054532577383051  0.48075122493228728  0.49078932756134980  0.50089432903295161
  0.51125363351790498  0.52132651797809815  0.53166624130923112  0.54204897923882700
  0.55311619436064119  0.56388313656436340  0.57363282686909789  0.58306938472668479
  0.59343130259987609  0.60460794252757066  0.61560935230219227  0.62707999453041940
  0.63922976802101772  0.65194270410389565  0.66494306663732916  0.67755142173337390
  0.68898325842410046  0.69884151688663421  0.70821372290937779  0.71724197020137825
  0.72619942770580281  0.73517670082933295  0.74396693549134962  0.75308603340515734
  0.76248657926275965  0.77198256067074489  0.78266001000946983  0.79398101104172503
  0.80546793852186649  0.81706538038925758  0.82884354287279416  0.84020885644209398
  0.85116451960360073  0.86213930886298740  0.87333644438783109  0.88454464166594160
  0.89552361623004406  0.90653212344019540  0.91708538051800115  0.92715914611284178
  0.93700054367522645  0.94682196684857323  0.95690762466881940  0.96597237665313740
  0.97455669655667942  0.98313003621826478  0.99146730536992000  1.00000000000000000
 -0.00275404912071946  0.00980505265953703  0.02066367781772830  0.03252564927606058
  0.04439230513646314  0.05555981188423639  0.06678645497503385  0.07792735584705925
  0.08831103693217977  0.09828050266736159  0.10801407513084613  0.11770209551628354
  0.12776992880546409  0.13722017834171166  0.14660492379105550  0.15609047223447958
  0.16543601101156133  0.17493478825469272  0.18451278744277855  0.19434960662475181
  0.20483869232882082  0.21545902860760588  0.22567343533520975  0.23550455703299952
  0.24507700336269472  0.25446953307710102  0.26360132299108402  0.27286467128098296
  0.28275739035543662  0.29258281832317951  0.30139437340948477  0.30978610952748109
  0.31905277565388174  0.32941546969494589  0.34030705920411175  0.35123820580948212
  0.36335797876713904  0.37547429737595633  0.38627796567373573  0.39696331312618977
  0.40813154565815241  0.41932384442524417  0.42998826236669507  0.44083981594257449
  0.45157926317024244  0.46194422241170374  0.47204937450247697  0.48199287753627024
  0.49123959823922264  0.50031360659281243  0.50882415082569055  0.51718645906728844
  0.52558093377994286  0.53408402393715237  0.54271443021970023  0.55289078627949750
  0.56310916832348279  0.57441158713809748  0.58568181034198541  0.59686033458862220
  0.60813435578414643  0.61930418698231227  0.63086315749015576  0.64277405805012788
  0.65426532322533504  0.66484951993593511  0.67514490157092311  0.68539154168750982
  0.69608306105011608  0.70712828395761451  0.71865779623028525  0.73046869754177934
  0.74243521654348199  0.75420183708274235  0.76571657365541368  0.77741262582767634
  0.78965355458866326  0.80229675045494164  0.81438380771829100  0.82507175560552326
  0.83555672641663004  0.84659740914525994  0.85765747447475815  0.86837904079870776
  0.87860497053257181  0.88863531276230900  0.89880623856541320  0.90912975891700953
  0.91938576691625506  0.92953938222939569  0.93980713222144763  0.95084783840852327
  0.96254681101443917  0.97464944297139355  0.98725836830773850  1.00000000000000000
 -0.00325034263248580  0.01162832439533593  0.02361916775398689  0.03517562997491701
  0.04687761161521410  0.05877507275771426  0.07069780977323648  0.08274041322344566
  0.09502119135076548  0.10768506246114944  0.12071047276323962  0.13370166886300291
  0.14626881278598938  0.15762571799477862  0.16871121628583657  0.18002522666068732
  0.19026076206795314  0.20025849421641367  0.20963538340389445  0.21908112829773593
  0.22856241195992547  0.23733880068731461  0.24644855901996873  0.25546926400726794
  0.26417824876862439  0.27276866292422763  0.28221607164629781  0.29227463633652323
  0.30218541515709552  0.31160997415930625  0.32071293712818050  0.32987057400920228
  0.33929378212866207  0.34866258620216856  0.35811078243422928  0.36799744678654750
  0.37760540397274955  0.38815147011523010  0.39898232878075862  0.41062768519468501
  0.42268171973694263  0.43429060649354262  0.44513516869232683  0.45552765899366704
  0.46598696400605188  0.47629705747946283  0.48574107633255292  0.49482010623335454
  0.50441214167025195  0.51478656001871426  0.52507079666516265  0.53494491478127038
  0.54538170058759994  0.55676798692191365  0.56769394470839951  0.57765476109111857
  0.58796550945288972  0.59784452817468392  0.60758479343468952  0.61696487544817391
  0.62672549103530151  0.63743844707619357  0.64833921664160954  0.65992688320127357
  0.67128721664467705  0.68124852857045848  0.69147456651154782  0.70112787121076192
  0.71137238164411865  0.72183172023302145  0.73287430854490776  0.74424869287493345
  0.75557166677063614  0.76733553486318529  0.77923078298220205  0.79109072254993784
  0.80223573674149262  0.81293824054826358  0.82339788648554491  0.83367676293966730
  0.84380097005588328  0.85434796683759695  0.86573903854633638  0.87685897000308566
  0.88725939060550374  0.89777823349817687  0.90826037320361896  0.91887915217787519
  0.92997552871135569  0.94077372171324791  0.95107189515753765  0.96089464673759406
  0.97055676311265637  0.98028709085528265  0.99001706548206947  1.00000000000000000
 -0.00272295407355771  0.01008969518707954  0.02043192725245753  0.03141271545823444
  0.04165429433657822  0.05203918533464017  0.06184798876032518  0.07318287633246309
  0.08468417251723651  0.09742865845725025  0.10984289342726419  0.12132579288422679
  0.13141704827192624  0.14046026773518375  0.14951947744225738  0.15924635783039465
  0.17001368962798172  0.18101315397758652  0.19171385672260713  0.20232878164501389
  0.21308756570862300  0.22413027496931875  0.23499201813958595  0.24578867112885999
  0.25663528324345347  0.26744191705449816  0.27737647741838151  0.28684217897709086
  0.29638659316694477  0.30623078488142280  0.31596176987336483  0.32567072198293479
  0.33515031596696948  0.34536058250288537  0.35563029873715513  0.36607561737734656
  0.37664568156568873  0.38772731203057642  0.39843591512887094  0.40803573425445716
  0.41772856585316342  0.42767909937805337  0.43744667407130861  0.44720949522515169
  0.45659946319935474  0.46797165274731234  0.47927739009252224  0.49116979251774578
  0.50301726359612176  0.51490730168349941  0.52581731001458709  0.53593568785429258
  0.54608612158655545  0.55654138215606908  0.56662147411108421  0.57666698406850903
  0.58667396108842951  0.59574268639404260  0.60473222789699965  0.61419086503998177
  0.62443470885115804  0.63479229338350496  0.64471749261253053  0.65735100150102632
  0.66964669324885295  0.68105392551314137  0.69100962747587091  0.70002057610973101
  0.70932130209305655  0.71880522654494683  0.72808472449450945  0.73742079760814883
  0.74695599153585146  0.75720457850822798  0.76827197639340061  0.78082687303880438
  0.79445297310165330  0.80792844126495722  0.82083043009873180  0.83296432533089571
  0.84500081676480521  0.85653509471845513  0.86813561410226892  0.87964822878402560
  0.89070805750505955  0.90204725962701837  0.91326910466287836  0.92472896371481506
  0.93575981645982331  0.94517768356725940  0.95422568853869305  0.96361511383202569
  0.97323070314037674  0.98263645235743680  0.99147893027813538  1.00000000000000000
   2.8941744328975142E-016  -1.0000000000000000     
 F F F F F F F F F F F F F F F F F F F F F F F F F F F F F F F F F F F F F F F F F F F F F F F F F F F F F F F F F F F F F F F F F F F F F F F F F F F F F F F F F F F F F F F F F F F F F F F F F F F F F F F F F F F F F F F F F F F F F F F F F F F F F F F F
  <DiscreteSampler_grid>
  grouped_processes
  1 # 1 for a reference and 2 for a running grid.
  10 # Attribute 'min_bin_probing_points' of the grid.
  1 # Attribute 'grid_mode' of the grid. 1=='default',2=='initialization'
  0.0000000000000000 # Attribute 'small_contrib_threshold' of the grid.
  0.5000000000000000 # Attribute 'damping_power' of the grid.
 # binID   n_entries weight   weight_sqr   abs_weight
    19   10   1.716242463198613E-013   9.767821300756517E-026   1.716242463198613E-013
    22   10   9.780808278885978E-014   2.497965358772698E-026   9.780808278885978E-014
  </DiscreteSampler_grid>
