 -0.00000603340510090  0.00025377646129059  0.00111208936804190  0.00230712062767717
  0.00379231236131291  0.00549296776542958  0.00805495924141769  0.01163191021227680
  0.01340496212737307  0.01433592194074468  0.01515524255535888  0.01594055492942759
  0.01675250098142073  0.01756970813054324  0.01842885237349080  0.01934153838415448
  0.02033076914968042  0.02137303691140225  0.02244476877335872  0.02352573787961629
  0.02464663886488786  0.02590336165912510  0.02719818071399190  0.02844516721214235
  0.02974931310223106  0.03103753353110745  0.03231435777356989  0.03365415393056351
  0.03502124928234968  0.03639996409389657  0.03773536937983518  0.03914005717465833
  0.04048933647118769  0.04184194621048832  0.04328637039347796  0.04479604500219481
  0.04630430482435284  0.04776007636592587  0.04924480869827789  0.05082541455573652
  0.05235067336608280  0.05382107581980714  0.05532869121752686  0.05694023867767684
  0.05861939616898578  0.06033248877818067  0.06202938519248401  0.06373930977384948
  0.06552656312294507  0.06739724204289670  0.06936996671687917  0.07142530439347186
  0.07353297628853284  0.07569495820280440  0.07771047043036397  0.07980182075970405
  0.08197729126886662  0.08426591767442169  0.08650581851988354  0.08855205156708466
  0.09037012065647379  0.09241709924661549  0.09462843354720792  0.09697348471402002
  0.09938867005049873  0.10178167743212042  0.10419115975223864  0.10673084801924433
  0.10948438526153677  0.11214246537345549  0.11472058758511650  0.11732132582021251
  0.12005049863992201  0.12323462224057961  0.12690640196787792  0.13049317103364383
  0.13410146926858416  0.13791391445139761  0.14186691823591022  0.14605212788542987
  0.15032017663796260  0.15479475053713290  0.15968845241881899  0.16506435272128828
  0.17079267189641614  0.17694528899547390  0.18401752978458372  0.19170574680725250
  0.20065434804430962  0.21261507084883510  0.22747459842954940  0.24608945558060760
  0.27144654536073248  0.31654582303177126  0.40991178059164562  1.00000000000000000
  0.00789172066839656  0.02034506075795020  0.03321852129230268  0.04566801278635733
  0.05716553231020798  0.06750654404954072  0.07720783254546340  0.08708263365752354
  0.09674300068415451  0.10623394365170025  0.11548615790458944  0.12503380644729498
  0.13645164261540835  0.14748477352213155  0.15870279735158085  0.16939093122977580
  0.18063553648112993  0.19308926180804664  0.20587523110423225  0.21718348857508357
  0.22718704551716484  0.23719755779125418  0.24714853056683475  0.25729209623952193
  0.26756054607970647  0.27771410007677078  0.28705949415273363  0.29610048611465378
  0.30514481277687810  0.31566867004351717  0.32831483136871797  0.34138205266552019
  0.35374918679672251  0.36607340864400761  0.37822408601981305  0.39022993417416907
  0.40047932989937041  0.40958036326788216  0.41903505843210920  0.42930098135837996
  0.43944761747148581  0.44828167920346496  0.45695808084460959  0.46629464830972595
  0.47594022772798450  0.48545947003989165  0.49523597797240609  0.50585231312661105
  0.51726407020652299  0.52898083128810203  0.54078624737489889  0.55234759806185563
  0.56331328519750834  0.57356377395965463  0.58399825858964560  0.59425667661182557
  0.60382050112511798  0.61327922825005610  0.62272228712731481  0.63257242259213997
  0.64285512668317302  0.65317257186477629  0.66444206978418707  0.67618318137943856
  0.68780127970050231  0.69880757630000079  0.70911419718662638  0.71900170190662871
  0.72892739788558747  0.73818937735518475  0.74726424282330617  0.75637333771154291
  0.76518797783683501  0.77376591305578601  0.78240924651930599  0.79134162301412603
  0.80146346911175148  0.81151339084964280  0.82102205350283020  0.83013075860401153
  0.83912822620494909  0.84846041202109779  0.85820579035314193  0.86880623935910795
  0.88006053602694823  0.89125257308224226  0.90187289931024539  0.91203923931733999
  0.92245666228630274  0.93254597768482150  0.94214997372224840  0.95185934872447309
  0.96232363790021280  0.97411802854990703  0.98675932378595066  1.00000000000000000
 -0.00001228365808178  0.00008238359449652  0.00016705801831467  0.00027575114449830
  0.00038823284353524  0.00051715893289170  0.00065062073846634  0.00079832191877418
  0.00093315954576119  0.00107077016315942  0.00122612946122033  0.00140269972580084
  0.00158260632527091  0.00175785195733424  0.00193630569593206  0.00211670129537074
  0.00231146239551405  0.00250816092979489  0.00271031669138762  0.00290357011047828
  0.00309440954798268  0.00330958780106186  0.00354553954765957  0.00378475918171762
  0.00401258929038785  0.00423533796674004  0.00447112295627657  0.00471433819477975
  0.00494310338273939  0.00517268496690943  0.00540876498997473  0.00563961243658264
  0.00585407826765849  0.00607743746522270  0.00630453029716156  0.00655400740964434
  0.00683383218970230  0.00709634142223592  0.00735034221140282  0.00760030449729289
  0.00786126826045717  0.00814781803253370  0.00844955737108088  0.00874772509383109
  0.00903210396344160  0.00930278774073700  0.00956580843054330  0.00983054064165237
  0.01011170562135725  0.01041013044426085  0.01071311808464364  0.01101026304405457
  0.01130872623504233  0.01160637607074809  0.01190647400598278  0.01222261268802863
  0.01255330514240247  0.01289811016333929  0.01323082850097419  0.01355739446339801
  0.01388216508659476  0.01420617312484218  0.01453416050402210  0.01486582598709504
  0.01517651963860350  0.01552378430574784  0.01587127420738614  0.01620476155763138
  0.01652450385943459  0.01684092335348192  0.01716638793594959  0.01750780745727054
  0.01786161188330042  0.01823306089914641  0.01861431919524145  0.01900006472523527
  0.01938807916412044  0.01976722524576673  0.02012937663535591  0.02048999964954217
  0.02082850288288137  0.02115920097027983  0.02148967262462417  0.02184757649690131
  0.02221660582380999  0.02259018463716370  0.02295794257505235  0.02332851186523533
  0.02370634921093453  0.02409530977406161  0.02451070794848433  0.02494683290995966
  0.02536234397234760  0.02569656324193646  0.02593516663969746  1.00000000000000000
 -0.00348150617705912  0.01271444167580159  0.02458876066955815  0.03544263543246192
  0.04737248973797575  0.05906814697054631  0.07132533739303988  0.08503895336881961
  0.09969550794417001  0.11429806712761731  0.12839783465576052  0.14187796724705834
  0.15420636244033278  0.16578037572572848  0.17724850726509783  0.18848328351354862
  0.19971722487979932  0.21100291384144226  0.22218231421457846  0.23316161821252407
  0.24414896755318705  0.25507450715023394  0.26610505038024779  0.27744177686817900
  0.28833843820485594  0.29824296051103327  0.30761019638980230  0.31707737972955552
  0.32693695591369076  0.33677352588498277  0.34648149393698419  0.35631204408919775
  0.36659732488405128  0.37666111574015071  0.38619715128350185  0.39581487954357031
  0.40558429898701309  0.41527654769440986  0.42717737478340984  0.43829139621587476
  0.44849508833847229  0.45783385827551804  0.46722369355471938  0.47679500986478413
  0.48670366393024556  0.49645810478401609  0.50683207007493358  0.51713808307651410
  0.52752528632644791  0.53787656361069691  0.54819549338117990  0.55867342767572037
  0.56913265776885258  0.57962463059916847  0.59021478351159640  0.60029911152238558
  0.60997558708524280  0.61899502037811338  0.62852895115854768  0.63823392084056285
  0.64773386117512244  0.65724848272006531  0.66720892348106198  0.67721362498949955
  0.68675580903703448  0.69626506557549439  0.70626374391632452  0.71689877489491638
  0.72775480953384497  0.73851688990780862  0.74926344346812457  0.75993219123826006
  0.77005872526926489  0.78065476488202856  0.79176275874653179  0.80342986548148410
  0.81520835383826029  0.82645436993484878  0.83665704292271537  0.84579155565645425
  0.85538947332842274  0.86590362307474389  0.87665196900743014  0.88720413630985628
  0.89808882078350516  0.91034434060223401  0.92211953079293141  0.93275626762190122
  0.94177635877643973  0.94991803882090819  0.95779237133251405  0.96584535145622386
  0.97436041371750226  0.98288209829333772  0.99140511693937416  1.00000000000000000
 -0.00243839251417440  0.00979559968012507  0.02012880476231570  0.03101242976770402
  0.04216617928508994  0.05319703246652522  0.06378949069868264  0.07501843759863135
  0.08674155064057396  0.09902386842669886  0.10947429883947778  0.11906451165000831
  0.12892868817024211  0.14003395391462886  0.15182699104798211  0.16408241342529001
  0.17573778337438059  0.18681300660562630  0.19832681493735907  0.20996040158390050
  0.22125156793269021  0.23266731888084302  0.24360036645323449  0.25400646048000231
  0.26458299005060448  0.27554105940948309  0.28706309036294930  0.29746205808572745
  0.30705479641938888  0.31717920367695246  0.32808743358267550  0.33909666277643069
  0.34960520132696643  0.36016093912880809  0.37207349107537552  0.38404150082088334
  0.39554541094171003  0.40655442562795979  0.41713376331703600  0.42751001511641895
  0.43794484681404866  0.44866566263850977  0.45939930744310220  0.46991694795879613
  0.48033271199083538  0.49010047447048027  0.49983415569453216  0.50938827648774976
  0.51900469995273046  0.52934501958220781  0.53958289639837487  0.55034704837005333
  0.56137937866668053  0.57142275921539376  0.58181892413245062  0.59254992263445350
  0.60461779004347260  0.61621625397635194  0.62739900749470179  0.63845636968911912
  0.64905959389732537  0.65942179588004957  0.67033120483320374  0.68181426771905018
  0.69325355405179301  0.70393648801034991  0.71348550424047641  0.72189601177229767
  0.73032568690151678  0.73880128407180146  0.74732883133848127  0.75617474616367397
  0.76437412267294147  0.77199469719776936  0.78086810027822118  0.79036740200641387
  0.80090162950153454  0.81179670246905355  0.82302986320622851  0.83438310112619440
  0.84556137553245503  0.85649434981795614  0.86796721060932680  0.87869013055435818
  0.88824930157528559  0.89763238666611911  0.90691744200686986  0.91652929516898674
  0.92550055919037377  0.93501661949232107  0.94496653393414975  0.95635404291155302
  0.96647099590954966  0.97690570162086454  0.98722583769792849  1.00000000000000000
 -0.00262850040778323  0.00967275699005058  0.02011080147651870  0.02960482317516030
  0.03895306304140122  0.04794580665017197  0.05704387540556603  0.06599196741154478
  0.07675546281211269  0.08888225204765064  0.10108952469018521  0.11163801670787350
  0.12136794568462865  0.13102416949407067  0.14128182431479808  0.15210733379105856
  0.16339273848633792  0.17513220125103571  0.18689412329479482  0.19756493582245052
  0.20730244739953163  0.21688292613327548  0.22661524145933276  0.23751424112293790
  0.24787968690495910  0.25942785846966504  0.27079729907613365  0.28226723198820008
  0.29423829336604657  0.30631458038095061  0.31883740277773970  0.33186297692542926
  0.34318143298974696  0.35384279567031673  0.36406551936071729  0.37406553853968244
  0.38449177458403377  0.39489699690321639  0.40447116665879423  0.41325115463982964
  0.42200136479491568  0.43127023403055703  0.44111874330301276  0.45029551707161192
  0.46130596363234622  0.47365207586760755  0.48492737329525820  0.49520402481863812
  0.50529346987484591  0.51586039270262229  0.52662685388110220  0.53735688749186861
  0.54806803284186789  0.55880901140792349  0.56991757313195346  0.58159710957284816
  0.59353962359272450  0.60524170974434943  0.61658416792224757  0.62770764031363191
  0.63883577075631870  0.65033923081134859  0.66188531470414436  0.67230150209537154
  0.68239994696536732  0.69289259736305575  0.70212892722602926  0.71049592761082336
  0.71845045021979004  0.72678928038058699  0.73568738599045058  0.74537407565638025
  0.75555431260383543  0.76572205384139502  0.77579185481066570  0.78525634106533293
  0.79486911802724314  0.80496748790872219  0.81605804826407435  0.82717215729256288
  0.83793786386090596  0.84809275478676482  0.85765430024368872  0.86695279296783712
  0.87724094157054977  0.88729514125049236  0.89707104395163995  0.90732043804390150
  0.91761192291301863  0.92819426438608676  0.93926589090248580  0.95135802565765226
  0.96498508852273823  0.97774054768232210  0.98931996937348654  1.00000000000000000
 -0.00184139535208266  0.00822382030154152  0.01838484059267196  0.02849371532252511
  0.03919297876103398  0.05036321323634006  0.06178143575054735  0.07275411381109315
  0.08404745536185335  0.09537066143381474  0.10613163322044408  0.11668682263109677
  0.12761191599599600  0.13938489611574653  0.15210873922485357  0.16451996037638644
  0.17649434003028516  0.18806536033164153  0.20075224679123677  0.21393124014827336
  0.22633542774773224  0.23869576646607885  0.25045215380719699  0.26151108417507007
  0.27268471858599613  0.28392382610210876  0.29506134152585439  0.30585736342437531
  0.31687141857654783  0.32858340481244397  0.33980409569951997  0.34995531772250155
  0.35943180953047471  0.36868395227345807  0.37796699918409760  0.38720753697561655
  0.39730159188394959  0.40832362380560572  0.41976490219788193  0.43069801040826455
  0.44142742233145299  0.45176638008133696  0.46245264743552489  0.47270687887038759
  0.48396996656641245  0.49552025405654343  0.50769544605259975  0.52014792400033694
  0.53260031165799182  0.54510350764762183  0.55732914851999693  0.56908343677866791
  0.58051112818137718  0.59159693946580283  0.60255555505309510  0.61387126113147661
  0.62482703996450129  0.63506446029342534  0.64559932192346914  0.65453725518742756
  0.66401591624708645  0.67295046122218916  0.68191240111282236  0.69180951671956792
  0.70172075833845127  0.71231799433112108  0.72293459573650865  0.73334206489248266
  0.74415236700445964  0.75521917562109320  0.76639932819815504  0.77685114939251465
  0.78588975179532372  0.79558977886095872  0.80411054114506919  0.81243275804509019
  0.82044602893901264  0.82874126650625823  0.83710634943963369  0.84527037827109819
  0.85316173655578775  0.86107683361694443  0.86910448424482423  0.87735100615491168
  0.88596235341108953  0.89487870679801940  0.90397050970124826  0.91290714054687816
  0.92379480845251105  0.93502144656965391  0.94650688629538615  0.95758330412350157
  0.96792610302193260  0.97858601415179602  0.98904293247369834  1.00000000000000000
 -0.00285398765412145  0.00959993462357519  0.02057360179605240  0.03219404668080264
  0.04366850062239546  0.05502278228165602  0.06684546091265753  0.07839319448326941
  0.08807629561072999  0.09682057501126747  0.10572417053560165  0.11537766301390366
  0.12557066743214165  0.13546551568232146  0.14467360222231374  0.15386502114341635
  0.16383349509658446  0.17409189835711741  0.18436913976438371  0.19483521354587596
  0.20549534194435631  0.21678698548931666  0.22783589100473658  0.23838616404325685
  0.24919781301528846  0.26053058402457957  0.27274496492610861  0.28502252242449522
  0.29661217271790224  0.30733512899343807  0.31795682464315611  0.32866719701649166
  0.33926346017420833  0.34964583142883360  0.36016048386873645  0.37119655310218530
  0.38256338262287304  0.39350206383865183  0.40373118036949884  0.41331091745864901
  0.42365770199894726  0.43451015362708956  0.44678385046518126  0.45831625776481405
  0.46896660623336922  0.47895885821094325  0.48872796805800350  0.49871999150304347
  0.50908648413589164  0.51965840088588577  0.53079402038559165  0.54201290495498633
  0.55235957555669535  0.56233929685119843  0.57206382481625218  0.58202032790890257
  0.59222682758072498  0.60201762077818777  0.61097908306270010  0.61987834551733745
  0.62933413164916829  0.63867602164162407  0.64801880106022192  0.65771730120449201
  0.66772529024115612  0.68004067312452143  0.69163566519012187  0.70268658763532810
  0.71288925779396173  0.72207054354273259  0.73101060395424100  0.73970285753868037
  0.74798821822850081  0.75670051052984633  0.76622952013012902  0.77720014881195620
  0.78911492561045549  0.80104399541946369  0.81276244077752424  0.82421266653770120
  0.83464531130810660  0.84472711161899916  0.85516081430979363  0.86639617157284154
  0.87825650820168599  0.89043390750788320  0.90222874059911706  0.91310513164421447
  0.92368010628298602  0.93445132618020610  0.94561797783582591  0.95644550603898659
  0.96724847488376520  0.97762422002215810  0.98859937145598742  1.00000000000000000
   5.9931787235175263E-019  -1.0000000000000000     
 F F F F F F F F F F F F F F F F F F F F F F F F F F F F F F F F F F F F F F F F F F F F F F F F F F F F F F F F F F F F F F F F F F F F F F F F F F F F F F F F F F F F F F F F F F F F F F F F F F F F F F F F F F F F F F F F F F F F F F F F F F F F F F F F
  <DiscreteSampler_grid>
  grouped_processes
  1 # 1 for a reference and 2 for a running grid.
  10 # Attribute 'min_bin_probing_points' of the grid.
  1 # Attribute 'grid_mode' of the grid. 1=='default',2=='initialization'
  0.0000000000000000 # Attribute 'small_contrib_threshold' of the grid.
  0.5000000000000000 # Attribute 'damping_power' of the grid.
 # binID   n_entries weight   weight_sqr   abs_weight
    19   10   2.467447491618632E-013   2.694692182515447E-025   2.467447491618632E-013
    22   10   5.789579593435773E-013   1.509461647793122E-024   5.789579593435773E-013
  </DiscreteSampler_grid>
