 -0.00000000660692562  0.00000279187169432  0.00002059763227989  0.00005876205201266
  0.00011388202716551  0.00018550254297473  0.00027040468116032  0.00036656587993803
  0.00047396734168489  0.00059668183702057  0.00072810579235943  0.00086772195658509
  0.00101440611584605  0.00117428555983987  0.00134800027697793  0.00153007876040403
  0.00170686289703491  0.00188498914745167  0.00206804169722204  0.00225184006136532
  0.00245878678356914  0.00265976384066924  0.00285791570705199  0.00306409431939138
  0.00329102126058865  0.00351376470617541  0.00373553142153929  0.00396193992728482
  0.00419635127863056  0.00443263851666590  0.00466872648859208  0.00490616702036078
  0.00515011507987353  0.00539980895971495  0.00564892796201857  0.00589444524263437
  0.00613551025556372  0.00637352883389004  0.00662575524759825  0.00688049693242438
  0.00713789253931891  0.00739385818849124  0.00764889211781469  0.00790217242916335
  0.00814944316074957  0.00839362949150608  0.00865009303061609  0.00891898432275703
  0.00918332753566161  0.00944225627615937  0.00970052499619288  0.00995301759868114
  0.01020318985116280  0.01045061676602669  0.01069100639230070  0.01092814308128029
  0.01117557045580927  0.01148308169333152  0.01179210011244579  0.01210315416839346
  0.01242418759511394  0.01279235233995198  0.01322047238438763  0.01379072344912626
  0.01482599768373555  0.01641922704792676  0.01766298439170644  0.01866485190777534
  0.01967524358753199  0.02064134091754287  0.02157680315472819  0.02247931209981188
  0.02335405993034914  0.02423898218980000  0.02516593732603220  0.02614534104730256
  0.02714910523340100  0.02815014986425421  0.02915228250542517  0.03015925705688534
  0.03122465665919716  0.03238028979245331  0.03363885806656965  0.03503683062152263
  0.03649673566902848  0.03798487766039600  0.03947734425472244  0.04115155940815543
  0.04311004358464629  0.04543032293793661  0.04814995606244397  0.05142497847772530
  0.05692754977135763  0.06875687350432173  0.11615905812940709  1.00000000000000000
  0.00982435546757770  0.01452911187930584  0.02295106200655873  0.03281589436807329
  0.04314038757811449  0.05301352358085410  0.06265316012791897  0.07267075041979715
  0.08305881513876409  0.09347597640017498  0.10396202180615309  0.11458261407864928
  0.12499568614356407  0.13535670294631602  0.14583510111745332  0.15667835082494477
  0.16779706956338494  0.17833203962243860  0.18902157645128517  0.19966508096815247
  0.21058692965480133  0.22117005966873471  0.23162553911610778  0.24120515678242127
  0.25109713780294335  0.26100859724121894  0.27095804329121564  0.28011339435556765
  0.28929330709069756  0.29907180502811731  0.30940388788868173  0.31940241804874453
  0.32952272752588546  0.34043621896487375  0.35204070614741839  0.36317263848778303
  0.37398135983263986  0.38457312576635799  0.39511730870212042  0.40543140923743975
  0.41615866167797799  0.42773639561322579  0.44021001608619736  0.45328412174761579
  0.46557609352926005  0.47675724780793949  0.48728098204474601  0.49729164334943771
  0.50732440390250355  0.51721691265097824  0.52709889730665083  0.53681351278182410
  0.54634087670291809  0.55600984160157252  0.56606224395314197  0.57617381279114765
  0.58594931034420561  0.59550423738955582  0.60534214341024717  0.61549396569072401
  0.62586491730573779  0.63634928244787714  0.64720725945138713  0.65837109222525514
  0.66904849526305687  0.67907505204193119  0.68897234677426189  0.69881909029089484
  0.70856262476726584  0.71786256064264264  0.72710597863092552  0.73679728277660361
  0.74723517709400211  0.75832159131422550  0.76962341473751916  0.78118345982554738
  0.79259969591464996  0.80341382443391673  0.81393339783330509  0.82461330751760953
  0.83521408066743896  0.84543815088314045  0.85538436160778419  0.86578997175280237
  0.87646098666907235  0.88764998004721485  0.89911930236323212  0.91065223877277568
  0.92139916300678004  0.93147207047426528  0.94145383201710220  0.95117902904613427
  0.96078294211135506  0.97068144956502189  0.98051792961009865  1.00000000000000000
 -0.00002077167075531  0.00025858848732154  0.00074864685125713  0.00150583508130433
  0.00257445634911672  0.00392340379376869  0.00553445869403285  0.00740250643330131
  0.00942742057942040  0.01164149967495971  0.01420281132805034  0.01699700829248310
  0.01973086360789881  0.02274702391237014  0.02613017517111172  0.02989589005980018
  0.03402618082086603  0.03839813434333075  0.04234817521143579  0.04623284893115129
  0.05022664286560322  0.05439586490749388  0.05885964269973332  0.06366643453398353
  0.06879760019043936  0.07410484889763524  0.07961499045197548  0.08530572049617681
  0.09111700255244803  0.09732132709029806  0.10404386805758457  0.11049446043584041
  0.11669775528215695  0.12293289505399230  0.12915827533872890  0.13564714803026270
  0.14193940721183188  0.14847666612111818  0.15523575341498116  0.16198985123760024
  0.16893642618384580  0.17575909047817065  0.18268288926217927  0.18978190045739948
  0.19686123703392738  0.20481383920762203  0.21321744109983193  0.22190983229607086
  0.23130322228518102  0.24137585526796637  0.25071927181210990  0.26005287803222893
  0.26973814645807531  0.27975951646136804  0.29034248280481778  0.30116760408465792
  0.31179316085771319  0.32232833522259546  0.33276471938083940  0.34307567791462834
  0.35414162469532606  0.36535023618984225  0.37681258976875603  0.38881603935244824
  0.40145003774357951  0.41421023564182646  0.42719413045210269  0.44177267345486226
  0.45517233381182265  0.46906666584712003  0.48335018214406100  0.49816541990613500
  0.51323719783296873  0.52826532300115392  0.54363255503290808  0.55907620950126002
  0.57416648217784927  0.58895126433294176  0.60382622394644336  0.61905441139839779
  0.63488407887649723  0.65158218378913990  0.66918280216739345  0.68729834875209228
  0.70470678320146241  0.72276873303448153  0.74105898690856453  0.75956331330537652
  0.77830807672510727  0.79611154286870123  0.81531856284121018  0.83717579656449193
  0.85965989284237954  0.88046797889815243  0.89669028637923398  1.00000000000000000
 -0.00289664721972398  0.01206323873077702  0.02389904912139947  0.03612341238729723
  0.04765108821630104  0.05851922410911156  0.06974612904229538  0.08036573024331169
  0.09076069774592423  0.10060371271967440  0.11079689759111661  0.12169125980338494
  0.13299739063463056  0.14448472039537003  0.15555280235951074  0.16649610667951642
  0.17701397219681800  0.18743432856465386  0.19782232531406102  0.20832546630351201
  0.21890998689161029  0.22943128208037375  0.24044426222934498  0.25167461937462987
  0.26333212602977374  0.27510404947151867  0.28610737289671612  0.29702223651412124
  0.30792984367783188  0.31880232640077866  0.32974676748809961  0.34085858526603074
  0.35178735067666617  0.36231110673037731  0.37181174111643034  0.38248013952724030
  0.39323103378431523  0.40556747955959721  0.41744662723881693  0.42856177694599035
  0.43949295896195611  0.45049321738853942  0.46141356419017709  0.47253992810827833
  0.48402931521329429  0.49623048512736606  0.50751398165016226  0.51851254147487691
  0.52977721725592031  0.54113138274855233  0.55253860880177419  0.56386790057774094
  0.57520632591117837  0.58657312109692350  0.59775479869780368  0.60884603547799065
  0.61962445554108780  0.63007882398730719  0.63998680945606157  0.64994289942150962
  0.66017839606012674  0.67090616234683487  0.68164813898412424  0.69246258169480657
  0.70236598588560883  0.71241856600283238  0.72245381378520979  0.73246539523183396
  0.74186492624159284  0.75141327806930314  0.76136671768142872  0.77129623267216785
  0.78109226422064804  0.79090573318348867  0.80118455977791514  0.81108163630111951
  0.82070527920515657  0.83052570108887802  0.84076469451484526  0.85090742898492600
  0.86118548207380519  0.87077983250779800  0.88061642497462889  0.89025159853775626
  0.90021302795140468  0.91042495728282247  0.92062771592307202  0.93103081768806117
  0.94068303028248990  0.94974605454944760  0.95859846567662843  0.96734063005666981
  0.97610877406724894  0.98434691358808046  0.99222252482378592  1.00000000000000000
 -0.00221155582015361  0.00815675289339594  0.01739705664659195  0.02765114300560250
  0.03856470062442042  0.04834656017399529  0.05781651601146064  0.06745226278440826
  0.07725525322658519  0.08709240758238339  0.09626443298034752  0.10582868587458724
  0.11628578276484582  0.12726766747038049  0.13812778424934608  0.14865005095742151
  0.15866252798450578  0.16867144310230991  0.17859339059214596  0.18834357863435741
  0.19772178159421619  0.20712099585819990  0.21703154775865530  0.22784651919744683
  0.23917035885554244  0.25015949549905253  0.26043353161164756  0.27039755051383391
  0.28044472398280101  0.29059376324853503  0.30085528433633257  0.31113970632894838
  0.32142333364070358  0.33168228953236872  0.34236301004531638  0.35304335730776282
  0.36345461452930561  0.37394563285884258  0.38440245194392514  0.39480088032247301
  0.40489307971214872  0.41509438758639172  0.42661758277648443  0.43835104613954251
  0.44982949732983751  0.46073757960710127  0.47164929257714588  0.48223529957844113
  0.49285952931106219  0.50349684961938246  0.51456535692511152  0.52564508152420131
  0.53647019059237355  0.54741355594242580  0.55763918604453766  0.56793673508118048
  0.57868464313575951  0.59023460224535507  0.60237099777250203  0.61353910238982212
  0.62409623454107110  0.63477817478070386  0.64520276755764294  0.65529135861131926
  0.66559711885159900  0.67667314407716550  0.68813135971062322  0.69934065275043633
  0.71037346886417052  0.72130685043883891  0.73216577355665402  0.74300595181882911
  0.75410916269275652  0.76561488343742701  0.77702549836198975  0.78811628261846989
  0.79905432161986445  0.81000467026514256  0.82084546824479077  0.83095711941053974
  0.84084654568710948  0.85068683826450830  0.86108445400690403  0.87190731170767943
  0.88249382437883050  0.89262480950719247  0.90290836161461163  0.91351597328240153
  0.92421066885024239  0.93495739801206001  0.94588465904181451  0.95722237959966883
  0.96805407551725353  0.97894519523927703  0.98937887994595475  1.00000000000000000
 -0.00246970216971969  0.00950977438237577  0.01951241880049153  0.03034894202660648
  0.04154534099343426  0.05330648873409313  0.06511204839184699  0.07653341943022472
  0.08717694696857498  0.09772732153859766  0.10846372736756055  0.11908454762560124
  0.12976501446434832  0.14084402994707490  0.15283429132194193  0.16501186796510950
  0.17672781889553518  0.18796168566949376  0.19893138287608353  0.20957677716934561
  0.21993775335271865  0.23019961865216809  0.24008514163188849  0.24988183152638199
  0.26008206666171363  0.27055647548847322  0.28125670007716203  0.29201728788783782
  0.30366881708411403  0.31548852439084424  0.32676779485941232  0.33803767918875566
  0.34879666410081717  0.35947715628727867  0.36939247351895838  0.37904484695577983
  0.38850219499448224  0.39820583218033589  0.40846520541996623  0.41873332200054680
  0.42928893514384092  0.43968416762199214  0.45018128725271261  0.46057325777552688
  0.47077268188339705  0.48145867450696994  0.49257994246760617  0.50346550625982689
  0.51410586205488684  0.52455626798344435  0.53484708489939070  0.54513727954407809
  0.55525753077993989  0.56561438452766100  0.57600400771606564  0.58696490192681294
  0.59837377576527429  0.60938679959759057  0.62015603286594501  0.63086062491261297
  0.64146165449497383  0.65212022464564867  0.66319079299437211  0.67483866044949070
  0.68629697530200828  0.69684197059946895  0.70710683620371295  0.71710783350261875
  0.72682552837442937  0.73628822498002844  0.74568024506125463  0.75576333219247005
  0.76606595870265326  0.77659722317638358  0.78753343917554763  0.79787945550808381
  0.80816452061953759  0.81832120151256937  0.82825084603264132  0.83794685131670099
  0.84748933710514640  0.85728188028297714  0.86746417476056414  0.87736790402569986
  0.88684500737159444  0.89665188071405977  0.90697055054010911  0.91719810204487262
  0.92765926342571703  0.93768939129644546  0.94908803191115765  0.96028789797785286
  0.97070308669038330  0.98084476835470202  0.99036719049685684  1.00000000000000000
 -0.00272790317266942  0.01048562584998923  0.02146945438495425  0.03287707606634890
  0.04431307878119659  0.05592925653078824  0.06709279943615863  0.07773397428834969
  0.08846209815211538  0.09901899542258254  0.10956766897089425  0.11951268953483797
  0.12930014798214681  0.13899142138962045  0.14871411271805643  0.15771169930704582
  0.16655504602324966  0.17570883611419058  0.18498799043856962  0.19469469724796398
  0.20447230030610361  0.21455763162048974  0.22490151666683272  0.23465941939841106
  0.24411249615112640  0.25407672392620051  0.26516323282746601  0.27643215464132298
  0.28757252418481105  0.29813666893306484  0.30815223919403684  0.31806419596659530
  0.32809546645265419  0.33866534239662116  0.34922744071123973  0.36125396298461876
  0.37452699179390864  0.38524210276529641  0.39588780571815935  0.40633278506255560
  0.41641750258180471  0.42645677400422410  0.43633739667177146  0.44768481560281109
  0.45946726838744345  0.47163278859279212  0.48404184500292358  0.49597834479413133
  0.50721640767949283  0.51777328014277435  0.52816541669157058  0.53867164243826682
  0.54946157151879105  0.56067463366289649  0.57228049889427401  0.58428139048886873
  0.59627312846483438  0.60805565225186820  0.61913943916254288  0.62999920963354061
  0.64090989552760358  0.65148197412421316  0.66203424287146584  0.67245063319930598
  0.68293311283748426  0.69347926961690676  0.70386437708470406  0.71395130023683739
  0.72399111358114376  0.73460295645784768  0.74547314380660878  0.75584772867959782
  0.76563991926880604  0.77562563202778079  0.78597451800963070  0.79619494411049496
  0.80619873612845450  0.81620015798888434  0.82682613873223543  0.83723588552531436
  0.84767465085168980  0.85757974243615642  0.86687705799352222  0.87628429270304309
  0.88583678080437844  0.89577934646822599  0.90573832490727391  0.91546929690377554
  0.92517485595009175  0.93524480379748809  0.94508453131468695  0.95572076227823743
  0.96613382612356269  0.97736907516372951  0.98845358966001573  1.00000000000000000
 -0.00230398654071612  0.00895590326177128  0.01871338644645449  0.02831229208021493
  0.03826060789060223  0.04970784804350015  0.06167861480297415  0.07261241914466288
  0.08295489660913588  0.09313586165130279  0.10344728020746621  0.11297732783697714
  0.12224325818222606  0.13163049054937359  0.14131177922614938  0.15119902268297658
  0.16131419483293155  0.17165578833568557  0.18301971162612404  0.19487413878722740
  0.20683011675559426  0.21865235621090229  0.23035844887131585  0.24222292862682684
  0.25434745694212030  0.26567528596192813  0.27662120093483678  0.28744971614272968
  0.29842088542564077  0.30939854808005263  0.31989210910849897  0.33033377503949374
  0.34087006727954638  0.35165868887728036  0.36258393894119723  0.37375408717092623
  0.38543141689829391  0.39689217447828351  0.40747037996519064  0.41797939769609183
  0.42831875250011270  0.43856901152599298  0.44866170426228252  0.45897866685409044
  0.46934965005629953  0.47944129486606418  0.48886001291204995  0.49822562200329107
  0.50758406520098642  0.51746254009493531  0.52782869370986540  0.53807798011922037
  0.54819586341551352  0.55834953765461481  0.56883165468703478  0.57990580054849505
  0.59135198620842222  0.60273228202809204  0.61442634595179257  0.62577221031715224
  0.63589760693637032  0.64575066015730320  0.65551868475580810  0.66518215809452153
  0.67471438991194843  0.68382058051610217  0.69381462715985642  0.70528948006090741
  0.71718222070055393  0.72933724156266733  0.74146590387860245  0.75342972836055799
  0.76492375408154500  0.77581518732761801  0.78626074964922976  0.79644286873288739
  0.80635431969878324  0.81647998179699344  0.82688653257931422  0.83759540227581142
  0.84890455954205279  0.85922045286313586  0.86905950117261566  0.87875772662535190
  0.88883027591029673  0.89873448959681512  0.90834074008699028  0.91794248472459283
  0.92746544495805072  0.93716254991347903  0.94718528667476931  0.95706456646015825
  0.96743893460254038  0.97753611379720851  0.98875011198155782  1.00000000000000000
   3.2942439089601108E-016  -1.0000000000000000     
 F F F F F F F F F F F F F F F F F F F F F F F F F F F F F F F F F F F F F F F F F F F F F F F F F F F F F F F F F F F F F F F F F F F F F F F F F F F F F F F F F F F F F F F F F F F F F F F F F F F F F F F F F F F F F F F F F F F F F F F F F F F F F F F F
  <DiscreteSampler_grid>
  grouped_processes
  1 # 1 for a reference and 2 for a running grid.
  10 # Attribute 'min_bin_probing_points' of the grid.
  1 # Attribute 'grid_mode' of the grid. 1=='default',2=='initialization'
  0.0000000000000000 # Attribute 'small_contrib_threshold' of the grid.
  0.5000000000000000 # Attribute 'damping_power' of the grid.
 # binID   n_entries weight   weight_sqr   abs_weight
    25   10   1.244762700977471E-012   2.957959121089836E-024   1.244762700977471E-012
    28   10   1.174359590210015E-012   3.439509255641314E-024   1.174359590210015E-012
  </DiscreteSampler_grid>
