 -0.00000036195129593  0.00001517679424789  0.00006216616313961  0.00012989559174590
  0.00022031285232408  0.00032020754604748  0.00042413047001445  0.00053771285501335
  0.00066268156000025  0.00079038114795267  0.00091464613822106  0.00104304001374509
  0.00117252566203378  0.00131187820907615  0.00145309251580423  0.00160181582401901
  0.00175829726281331  0.00191198068292281  0.00206241532950420  0.00221905802103036
  0.00238172518120241  0.00254779547564183  0.00271658730957324  0.00289915243673135
  0.00308716929918190  0.00327538464572815  0.00346048814627699  0.00363991893690310
  0.00382035955331338  0.00400662603963099  0.00419168024169875  0.00438081259865098
  0.00457034164432643  0.00475608416952161  0.00494007516737625  0.00512458842881032
  0.00530681260448196  0.00549517785233064  0.00568029186295456  0.00586464561837944
  0.00604848710496513  0.00622678761834311  0.00640440752132986  0.00658258003625075
  0.00676106808639729  0.00694067575206134  0.00712121309753827  0.00730137215692093
  0.00747960229817869  0.00765283460639793  0.00782097797424801  0.00798961558269815
  0.00815237130836446  0.00831547676530003  0.00848676515031573  0.00866208041725387
  0.00883484850019519  0.00900201700140307  0.00916432838194960  0.00932296235191939
  0.00947463028866920  0.00962266711792524  0.00977179196268039  0.00992620197323899
  0.01008626191272880  0.01025044284787138  0.01042339377543017  0.01060204204361423
  0.01078065507294138  0.01096906262091119  0.01116314486860821  0.01136190001509029
  0.01157020573643208  0.01178685040729094  0.01200639817845013  0.01223702254589313
  0.01247827255593941  0.01273122371396257  0.01299770176377768  0.01328333533412042
  0.01358842623974176  0.01390163959877078  0.01423674341615582  0.01460082122636893
  0.01501355220738122  0.01551488704279025  0.01609653442169869  0.01674138855867491
  0.01748202501928282  0.01829673509293028  0.01930284039020227  0.02091644332416792
  0.02328387831302599  0.02940219682330906  0.05171612674657150  1.00000000000000000
  0.00924516964944933  0.01661510336659741  0.02645549408627605  0.03694955667036680
  0.04723921160144526  0.05747804706448841  0.06812934669468890  0.07860824019035458
  0.08876486636793886  0.09880220183052682  0.10907351270032126  0.11943084803339397
  0.12984514769984287  0.14017380086589346  0.14999218918740956  0.15921818062602294
  0.16883728120629110  0.17851456255425005  0.18820405953150357  0.19775651209427270
  0.20630304824131387  0.21637356032412614  0.22659623996085382  0.23687026253523732
  0.24730500120879170  0.25771927176782794  0.26794518033795811  0.27793489073630417
  0.28780802187248455  0.29809708950467534  0.30894661498030557  0.32027503453047124
  0.33202956459248029  0.34384796902993731  0.35535976194899593  0.36625634570958415
  0.37668594624997337  0.38701571990096567  0.39738931187521914  0.40808099073534315
  0.41934378805633765  0.43091106726631095  0.44206215695210671  0.45265830942707636
  0.46303864030917463  0.47298460958964200  0.48342333263895382  0.49414641479499577
  0.50449183312818502  0.51471182990997599  0.52512290014467966  0.53608928495852493
  0.54639864794902615  0.55620920723031353  0.56564281439707742  0.57493898975478475
  0.58414444146675715  0.59382776863782738  0.60389958072186378  0.61472379513887954
  0.62587280626386543  0.63672126087067793  0.64711632944899822  0.65692778792344020
  0.66644327484338861  0.67618396794651603  0.68641067293231350  0.69702217980602343
  0.70752286309503076  0.71764743570151202  0.72775341572295005  0.73820397310142316
  0.74921037759876297  0.76066460686572057  0.77198588824094305  0.78270474923004107
  0.79281191295200137  0.80267389575286274  0.81260485779146019  0.82265250464033191
  0.83302629109953186  0.84394310633081882  0.85534935812253954  0.86700359075294697
  0.87830524366165952  0.88946355818900180  0.90029761126233343  0.91108087733828991
  0.92165610975920065  0.93182030053652865  0.94170615499784460  0.95109663479662143
  0.96046616514587013  0.97056463400627957  0.98097999238978562  1.00000000000000000
 -0.00241129765519675  0.00915258207875831  0.01923937505558836  0.03002026401010750
  0.04135760282206117  0.05246832772408982  0.06241521374774973  0.07221349071177000
  0.08229045373719186  0.09258093518095721  0.10257590945677798  0.11201459083972166
  0.12174362826392186  0.13100219197684448  0.14024636226895351  0.14982105033771129
  0.15894028429040766  0.16797630239154679  0.17691281080366078  0.18611765059579224
  0.19606786169790283  0.20625105193841217  0.21612343929687994  0.22596694531271150
  0.23636160665225256  0.24712103517881778  0.25789637678010474  0.26858343136845475
  0.27994085537878544  0.29186234664867972  0.30347785070680677  0.31473998386303781
  0.32560135213007235  0.33614889327089875  0.34646962950568355  0.35676147709057821
  0.36716285581344110  0.37758288766179787  0.38771598104186111  0.39734024448075789
  0.40662050043660952  0.41646663696275449  0.42738855765965555  0.43903918054442742
  0.45013057165171594  0.46100484770228572  0.47205180709485062  0.48415786467023275
  0.49659946802090610  0.50870523552567004  0.52003646940140913  0.53016293571704154
  0.54012163708340299  0.54989026940244856  0.55924108796066063  0.56834776186356950
  0.57751878422890435  0.58714042789611642  0.59729461317531762  0.60802593954810957
  0.61909436160509090  0.63004125011033019  0.64082411511035831  0.65187935976359934
  0.66321219196180325  0.67423288132760995  0.68499881051568867  0.69562581777707644
  0.70612336290721356  0.71667255959864518  0.72702825757805711  0.73755895992760467
  0.74824927283553966  0.75915017431542220  0.77072204656355492  0.78122488093357456
  0.79190074017507373  0.80262899648659480  0.81359315784085229  0.82382515598750627
  0.83433296982174843  0.84478571728488439  0.85537855620586922  0.86630115017139386
  0.87761774214970334  0.88935120335345452  0.90062291371572600  0.91207079344262643
  0.92381978598204051  0.93525118993646772  0.94653343431471970  0.95744927696457605
  0.96832640955971350  0.97917237494310327  0.98995691131411445  1.00000000000000000
 -0.00271621143590285  0.01009489769397832  0.02111952993600735  0.03182332811094698
  0.04212519408213949  0.05234407383672264  0.06292970023419367  0.07409487833813039
  0.08538673754165819  0.09616455887303596  0.10710949860843458  0.11841031744736291
  0.12901826992878454  0.13965580622745491  0.15031627982545531  0.16049518493955306
  0.17048114181857374  0.18070598231561191  0.19181302531253874  0.20251007789491957
  0.21298574784948379  0.22411012198746511  0.23461679420537535  0.24451767955680134
  0.25417354501642769  0.26419885804818993  0.27471813229242109  0.28566081232887602
  0.29633849862954753  0.30689606179051171  0.31733063143706597  0.32760957501220750
  0.33805855979014343  0.34851663644800435  0.35943726790737723  0.37041471161699752
  0.38150034980695990  0.39291127494872369  0.40483787527333831  0.41690002782760216
  0.42853390770042576  0.43938119125436120  0.45005253980780685  0.46061268196230215
  0.47141773898939932  0.48250781958141575  0.49303215962548680  0.50343222988356318
  0.51392043295881507  0.52484891766305664  0.53583031911772805  0.54652028858059687
  0.55715681796776995  0.56779079184261372  0.57838236310140534  0.58887018738444830
  0.59943797360549955  0.60961592018667754  0.61930649102816582  0.62909333682460278
  0.63942561470037218  0.64982400694598697  0.65928454194071118  0.66846787284784370
  0.67835593523429150  0.68859626358853532  0.69843814672762017  0.70813352778619132
  0.71875411079631690  0.73004981449529027  0.74119115398988578  0.75193187196473799
  0.76216519142985240  0.77240708886744081  0.78294947061420617  0.79299135456741843
  0.80269455289948444  0.81254715127158406  0.82347874728285031  0.83468547063640908
  0.84541694197313821  0.85614549759877656  0.86680742620795881  0.87714827902556558
  0.88724475010272752  0.89739995838840469  0.90780352774362838  0.91772497935219532
  0.92759285679706582  0.93717873233106408  0.94782881059749113  0.95895188449315827
  0.96961239422817203  0.97983217278169521  0.98995396240722278  1.00000000000000000
 -0.00242935782640760  0.00974629120005722  0.02009934271215050  0.03136078291106442
  0.04174608034905633  0.05207601683644561  0.06253658835077845  0.07451162092330886
  0.08556247262642284  0.09615777780925483  0.10664395019302883  0.11733611229742803
  0.12854816661999646  0.13978022577935090  0.15082011274543686  0.16167624711581252
  0.17217238097773177  0.18238753861640711  0.19251511294455989  0.20276227411845318
  0.21342968909441756  0.22445628050342298  0.23500852680848514  0.24511592623230888
  0.25500675741959755  0.26483006373247309  0.27482631773533606  0.28480428956283083
  0.29511970129170867  0.30572532680216002  0.31625498196626817  0.32643346809316087
  0.33646959073947413  0.34697484324379546  0.35790710834808465  0.36857157186263045
  0.37877501433680527  0.38810029045402150  0.39761914691121469  0.40665190105439908
  0.41558175751767223  0.42455125138900218  0.43366646635198797  0.44307436847885551
  0.45300189465812213  0.46303217670274022  0.47306737312024105  0.48318801025064723
  0.49304247522543954  0.50249718937027610  0.51199002658406412  0.52204450539804881
  0.53257399812746598  0.54343092281924144  0.55425850860635562  0.56489076011224448
  0.57528561113473364  0.58591248499232373  0.59722628207814721  0.60839572379567031
  0.61931254602921770  0.63002423014296838  0.64137080322244922  0.65299244240482290
  0.66479245893609484  0.67678511282209930  0.68906341166468787  0.70164979729501586
  0.71410895063288082  0.72636117714831627  0.73723248096843974  0.74754824390812824
  0.75791573543755597  0.76858449349387536  0.77958983242394986  0.79065542079844975
  0.80144486802895976  0.81244639469242974  0.82336079685347885  0.83414286077645250
  0.84488705149731069  0.85593757426715600  0.86672878395210751  0.87720416734793827
  0.88771862108654898  0.89805318750860652  0.90781577861524532  0.91744232212061072
  0.92747492893494854  0.93742136420951472  0.94850697317865906  0.95995141739278755
  0.97134158264731796  0.98168075241346442  0.99130090766223677  1.00000000000000000
 -0.00235313339731800  0.00885222855314301  0.01917776638692531  0.02941509324125107
  0.04025226888335671  0.05191832157116483  0.06346603299995941  0.07464831209017310
  0.08521904720572124  0.09527251524095161  0.10526168967302381  0.11534052477342610
  0.12535792104551918  0.13554126507645980  0.14604758826130507  0.15731432161430545
  0.16844712657207786  0.17887941876085159  0.18914936571005664  0.19915402563622714
  0.20945141889075092  0.21990453073900615  0.23015920162650508  0.24007386198013969
  0.25019368679534837  0.26045778038679196  0.27081058282394532  0.28050859835139696
  0.28999513663351573  0.29989248448425709  0.31017558563538505  0.32070010397682197
  0.33160580878763823  0.34300781797191526  0.35432556722815722  0.36487881405159439
  0.37510267195345842  0.38561033790480165  0.39633374189533976  0.40708640487757691
  0.41787150101312664  0.42875441660094304  0.43966418871043517  0.45036697371104423
  0.46097000236851537  0.47169519006833571  0.48260318073889402  0.49320218428977614
  0.50334645532542621  0.51356555105467772  0.52438947494315180  0.53583331549789703
  0.54728704839278086  0.55837145995805337  0.56909896303305429  0.57963309348641934
  0.58980725356276409  0.59965463520328088  0.61019463760074211  0.62134826088522876
  0.63247297366261346  0.64324196242083687  0.65467096376985856  0.66604418249892672
  0.67646822887339386  0.68706170663642652  0.69797333740270862  0.70889389857010043
  0.71924904323413585  0.72949977305978464  0.73992902775348379  0.75002718642816568
  0.76021626495845762  0.77060731300403373  0.78142028254095630  0.79245937153811141
  0.80371979284879380  0.81528271247866635  0.82700104024492260  0.83835256531036462
  0.84930455358332446  0.86011555590888800  0.87076502111630361  0.88161981769100417
  0.89248576865906282  0.90305222221686687  0.91304332377786190  0.92267618205641877
  0.93228500305166773  0.94157585460837812  0.95069859255098832  0.95964396697162024
  0.97056547340170563  0.98055264995798275  0.99050751988209307  1.00000000000000000
 -0.00147135839609806  0.00451553616895285  0.01071533368780528  0.01690732885839839
  0.02302465270271046  0.02915081214385255  0.03536648730938315  0.04169710426529323
  0.04809526389229755  0.05459819280259256  0.06110113658418567  0.06715540153403658
  0.07315959701409154  0.07930464902936442  0.08592820654946978  0.09284155948757761
  0.09952407847261215  0.10618808126851985  0.11289895788668038  0.12011499870106941
  0.12768082607503800  0.13561876388748001  0.14383925159053079  0.15211027287944098
  0.16034100775865098  0.16885381229574556  0.17787999842387953  0.18723513127845165
  0.19658389534514037  0.20606341361861208  0.21603561198348825  0.22650774895778297
  0.23743707832307911  0.24914728159987551  0.26177368278101310  0.27508292528890249
  0.28852124304619764  0.30211309768499678  0.31618283588841167  0.33156068726540955
  0.34729728572096297  0.36412026679118725  0.38196558673744851  0.40025163381469309
  0.41863954849660651  0.43742358955962929  0.45706265533027629  0.47773939169889024
  0.49880129216517372  0.52025577199167283  0.54002011836580044  0.55938500130954105
  0.57893670106188433  0.59906791921153779  0.61828426875591191  0.63560153030695665
  0.65191000243383812  0.66765212795931173  0.68268061951738956  0.69723201870080087
  0.71190492206319833  0.72660738448387208  0.74041111233452550  0.75351992031552173
  0.76633274890755065  0.77815584387943948  0.78865148569337518  0.79861970189989862
  0.80818698074048034  0.81755694469019347  0.82703648008186526  0.83649562633163232
  0.84583927278072923  0.85443066377960541  0.86206700252783031  0.86925880105310538
  0.87625878761775133  0.88355555987113887  0.89113495597247006  0.89862951672821356
  0.90609290403447496  0.91335911179744544  0.92027720074536579  0.92671752678120622
  0.93314294117317020  0.93927978153653136  0.94515061348280915  0.95094588468204344
  0.95690441502581125  0.96330040684582130  0.96991093984560450  0.97623031053201348
  0.98225891005175836  0.98826907258358709  0.99431027097781244  1.00000000000000000
 -0.00236500128702163  0.00842565706485084  0.01875523293868328  0.02981782627325374
  0.04125208137369101  0.05234653559887334  0.06352956056404163  0.07473286063432447
  0.08549504264122006  0.09648302442507289  0.10733600390512021  0.11842225175747396
  0.12921730426201800  0.13996785017885391  0.14998207669328908  0.15963440904903309
  0.16960734701819427  0.18016394549634107  0.19110837807830583  0.20180385176892837
  0.21238990603974300  0.22262016809957114  0.23261389693745693  0.24281030973392012
  0.25331439763397107  0.26406411901222554  0.27406812158444138  0.28403229932681523
  0.29428102189473132  0.30531151493963399  0.31706923881362875  0.32846542319423255
  0.33910890688909007  0.34938013923899136  0.36005951226787947  0.37082502899833231
  0.38202829480439138  0.39353676534989318  0.40504153018904709  0.41624332188586660
  0.42660873658549564  0.43656322585091750  0.44659151641715183  0.45693446384363384
  0.46784774268866164  0.47908797282980242  0.49028338950256994  0.50100519690972789
  0.51115921239101469  0.52141693183939064  0.53223282828521690  0.54349119037109728
  0.55443549641253242  0.56537448882579933  0.57661179465604384  0.58693605087960521
  0.59612052355002776  0.60498264046896244  0.61396771201342137  0.62321558196371252
  0.63294614214681555  0.64247740944490683  0.65204348094738263  0.66213009270160406
  0.67230921713068881  0.68246485913406774  0.69290486671245333  0.70307204326532446
  0.71273488631271487  0.72198945647875268  0.73173304343353440  0.74230409023355393
  0.75319167946684096  0.76418363807601819  0.77521696049618993  0.78618773363161387
  0.79674907663278971  0.80719521945055062  0.81790522484989581  0.82867000096953480
  0.83913568216470680  0.84964069107036810  0.86014204459210886  0.87031099594998873
  0.88068042608213981  0.89066550328942518  0.90073166383052738  0.91110283647433987
  0.92183954543358970  0.93257136319043488  0.94322134119103740  0.95393798199636448
  0.96523153122863592  0.97672184443233978  0.98828587446124572  1.00000000000000000
   1.6613780023873073E-014  -1.0000000000000000     
 F F F F F F F F F F F F F F F F F F F F F F F F F F F F F F F F F F F F F F F F F F F F F F F F F F F F F F F F F F F F F F F F F F F F F F F F F F F F F F F F F F F F F F F F F F F F F F F F F F F F F F F F F F F F F F F F F F F F F F F F F F F F F F F F
  <DiscreteSampler_grid>
  grouped_processes
  1 # 1 for a reference and 2 for a running grid.
  10 # Attribute 'min_bin_probing_points' of the grid.
  1 # Attribute 'grid_mode' of the grid. 1=='default',2=='initialization'
  0.0000000000000000 # Attribute 'small_contrib_threshold' of the grid.
  0.5000000000000000 # Attribute 'damping_power' of the grid.
 # binID   n_entries weight   weight_sqr   abs_weight
    19   10   1.704569166760662E-008   8.834007230945141E-016   1.704569166760662E-008
    25   10   4.632264150709504E-009   9.266039087707051E-017   4.632264150709504E-009
    37   10   2.209452512061191E-008   3.072747097077564E-015   2.209452512061191E-008
    43   10   3.018770955136833E-009   2.871459170257305E-017   3.018770955136833E-009
  </DiscreteSampler_grid>
