 -0.00040139697598002  0.00194754642038123  0.00593052501557895  0.01083634272132313
  0.01347814127193754  0.01445640867133482  0.01516783799488934  0.01584766253433147
  0.01653670941853742  0.01728091564400083  0.01806583159157408  0.01895146266691346
  0.01988504528183961  0.02080675137029671  0.02172958535398549  0.02272341525372274
  0.02378279965766990  0.02488508176233747  0.02603977586071451  0.02717495351120386
  0.02844823237996371  0.02968806534646948  0.03102044736113973  0.03244208567822022
  0.03391649779645883  0.03539326523805459  0.03679203003944526  0.03821453351326894
  0.03972540610699641  0.04137316222487177  0.04302599849635474  0.04455606428567795
  0.04602379982824375  0.04750480006018166  0.04903409645397029  0.05066947505986389
  0.05240644838137381  0.05394422290330565  0.05541333752066605  0.05696182257635129
  0.05864335897220722  0.06041090048381376  0.06219194824927586  0.06389304057462872
  0.06558579834580039  0.06723288147663833  0.06875252742938383  0.07020741656597958
  0.07172380776901610  0.07327106102732833  0.07491058938915943  0.07661923886165875
  0.07827181576424426  0.07998210590863615  0.08187769682433560  0.08398294152803876
  0.08609649973782951  0.08833313941556387  0.09064157537463322  0.09297357229581331
  0.09528101675205571  0.09757707565738342  0.09989210604323140  0.10208404068497659
  0.10415586110996154  0.10614031096392115  0.10824496913342081  0.11047818239358496
  0.11298574430738600  0.11543858411102229  0.11789572848342675  0.12058516526208521
  0.12350060306143122  0.12656172900826287  0.12971049208462726  0.13300582765502217
  0.13629015130520741  0.13972639879357349  0.14285238928403199  0.14593229798487017
  0.14920576712744171  0.15245755268390818  0.15610136040165623  0.16030701415746895
  0.16486107937600220  0.16981707529076012  0.17518893403764874  0.18151142791195110
  0.18854394610746519  0.19678199875447791  0.20758200013141934  0.22271724410977911
  0.24529009795063608  0.28183010271093728  0.36473649602756703  1.00000000000000000
  0.00870259392179941  0.01881655671761939  0.02996149759407399  0.04062496379686853
  0.05137296466759317  0.06245391556933466  0.07378532307619903  0.08510969834045827
  0.09697791798342958  0.10911801780071216  0.12025932119810420  0.13092186250993409
  0.14109153740318345  0.15122845630567822  0.16131353589684094  0.17154871520748638
  0.18189789054872971  0.19184336795536450  0.20120325691740223  0.21023785088894889
  0.21941106623618720  0.22935668350642505  0.24055256133191250  0.25205472501335691
  0.26287948892240753  0.27315606285823346  0.28326723766414441  0.29429418609711150
  0.30574231730276358  0.31604449504185833  0.32576425203766524  0.33533668383869913
  0.34509633458969402  0.35429185275678726  0.36363723118415348  0.37352066051510852
  0.38364452360108020  0.39413808039614429  0.40460365096383377  0.41460789755381589
  0.42521274504308887  0.43614557623685885  0.44704143029105309  0.45650822689157783
  0.46569126304084957  0.47482662423204303  0.48424461154712284  0.49462875218598251
  0.50500085162842590  0.51540735185955244  0.52571298539924971  0.53569886940778855
  0.54615414678121132  0.55786593191079992  0.57019997469620032  0.58218863205058946
  0.59339714793771359  0.60411971934194120  0.61468569290541364  0.62533378215900060
  0.63572917095655779  0.64607804827830817  0.65678038172763675  0.66762683108253640
  0.67848545735274934  0.69005081364839838  0.70189263097114385  0.71288760942453000
  0.72338488595697803  0.73354583207368540  0.74406076560322243  0.75496250549208943
  0.76572760238021298  0.77641493780093029  0.78719961495766155  0.79782475015832299
  0.80852299120372084  0.81955511694989214  0.83063451987710435  0.84141689877905002
  0.85157498165410284  0.86207059415973952  0.87211474586231008  0.88207030232706429
  0.89230879142075215  0.90254871152645855  0.91288370005827313  0.92277793518391160
  0.93306363664108494  0.94394931000975191  0.95472825550818430  0.96540720716244588
  0.97561878671053937  0.98545944951718956  0.99051726523174455  1.00000000000000000
 -0.00004056705705849  0.00017457310672749  0.00035913292998824  0.00055289273892955
  0.00075024228799340  0.00094445404225280  0.00115721572726959  0.00139770757780321
  0.00164657091151358  0.00188522813475269  0.00211248640996455  0.00234362707770873
  0.00257729466903961  0.00281074928518203  0.00303201437095106  0.00326359272570890
  0.00351170982684767  0.00376149709162771  0.00400126804529494  0.00423380052772905
  0.00446864194317756  0.00470532856704554  0.00494124947797068  0.00518129436082565
  0.00542431790031224  0.00566428431129114  0.00590531737934083  0.00614884648902414
  0.00639183959642233  0.00662431940479551  0.00687587076242110  0.00714093820455569
  0.00736257457618311  0.00759540512346262  0.00784265411850000  0.00811364886578451
  0.00839873336705015  0.00868151452367523  0.00895631935691409  0.00922130815907056
  0.00946273106507897  0.00969927886185648  0.00994106502757755  0.01020580078824787
  0.01048465150162647  0.01075350505759274  0.01101839179628446  0.01129446496343537
  0.01158722807761267  0.01187751257085159  0.01215405375427478  0.01242509261821753
  0.01270077215391999  0.01299003596643976  0.01327702120584669  0.01356901072741840
  0.01385339301892387  0.01414637558374359  0.01443064024015332  0.01472456725866041
  0.01501757444459074  0.01532333819070331  0.01562992105549528  0.01594211284818031
  0.01626047813730406  0.01656971948139232  0.01688070818730377  0.01720090008544465
  0.01753207654838915  0.01787085460245943  0.01819971142903142  0.01851446990858765
  0.01882638599254340  0.01914604768461414  0.01947189882484749  0.01980716952743813
  0.02014536634952329  0.02047759286836331  0.02080004016036413  0.02109710639915874
  0.02137645703959589  0.02167041444248654  0.02197761488760910  0.02228034840439896
  0.02258617236742776  0.02290479010983465  0.02322672290217610  0.02353911117790297
  0.02385543118076948  0.02419098548541379  0.02454459388382704  0.02492125092589335
  0.02532472592009362  0.02570159123856404  0.02596452756233747  1.00000000000000000
 -0.00294520914988408  0.00969039162048418  0.02246537073286185  0.03496445115849358
  0.04733795725496030  0.05924360071723997  0.07076838186996821  0.08231510760579860
  0.09434564885738612  0.10673819722376171  0.11875347183696623  0.13028795083023639
  0.14197044244093573  0.15415040594068882  0.16657399179982157  0.17908421732627672
  0.19145130166659249  0.20355529718138096  0.21499270373998625  0.22599389491796265
  0.23676266447145802  0.24722157869862882  0.25724139365875287  0.26702606454058397
  0.27649718275443669  0.28590444412194754  0.29586330259714366  0.30646965176206709
  0.31787875473875438  0.33036147439392932  0.34343472921570772  0.35630027191926616
  0.36800737691881136  0.37870577006520773  0.38911509197376770  0.39975221943623351
  0.41077095387883672  0.42249547462639575  0.43401163098156598  0.44553793102976702
  0.45576805736193476  0.46597373787055907  0.47500727395767706  0.48441768127657325
  0.49469097793366645  0.50577134306927130  0.51601499776376336  0.52577086434595199
  0.53625733149322530  0.54729704254722789  0.55858284643958289  0.56925556042252401
  0.57932731344062516  0.58963892191471667  0.60060595503128844  0.61182956901335228
  0.62282681364216219  0.63392299320818624  0.64477394524191423  0.65540817998227041
  0.66602022675526185  0.67671828013177848  0.68729815393797999  0.69789718732135297
  0.70788395666916371  0.71700444800403051  0.72584806447229244  0.73536036247160541
  0.74593560805842740  0.75668811489980392  0.76687235807193443  0.77662825030825289
  0.78669850612062853  0.79750066547009058  0.80878946129960461  0.81977939293949476
  0.83006470527864140  0.83974902483615177  0.84881214220971279  0.85705476152746474
  0.86495008107237492  0.87277032241142283  0.88082187033613468  0.88896783290977677
  0.89813363934154411  0.90773301449899746  0.91767972084955707  0.92747198497565142
  0.93641485852525874  0.94524091128663346  0.95344154934217085  0.96196830498987373
  0.97176604788367082  0.98200996076596803  0.99166673305285125  1.00000000000000000
 -0.00288877543933943  0.00979035464643533  0.02213493510417461  0.03388674075444997
  0.04463998160983903  0.05497200864592044  0.06509211698455504  0.07477117465898458
  0.08468984066522146  0.09479502488036523  0.10566070893595368  0.11603032077847045
  0.12579698374524897  0.13510251032169138  0.14487225532880432  0.15572747890029950
  0.16721134437765164  0.17831879496000042  0.18896046967849742  0.19963554505482897
  0.21060652158818335  0.22147356198546250  0.23199307319822379  0.24158143888667843
  0.25087810371312341  0.26066817392666253  0.27053145532866796  0.28068167969786234
  0.29119592311216053  0.30189681688141190  0.31285515004766551  0.32336373629008375
  0.33349721377760122  0.34442206108352064  0.35527199613112270  0.36478903699124837
  0.37393056578154221  0.38364010449827124  0.39341218251948007  0.40262917599596854
  0.41337576092553696  0.42538624378790008  0.43698351947740349  0.44761407626451294
  0.45833030498475413  0.46934728025521444  0.47977138536114838  0.48982303999419313
  0.49983567896052444  0.50951488743074735  0.51911697256230194  0.52921331627264923
  0.53963615246136964  0.54952055776137509  0.55864313349723727  0.56874905713163837
  0.57954871652363693  0.59008095334170729  0.60088539983251454  0.61171912713691656
  0.62299843340665761  0.63399280814767089  0.64477840721210966  0.65596532945050057
  0.66719847975311564  0.67884852083099056  0.68985708643220978  0.70033251439913979
  0.71101140257179440  0.72244774419550706  0.73433084680405070  0.74505089344153197
  0.75575513323588250  0.76696858173006000  0.77771420865670138  0.78907126332773314
  0.79929016298093924  0.81015194185714334  0.81999464564100655  0.83067777916562369
  0.84084189103427609  0.85085816378510615  0.86067138546734756  0.87085390307208999
  0.88132509616836086  0.89290514180145264  0.90439878078207181  0.91519354432282618
  0.92603972176605120  0.93666086474135568  0.94704711896920546  0.95830772628911509
  0.97028787985743792  0.98144091691649082  0.99130626395106247  1.00000000000000000
 -0.00218910607329767  0.00886454730568879  0.01937944202018781  0.02963998260596191
  0.03936870110539961  0.04937486106579282  0.06029358209212719  0.07215586336189975
  0.08418408997526354  0.09542421454140082  0.10607382292902201  0.11665765425966808
  0.12781501180635851  0.13895178553611001  0.15014613967832485  0.16087485619352149
  0.17128986018536002  0.18145914712066785  0.19179490170863506  0.20182192115112546
  0.21207036387677386  0.22206921949494438  0.23258317179641183  0.24349077740554143
  0.25508108561426790  0.26747882005008206  0.28013015763406440  0.29254677053631761
  0.30428245524822822  0.31511127636766706  0.32571515763462677  0.33662485143811821
  0.34681048629098465  0.35625609492649246  0.36632041567808599  0.37731469462716760
  0.38847891516499183  0.39967287311666450  0.41068247519755008  0.42055328166772304
  0.43014284359756300  0.44015849018752612  0.45076508515590014  0.46212553166023662
  0.47327659419412721  0.48482418484937823  0.49518120014623163  0.50448803461668434
  0.51415035378115737  0.52329359435933376  0.53293516839721566  0.54348250523908248
  0.55445429800458379  0.56550055983794012  0.57633946742998410  0.58734559524890917
  0.59763393047311264  0.60822234935519548  0.61804505528005527  0.62803183020672704
  0.63873237867915533  0.64953855095387536  0.66042489657981895  0.67187341570074510
  0.68347513052680897  0.69502373834610676  0.70636764690707532  0.71754991830063064
  0.72865117771140597  0.73971095602529247  0.75082983002733228  0.76209873376586390
  0.77376947983748245  0.78528987957072904  0.79588332342136814  0.80586602288983156
  0.81554991026287660  0.82488771081636147  0.83413634628971567  0.84310068001711158
  0.85276597199122262  0.86341462946047265  0.87372051224552694  0.88330784773746596
  0.89358080887397728  0.90473852115958975  0.91535213750426780  0.92532832301676515
  0.93438744167263521  0.94251712678234534  0.95065815764569195  0.95961664226168208
  0.96930125477333207  0.97994598781545106  0.98970393306449089  1.00000000000000000
 -0.00207999846339479  0.00762205002063042  0.01871419267372415  0.03024839653917566
  0.04161118687178401  0.05284233850679302  0.06376892282727907  0.07457980049373140
  0.08458512594423094  0.09486716895110030  0.10533281666709005  0.11601232822009193
  0.12660595987878509  0.13681964821493617  0.14732995157341072  0.15866458078684012
  0.17026875550067724  0.18033735614752652  0.18902376286488620  0.19757122609193559
  0.20697174119420997  0.21750162928801470  0.22832823675564656  0.23996196750386353
  0.25128625383036546  0.26187486164456286  0.27201653079974630  0.28228031248635960
  0.29329712967469018  0.30518565634444467  0.31715694049406723  0.32788627481586075
  0.33728541099388426  0.34576426632733004  0.35467263306793551  0.36450428041102739
  0.37462080210659215  0.38545671951153104  0.39621596280246629  0.40703501838900202
  0.41767581273335747  0.42823477471910742  0.43821007513670918  0.44772590522645483
  0.45723762722990702  0.46644684115716450  0.47711210110312391  0.48881341046042664
  0.50014398136531757  0.51111452228838350  0.52215740503645325  0.53367198467814936
  0.54540957803839119  0.55687445473301544  0.56764313163522206  0.57801809439761365
  0.58858310007823400  0.59958004124698216  0.61089145214329099  0.62196736120871499
  0.63290535170988482  0.64340244453688400  0.65359960413184959  0.66369496748697632
  0.67384014336892628  0.68417325059788103  0.69473425692377766  0.70526520280518457
  0.71572321283588314  0.72601496882816152  0.73640614124617043  0.74683125352783553
  0.75673109301519637  0.76640275712213424  0.77618096376509094  0.78681213891330004
  0.79812311618415355  0.80943814513465229  0.82039016653494812  0.83175819346209801
  0.84333173111757220  0.85471585372111469  0.86616690145421704  0.87734900884341338
  0.88748603515380775  0.89664755509535177  0.90526617230986806  0.91564767765885691
  0.92629818481632553  0.93610741333444303  0.94551491582715352  0.95540179722661411
  0.96613837133731817  0.97749397177370589  0.98897922514802716  1.00000000000000000
 -0.00225231489118699  0.00904189178788277  0.01873944303221973  0.02772425516358579
  0.03785384465031602  0.04860325969558189  0.06023923733361183  0.07321284333878499
  0.08626631431639079  0.09917101815087788  0.11222298182577536  0.12495381045771817
  0.13631571135864057  0.14668291173343273  0.15683661846307628  0.16814300152690059
  0.17850074536605179  0.18676005891798894  0.19469738587349764  0.20274388494907850
  0.21283529112093200  0.22357793467979797  0.23412115976504891  0.24474906692648482
  0.25529815898643887  0.26527905097201188  0.27547562972982997  0.28659623663793254
  0.29828792551706923  0.30981668288051567  0.32094895131847573  0.33157407847143772
  0.34134303961317297  0.35078906042062014  0.36100377325740513  0.37171647351319614
  0.38273160910534920  0.39325957686013857  0.40387137499145492  0.41405284130869624
  0.42376202813192992  0.43411495212603679  0.44388203342111060  0.45279387512314173
  0.46323729506698402  0.47375934887106858  0.48447590287531095  0.49483336779734460
  0.50524428116589926  0.51536491704093423  0.52554063909949433  0.53491841073033930
  0.54460373822187724  0.55521387412766399  0.56725773085060860  0.57868146396238496
  0.58925573014702726  0.59979698434152051  0.61166445918416978  0.62390307911018617
  0.63605375898269167  0.64713779859708231  0.65763820749687218  0.66787296537176177
  0.67849212354663802  0.68891714241939916  0.69901046021753599  0.70901087126934814
  0.71945247125904033  0.73049205090810976  0.74118520523685938  0.75256936425831822
  0.76256889700420682  0.77233846846880150  0.78177377012052163  0.79149567284233313
  0.80062474938652461  0.80970487291624371  0.81969071278848715  0.83036402430602929
  0.84130322911090172  0.85157933476083225  0.86201777265726098  0.87327847827198424
  0.88432573511877888  0.89462490479612866  0.90582842321704005  0.91637079750500139
  0.92674157577793426  0.93747156700765810  0.94806898283943375  0.95893459387761493
  0.96885571778981971  0.97933671492154895  0.98964455538063023  1.00000000000000000
   3.7529074273276282E-020  -1.0000000000000000     
 F F F F F F F F F F F F F F F F F F F F F F F F F F F F F F F F F F F F F F F F F F F F F F F F F F F F F F F F F F F F F F F F F F F F F F F F F F F F F F F F F F F F F F F F F F F F F F F F F F F F F F F F F F F F F F F F F F F F F F F F F F F F F F F F
  <DiscreteSampler_grid>
  grouped_processes
  1 # 1 for a reference and 2 for a running grid.
  10 # Attribute 'min_bin_probing_points' of the grid.
  1 # Attribute 'grid_mode' of the grid. 1=='default',2=='initialization'
  0.0000000000000000 # Attribute 'small_contrib_threshold' of the grid.
  0.5000000000000000 # Attribute 'damping_power' of the grid.
 # binID   n_entries weight   weight_sqr   abs_weight
    19   10   4.904989853496625E-012   1.166906610768597E-022   4.904989853496625E-012
    22   10   9.172908451786567E-014   3.875879817570867E-026   9.172908451786567E-014
  </DiscreteSampler_grid>
