 -0.00000001172675802  0.00000603134501703  0.00004505836020642  0.00012543351015105
  0.00024013120714298  0.00039403013161104  0.00058808988253476  0.00080509885709399
  0.00104050228801333  0.00131973663664568  0.00162898845009626  0.00195290570956180
  0.00228382444159177  0.00262447849510153  0.00295340941721420  0.00333891901436798
  0.00371609926130826  0.00412676495756006  0.00453980200235853  0.00494158903206794
  0.00534466302368095  0.00576669643018439  0.00617811593338277  0.00661606193638273
  0.00706768717395229  0.00752380213749634  0.00798078868405835  0.00844306335772652
  0.00892899149204707  0.00941728420678347  0.00989010259095856  0.01033859847101835
  0.01079143843995302  0.01129307493218604  0.01187181996835424  0.01251887077131581
  0.01332408298379366  0.01464594885985510  0.01682044814310676  0.01863433409561282
  0.02022846550301419  0.02175278155396736  0.02318428449504438  0.02454092651111165
  0.02587867726590123  0.02718570159388066  0.02847333551264753  0.02975663321147346
  0.03103247076092295  0.03230015278782039  0.03357034821640644  0.03483966859067811
  0.03606092274728774  0.03727508928961931  0.03855571827681054  0.03983154311417055
  0.04116978359331554  0.04264780460977644  0.04415732293078457  0.04561654589745004
  0.04704738900009264  0.04850010789127609  0.04994917681761921  0.05140567343617426
  0.05288351524957655  0.05449148032311554  0.05628795777750904  0.05820007714794413
  0.06008022228683756  0.06197763560461763  0.06391352385302175  0.06587685740075086
  0.06781543622015711  0.06977445998770967  0.07197808817029668  0.07428987024563807
  0.07668335051230399  0.07917005766566990  0.08168175308437460  0.08425830396250945
  0.08688861141851796  0.08968953001472960  0.09280200881686410  0.09624021497008887
  0.10027924381397182  0.10461974755614198  0.10928204007034757  0.11432372800719504
  0.11995846505654760  0.12795440825264578  0.13661117438622641  0.14624339196083233
  0.16133985407186646  0.19785331669535189  0.31724625493584835  1.00000000000000000
  0.00886599513311059  0.01726419594557288  0.02749186918125911  0.03726822666488455
  0.04720140498500869  0.05705407936658474  0.06674390243348033  0.07626412253565963
  0.08599414663585285  0.09662692459196189  0.10709247526253310  0.11655684127241987
  0.12559619561504540  0.13470490196432253  0.14434207180549213  0.15442001150765980
  0.16498499109261550  0.17785692394414171  0.19191509944918653  0.20331790665866381
  0.21402995961831478  0.22366942899052467  0.23383332395494022  0.24403197895050785
  0.25426095616688771  0.26460341877287802  0.27516149474641560  0.28652520305182294
  0.29770954979512187  0.30818328541410805  0.31861358631988002  0.32849388945385521
  0.33876351751369871  0.34959134527335978  0.36113436323236320  0.37322896945810302
  0.38459032703176471  0.39613242366759771  0.40718372938478997  0.41863963132150755
  0.43009217708775971  0.44062563247437136  0.44983966751595517  0.45852913370078024
  0.46696829820902391  0.47549239692622491  0.48449557606175631  0.49353418728795706
  0.50267262108592303  0.51216237646307727  0.52188947959649135  0.53190759201183868
  0.54210710248684690  0.55204777124958448  0.56185834562149095  0.57191441379352292
  0.58143710894267053  0.59201607637189002  0.60219441347293912  0.61234327703775993
  0.62257229566935857  0.63286992249562457  0.64358766835777781  0.65347956328116885
  0.66371798128177606  0.67451758618233126  0.68552462615354925  0.69557154436535684
  0.70554875296268371  0.71689664324019187  0.72867261067941946  0.73952989600985197
  0.74986370251542245  0.75989143660949066  0.77025895371443154  0.78039480058985589
  0.79071747806099157  0.80148020368650552  0.81269210672489178  0.82393557290228547
  0.83473771906651184  0.84510664941730596  0.85562338611300337  0.86653661827587858
  0.87731373685421987  0.88800972567384839  0.89855070843490947  0.90873515185939435
  0.91939137609942556  0.93074249828619526  0.94187748570913044  0.95210546018231035
  0.96249699113781206  0.97415405194990112  0.98677418486929214  1.00000000000000000
 -0.00001950877431867  0.00024678900779450  0.00069780903892958  0.00143403622435803
  0.00240465546341236  0.00360159392990848  0.00500292257472789  0.00664499137665407
  0.00841355714623388  0.01046428195285759  0.01294019956847704  0.01550272296631960
  0.01802290094578231  0.02056170788909048  0.02331157437667934  0.02610375377191647
  0.02907990343071257  0.03220635973937222  0.03549924625856745  0.03888980471658552
  0.04248525507091007  0.04641542539863565  0.05054768015868075  0.05478439535968690
  0.05905958605339863  0.06345070157832484  0.06768333879331265  0.07237882740229197
  0.07723932183158644  0.08182043878589008  0.08635102518166195  0.09132948071701182
  0.09626092224240353  0.10127081237039698  0.10646388800247930  0.11218383549195762
  0.11831890270470813  0.12440231710891413  0.13047243595130970  0.13676036313602527
  0.14277969198942222  0.14888957675596781  0.15508924082995940  0.16126373391486817
  0.16855023273823921  0.17552913119754321  0.18315099173027116  0.19130231141378315
  0.19968181496263124  0.20813555821688962  0.21674079502572155  0.22555178001276527
  0.23486604154835566  0.24400614537936430  0.25275507140092479  0.26111049257019747
  0.26930818299809878  0.27777842307548878  0.28685412882354933  0.29598560596837770
  0.30533060120806360  0.31530476998355661  0.32540128043709393  0.33555308184205529
  0.34626631699896893  0.35722463343316979  0.36867941858555908  0.38003593745004466
  0.39130565521238492  0.40277183646914599  0.41442292361081295  0.42602184153790035
  0.43785303454482338  0.45010861376861816  0.46282126678617369  0.47513030952431989
  0.48729289754123367  0.49926317017651367  0.51126880404040442  0.52324780291561368
  0.53495545783493337  0.54670616580900377  0.55835004097340946  0.57016870621082472
  0.58185655143192183  0.59359635564645707  0.60598576471829624  0.61847779536025627
  0.63188841926133932  0.64448721473833925  0.65674115516175158  0.66868308315978953
  0.68023517170791259  0.69151817469042465  0.70199414089724843  1.00000000000000000
 -0.00311585994085804  0.01168710079384742  0.02397477760053485  0.03707717068305998
  0.04998605368768624  0.06338751576230457  0.07575278152950030  0.08844180123550077
  0.10074808089857384  0.11224561498671518  0.12359693483749279  0.13531096314215701
  0.14756854695629940  0.15979163392208201  0.17077617392300917  0.18066249473363122
  0.19017981875108173  0.19947416240170029  0.20892798404857527  0.21829762337162839
  0.22773663201274771  0.23752415167687679  0.24704916154521600  0.25706625708809167
  0.26768574089468994  0.27847340767439127  0.28911575825189634  0.30009957279309396
  0.31184356803450647  0.32437251939042638  0.33616880548569850  0.34635591996174209
  0.35590446887176874  0.36577461415375923  0.37566733747172470  0.38529137137948855
  0.39487165501574861  0.40525338173777076  0.41611900153519049  0.42638737973697172
  0.43632299025023336  0.44605933423835775  0.45599418476704345  0.46625144062396107
  0.47679615374666484  0.48800286202454962  0.49875757511419549  0.50996836399586254
  0.52069021803645099  0.53174966057827489  0.54242990531472202  0.55256881481727771
  0.56210398714468579  0.57094341702466300  0.57947567454757731  0.58807814870568575
  0.59710354046789538  0.60689260038120185  0.61716271615702090  0.62690813909644549
  0.63722689617135164  0.64819197576880994  0.66025042219413821  0.67136028920216395
  0.68250332224073351  0.69370170236290318  0.70541652880766870  0.71794221098314459
  0.72983447640601828  0.74042404099302861  0.75075503265215981  0.76102678336946938
  0.77205964540586125  0.78292184677293131  0.79308466280172285  0.80242494045689938
  0.81187702218856406  0.82212763279050771  0.83221522001681503  0.84172343403332384
  0.85084381149189703  0.85992873373708745  0.86898762667550877  0.87832503987331800
  0.88765487003518562  0.89708661324736749  0.90646669185649476  0.91578243981574070
  0.92578528889378453  0.93622970282353168  0.94669720012806391  0.95721908495935215
  0.96794990774221967  0.97878391656516617  0.98917496241891989  1.00000000000000000
 -0.00238381908273667  0.00898138075899686  0.01927872615296188  0.03030598549162224
  0.04164539109047003  0.05365133032594460  0.06467939215203262  0.07492838836217046
  0.08513112387803955  0.09538584181933560  0.10631747983627504  0.11725458997868601
  0.12922687412547737  0.14156357506861741  0.15355050628234682  0.16497821677123919
  0.17616501368765514  0.18744352106849285  0.19894934235623901  0.21055902874739360
  0.22161274461215066  0.23264433022033137  0.24382451714412851  0.25508951972488236
  0.26640604873259111  0.27754230906391925  0.28849738335283837  0.29926971543794217
  0.31029690360788165  0.32192623619913247  0.33384510123416594  0.34588398216895083
  0.35728502416621977  0.36720638604758638  0.37684000239738658  0.38557559490049215
  0.39418599648799474  0.40286206707611788  0.41147747604911589  0.42038035728164552
  0.42916935719885169  0.43893146287017815  0.45064750449974206  0.46288754770085927
  0.47453180565355763  0.48534915859278893  0.49594672302995169  0.50699054956635781
  0.51867825201042139  0.53045919918722828  0.54187556586621644  0.55366399970823310
  0.56532789107680426  0.57675624676160619  0.58907538032696449  0.60227885428280892
  0.61362281286447151  0.62412265851577431  0.63387280692221426  0.64311771035342713
  0.65225172501242012  0.66114850873229869  0.67054213540488206  0.68067801740406886
  0.69069243473657871  0.70088695413266333  0.71103859984740725  0.72120873874248925
  0.73150025223390436  0.74240044835867558  0.75390326396678131  0.76522641620068743
  0.77555746251262703  0.78495718524526481  0.79404752488552699  0.80325769213816922
  0.81262316322991646  0.82185942236697818  0.83095519543829743  0.84011481718346448
  0.84906577657936233  0.85845449530115470  0.86842527576975626  0.87851037872524640
  0.88991224208481157  0.90029017649784171  0.90984376617654106  0.91963277203602090
  0.92887212870044855  0.93866492115328659  0.94800779856266804  0.95723698418087222
  0.96713813294597439  0.97721061821994848  0.98819535262135949  1.00000000000000000
 -0.00202600301963057  0.00821626630033021  0.01675866885850442  0.02653002205077203
  0.03596245002854703  0.04597436518153152  0.05702373324025996  0.06841277117048698
  0.07964511768596963  0.09040195448724395  0.10086095018514593  0.11151833406703991
  0.12224887981515718  0.13302119473286625  0.14424631328547258  0.15555335585787916
  0.16701197340510665  0.17832099089769737  0.18919831539538684  0.19907712526857071
  0.20869338645144145  0.21820967402496178  0.22821198167316512  0.23793395287324554
  0.24790884914168396  0.25771288395382302  0.26784133797096155  0.27806981795307351
  0.28800252626250411  0.29769586773530832  0.30724787287470035  0.31743778369539222
  0.32908473581456371  0.34070306411649492  0.35217916136234967  0.36444789317246945
  0.37725147684795224  0.39022943700831431  0.40253358466300615  0.41503874105593963
  0.42640927083794666  0.43726077693830540  0.44708873793421888  0.45653405148518811
  0.46617871604617622  0.47623881863092998  0.48620800487570126  0.49630190428064491
  0.50661270884258569  0.51750182278508761  0.52852862264664269  0.53929493683922836
  0.55104562146705105  0.56315067188167678  0.57451517639227001  0.58524649475237844
  0.59594398871438548  0.60633484938245807  0.61728598988523453  0.62749430519293670
  0.63702143334856054  0.64666852854226908  0.65535389914253539  0.66361037605363771
  0.67150815459765723  0.67979700231444007  0.68881954024477710  0.69849077805145232
  0.70846540775882272  0.71976389901849636  0.73143411854896712  0.74253956921899544
  0.75399159276460415  0.76622910608792505  0.77877723028818380  0.79144376854216869
  0.80295453831516428  0.81411683787072164  0.82586685374993118  0.83665052560960995
  0.84691164323536661  0.85668097963246215  0.86632398875152250  0.87607410801917429
  0.88561432153883402  0.89512601027769556  0.90504651724604901  0.91516806082709767
  0.92545416722772222  0.93535365831635120  0.94591586948789930  0.95692462197715689
  0.96746601605336202  0.97768346674351869  0.98877719792540641  1.00000000000000000
 -0.00249424625234527  0.00924630344875760  0.01950800136882620  0.02989910744310966
  0.04065579981166707  0.05162537862850609  0.06301372695612799  0.07403964597933707
  0.08533962681028257  0.09741344020219685  0.10878962399594232  0.11954584062532592
  0.12999144882816083  0.13976926258739372  0.14941903515379104  0.15966023681139785
  0.16993506994551383  0.18150840227949797  0.19183551896240719  0.20098189065727803
  0.21015067170767557  0.21917033762266677  0.22846257805243508  0.23795039721170491
  0.24808712669529806  0.25967835998436928  0.27155490950710504  0.28208645913652308
  0.29210397436299934  0.30192286707490396  0.31133359172645009  0.32073601841470939
  0.33061353307881186  0.34129852441188446  0.35235791655446358  0.36316937239931002
  0.37394307374318608  0.38489073189045780  0.39592268124593677  0.40684927801108978
  0.41768362677189519  0.42826789368567314  0.43905046134056724  0.44992611377813757
  0.46056252554330784  0.47030234773021362  0.47960934689313739  0.48853330507584469
  0.49844048143026370  0.50923800755520687  0.51947060587881011  0.52900959519632507
  0.53834520196645164  0.54856542129666486  0.55940007856947860  0.57088988022876308
  0.58283273569132055  0.59231683181277939  0.60140393195183828  0.61001718438966623
  0.61857198020389403  0.62735384206392941  0.63592372459906454  0.64441846371543077
  0.65396513033582049  0.66418853863428395  0.67458488593549315  0.68532632128767801
  0.69570970394775378  0.70605843154844583  0.71628058634303582  0.72613122737094160
  0.73585361390390658  0.74590097553140378  0.75680675169704648  0.76832911858721920
  0.77968694781031178  0.79096640647699556  0.80279887754903478  0.81472287414631550
  0.82660799756047487  0.83878789159482303  0.85199264850776579  0.86397775412319555
  0.87611226769624362  0.88897550046883334  0.90116986551550871  0.91210235815875418
  0.92395686732610394  0.93573875935906936  0.94698889618487003  0.95724561081361670
  0.96832433381710714  0.97845445407001141  0.98956775815282383  1.00000000000000000
 -0.00283814244605771  0.01023288757789997  0.02227562486210433  0.03358134840477271
  0.04451522663995423  0.05568610154072938  0.06704929210571617  0.07833244689607952
  0.09063519007135981  0.10264747970377844  0.11475636033203132  0.12678210371781087
  0.13824556782309816  0.14938547774929126  0.16006137864261491  0.17031800053528220
  0.18067486192215795  0.19138209475530116  0.20224375321465488  0.21230260458151184
  0.22166398353897232  0.23115360025567186  0.24072933547106024  0.25009725329187504
  0.25867574170286184  0.26737991619811202  0.27546909232325772  0.28391617399320745
  0.29295426236033473  0.30212190233588038  0.31107963390821824  0.32047522035850978
  0.32997753095016330  0.33935671414994012  0.34880207627217241  0.35889613015578825
  0.36991442250408119  0.38088887622661621  0.39154599884100727  0.40194801142914449
  0.41236838706738288  0.42331173634159619  0.43412647128386833  0.44452128512994760
  0.45495394831379493  0.46583231205202358  0.47701167183307275  0.48748574246777948
  0.49730775096285834  0.50723686386480304  0.51722533246820124  0.52745496677418713
  0.53772964586565120  0.54822326224365014  0.55933942761572752  0.57087966086116149
  0.58246355971403663  0.59343937000896507  0.60426977751236655  0.61527155012700108
  0.62666871770363075  0.63862590842811295  0.65050984382102228  0.66222376549455575
  0.67390928665926075  0.68567815921362429  0.69703106999499009  0.70804309488632855
  0.71794580575594913  0.72739092024368990  0.73652574728179487  0.74536837447450799
  0.75434908177447635  0.76371758853712834  0.77430566311761639  0.78562092143169848
  0.79692552440344833  0.80828740043268377  0.81937653587601789  0.83047378861296284
  0.84164287614069555  0.85332322147227135  0.86534636809361398  0.87728937715515420
  0.88832296640750796  0.89887674485585456  0.90941427261096042  0.91990297632026086
  0.93085460634236727  0.94146629991630870  0.95090569297587857  0.96076730394003484
  0.97086217472134995  0.98079687263555670  0.99044262389692028  1.00000000000000000
   7.5045288372763204E-015  -1.0000000000000000     
 F F F F F F F F F F F F F F F F F F F F F F F F F F F F F F F F F F F F F F F F F F F F F F F F F F F F F F F F F F F F F F F F F F F F F F F F F F F F F F F F F F F F F F F F F F F F F F F F F F F F F F F F F F F F F F F F F F F F F F F F F F F F F F F F
  <DiscreteSampler_grid>
  grouped_processes
  1 # 1 for a reference and 2 for a running grid.
  10 # Attribute 'min_bin_probing_points' of the grid.
  1 # Attribute 'grid_mode' of the grid. 1=='default',2=='initialization'
  0.0000000000000000 # Attribute 'small_contrib_threshold' of the grid.
  0.5000000000000000 # Attribute 'damping_power' of the grid.
 # binID   n_entries weight   weight_sqr   abs_weight
    25   10   3.510216683330764E-010   3.256713118084098E-019   3.510216683330764E-010
    28   10   3.006031558063322E-010   2.246980378382221E-019   3.006031558063322E-010
  </DiscreteSampler_grid>
