 -0.00000047450759678  0.00002103082737837  0.00008640460462227  0.00018453634166585
  0.00031038090193633  0.00045527335831183  0.00061600110451204  0.00079090351639105
  0.00097751864763045  0.00117795438317802  0.00138891885865426  0.00161558596752974
  0.00184728914760432  0.00208615746716869  0.00232662323006995  0.00256962798418691
  0.00281068747999001  0.00306835348552722  0.00334538538604536  0.00361551461526050
  0.00389549897795274  0.00420481495475814  0.00451898686478552  0.00483675606213202
  0.00519247366558028  0.00558298694132566  0.00598078934714067  0.00641303494830663
  0.00689041325772509  0.00741624068569197  0.00800054947841914  0.00861941458394686
  0.00934492704897398  0.01044455127134394  0.01164233019243253  0.01228046023010429
  0.01263221570915998  0.01290026440749902  0.01311633359575007  0.01330379534451506
  0.01347812219380537  0.01363214780599237  0.01377421392352883  0.01391090903984827
  0.01403986557780621  0.01415766367582182  0.01427123007941384  0.01438340686424804
  0.01449494839986112  0.01460545490212089  0.01471368979973447  0.01481820484100581
  0.01491947457303222  0.01501813907924186  0.01511545790470636  0.01521344642846116
  0.01531240491571484  0.01541686554289210  0.01552524628176686  0.01563679433182730
  0.01575131272708503  0.01586788473326664  0.01598728688549780  0.01611015229802128
  0.01623572507951356  0.01636389261542164  0.01649670560717291  0.01663837589204607
  0.01678581189481563  0.01693773992291044  0.01709443073145874  0.01725790460296547
  0.01743109785656419  0.01761518919605882  0.01781016709835975  0.01801373349266640
  0.01822611184110708  0.01843994201904162  0.01868462851735970  0.01895468616305124
  0.01923964246159991  0.01954748093648809  0.01987878613993236  0.02022669717888743
  0.02060456381631444  0.02102580500677562  0.02147922389895800  0.02197960765424323
  0.02255413661330202  0.02321466141832942  0.02401449093469146  0.02524044601222968
  0.02731415339726698  0.03232442017775352  0.05097001762705745  1.00000000000000000
  0.00941068241076021  0.01662112028929254  0.02708808189249374  0.03828400958945435
  0.04949305200013696  0.06063458446370028  0.07128520947400763  0.08178008959896345
  0.09250136339960500  0.10364078738919322  0.11440301053080940  0.12486542146215147
  0.13455324833863425  0.14443812066804618  0.15463916467566738  0.16518468665511152
  0.17556958076645449  0.18600308638405857  0.19712239332660475  0.20834779996295713
  0.21828739013767703  0.22799900435645673  0.23774351806456906  0.24769426757163293
  0.25751343039045949  0.26745093777813117  0.27820816969987661  0.28955486091622373
  0.30007297516975223  0.30990018179609741  0.31985847968561260  0.33002663892987660
  0.34026535911302019  0.35051727233695995  0.36123741887154143  0.37222662737934448
  0.38295609968958233  0.39347202199418108  0.40403478115883201  0.41475829256538710
  0.42586516708387112  0.43725018984922753  0.44883816623861233  0.46051814969880711
  0.47206106394090991  0.48346014733643283  0.49458876008182423  0.50546574197982097
  0.51630451997745774  0.52721358015947983  0.53846687673303062  0.55020454612207303
  0.56193729419069716  0.57304313461451106  0.58350229504570084  0.59363843288847584
  0.60361786305134546  0.61347964032557423  0.62314615018046515  0.63295334547313409
  0.64297317673228671  0.65300670563525876  0.66317526352436629  0.67364926335616493
  0.68432395091930964  0.69474690371123327  0.70477527703908249  0.71472807164951901
  0.72488855776278749  0.73545539585012731  0.74641708615327429  0.75774964631363628
  0.76899632307609123  0.77955923514105774  0.78947403604707811  0.79890272309356569
  0.80791533549874106  0.81710151855226887  0.82623314881917109  0.83619812218952527
  0.84639734882694651  0.85670726243303597  0.86683476505910950  0.87708737926962743
  0.88716299152668587  0.89753051574503562  0.90822493387625347  0.91919943956807149
  0.93015538839898915  0.94082698287374922  0.95118436999161204  0.96153558073126644
  0.97173263706685908  0.98140961108529023  0.99139550829034706  1.00000000000000000
 -0.00005386168599894  0.00066638073383591  0.00195323186191364  0.00373422311956499
  0.00585601639407502  0.00842806026008415  0.01120673065192497  0.01429934183601147
  0.01757438063157505  0.02103617414675449  0.02477552663917861  0.02889768236649193
  0.03322623041299496  0.03767090828155924  0.04222238048166561  0.04680641458310186
  0.05141569761134228  0.05606935526278777  0.06101503045228316  0.06607361955482270
  0.07135496088260716  0.07705973832315702  0.08296967879425016  0.08882979188460859
  0.09460794742495046  0.10038479717662947  0.10610083232246960  0.11106027485266516
  0.11583494052357290  0.12079804213517964  0.12630169869797209  0.13234849813340271
  0.13844395123635012  0.14464724341212967  0.15135286960173513  0.15853758065896381
  0.16597729695866492  0.17386415150301385  0.18203275411937586  0.19026525181487461
  0.19848847352010704  0.20638093976150873  0.21410801046207867  0.22207649089771003
  0.23056404239164660  0.23956518227150306  0.24858951527607237  0.25750777515867757
  0.26647575624230208  0.27554871727655245  0.28481131444511099  0.29428957446657888
  0.30391510254417398  0.31360710919322726  0.32336028438044856  0.33330759007939587
  0.34363121149356379  0.35440460032127979  0.36553398157907974  0.37694172158906403
  0.38865350543311605  0.40132579424175369  0.41419585001428949  0.42733776806554991
  0.44071989661388566  0.45424616731928069  0.46782150204162187  0.48124945349626169
  0.49455298372677731  0.50792893953226792  0.52157841640109681  0.53594437105111914
  0.55120629408348287  0.56711740571607983  0.58314571586585373  0.59910046122792604
  0.61484137174000564  0.63019954197675820  0.64608182626847310  0.66284188530674704
  0.68015584654514016  0.69752720597402296  0.71518960096100648  0.73326051981621454
  0.75183050331539381  0.77125379981728326  0.79131598040704709  0.81200266367291918
  0.83280382159693622  0.85477904546855699  0.87686406381344817  0.89897714758426950
  0.92110662419814449  0.94163650557363698  0.95574694119927295  1.00000000000000000
 -0.00251302312005914  0.01015137300729669  0.02193718751695175  0.03447638172157809
  0.04743221844893492  0.06111382602755293  0.07461229490048689  0.08767707355498539
  0.10020500857361177  0.11253316516569498  0.12440908257249955  0.13457304009907539
  0.14460006737235037  0.15513265922808636  0.16665347281825890  0.17798036173128995
  0.18893163523464970  0.19991343241703147  0.21120340936647816  0.22219587580735978
  0.23399422916526227  0.24632594746599551  0.25785823173453454  0.26895391197890278
  0.27995132123576705  0.29127850118187798  0.30241010800341650  0.31357109245985926
  0.32438511358077310  0.33487047820064320  0.34457266862075181  0.35424267796941517
  0.36413000475000423  0.37418766010484861  0.38445936164808375  0.39485923566776820
  0.40559897402774425  0.41673036293713334  0.42810351035543187  0.43966226480611986
  0.45097836940369435  0.46128227624880547  0.47085219271231976  0.48056337379831060
  0.49076137952118648  0.50098655105075518  0.51097676199363418  0.52091857417745346
  0.53125645446484315  0.54177139563530441  0.55256755639530608  0.56374863406631048
  0.57520652263108663  0.58615887382215082  0.59600009278790489  0.60568580994926657
  0.61548136087149263  0.62552971431872773  0.63549655166541119  0.64517662876917048
  0.65508238660231155  0.66530864334184059  0.67587015416662477  0.68681821269042165
  0.69786259185453803  0.70886161987872320  0.72002641568747106  0.73073528397101561
  0.74023451361498094  0.74932172317733026  0.75842985267035712  0.76784457053688826
  0.77733918872455665  0.78602011254715609  0.79480362872551180  0.80430001121185746
  0.81435933690777829  0.82475752577179073  0.83517337144616954  0.84536545771741978
  0.85553131926860626  0.86629690771601642  0.87648073381032998  0.88538777285441894
  0.89401528882890158  0.90306113137927102  0.91231917947277219  0.92177782205632308
  0.93101016077859777  0.94048892616230428  0.95041260600104327  0.96041431173751024
  0.97034748333447240  0.98034433377451335  0.99028344085202458  1.00000000000000000
 -0.00290101383386312  0.01065699799649669  0.02154341284452230  0.03199083589379562
  0.04208374389278055  0.05223722378155689  0.06250028123767490  0.07256842060308449
  0.08286374063019018  0.09346384461171454  0.10350020611261566  0.11360438836129143
  0.12383965359789584  0.13503340346289161  0.14693089824183031  0.15837571944242301
  0.16950441937183122  0.18029265413068163  0.19097144583420045  0.20163692128540101
  0.21282073481846411  0.22414147238678286  0.23507236082527000  0.24572389372207754
  0.25646138082315739  0.26731458123409307  0.27787093743761976  0.28825273307346355
  0.29757360171545078  0.30730616985125070  0.31724737155663929  0.32664367261267818
  0.33592690665259339  0.34521302707935680  0.35485586658560531  0.36498073294443067
  0.37559001529682851  0.38668911729149841  0.39817889879471330  0.40993554763076601
  0.42161818297545506  0.43278249131922586  0.44380554736075800  0.45414873143291257
  0.46448504602544216  0.47468241883612206  0.48450364066762952  0.49359452096199075
  0.50285172505622000  0.51256678961366697  0.52258321951086695  0.53243325023054311
  0.54206240642085779  0.55215113023587292  0.56248814816323234  0.57323149106726257
  0.58402229030760333  0.59504185725084602  0.60586118056615235  0.61666359712186913
  0.62732866072817428  0.63811356207965864  0.64853417944597291  0.65917715859657755
  0.67007142337716752  0.68114947964649486  0.69209448249963790  0.70299722157167788
  0.71365954695552580  0.72415925711970097  0.73461053819149691  0.74527602517762048
  0.75662982735996687  0.76828100412271205  0.77948523004063219  0.78983429240742220
  0.80005085829088496  0.81038311496063498  0.82118119861806615  0.83238096160419595
  0.84417968846718328  0.85587151525530036  0.86708482802213227  0.87798308315895823
  0.88880353654139843  0.89914278442909590  0.90910769668753100  0.91887513869358373
  0.92848085540610781  0.93777744309972955  0.94690690724945714  0.95605291363494449
  0.96619127839663876  0.97651174004320096  0.98787983552483061  1.00000000000000000
 -0.00231314980198256  0.00898602561066134  0.01980306752504798  0.03040181136846003
  0.04092565548713686  0.05035390698651516  0.05991610401927403  0.06958558791200681
  0.07942080559366833  0.08929289463041355  0.09917895570730720  0.10908875724156837
  0.11941468647053624  0.13046707581733005  0.14223967646846669  0.15433809733880249
  0.16632283347662902  0.17827759333273721  0.19012433381994953  0.20177120175593807
  0.21307503935692634  0.22404998742644469  0.23471971571501252  0.24521142079319452
  0.25579931884220669  0.26629978632122137  0.27680822091857588  0.28700775586813770
  0.29713789497357684  0.30704109422141634  0.31717353325750464  0.32700654178170130
  0.33734781749507081  0.34732887698106862  0.35788599173410568  0.36827610903580216
  0.37911070024398624  0.38967871442225283  0.40108771016508432  0.41250452509642482
  0.42347373679640410  0.43430210140281827  0.44560720380988067  0.45688922243736679
  0.46758184835700267  0.47835516437311831  0.48966106283146116  0.50086595641621912
  0.51133978000799052  0.52186129474826171  0.53294929365811350  0.54366648199233492
  0.55379668217015887  0.56377492894695103  0.57381973831625144  0.58393013913989678
  0.59396946420924113  0.60406146751948175  0.61446063846542187  0.62561124690862580
  0.63758577243190750  0.64978389318046714  0.66159820532874081  0.67314122021852574
  0.68443566141156731  0.69516307838498659  0.70554815820638117  0.71614333092252513
  0.72698145206683606  0.73739129010959714  0.74757138993011685  0.75776839523329920
  0.76798682240861138  0.77766187371717765  0.78688267480470131  0.79571833626232802
  0.80454072661261467  0.81309171816783188  0.82199518334022115  0.83088500459176706
  0.84118730359986882  0.85146230248277832  0.86183237793210932  0.87225194488831459
  0.88204143444399474  0.89125257126391388  0.90103766941883101  0.91122050939228671
  0.92110948992653185  0.93081416099097714  0.94147195037878550  0.95340677119263384
  0.96546417303193477  0.97690173212319109  0.98831355344939686  1.00000000000000000
 -0.00271257584638751  0.01016540451666108  0.02122690191927672  0.03245155693786044
  0.04372994977211668  0.05445250018229642  0.06527205460123579  0.07605916545592498
  0.08717063442949749  0.09877280679258869  0.11015232155974819  0.12108457223010814
  0.13215690076601355  0.14323774021874949  0.15319033039092289  0.16270014452867479
  0.17234369270434843  0.18184410419906610  0.19165316716042397  0.20155878793170451
  0.21233713105614530  0.22361297914995620  0.23481578777228571  0.24590885479499058
  0.25642222124475150  0.26677334474451081  0.27703886420702806  0.28744708051613055
  0.29773467893467054  0.30799397305703169  0.31790312061967624  0.32778617622668699
  0.33793298283636508  0.34838326224874638  0.35823644567070589  0.36781837227875375
  0.37795925439656675  0.38880397601758937  0.39886961439272822  0.40853531574958990
  0.41796652562434372  0.42815040068735088  0.43820950202406006  0.44793068892591525
  0.45764021670444388  0.46666027424965240  0.47538360144323955  0.48420581865189644
  0.49275474511910416  0.50140006056914799  0.51048335533337075  0.51976056447883079
  0.52977432328322260  0.54030811413534552  0.55204171553316883  0.56426994699748345
  0.57635324639743457  0.58834932656067707  0.60003015712548147  0.61105643516470709
  0.62155899983617302  0.63182809529785289  0.64217062035387773  0.65266476545946650
  0.66328666934024449  0.67450387984399562  0.68620241635925383  0.69703247679947744
  0.70802896031953633  0.71935857337947984  0.73065062294607885  0.74163473140195724
  0.75298076853713802  0.76501735973968543  0.77682881916192315  0.78807432273731104
  0.79935795328767389  0.81060786839097709  0.82138579339510809  0.83206466759055875
  0.84312351092619497  0.85415228851146274  0.86495116166551445  0.87551446903521979
  0.88619182629330562  0.89665495085804692  0.90584421694179595  0.91598792492787051
  0.92602406129423287  0.93617117562616015  0.94586069148281038  0.95547211930548270
  0.96634273624475697  0.97767245767052569  0.98895656942605015  1.00000000000000000
 -0.00269506638065605  0.01043665094000158  0.02197180129404630  0.03281308155569714
  0.04282343884434841  0.05241742050048992  0.06200985884620882  0.07187231064716583
  0.08177461237505905  0.09109083807321951  0.10012181928107841  0.10966398247099172
  0.11964051467500154  0.12975706200587850  0.13993045501054488  0.15016217104552085
  0.16060676886662914  0.17098118910190976  0.18119495594094637  0.19140150984875454
  0.20186635849986720  0.21251550400416169  0.22350462131856233  0.23456929186502321
  0.24572611499900349  0.25681268889005826  0.26782328339909262  0.27838459073444227
  0.28824414464417170  0.29836312070174320  0.30896705812800063  0.31972692635670780
  0.33070121279969977  0.34177470930756987  0.35260987196489874  0.36322171050348129
  0.37395515246768790  0.38501025209092193  0.39620035706172008  0.40755248101353470
  0.41917992281653960  0.43091818200253484  0.44221637279552117  0.45303772328403752
  0.46396618111742138  0.47525589334463803  0.48634604776387391  0.49683555480817893
  0.50693608034926485  0.51680211326754411  0.52659048875583025  0.53639714554466278
  0.54657479301601741  0.55697938175218697  0.56768607491162504  0.57871106590378441
  0.58930862711964382  0.59971227418277118  0.61036767803836423  0.62166625971018674
  0.63259436023946980  0.64320469248427847  0.65395275628514626  0.66440048758051107
  0.67455379439362584  0.68478849678133835  0.69541363717808391  0.70628792436993415
  0.71763070642921767  0.72923748295006496  0.74088181213976134  0.75202067987907040
  0.76256114410188136  0.77309444146228501  0.78387565834454154  0.79445420619478646
  0.80444703916703408  0.81463163538926742  0.82503368420477130  0.83558143295777310
  0.84605848756787072  0.85752570471238543  0.86948787019545493  0.88089003694932944
  0.89176108338103210  0.90210563041228342  0.91247485070537904  0.92311245050203106
  0.93355616881161052  0.94317571539165757  0.95223785986182963  0.96168390873655996
  0.97167792015566046  0.98154863464046971  0.99083042618430583  1.00000000000000000
   4.0420316864864409E-014  -1.0000000000000000     
 F F F F F F F F F F F F F F F F F F F F F F F F F F F F F F F F F F F F F F F F F F F F F F F F F F F F F F F F F F F F F F F F F F F F F F F F F F F F F F F F F F F F F F F F F F F F F F F F F F F F F F F F F F F F F F F F F F F F F F F F F F F F F F F F
  <DiscreteSampler_grid>
  grouped_processes
  1 # 1 for a reference and 2 for a running grid.
  10 # Attribute 'min_bin_probing_points' of the grid.
  1 # Attribute 'grid_mode' of the grid. 1=='default',2=='initialization'
  0.0000000000000000 # Attribute 'small_contrib_threshold' of the grid.
  0.5000000000000000 # Attribute 'damping_power' of the grid.
 # binID   n_entries weight   weight_sqr   abs_weight
    19   10   4.697303359192799E-008   5.250584198825883E-015   4.697303359192799E-008
    22   10   4.514414673412294E-008   4.062608385054036E-015   4.514417582897985E-008
  </DiscreteSampler_grid>
