 -0.00000002179156505  0.00002450839804144  0.00023831776975228  0.00067540277905175
  0.00133835959198492  0.00226432697061081  0.00334700629530943  0.00450420571879033
  0.00593803398594459  0.00790933831098520  0.00980287186105230  0.01152439289560810
  0.01273481694509688  0.01371551256919956  0.01462558037130227  0.01555115783643216
  0.01648798722633192  0.01752678629044499  0.01851642163529358  0.01954560015568422
  0.02077562318191042  0.02213536675551743  0.02361540264810767  0.02524931811281259
  0.02683472656885945  0.02815547773999077  0.02954849329613987  0.03096296751140785
  0.03227970665933081  0.03345440997748148  0.03508124793043928  0.03673614494141875
  0.03832997106424132  0.04008971389687543  0.04190971064945001  0.04372217592264632
  0.04578831757489043  0.04774485354839917  0.04933650184753044  0.05088503213970981
  0.05243740658601621  0.05405075896890269  0.05647549604264568  0.05937882509998676
  0.06297321248441777  0.06759806624410880  0.07155811991182098  0.07475541829581193
  0.07745813886208536  0.07970908748890576  0.08139576536640419  0.08324899465333013
  0.08505663769317891  0.08680967629852848  0.08857854166334575  0.09032846137010836
  0.09237237866722586  0.09452322966453236  0.09632138732927061  0.09836963542849421
  0.10048126878201086  0.10260797136883486  0.10481390957882541  0.10733611963947649
  0.10990506260012328  0.11290369243327435  0.11679591801025967  0.12019162867282929
  0.12278511912603637  0.12516684307675821  0.12763111599740098  0.13083133453933407
  0.13419355045643322  0.13851522645392497  0.14203449525653811  0.14520606894860164
  0.14824797933986944  0.15119969753048304  0.15459267325167086  0.15800137495536076
  0.16169722082637317  0.16548582632082490  0.16918938277448475  0.17346992262944608
  0.17821379272237128  0.18438170635260004  0.19082908974162466  0.19884011125763487
  0.21070632865392616  0.22684380427688591  0.24870732873780341  0.27419667693852828
  0.30835731813522360  0.35224138258926652  0.46231426145845872  1.00000000000000000
  0.00981155737613001  0.01771811928359739  0.02829657016902154  0.03686733834685353
  0.04418443674332874  0.05276415647895638  0.06366049282053714  0.07666763177408144
  0.09032711602714721  0.10172431741368163  0.11375218297882113  0.12136157281145929
  0.12876890579544378  0.13606212755932059  0.14347668118516879  0.15051731074100230
  0.16249118734677043  0.17703636516821597  0.19268379262309704  0.21177887703695658
  0.22932044350461334  0.24279874362335480  0.25387797853160188  0.26356759154854920
  0.27259057447138108  0.28339748358490857  0.29453680847024899  0.30800442672400868
  0.32485371532441065  0.33255192472232031  0.33979053775877199  0.34728692881458456
  0.35734599977189202  0.36907092179397843  0.37881010809321147  0.38807920300537396
  0.39591871866801942  0.40339724735027543  0.41115847307980935  0.41972266552786963
  0.43077407427473469  0.44290805711223069  0.45492768626811547  0.47059729319573051
  0.48331034734579015  0.49189407316014921  0.49698482976589053  0.50098588214955131
  0.50416553225030969  0.50956291322435288  0.51493484370389020  0.52001593048196049
  0.52624851125966754  0.53249236177273274  0.53929912662218960  0.54605242652192820
  0.55179895307017812  0.55708384760449547  0.56189766083554249  0.56696324086618044
  0.57315306071052563  0.57968201157635801  0.58868298558445975  0.59735719171793644
  0.60467285729519182  0.61616869678520136  0.63152307369946936  0.64732436215569589
  0.66294826280483266  0.67476123844455527  0.68584221622998998  0.70012274702641830
  0.71202167320267118  0.72009696655369837  0.72734123299416709  0.73463983903085395
  0.74347719958502811  0.75340503212579990  0.76301004792702731  0.77218235843316241
  0.78099694442711565  0.79027124213237054  0.79980231091535758  0.80979280682095101
  0.82636789081783169  0.84689962292428822  0.86653289102893671  0.88505004654948638
  0.90042370194750487  0.91253631266204815  0.92391302057738001  0.93520486619587362
  0.94815045803179643  0.96242467903081419  0.97812462201153016  1.00000000000000000
 -0.00000535008129532  0.00003968594093359  0.00007737852632414  0.00011660265001033
  0.00017877265462876  0.00025769790328303  0.00035161663229467  0.00045095538496671
  0.00055594799950034  0.00068410565765357  0.00079387944524445  0.00088942722142361
  0.00100694268487391  0.00115019758597267  0.00128452143962289  0.00141417472903845
  0.00154965002425492  0.00167473145305503  0.00183286404242240  0.00206716050759319
  0.00235310938592566  0.00268050952243607  0.00287731941562030  0.00304083471208102
  0.00316396335283591  0.00329322893609206  0.00345250653002323  0.00358956532408048
  0.00371049000088438  0.00387790219285147  0.00410320531934927  0.00432211546610381
  0.00449850358887921  0.00465363865099215  0.00479513537360247  0.00493922673819135
  0.00510813600022072  0.00535249116716075  0.00557648017365529  0.00580816738443633
  0.00605102105726858  0.00631013567978655  0.00651915419745226  0.00667845219083367
  0.00682121494854727  0.00697258666715732  0.00711531035979754  0.00725908877227041
  0.00740815974799727  0.00754583226726304  0.00769478155958949  0.00784942549979541
  0.00801823440075297  0.00821669489921822  0.00848805528240247  0.00872204302087032
  0.00892384114009765  0.00930058382019694  0.00975939351294491  0.01016224262260424
  0.01057150713855178  0.01097933538803569  0.01135357088537678  0.01170612381920503
  0.01204440188596820  0.01240884639902871  0.01276587152751386  0.01308701578023542
  0.01340815193864079  0.01369733345088949  0.01398534264801624  0.01427240844329600
  0.01455880474906811  0.01484786559376512  0.01515138320129573  0.01546953870146760
  0.01579478175122386  0.01613802532859512  0.01649697717400011  0.01690139880919970
  0.01728537263593127  0.01770894272824348  0.01819198397596756  0.01869755702569409
  0.01924504407763664  0.01988881816057738  0.02056414820402127  0.02112671179905809
  0.02169761830798052  0.02231740329592795  0.02293718828387538  0.02363045015719822
  0.02433522829029140  0.02508896587966749  0.02607095699001800  1.00000000000000000
 -0.00482905684750592  0.01555796306943330  0.03458765103507418  0.05207077284320855
  0.07122855397955083  0.08770267260034657  0.09892442958929548  0.10939092733760236
  0.11660202680940056  0.12837416889612047  0.14197212365939946  0.15531553775056176
  0.16521777823796219  0.17271497631801436  0.18208652660208507  0.19043196734054738
  0.19906448226024179  0.21178565903868965  0.22535853956613397  0.23568639825624887
  0.24384334308872532  0.25336959828842209  0.26400648528915527  0.27568523397659805
  0.28832291762495338  0.30082638491944613  0.31494461111876854  0.32653289247993766
  0.33880184206826169  0.34643504708861816  0.35343701546174700  0.35993197863497423
  0.36684284769793751  0.37464817615618895  0.38344389055043748  0.39270192447416058
  0.40249472577527279  0.41396802768374918  0.43006253193786237  0.44646147184973739
  0.45854853986181049  0.47014864859717254  0.48386228401535947  0.49731827474254570
  0.50952179133323550  0.52084956776374547  0.53137682933522412  0.54146813105839897
  0.55397917492389770  0.56675485137456916  0.57594447732811038  0.58789185885447348
  0.59516586416774242  0.60048903485033300  0.60576192791982053  0.61119129919180104
  0.61889845173446045  0.62720433616343085  0.63575929336368009  0.64480153799368201
  0.65399460685783328  0.66333752617933384  0.67312607857306717  0.68672302317400780
  0.69163157759346738  0.69570792095058809  0.69978365590900682  0.70471423115213028
  0.71062791712311613  0.71454523146802162  0.71808815901259859  0.72212728375997881
  0.72823891630995563  0.73578020667965394  0.74514442393906688  0.75836090894682129
  0.77463711507890087  0.78867765698814052  0.80024494443801264  0.81059788075901440
  0.82069798585254727  0.83126477557158651  0.84278107273481462  0.85467433602375920
  0.86654211266902981  0.87799135645970039  0.88811163029050721  0.89923961152335175
  0.91151213297831957  0.92481081795715192  0.94077388141025542  0.95587216144224318
  0.96673126943299048  0.97586685992305966  0.98586769278261976  1.00000000000000000
 -0.00283765170552153  0.01274423993526529  0.02738335058460219  0.04074223398473634
  0.05433219258718788  0.06662275167124995  0.07711448884235132  0.08933594331663797
  0.10206350924442874  0.11422811938212706  0.12696584522366969  0.14058736188618828
  0.15498655412844947  0.16818304431345396  0.18332887984100291  0.19474499814213964
  0.20495297002906790  0.21483464066690586  0.22464935080105342  0.23372617675024968
  0.24086924157837519  0.24785368827232679  0.25559236438148253  0.26456955733628174
  0.27232279960466971  0.27759414068712968  0.28169213074822963  0.28616484697204492
  0.29153786183238839  0.29924784496885620  0.30707312470383380  0.31622304467826956
  0.32420894541513451  0.33228946903646200  0.34689691158172553  0.36617759152594170
  0.37864050036172781  0.38727551797316129  0.39663602853287844  0.40778605295806858
  0.41884272749348328  0.42692736697918271  0.43267001995181559  0.43983726724904998
  0.44766982069395439  0.45814483226231806  0.46903618659881613  0.48074782690275730
  0.49540418840711470  0.50953822896380319  0.51956475234653721  0.52614654353556645
  0.53230920393072811  0.53862563398388907  0.54607184087887228  0.55439675923305831
  0.56307829034251178  0.56942942371507910  0.57524419698924523  0.58156409852272695
  0.58884627615373175  0.59785462884388019  0.60895770420852147  0.62565757748157280
  0.64178439514117414  0.65696722548506714  0.67097926599954927  0.68575794192286654
  0.70276707496022373  0.71941794141485294  0.73400393800596153  0.74853495789011970
  0.76496924345463346  0.77337966178317674  0.77971017389030928  0.78492678491503443
  0.79018082253507804  0.79672308627197141  0.80631527493263677  0.81579820622390642
  0.82330571097483396  0.82974617625009128  0.83902527663335624  0.85018460009874819
  0.86231921464478889  0.87414095983099183  0.88924783602568169  0.90517447208782786
  0.92240420051461414  0.93926936931607707  0.94926523013867836  0.95893639525213781
  0.96836167911343951  0.97792329100510744  0.98834305065527794  1.00000000000000000
 -0.00165622065624706  0.01187541027923155  0.02153571599758480  0.02974891338671827
  0.03705981888559241  0.04320828441651241  0.04889070007254467  0.05532559846396892
  0.06233606910239425  0.06845677997901650  0.07451160963567824  0.08114301369768433
  0.08892969628338392  0.09622716610000091  0.10390841203331484  0.11551015994038523
  0.13307024888405083  0.14754827082454797  0.16285254355046561  0.17589813675660912
  0.18874559095487889  0.20199776733337060  0.21510555699244163  0.22946005284601106
  0.24423798602590335  0.25610792577373326  0.27164622004962968  0.28730625582151220
  0.30019295004266833  0.31100379910192355  0.32219575579834053  0.33571521570804502
  0.35050929380568385  0.35960090129855626  0.36949859260485723  0.37956289695666084
  0.38924173493512637  0.40139308135369167  0.41284560727182790  0.42565362429289427
  0.43707824266749495  0.44553537861689763  0.45224433695118693  0.45958666936666015
  0.46763107250631486  0.47911362425486298  0.49381768005612492  0.50846460368467994
  0.51805167957175380  0.52515995964909590  0.53197067273078746  0.54022372017259246
  0.55082694350449690  0.56408418024564577  0.57637957133491857  0.58787681853211537
  0.59706402202894104  0.60687591059101242  0.61489232871501520  0.62447986613800999
  0.63206722043206343  0.63974526720331737  0.64871775063384929  0.65993644294227993
  0.67468886080202750  0.68954144008174534  0.70156289481390399  0.71213042823939310
  0.72205384865999844  0.72992611109527583  0.73639367382558218  0.74292561819848713
  0.74977277383842267  0.75839119335688876  0.76584176092060496  0.77283025855447240
  0.78047004412302345  0.78774565202195290  0.79865530746761793  0.81319144263261733
  0.82062631034414146  0.82731787233694132  0.83429530749729719  0.84179712424799746
  0.85029900714812967  0.85712497383901598  0.86390859738440606  0.87031852687190037
  0.87924061620167393  0.89222591266837170  0.90758459198903607  0.92325884044922124
  0.93994890637808526  0.95745195416690343  0.97614805715703756  1.00000000000000000
 -0.00443201069029493  0.01214936449628216  0.02530696991267236  0.03600063001007067
  0.04879091484223726  0.05971344183781485  0.06927505391311368  0.07846826419056989
  0.08882744917941354  0.10210521696149731  0.11543917027253228  0.12674859816659886
  0.13570039662879632  0.14350023631030084  0.15278142804519232  0.16180241498729384
  0.17039022388593048  0.17859551708102431  0.18738805118244395  0.19833689768384805
  0.21194984042619086  0.22382599445535262  0.24016409459017704  0.26067840797270364
  0.27560674349189973  0.28771119131542017  0.29957714416857784  0.31334380189852001
  0.32646313631213503  0.33995993673452884  0.35199637054338800  0.36293834685559528
  0.37331357630705247  0.38363593501682380  0.39514935382428762  0.41193766856219821
  0.42816205424266884  0.44608327176094537  0.45901394289764502  0.46741024887691557
  0.47650567393577464  0.48553903001568421  0.49311822693177382  0.50075353853174831
  0.50928852697822102  0.51928699563880476  0.52851507309015111  0.53696489068657194
  0.54568087151788869  0.55756607457675267  0.56815390448241443  0.57952872832485902
  0.59070062569036552  0.59964937577017552  0.60715284440790196  0.61356729379472974
  0.62232594230297777  0.63290055823650393  0.64297254255828340  0.64998494366755222
  0.65605302184030567  0.66209854459361905  0.66757043059344157  0.67324707309067311
  0.67905133245347649  0.68462978237705208  0.68897699235147236  0.69372027683292159
  0.69833848829743939  0.70401028413461775  0.70917227557195661  0.71562056636427918
  0.72302240179647981  0.73511519178584850  0.75781480426476233  0.77205126688371373
  0.78221020719395506  0.79060845928123635  0.79763476051050231  0.80561229467559381
  0.81644154673133118  0.82824139275968789  0.84076766521888435  0.85327321137575352
  0.86532682133586392  0.87838322070304387  0.88902225461270257  0.89936560184605485
  0.91017267320437611  0.92018990146319057  0.93781758732336595  0.95400108017460972
  0.96699483271686204  0.97823029777854598  0.98869412150648739  1.00000000000000000
 -0.00197744785591766  0.00704558157220271  0.01566416661573303  0.02454118851780571
  0.03374100606380053  0.04226052139624406  0.04927328469598749  0.05698488638040396
  0.06437944679133956  0.07133058476230514  0.08048521873179260  0.08946020412841324
  0.10037230796080104  0.11428573124206082  0.13263124093795187  0.15212302347460660
  0.16856762524619442  0.18229136702556126  0.19348124877932699  0.20292391964538717
  0.21382787435416228  0.22462146133236838  0.24128592715923466  0.26593046165072137
  0.28912999702714076  0.30285929850859467  0.31126171301212152  0.31720076233812466
  0.32058638101582992  0.32721761256302867  0.33605512463040338  0.34653530772291208
  0.35602356245364192  0.36218953542008558  0.36701486619791107  0.37244145421205699
  0.38127704356151554  0.39548336973733805  0.41071798333509757  0.42502374583761499
  0.43758789875511550  0.45098602685574690  0.46282539191130961  0.47146505205978084
  0.47821558447124607  0.48601613452137993  0.49518445300398700  0.50488228237700672
  0.51486964732621565  0.52585779790244425  0.53687849161316714  0.54744237978337762
  0.55800878419786792  0.57035872075367300  0.58473051323584579  0.59999472103717277
  0.61413203171981068  0.62523062793650985  0.63331315300673430  0.64030226930966794
  0.64660987044669738  0.65332234857373728  0.65971341897076174  0.66515069401668614
  0.67068906130790551  0.67670509126317901  0.68369264763769744  0.69256976103604995
  0.70406584449443421  0.71130771492505795  0.71885519388031438  0.72605671192467591
  0.73307019710560894  0.74021025486648706  0.74747679309324444  0.75513918365774690
  0.76741812189673153  0.78122434352590453  0.78631884204245917  0.79142751360870600
  0.79671273994659664  0.80315865028341316  0.81780780074884685  0.84129363904029653
  0.86086922774024577  0.87834295389101735  0.89492343713331657  0.91000390229262040
  0.92360539077291337  0.93335256237042974  0.94235868664520228  0.95363687872495229
  0.96611631443748480  0.97478851145585377  0.98564351126014715  1.00000000000000000
   1.2632723648110270E-017  -1.0000000000000000     
 F F F F F F F F F F F F F F F F F F F F F F F F F F F F F F F F F F F F F F F F F F F F F F F F F F F F F F F F F F F F F F F F F F F F F F F F F F F F F F F F F F F F F F F F F F F F F F F F F F F F F F F F F F F F F F F F F F F F F F F F F F F F F F F F
  <DiscreteSampler_grid>
  grouped_processes
  1 # 1 for a reference and 2 for a running grid.
  10 # Attribute 'min_bin_probing_points' of the grid.
  1 # Attribute 'grid_mode' of the grid. 1=='default',2=='initialization'
  0.0000000000000000 # Attribute 'small_contrib_threshold' of the grid.
  0.5000000000000000 # Attribute 'damping_power' of the grid.
 # binID   n_entries weight   weight_sqr   abs_weight
    19   10   9.781956305286429E-014   2.847703613986243E-026   9.781956305286429E-014
    22   10   2.636176390145769E-013   3.429958335088491E-025   2.636176390145769E-013
  </DiscreteSampler_grid>
