 -0.00000002305092001  0.00002485198641572  0.00019562302046854  0.00056192022454298
  0.00111624736521559  0.00190096532573586  0.00293501526604786  0.00409929086404979
  0.00549213657607822  0.00733251250178590  0.01034387946207817  0.01259053160558012
  0.01370855519022232  0.01459672959048697  0.01541057254448897  0.01620448180898591
  0.01700863359582895  0.01784379253480240  0.01873415765464568  0.01981321469339149
  0.02093205813321114  0.02207757237084813  0.02323871428308538  0.02447648061310703
  0.02578766727925577  0.02714082892807954  0.02851992720404651  0.02991684463375811
  0.03133498816204682  0.03276566973309889  0.03426860498499414  0.03579052337223707
  0.03733428352684456  0.03889335240430675  0.04049080575353641  0.04217772615646777
  0.04392685439416869  0.04572255209911153  0.04754294784517453  0.04936838253822150
  0.05119658441147422  0.05299210710915023  0.05490405490803964  0.05692823294673509
  0.05901649917309898  0.06111813278037778  0.06314760609160608  0.06520793492140532
  0.06722750515003757  0.06941368557851380  0.07173950528588992  0.07415432951520209
  0.07667322882753075  0.07912445444795674  0.08155876001923870  0.08401698054668572
  0.08650024118254415  0.08902567116557503  0.09173362478494231  0.09472815732599058
  0.09778020955490069  0.10075299135112119  0.10372844169523446  0.10673715572392183
  0.10978614872163180  0.11286219845447619  0.11598192562325968  0.11925646914651149
  0.12281113926519914  0.12659840477732642  0.13039600439564653  0.13427335945882402
  0.13821671000530816  0.14221704260665130  0.14628057551766038  0.15038286146428015
  0.15453611193313527  0.15905439652646439  0.16409882875835294  0.16929434426056023
  0.17460133878174527  0.18000890026022284  0.18566605456574908  0.19166425227952727
  0.19808985668921536  0.20539356500469838  0.21398509253068526  0.22419552130317755
  0.23473574622819571  0.24638641003664838  0.25992204605407282  0.27892551416002487
  0.30880467996220085  0.36761973642412815  0.63078859915092200  1.00000000000000000
  0.00976080564225919  0.01513731312598773  0.02362848668870913  0.03335052933704122
  0.04328496184330169  0.05280764346632452  0.06217708941444696  0.07144086291368308
  0.08069815144768276  0.09026094700197237  0.10018791790297708  0.11039423599286120
  0.12101873536867849  0.13235116126333538  0.14431403345220992  0.15650492492177409
  0.16866000977622100  0.18090593644881484  0.19341300245316095  0.20567555554885783
  0.21826335490465912  0.23061962066595437  0.24208350133421158  0.25308929392618346
  0.26421246647984514  0.27562608166658531  0.28748379630750759  0.29893546225202394
  0.30990117848826082  0.32057953753623514  0.33121887100760111  0.34159755866883429
  0.35180290463697411  0.36228303719022259  0.37254269497192721  0.38198703785541932
  0.39099303453891215  0.40002320180656509  0.40895041765594692  0.41805582211197578
  0.42719339633570591  0.43621851714487270  0.44619470829326691  0.45657894791039538
  0.46794001256854201  0.47916475632649724  0.48990302092948224  0.50059113159571267
  0.51139577596869579  0.52199770219535779  0.53235381117447056  0.54293351291032443
  0.55464256717762972  0.56657560744919266  0.57870463171686715  0.58996129112865558
  0.60049466894717463  0.61059644387116840  0.62032078573955174  0.63017951740198308
  0.63978908637042176  0.64922108834701620  0.65861553587180266  0.66849922258875005
  0.67991860245757407  0.69172527119884875  0.70321865146978602  0.71379185557046432
  0.72371344893603107  0.73364585329709708  0.74329620092486026  0.75284854704227977
  0.76246961996006202  0.77323169510160306  0.78619806444418350  0.79754780026126670
  0.80745357136159457  0.81745958366075522  0.82735508343177322  0.83657537050559272
  0.84521397456014402  0.85438001761388405  0.86460193255838214  0.87480048145659528
  0.88462828092866852  0.89465104242212512  0.90421153158178902  0.91405207442802838
  0.92373582020001421  0.93370556758740897  0.94389734250726820  0.95467639588174691
  0.96636903334629498  0.97705599781365104  0.98855600862948045  1.00000000000000000
 -0.00001868912166269  0.00020076897268970  0.00051966448092930  0.00099941905520052
  0.00166576875768746  0.00249389078337521  0.00346455747117396  0.00463075229190385
  0.00585790253289102  0.00727951528689939  0.00892785975348543  0.01060064791214878
  0.01241085125377581  0.01439490664967758  0.01644638470527248  0.01863924602217338
  0.02107124673224580  0.02358690294471190  0.02608260946673523  0.02866755904950060
  0.03132259446395250  0.03409820412327181  0.03704395682883108  0.04009091216994561
  0.04302037677883482  0.04590576477530630  0.04886113734306644  0.05176114469093340
  0.05485562209782507  0.05809190990971803  0.06148849333555714  0.06530402602735497
  0.06917036334111053  0.07317229915871114  0.07715309849883567  0.08131005548042530
  0.08564216830800339  0.09001624782482263  0.09444877687634175  0.09879083183144845
  0.10305675138590445  0.10738798103217428  0.11178708415224420  0.11631996290700494
  0.12110766032646036  0.12578716911265536  0.13100285734462819  0.13661861591118007
  0.14248783728792314  0.14861394714513670  0.15507580073180247  0.16226249317852978
  0.16783079297168604  0.17336568920351300  0.17912323008923753  0.18474941694640118
  0.19001391604096454  0.19542974248611061  0.20089141864124449  0.20638750520922311
  0.21196348889735900  0.21740151009599859  0.22280519396244225  0.22846674096548819
  0.23422949563604870  0.24007021426201597  0.24572412751038550  0.25176305866790721
  0.25784754373719376  0.26398521334776337  0.27018408727621196  0.27634299015547831
  0.28229807990567107  0.28814821397897256  0.29385559567507574  0.29938785926798722
  0.30490348608317064  0.31076840487895485  0.31683069564871930  0.32291534174741726
  0.32909912092692356  0.33536441532092354  0.34168761218280430  0.34793535424658473
  0.35413440034043486  0.36043534638516472  0.36686559610269998  0.37322273360093627
  0.37938203170839363  0.38590382071482021  0.39245291215401784  0.39903539695856782
  0.40550924545838352  0.40939294593475961  0.41124567086511882  1.00000000000000000
 -0.00429958716689396  0.01360370092208650  0.03010134735132607  0.04448251289854245
  0.05664884337615209  0.06737794047352608  0.07763466260450684  0.08771648692540654
  0.09756236157704301  0.10754144842703960  0.11795284746527815  0.12837375414559679
  0.13854736513764504  0.14907746506466640  0.15944956129940285  0.17015631172641402
  0.18065947623787862  0.19307777257993133  0.20652003394756444  0.22016985129567251
  0.23274215212574459  0.24397242717210932  0.25487057002999042  0.26554972144867239
  0.27585593965012628  0.28561613602145580  0.29530402275261580  0.30566217828120118
  0.31626788903166675  0.32703605724199553  0.33721853149673248  0.34665059464259840
  0.35574262381506710  0.36479130883276145  0.37390711031055751  0.38339390915351890
  0.39285784022431325  0.40437529141238704  0.41598024457981886  0.42730882503493900
  0.43788021704596775  0.44943367066111006  0.46045206682062129  0.47177795092686858
  0.48268170552848261  0.49379283318518097  0.50459721618634334  0.51530049044847226
  0.52561751317883521  0.53569202711688446  0.54555307287766652  0.55559751131852420
  0.56629165699776196  0.57778862042431600  0.58843091509966472  0.59796037123744561
  0.60763796918064594  0.61774472275290693  0.62735366598556341  0.63598079487121006
  0.64496173997732176  0.65511033033345545  0.66544397680101541  0.67499355984361153
  0.68453485060949759  0.69499073114895782  0.70568384013931207  0.71603644748331685
  0.72606655011414112  0.73664261810338361  0.74791915762761751  0.75905322242096540
  0.77024580180348168  0.78089541319438038  0.79151443226680906  0.80281202989610123
  0.81388084279316664  0.82505135935035601  0.83633793401642020  0.84868806607191405
  0.85927614416548004  0.86963135842175210  0.87937768355325019  0.88896598938927207
  0.89834719772560934  0.90738988480143357  0.91672897110541240  0.92645849523938106
  0.93585580904616739  0.94511120896865364  0.95449855870770184  0.96424817298824239
  0.97343513548109184  0.98222442157098300  0.99100939273398070  1.00000000000000000
 -0.00258677245139655  0.01008585888540913  0.02043427037215654  0.03152351266916354
  0.04170089740911342  0.05197319787006995  0.06274464371083274  0.07429059692710761
  0.08545769888400782  0.09650999222189191  0.10739192266602275  0.11835845035119398
  0.12968463307729605  0.14133959031000917  0.15265772183645929  0.16337572191831751
  0.17305540780773748  0.18256392093534704  0.19173740976085424  0.20039995675401395
  0.20907432629394743  0.21780822417533169  0.22682782418114714  0.23633494650712406
  0.24613363054981599  0.25625350468274993  0.26629993675207209  0.27594244865734185
  0.28548659405734478  0.29550005301640436  0.30632735018561363  0.31781327297255263
  0.32931649970953475  0.34060942194024074  0.35157148712012876  0.36255191834705197
  0.37369195073198019  0.38501706607026492  0.39612281390456561  0.40814210397346856
  0.42074722614626314  0.43293726582101083  0.44334625350583617  0.45286650904938408
  0.46257252969135493  0.47227970796458896  0.48202134431299931  0.49157952526902415
  0.50156945271373199  0.51251094051420820  0.52351501552095381  0.53496020548063128
  0.54619244594153071  0.55720234456239681  0.56765748567291385  0.57805753648020830
  0.58888925446789664  0.60003585058643860  0.61106618398420387  0.62172570315843556
  0.63286693612560807  0.64427547961290710  0.65501868965651289  0.66511291350321611
  0.67489029836301728  0.68455647070538372  0.69443212792222786  0.70409551598396003
  0.71354746223500187  0.72259064932108785  0.73195174197422685  0.74175253873830860
  0.75159212339119663  0.76175000650550484  0.77235275103888390  0.78371501321873938
  0.79438928757317107  0.80406390160256958  0.81453847088070597  0.82553638913799732
  0.83637497096102364  0.84719652751274033  0.85813436493075912  0.86949281070700524
  0.88072230766429238  0.89191526152010769  0.90273513371729031  0.91379916296682095
  0.92534909850442337  0.93693418116682059  0.94800496690561520  0.95849850386901458
  0.96853638032256018  0.97907827196174746  0.98956048914675787  1.00000000000000000
 -0.00268560534181172  0.01059586780692745  0.02065178506770242  0.03133910942060351
  0.04260336305936152  0.05518324650994335  0.06818820876133812  0.08062776720462181
  0.09169159928061116  0.10257445237887923  0.11367642004467811  0.12453953046955378
  0.13496087327910025  0.14535184375738272  0.15717831914829256  0.16964557380283016
  0.18189910243942203  0.19379361651173616  0.20566147126457052  0.21795707100429265
  0.22999513928295853  0.24063673754417791  0.25045319466968990  0.26029746323602249
  0.27021143961700111  0.28028428818896167  0.29036090436726092  0.30080111123774622
  0.31150203331461079  0.32199582309478547  0.33236537747683981  0.34221534370284151
  0.35163922851571949  0.36122084865583387  0.37119164468858357  0.38167374250650227
  0.39232009698183640  0.40288867875480633  0.41350265739979386  0.42388319634294330
  0.43394462103852571  0.44435200386445994  0.45533777344875764  0.46672382854053895
  0.47742672693938609  0.48751667607828642  0.49743348963569417  0.50760465914069031
  0.51752443432194462  0.52841356428358344  0.53971660996861104  0.55024708054160021
  0.56072843687473750  0.57082692144830027  0.58088799682615333  0.59073029504047281
  0.60044681556042234  0.61047469621785144  0.62086690420909840  0.63137799641692371
  0.64214845913583674  0.65251687851496276  0.66245591366976631  0.67221170249897033
  0.68204881121595762  0.69179820233416367  0.70161956743667431  0.71234086826866228
  0.72397149164822050  0.73566205655359307  0.74697359007497111  0.75770076970289035
  0.76796432702380080  0.77812773486149844  0.78788301500892355  0.79791502315525109
  0.80824561774462056  0.81907147933256397  0.82973198138674520  0.83933503102645957
  0.84879876431047097  0.85856937408111200  0.86826055054525231  0.87795514506928407
  0.88785922186865462  0.89790302573863390  0.90760966261858189  0.91716404884783298
  0.92689240731624023  0.93677898733349885  0.94667373646707142  0.95584793364748888
  0.96617430297892659  0.97715371684989727  0.98852295274917601  1.00000000000000000
 -0.00190208752608113  0.00814581504451132  0.01656577240802312  0.02550754072532189
  0.03460574059631525  0.04401735214819885  0.05413656403039828  0.06450804947070267
  0.07499594684231183  0.08550475203176047  0.09594232751265031  0.10661747014957751
  0.11767409446152080  0.12834483387357754  0.13856319679947829  0.14852722287068096
  0.15825234715997027  0.16808273073940852  0.17797127675390528  0.18795605137622545
  0.19828021892124972  0.20837670963764707  0.21857719792377370  0.22902257510769117
  0.23955449398410483  0.25042231914379331  0.26132407469268393  0.27197344038413612
  0.28285270735173867  0.29351284230246250  0.30377971110203561  0.31419364314442355
  0.32468202895054943  0.33547563932614255  0.34659389469370827  0.35809578736360853
  0.36981917090121913  0.38095525887527454  0.39137999539151297  0.40148200604496981
  0.41124724702312532  0.42104264491467086  0.43088147913944769  0.44115326897693830
  0.45186587321909472  0.46221415206264133  0.47177214920646809  0.48117230731181382
  0.49093775134535306  0.50102358356484422  0.51137315497794977  0.52167762064952750
  0.53189048554370988  0.54200090469724360  0.55212385745082448  0.56202435739078516
  0.57170115927850895  0.58155310673760052  0.59275493686641878  0.60450352772758187
  0.61640171109983277  0.62791348857363105  0.63946654941943948  0.65091471413016144
  0.66240359601842591  0.67430380096441001  0.68624701881346473  0.69754209131631051
  0.70826630537310264  0.71876419719349971  0.72896952699159956  0.73836850121710373
  0.74753447427133279  0.75695091993910568  0.76642390041194308  0.77532459545965859
  0.78386745405792779  0.79294197358513485  0.80213719220463608  0.81069913289329232
  0.81951325989620261  0.82855913415572646  0.83894478856297350  0.85062444232334866
  0.86292476249390926  0.87637967455351051  0.88978356437315798  0.90270662953809855
  0.91521248627951124  0.92743906756385386  0.93938055135363940  0.95115226511187168
  0.96360686142110996  0.97611256569844507  0.98839436316441243  1.00000000000000000
 -0.00221326426403065  0.00898104879144250  0.01834279454302025  0.02862903683065205
  0.03900330403726677  0.04901448520998147  0.05927708180063117  0.06979780773327079
  0.08021004167055439  0.08969384308756538  0.09875575892154491  0.10791028275715767
  0.11686536663174357  0.12550962018993411  0.13449308435951196  0.14387667438745044
  0.15409199072443983  0.16457756602950527  0.17457305033041859  0.18421257075927538
  0.19393864728672300  0.20376429538208338  0.21347861534696155  0.22314783643496272
  0.23356107567230996  0.24502756034987708  0.25672843403093371  0.26791335857266629
  0.27905250182327990  0.29008285158556646  0.30035431021929732  0.31016758035757502
  0.32046621373555134  0.33145352234936970  0.34269414386036862  0.35381150438462150
  0.36531461244294167  0.37715040236180852  0.38895849590714215  0.40068350850906526
  0.41231768203420932  0.42392088570704467  0.43576936428323165  0.44570505818255174
  0.45561383273339839  0.46543021095905657  0.47527502294729657  0.48494666217492499
  0.49443536998636084  0.50431902016043373  0.51549055760939766  0.52643174583819508
  0.53690898689742506  0.54740741739520538  0.55778692092875759  0.56799075786686071
  0.57715645504583157  0.58674859745112051  0.59697752767861667  0.60775324835184319
  0.61881344160123264  0.63008529749519404  0.64413056773551836  0.65687728521957078
  0.66787156917397250  0.67764811292541283  0.68698410242527097  0.69598974791766832
  0.70497571759196742  0.71437848240979285  0.72427364343059852  0.73479997489870708
  0.74661320432789691  0.75909406327014839  0.77233542695596469  0.78462826489557824
  0.79617717276681499  0.80691458134823335  0.81705021440639136  0.82683286653525567
  0.83674718715044205  0.84643958275546349  0.85622153719138383  0.86634394599014097
  0.87671139126506381  0.88843151617408977  0.90028154520550852  0.91350044881224590
  0.92505838050874323  0.93729909224653762  0.94981979043582743  0.96153067326421260
  0.97114021852160615  0.98062098015528820  0.99007595051182684  1.00000000000000000
   1.5852123638340487E-016  -1.0000000000000000     
 F F F F F F F F F F F F F F F F F F F F F F F F F F F F F F F F F F F F F F F F F F F F F F F F F F F F F F F F F F F F F F F F F F F F F F F F F F F F F F F F F F F F F F F F F F F F F F F F F F F F F F F F F F F F F F F F F F F F F F F F F F F F F F F F
  <DiscreteSampler_grid>
  grouped_processes
  1 # 1 for a reference and 2 for a running grid.
  10 # Attribute 'min_bin_probing_points' of the grid.
  1 # Attribute 'grid_mode' of the grid. 1=='default',2=='initialization'
  0.0000000000000000 # Attribute 'small_contrib_threshold' of the grid.
  0.5000000000000000 # Attribute 'damping_power' of the grid.
 # binID   n_entries weight   weight_sqr   abs_weight
    19   10   3.424217470854357E-013   3.424408469070121E-025   3.424217470854357E-013
    22   10   5.743113601369966E-013   8.953514863459138E-025   5.743113601369966E-013
  </DiscreteSampler_grid>
