 -0.00000001692544438  0.00002494010780873  0.00020045969878465  0.00056369153026153
  0.00111601590156414  0.00185397403978380  0.00271089184471378  0.00364722856440398
  0.00470178825627366  0.00587701468299128  0.00715885486703757  0.00855977156280558
  0.01001844457596462  0.01147968584245533  0.01301251297109001  0.01461040623151773
  0.01634994944043385  0.01809085120636724  0.01974368321636276  0.02149720105600974
  0.02327099839695431  0.02512175636491864  0.02709736211510454  0.02908273117245394
  0.03100716416100966  0.03287523713737915  0.03478458055759220  0.03672484393669913
  0.03868554122457718  0.04067205431797540  0.04267123658179542  0.04473770163393929
  0.04682984504196021  0.04893601258595141  0.05107448437791528  0.05324056001660152
  0.05540267605562398  0.05754221366991633  0.05973659503064609  0.06210584346501240
  0.06458003109356378  0.06707297923996738  0.06954658952055370  0.07199650439054139
  0.07441597271164062  0.07678146700464161  0.07908698608563887  0.08150188470544757
  0.08399130147553908  0.08642883483568957  0.08886180856676384  0.09134534649599622
  0.09388913427996709  0.09644138516719895  0.09895495549628004  0.10153089252008893
  0.10408534740981321  0.10688776232491078  0.10987354567770470  0.11290606041287889
  0.11603143684574962  0.11924514882285762  0.12245891349994685  0.12567190045441395
  0.12889943088174530  0.13214049456163088  0.13531036988772138  0.13841757845206307
  0.14177477701451949  0.14538452076338659  0.14910945836260250  0.15272607975057551
  0.15629783136463246  0.15999946216301936  0.16378483466880545  0.16775310594708948
  0.17203652064311306  0.17652465759209587  0.18104111395643377  0.18618148477378396
  0.19153609535856347  0.19700821731683271  0.20277567083019704  0.20888307543917700
  0.21532820612591033  0.22251196415080018  0.23012389939501743  0.23815030722409186
  0.24824677088665537  0.26298617128758378  0.27936138880539213  0.29902239708994599
  0.32833158565653908  0.38871238464073599  0.61571391891471028  1.00000000000000000
  0.00939571851581480  0.01619651335557121  0.02653163237263992  0.03787511792311917
  0.04872609917950259  0.05903350218431361  0.06924573822830037  0.07932849973140775
  0.09000091716591715  0.10121000043222432  0.11299597789355875  0.12491058756186117
  0.13646553384640003  0.14778204505618830  0.15905199350471111  0.17046285026103616
  0.18291254073289953  0.19411710396097570  0.20476628696081484  0.21512538769025019
  0.22517107953523172  0.23562194555689772  0.24588059824752151  0.25693996122993989
  0.26810661691902965  0.27858964310747908  0.28884682802128753  0.29902646233386437
  0.30963269465575399  0.32041710375418814  0.33070493397497353  0.34122298439457599
  0.35173496456165726  0.36159026316526349  0.37130770823591686  0.38123470519941949
  0.39120209562805364  0.40134397604045302  0.41113881509933742  0.42146338411101236
  0.43243422024389799  0.44191905389774261  0.45094493493140869  0.46028281369658230
  0.46953622992942062  0.47868437101480688  0.48772285976947610  0.49689767324178458
  0.50686108088159754  0.51717925550874788  0.52873264909469087  0.54045556006545470
  0.55130767907690814  0.56213355660192432  0.57283350772885078  0.58297073490509688
  0.59241819416955266  0.60172074408297149  0.61247004697591656  0.62354141359024862
  0.63425675253407288  0.64503453856295934  0.65648267445758779  0.66780378635806970
  0.67860237213765562  0.68936580972464656  0.70023596591664872  0.71049976949978721
  0.72018118743190418  0.72992772434105324  0.74052968209300907  0.75162746729139607
  0.76320294762164043  0.77429670717817278  0.78446474846579317  0.79409229356811251
  0.80315084065900633  0.81242616709400395  0.82179312377331515  0.83147237225648030
  0.84191942783410711  0.85230771823890916  0.86245434529524889  0.87257925411078385
  0.88303534752204504  0.89376798708849470  0.90352778105815934  0.91339338791203051
  0.92340951741435695  0.93321323479283202  0.94372965694519084  0.95425949197391113
  0.96481200811918288  0.97506700684659076  0.98666585223805692  1.00000000000000000
 -0.00001784895496617  0.00019457138258916  0.00050434870393894  0.00097943960855589
  0.00160924708790595  0.00241273217880573  0.00331375237899465  0.00436114377062303
  0.00552086617810204  0.00688060942522633  0.00846663007134743  0.01020317757301506
  0.01196057128892544  0.01375650618165742  0.01560002816071536  0.01746587553524771
  0.01939328047649238  0.02149300675029844  0.02382299996852212  0.02636249782887259
  0.02892010337396709  0.03150519291770811  0.03405477044706438  0.03667983694678115
  0.03934481801730717  0.04213607235567195  0.04509655241316839  0.04822301074073009
  0.05135208815246697  0.05442333151821260  0.05762554009020668  0.06093422267787331
  0.06432079634037680  0.06788481497704910  0.07162230931604288  0.07546205679148951
  0.07932187521905953  0.08319508930590834  0.08714939750896816  0.09146286625421660
  0.09593684375149977  0.10047202430338774  0.10496659068664319  0.10921599463556035
  0.11338419295388537  0.11765063423414499  0.12195467113022540  0.12632425312450163
  0.13074793206856153  0.13519368342684240  0.13966829143738857  0.14400456854984525
  0.14876615546279029  0.15366632987852352  0.15869535931832146  0.16382616371559192
  0.16926495951055467  0.17474784896974946  0.18013617479117469  0.18560609692425989
  0.19127632814290810  0.19668225453722424  0.20222061155881757  0.20795297655105244
  0.21382726847667607  0.21971581115446961  0.22553566478063142  0.23131874033949659
  0.23729417243910605  0.24318267175937544  0.24900900990858249  0.25477832771738773
  0.26051535051306302  0.26624596226031372  0.27200713113346686  0.27790848922707578
  0.28411255002535574  0.29032867406380880  0.29631537283404713  0.30208794668816935
  0.30821344546541024  0.31468317872687246  0.32122500052839592  0.32798972369783086
  0.33440486854009738  0.34055074050135703  0.34800007359186186  0.35686203920189291
  0.36546567364235566  0.37384491520201435  0.38202448654696153  0.38999216838450462
  0.39851185187222732  0.40628399227322481  0.41288926714656482  1.00000000000000000
 -0.00191762986773369  0.00798430861498938  0.01622474365350087  0.02510252352100237
  0.03490888742027296  0.04530524421716836  0.05646444559004159  0.06780328198507243
  0.07934598111539004  0.09063469838248112  0.10171819771737295  0.11238365944963807
  0.12273100474255849  0.13233128627069199  0.14149559466933884  0.15098951289428642
  0.16092748013031410  0.17116311465958017  0.18100582794766593  0.19094753673222595
  0.20114509621618698  0.21138768129648583  0.22149933074900516  0.23215779987923740
  0.24374311022859618  0.25550206967059802  0.26719522292424774  0.27892982233427316
  0.29055409642258528  0.30193947260888310  0.31313836437545711  0.32457925743691202
  0.33659219575963129  0.34827914119891662  0.36068273595448280  0.37262449350398075
  0.38281208679951423  0.39251576846425901  0.40317494764051293  0.41392069558657774
  0.42328881114356176  0.43205813399146437  0.44090058606651433  0.45087965657614637
  0.46058269776782701  0.47017753574669774  0.47967746302394920  0.49098849564851393
  0.50187956825566649  0.51226993617358740  0.52252182421954019  0.53305123907649754
  0.54413560817907625  0.55426403400686408  0.56426109174594430  0.57374831324736220
  0.58344870018707085  0.59451716293510426  0.60617174945192709  0.61769591825713788
  0.62825571698591876  0.63836363956955056  0.64880125129335231  0.65974970558836854
  0.67057450757704573  0.68080921084365753  0.69135349915093591  0.70265935824130954
  0.71415321992489567  0.72540710674885778  0.73638123171999081  0.74598683470732829
  0.75560262857284721  0.76553506693775686  0.77581941739358506  0.78591498497124801
  0.79616159027647071  0.80670650746855899  0.81716346508871196  0.82724149356508747
  0.83712174057305866  0.84708303707501342  0.85764091294143796  0.86877700857252282
  0.87972327064511890  0.89054728912903613  0.90166262844105838  0.91315303220930855
  0.92461225374411216  0.93616151840074258  0.94681980389304732  0.95753096620623168
  0.96875278548883281  0.97978631459502952  0.98991534741419918  1.00000000000000000
 -0.00247967274794452  0.01022048061257413  0.02136826197308307  0.03285516681986068
  0.04400802697050667  0.05491193118552977  0.06538849014683468  0.07565923366828078
  0.08652149930556599  0.09759153693255276  0.10853303847590955  0.11873593069726791
  0.12888002166012810  0.13937317242248740  0.14968215117301509  0.15993334768001191
  0.17020690825776927  0.18083728966674262  0.19120590715054051  0.20104120611246931
  0.21095596724514035  0.22117026622605968  0.23213601653062535  0.24345538949084528
  0.25546042228713739  0.26802389857535719  0.28025385953876303  0.29172072767793095
  0.30311701674615571  0.31365124902455926  0.32388322059387153  0.33382355756966364
  0.34415599697681493  0.35486869512154867  0.36578531469098957  0.37599883161979247
  0.38520383954907328  0.39444853141791442  0.40410914368201517  0.41369193118378100
  0.42303380366446980  0.43209850979778891  0.44193581418332539  0.45255557178248279
  0.46322564647792064  0.47374796135706249  0.48415330098760490  0.49451349572017028
  0.50463222522278772  0.51484989641402901  0.52546112018604207  0.53686138746804046
  0.54806814913679158  0.55949445295769984  0.57063911525268840  0.58188542215137973
  0.59302458652241274  0.60431678481180429  0.61525855966419563  0.62627632892610363
  0.63702860454696053  0.64741298899052691  0.65710266227714942  0.66659468747748740
  0.67680650183757196  0.68742365867907884  0.69747189712458535  0.70717849209035788
  0.71691583598189801  0.72695299020966164  0.73688532453062527  0.74728130537995086
  0.75810134289160502  0.76926412501254027  0.77985911389043860  0.79027505933306041
  0.80116325998265348  0.81268377476884512  0.82288546580623878  0.83333636852782378
  0.84336737575525711  0.85368562840733420  0.86352323834270128  0.87305105028629626
  0.88320485254473580  0.89419750092270023  0.90415187042883205  0.91423156058903043
  0.92451047972189027  0.93521856727802777  0.94629721155437718  0.95690522896845831
  0.96786830017878467  0.97843171222438630  0.98928980599928340  1.00000000000000000
 -0.00298511571844312  0.00950487376657052  0.02134665754021118  0.03322712724639081
  0.04509172633457152  0.05695189063573375  0.06784659851562348  0.07848688109351791
  0.08879532974526648  0.09930193965612955  0.11044126776840665  0.12175506504147932
  0.13339402216164897  0.14499579445071190  0.15568679733966112  0.16572218109750719
  0.17566329354748239  0.18547730428399559  0.19518068612492331  0.20478098023697616
  0.21552042096562149  0.22715869723266754  0.23965371170631813  0.25182815280850235
  0.26259453404738042  0.27337006502567918  0.28457416877709751  0.29548438967794771
  0.30487999834355989  0.31467179480631596  0.32473123034374790  0.33493002680209494
  0.34465867803579420  0.35445675492222384  0.36523061956553088  0.37665296646747792
  0.38815214607633769  0.39974162372769872  0.41161256449692585  0.42345821048270788
  0.43468140910556752  0.44477214201160553  0.45386174064275586  0.46333384092706287
  0.47281695288812442  0.48235299433268725  0.49198620438949492  0.50212185236788776
  0.51368004188296290  0.52487483904592702  0.53581408208149583  0.54671351717051497
  0.55682109313566575  0.56607252894509397  0.57480382217263648  0.58422390796803803
  0.59366692327342829  0.60285971213104728  0.61196033725506593  0.62143323581732302
  0.63189143162537953  0.64281659227521115  0.65331458949907750  0.66349733472327410
  0.67406013298468859  0.68459929244535178  0.69395466581353293  0.70279719733575707
  0.71213314059871613  0.72166088223052105  0.73113453405450424  0.74059093379975205
  0.74996786166382434  0.76007484635285960  0.77095586074426337  0.78198101758500316
  0.79319459997867459  0.80367180482404743  0.81380650980670011  0.82400824530251626
  0.83407163352766589  0.84518961544174531  0.85635458872449388  0.86739605615489812
  0.87894449172806544  0.89005969852648870  0.90076811295914250  0.91116428534944527
  0.92189371923159735  0.93305548355682710  0.94413548883388054  0.95539710361037078
  0.96673260855583065  0.97772045811918817  0.98878262605833966  1.00000000000000000
 -0.00234376748023470  0.00923654634234570  0.01831025184323199  0.02799228941725658
  0.03761704294089374  0.04765221235710232  0.05841519404899747  0.06880847498031467
  0.07951332462129122  0.08912122663468686  0.09881991179046884  0.10864201278454148
  0.11841507293333053  0.12791769772356451  0.13706869819264120  0.14635307558324107
  0.15624644964165146  0.16614358809404567  0.17523089557800539  0.18399791347678318
  0.19267699829895721  0.20143635841780386  0.21036101409250157  0.21921898656886651
  0.22833117134409633  0.23846507915111051  0.24957645002444989  0.26153823223334821
  0.27365291942373071  0.28551262001708150  0.29710625445790423  0.30792035195407980
  0.31806367212794046  0.32823591042125955  0.33919765561556381  0.35066877437735455
  0.36129111967116190  0.37127229610812901  0.38136736175307689  0.39173236984364512
  0.40236057169639061  0.41228072137914629  0.42330161322365040  0.43441220097149014
  0.44500955579876611  0.45570196672604979  0.46651611760022904  0.47701111873243240
  0.48691379166275989  0.49645747983899507  0.50675117958476878  0.51728483105758294
  0.52699288030224634  0.53649749025824112  0.54654081152684997  0.55697913865317161
  0.56765468046692480  0.57793098856346115  0.58917826096175407  0.60074720334592369
  0.61219316874365204  0.62359435910802419  0.63504672410302765  0.64631114628065212
  0.65715081784168439  0.66773198804222356  0.67823875013094082  0.68858784090881187
  0.69889895954971581  0.70947710058588398  0.72048654830098657  0.73200261437829517
  0.74378475986954962  0.75538730778139884  0.76649715006776431  0.77750522516855447
  0.78856297276151288  0.79976047084282120  0.81116678134204567  0.82222574519727909
  0.83364540697315170  0.84505072229106637  0.85686556564146454  0.86844046070158587
  0.87953473546810101  0.89025108053337598  0.90108541063926650  0.91220416176466146
  0.92402501126842662  0.93599951407017234  0.94701942414125684  0.95768599362920315
  0.96778397737296207  0.97840526822123874  0.98895466712892210  1.00000000000000000
 -0.00271053595957894  0.01011554647554039  0.02151830243617398  0.03343286175819737
  0.04461485231233564  0.05508380077345241  0.06549073442330063  0.07593272634850856
  0.08672950676645287  0.09733533465518163  0.10910755837735191  0.12128289382311210
  0.13244586549183160  0.14279336771200343  0.15321341105944272  0.16385680182478163
  0.17487997715213247  0.18558559227130178  0.19547779257325229  0.20517326348896356
  0.21472743603260480  0.22410859905353830  0.23334813567501936  0.24313036004174060
  0.25279562422406959  0.26213809745296923  0.27128954287659296  0.28096827769487398
  0.29141723647458723  0.30090894826261833  0.31007755290348210  0.31902329676474128
  0.32845349251496930  0.33774437570978388  0.34727419050213487  0.35673061362528030
  0.36639866680228722  0.37598716658049558  0.38638188530067497  0.39750836233268538
  0.40887066234674152  0.42010545643908470  0.43071393678545139  0.44174191521633316
  0.45311620504207784  0.46451095635957357  0.47556267566224381  0.48690465967561947
  0.49764475429598021  0.50872995353926909  0.51974923433696341  0.53195030299668444
  0.54382061033843321  0.55548364118784888  0.56643337111698966  0.57741268139250035
  0.58848470681150022  0.59933341317970923  0.60985271698194121  0.62038967308148207
  0.63113959115510676  0.64233051115216144  0.65370810764248333  0.66475902426529210
  0.67557086364285468  0.68662711677625121  0.69840356494905287  0.70958274767222862
  0.71994138980492062  0.72984282861013805  0.73946939170415171  0.74877505035358671
  0.75756328014064822  0.76607003646927840  0.77530487509268409  0.78539938204822224
  0.79635300791171815  0.80800355122491441  0.81933797147807952  0.83000992362362269
  0.84070825989525544  0.85112689866306024  0.86178536613179546  0.87255707780699643
  0.88411028144302317  0.89639993307592625  0.90844664015047250  0.91978793332694841
  0.93094901522411877  0.94213597722018627  0.95354642167208259  0.96340700489732189
  0.97280127226237767  0.98210056327839823  0.99126219013462857  1.00000000000000000
   7.4620548282989517E-017  -1.0000000000000000     
 F F F F F F F F F F F F F F F F F F F F F F F F F F F F F F F F F F F F F F F F F F F F F F F F F F F F F F F F F F F F F F F F F F F F F F F F F F F F F F F F F F F F F F F F F F F F F F F F F F F F F F F F F F F F F F F F F F F F F F F F F F F F F F F F
  <DiscreteSampler_grid>
  grouped_processes
  1 # 1 for a reference and 2 for a running grid.
  10 # Attribute 'min_bin_probing_points' of the grid.
  1 # Attribute 'grid_mode' of the grid. 1=='default',2=='initialization'
  0.0000000000000000 # Attribute 'small_contrib_threshold' of the grid.
  0.5000000000000000 # Attribute 'damping_power' of the grid.
 # binID   n_entries weight   weight_sqr   abs_weight
    19   10   4.706854352249694E-013   4.675321195540461E-025   4.706854352249694E-013
    37   10   2.311551939209052E-013   1.044169091223044E-025   2.311551939209052E-013
  </DiscreteSampler_grid>
