 -0.00000000451684854  0.00000257935085143  0.00001824245938639  0.00005187131912928
  0.00010203498464966  0.00017375202496454  0.00025841244915899  0.00036201929216656
  0.00047778995206320  0.00060384446272510  0.00074581833020116  0.00089341349962816
  0.00104782367843892  0.00121125653177913  0.00138303136447014  0.00156902198111989
  0.00176376613442828  0.00196022599038302  0.00215520302850601  0.00236493712997874
  0.00260085888115617  0.00284216446391960  0.00309570968281345  0.00336019686874477
  0.00362697167039182  0.00390295173373020  0.00419482654891841  0.00449411126515095
  0.00480131814402504  0.00512539945637456  0.00546930204388172  0.00582550847146698
  0.00617776709985712  0.00654735041899687  0.00696721042113679  0.00741557829637348
  0.00789121697216906  0.00840930065751234  0.00896900862425931  0.00962110197112816
  0.01048267721389395  0.01146721350111735  0.01207684903623339  0.01247143776776268
  0.01277788288090074  0.01302169760864454  0.01323600987951460  0.01343258989742962
  0.01361267399270724  0.01377706046163252  0.01392956019942292  0.01407486485093667
  0.01421814568168565  0.01435871502162567  0.01449730003934674  0.01463379705426644
  0.01476809133946315  0.01490111216022066  0.01503267029773194  0.01516491502499223
  0.01529723254426752  0.01542952335937997  0.01556305277569893  0.01569827663138898
  0.01583655433556647  0.01598818075954228  0.01614299326351509  0.01629825194182525
  0.01646397189678471  0.01663394922646377  0.01680802157883695  0.01699345235269288
  0.01718767864673661  0.01738738659679873  0.01759189128114699  0.01780787734870808
  0.01803023199162442  0.01826048931877292  0.01851185706237446  0.01879695264181460
  0.01911832232096311  0.01947957645482314  0.01986221454319546  0.02027017936104606
  0.02071163130640648  0.02118670202327107  0.02172220658244882  0.02231426233894469
  0.02297645251266698  0.02368351747910478  0.02472607095875164  0.02642925083897813
  0.02879711362927074  0.03450405623005767  0.04955403968534797  1.00000000000000000
  0.01008454631366780  0.01400981254834487  0.02056693636740835  0.02843683392062244
  0.03687593038679640  0.04539337147736817  0.05366704932756101  0.06246134405430966
  0.07221983728942456  0.08245962956272285  0.09282129794804801  0.10365014690128876
  0.11507773297719474  0.12734654559919906  0.14022248916289096  0.15299400477797612
  0.16482581278164388  0.17519179807447346  0.18495087698735643  0.19494684115684391
  0.20512730909648869  0.21493664538297771  0.22378149657070592  0.23393060968568499
  0.24586315467952549  0.25793279621402565  0.27026739175797426  0.28286686040613634
  0.29558143686612720  0.30814170921414408  0.31968812711861400  0.33077807045843383
  0.34166049350747052  0.35219059540103620  0.36291239679146653  0.37326290557257508
  0.38451472745835558  0.39593619066535590  0.40751292262221561  0.41849908842843014
  0.42792990329450065  0.43687297959333066  0.44576124430252134  0.45496321792813899
  0.46409203635881119  0.47325345741209640  0.48236938154969905  0.49180645664016498
  0.50107751584232996  0.51045624776642906  0.51996611567957485  0.52995534433148972
  0.53984479291000931  0.55005218902202913  0.56023023569989816  0.57173056418124524
  0.58340748418919541  0.59352919350428235  0.60320350701882330  0.61267089409557984
  0.62217915397692858  0.63268678214621976  0.64292438645107630  0.65213065018031480
  0.66120099134927979  0.67034233944323229  0.67925392372399696  0.68855731774768558
  0.69758133213287754  0.70667717852581080  0.71595509300242632  0.72607359967733920
  0.73590427150615390  0.74570724161532032  0.75525450839757113  0.76549143300936850
  0.77607588235506619  0.78745153870805729  0.79860479748988678  0.80945105048866794
  0.81988661634377291  0.83076608794764506  0.84293634353461988  0.85599852993982195
  0.86816334982963916  0.87966838356592425  0.89116058844680346  0.90301498861927210
  0.91534571447930280  0.92782079947752938  0.93982538730511311  0.95131202734572728
  0.96226484050904826  0.97155515584122010  0.98176985923441262  1.00000000000000000
 -0.00002175758340940  0.00026242911041639  0.00076662919840160  0.00158825251225696
  0.00270307702620618  0.00417829107376788  0.00585601296423603  0.00779886942403744
  0.00994420374940352  0.01217283674178342  0.01509521305962422  0.01808541871596036
  0.02122478160715963  0.02464427216237633  0.02807599604142422  0.03145608880830721
  0.03488613324095725  0.03869882795629973  0.04279656060218311  0.04761719802597988
  0.05224578476595711  0.05683116976812307  0.06106486532918060  0.06538927319949085
  0.06980875431685088  0.07443613180244646  0.07926668411826275  0.08445364592908787
  0.08999180344270923  0.09584786925873881  0.10200260549800962  0.10871865130032245
  0.11576032476995857  0.12241684486799119  0.12913816556645116  0.13617423634446776
  0.14331094160732669  0.15078063902497621  0.15833985518537799  0.16538081833343282
  0.17211157527629678  0.17897271941535503  0.18596092288749291  0.19301206961429040
  0.20008575768182804  0.20737222151670545  0.21492960313517434  0.22286587448026993
  0.23222252893568865  0.24211704854870297  0.25178617561242006  0.26132285714873216
  0.27079266158481591  0.28041230053123473  0.29016653574909301  0.30007689084645167
  0.31032145775668801  0.32106507320138872  0.33224500656623546  0.34370605612614152
  0.35529541129154735  0.36694121339430380  0.37889470473130660  0.39109428170352767
  0.40345243594174890  0.41592394504031494  0.42865627688928459  0.44226398545358575
  0.45653419771386616  0.47137434723650851  0.48671755310023623  0.50202942670066109
  0.51763524140299233  0.53375470254171242  0.55028605057086633  0.56706827594564191
  0.58397014700487704  0.60123939044819130  0.61849246742122321  0.63550058720779912
  0.65343367572337308  0.67316443293409278  0.69388909354913664  0.71515833147897612
  0.73758163151025702  0.75965932543887338  0.78162460981017945  0.80353618423715423
  0.82520630140703066  0.84804411561879056  0.87029989909834482  0.89238128158367158
  0.91442505900255866  0.93656711924068914  0.95777114996365320  1.00000000000000000
 -0.00205951624422318  0.00897561325355145  0.01774876890067158  0.02678058014340556
  0.03650821136520208  0.04627834832420157  0.05547142779259989  0.06429210007890308
  0.07458438658516187  0.08513234914894106  0.09542225078549341  0.10560991170965693
  0.11747678679805343  0.13065838748212821  0.14390353686392676  0.15695998311253476
  0.16901532812769698  0.18119519363693318  0.19337087006839032  0.20659766901749782
  0.22046697524524544  0.23326458284433960  0.24439671946310482  0.25568269282659473
  0.26749526743631569  0.27838489125640015  0.28859243408681950  0.29903929505608356
  0.31088015036123673  0.32307391443665312  0.33603095171987440  0.34912215108609851
  0.36101087881709026  0.37207726663995799  0.38259269574390725  0.39323699016777014
  0.40474945930109868  0.41635051897070174  0.42733187407577344  0.43820352816544617
  0.44904953749458487  0.45921364337469922  0.46897473840213555  0.47858781828283603
  0.48827055492381360  0.49829757372603939  0.50895032826575182  0.52022469488851497
  0.53174841505174553  0.54322119221718090  0.55493313225000740  0.56602835237446059
  0.57637049470862189  0.58674645144978943  0.59669587261462009  0.60637860330039395
  0.61594848947566605  0.62635919481744373  0.63765025738748282  0.64879412165294303
  0.65949929705550669  0.67012647102846412  0.68101722623722438  0.69227332977315503
  0.70360142928798219  0.71456986057478200  0.72462848624465259  0.73473528240411867
  0.74489430062676176  0.75496080737104343  0.76462095727814028  0.77456548973843486
  0.78517462322170140  0.79538196310591369  0.80599957110107934  0.81539197845291744
  0.82439417300831785  0.83281177671612883  0.84116711749558803  0.84962937998526133
  0.85862534617879727  0.86789082826536246  0.87719880985885168  0.88781498435795747
  0.89803629453288902  0.90737390152534592  0.91738582339113206  0.92768291521964252
  0.93857057968644841  0.94917262441592221  0.95903429696247511  0.96770214223645035
  0.97631981448161576  0.98434361498521761  0.99220164824991430  1.00000000000000000
 -0.00248032242192676  0.00936635648593373  0.01933130823151813  0.02921531849620129
  0.03854697606795497  0.04751643082096438  0.05665936965925236  0.06607151902425708
  0.07461391247167022  0.08334040554034793  0.09215193148556083  0.10076239891032628
  0.11013693184343196  0.12074322489252878  0.13245512336611909  0.14565451701887022
  0.15772573660209244  0.16983913239580156  0.18194910161170588  0.19344203673126154
  0.20456542538150313  0.21550356795191797  0.22754950164228377  0.23947236221822346
  0.25138769756977097  0.26339385830510309  0.27516583479487527  0.28608101700612432
  0.29658433707349036  0.30713617006474725  0.31762806226092766  0.32830503228078611
  0.33953286750170475  0.35114380557104447  0.36290202694672252  0.37444579166597791
  0.38392844580304630  0.39266621788187256  0.40145037541744616  0.41034499385480161
  0.41933985895747039  0.42809903379456421  0.43737635251307505  0.44730988840315439
  0.45735980758107336  0.46597383945586018  0.47475133337073205  0.48437493334460763
  0.49518030937533458  0.50580545448514436  0.51631516271966260  0.52609604898591900
  0.53564510628384432  0.54555494717898301  0.55607263041154242  0.56682991186286547
  0.57726053849407499  0.58830656096579315  0.60056743137313306  0.61338914199414285
  0.62643699833560373  0.63936002364023914  0.65018303831431035  0.65909533915385787
  0.66810873129424009  0.67777291281237184  0.68758220298586614  0.69689789532350632
  0.70632113121136075  0.71697810336997447  0.72837918396540946  0.73987853780028490
  0.75172668394894349  0.76370608883082292  0.77567768821978644  0.78707839946586600
  0.79784405811800674  0.80785801969194171  0.81837086996374031  0.82864132725456319
  0.83857529198341108  0.84824074230771918  0.85861739740033338  0.86942331824111774
  0.88011724966725391  0.89103442964625001  0.90209405135385179  0.91324357909827625
  0.92417388252998722  0.93508746280507038  0.94589103042760503  0.95617611741835817
  0.96638397676932652  0.97727924282337619  0.98850920828940003  1.00000000000000000
 -0.00218888172262390  0.00940532297195050  0.01820813935071923  0.02761370401203075
  0.03697318704642052  0.04715440476595006  0.05813517865606233  0.06912842069797391
  0.07941060077619701  0.08895543591990872  0.09830722889914202  0.10811354295894873
  0.11774527783859551  0.12707640420228430  0.13723718319126377  0.14754182047267803
  0.15741360788460701  0.16703649546930213  0.17628665940820185  0.18512335331510005
  0.19356514259387461  0.20201068137641476  0.21105369899925941  0.22122965078331502
  0.23097157711520280  0.24024017439982809  0.24949404339126119  0.25929760186642603
  0.26943452841406479  0.27966956325650566  0.29014765971416645  0.29997083476977632
  0.30937435045458295  0.31905120022930689  0.32904046223163785  0.33932088901054969
  0.34969572589234044  0.36061889730858065  0.37176039280699513  0.38284481620792793
  0.39431756363323817  0.40615772516493087  0.41922202534371705  0.43294828948149205
  0.44549109963445827  0.45648003687896449  0.46747685537472061  0.47873728587013709
  0.48935519372946279  0.50057546758935678  0.51274070577470099  0.52440040768723339
  0.53585557674408923  0.54748008635083378  0.55929273608466124  0.57086889125191209
  0.58213761543448805  0.59300350509670974  0.60314406145567634  0.61194955531224882
  0.62056733405708819  0.62961928563277447  0.63868843911522799  0.64784765204873163
  0.65635029275138324  0.66557060502588616  0.67533845760861744  0.68529070135082448
  0.69511060249748036  0.70464371309431306  0.71463082449879400  0.72515013915609694
  0.73654079971685626  0.74860849826254960  0.76106682072554221  0.77328879383505111
  0.78483709930185885  0.79589858590074281  0.80649590403107652  0.81716911198787923
  0.82731858264300373  0.83730634310544061  0.84823228921829574  0.86035285809353723
  0.87407426952518708  0.88582374339981951  0.89689321176753145  0.90761570405792591
  0.91847932276815714  0.92962077165990353  0.94074057956805279  0.95184257859281740
  0.96375920094572731  0.97650570902862799  0.98852508754651114  1.00000000000000000
 -0.00374385795783574  0.01213667889028331  0.02607273834270927  0.03869701233769105
  0.05062330399392465  0.06201335064347512  0.07267028972397083  0.08294641535199333
  0.09291881728560816  0.10256954145415491  0.11246165653212088  0.12239976606600803
  0.13254806452012291  0.14317118327829956  0.15376036685680691  0.16450210670493243
  0.17435147009287194  0.18411543735547400  0.19439881988711943  0.20522331843724317
  0.21584436422973219  0.22574709806910320  0.23596951329690266  0.24712064105819956
  0.25687297343751786  0.26621591115635329  0.27521938703114790  0.28451770430280376
  0.29394676699561040  0.30382639323723271  0.31342661981126047  0.32514856249354901
  0.33641619524955446  0.34702648907490397  0.35746378820331481  0.36829339343063422
  0.37934848732447668  0.39101884434754902  0.40173633085454813  0.41225160128127319
  0.42221695686635291  0.43226283393023868  0.44260481190885642  0.45360074050131682
  0.46440947363187662  0.47410372913178700  0.48337431224160604  0.49262266967833246
  0.50274163145061401  0.51279098399813028  0.52331854925558452  0.53458355626114895
  0.54604621500230566  0.55747749825470272  0.56850765482802457  0.57905193097467134
  0.58901222516546237  0.59865318947642421  0.60825039092384114  0.61804291338967632
  0.62804446183218055  0.63854671292220966  0.64964610817429724  0.66189394018154768
  0.67299515333396676  0.68411846964289780  0.69541893253366316  0.70657507433021027
  0.71729365810608814  0.72783879026739551  0.73951569574858589  0.75116729374517532
  0.76274307374811856  0.77404895141426000  0.78499887308551553  0.79582288207701668
  0.80631288789165301  0.81653411356511640  0.82666112935287939  0.83706565377696029
  0.84779763929112661  0.85828655804563014  0.86810297632479416  0.87754389690291046
  0.88709189443867587  0.89684795013641483  0.90641874982066839  0.91626067350881801
  0.92727701024074682  0.93826198411795669  0.94880569270237058  0.95936592966573153
  0.96998468870171706  0.98010958055573361  0.98989438149214204  1.00000000000000000
 -0.00230248269838606  0.00787689548534598  0.01784811965124502  0.02767250505380339
  0.03812231180234148  0.04870597157070198  0.05880657065825091  0.06968668093405227
  0.08068896353986414  0.09135459366408996  0.10180656835850617  0.11213879714813139
  0.12236719014598547  0.13250206880313084  0.14179945109089229  0.15381206324287466
  0.16652439660967416  0.17882727025209177  0.19045497412913218  0.20063248041483869
  0.21045048525239213  0.22009560530636860  0.23026038702529170  0.24045280376631589
  0.25117619863250862  0.26218611246243956  0.27296987014071816  0.28483333954914197
  0.29589875914492347  0.30687576788287779  0.31739425964465906  0.32738208344433911
  0.33768331036863147  0.34888742024311908  0.36111155274154011  0.37345238747932907
  0.38477279332665304  0.39540633175639101  0.40541408268231993  0.41529927981029924
  0.42501953321478719  0.43481660145743056  0.44501571540490020  0.45524274544313342
  0.46559909671891431  0.47594634370930522  0.48740137376918202  0.49910286958868216
  0.51041181744063746  0.52163111061419476  0.53195980956587907  0.54325598260063035
  0.55478686801629629  0.56566340819622896  0.57547540812745845  0.58516950693299963
  0.59490159993452230  0.60516750059327884  0.61554378276616051  0.62599969833197255
  0.63719296323980357  0.64830093845608250  0.65937369033531101  0.67059720426785130
  0.68159514376866115  0.69220244274203435  0.70271332918706009  0.71350511490021729
  0.72472592877304398  0.73591293394555490  0.74689891774132044  0.75799355596918450
  0.76858278104297550  0.77899498468734663  0.78964064609577977  0.80074355034555189
  0.81232838801563878  0.82403456745134307  0.83497412297273821  0.84455493932513881
  0.85462085082953476  0.86482606896818881  0.87508450145259020  0.88526125314646276
  0.89547684967463015  0.90613258505325933  0.91669154245285378  0.92640662480804592
  0.93569307926714684  0.94475074830218486  0.95376088120413005  0.96287785799546299
  0.97207800412212420  0.98159631609475195  0.99086991481419306  1.00000000000000000
   8.0395324017526204E-014  -1.0000000000000000     
 F F F F F F F F F F F F F F F F F F F F F F F F F F F F F F F F F F F F F F F F F F F F F F F F F F F F F F F F F F F F F F F F F F F F F F F F F F F F F F F F F F F F F F F F F F F F F F F F F F F F F F F F F F F F F F F F F F F F F F F F F F F F F F F F
  <DiscreteSampler_grid>
  grouped_processes
  1 # 1 for a reference and 2 for a running grid.
  10 # Attribute 'min_bin_probing_points' of the grid.
  1 # Attribute 'grid_mode' of the grid. 1=='default',2=='initialization'
  0.0000000000000000 # Attribute 'small_contrib_threshold' of the grid.
  0.5000000000000000 # Attribute 'damping_power' of the grid.
 # binID   n_entries weight   weight_sqr   abs_weight
    25   10   8.224994179174884E-008   1.380686677724158E-014   8.224994179174884E-008
    28   10   2.909924814677641E-008   2.333433950377418E-015   2.909924814677641E-008
  </DiscreteSampler_grid>
