 -0.00000000301715645  0.00000138647959842  0.00000962908623519  0.00002687478892071
  0.00005146175465456  0.00008499664561419  0.00012587507370685  0.00017406339790873
  0.00022880916874176  0.00028746319251240  0.00034770498126849  0.00041239637179854
  0.00048016433384524  0.00054831863612219  0.00061996144829214  0.00069678529279237
  0.00077493938162919  0.00085666042676709  0.00093685280000178  0.00101476382684026
  0.00109587550947648  0.00117895077888405  0.00126270161161008  0.00135012989409995
  0.00144040317039133  0.00153263078441446  0.00162331299204604  0.00170989723752649
  0.00179675853815096  0.00188383787533038  0.00197086575132173  0.00205939679678645
  0.00214907601512924  0.00224147230168420  0.00234034222894008  0.00244216285549166
  0.00254280688764461  0.00264108032307080  0.00273572197480371  0.00282934242309329
  0.00292396568844002  0.00302115458822990  0.00312516855184326  0.00322909577526389
  0.00333357485775387  0.00343989269509179  0.00354616917070868  0.00364958377179318
  0.00375316916360672  0.00385681127879054  0.00397097464134316  0.00408446532056272
  0.00419730354989705  0.00430936704883655  0.00441999796408110  0.00453053818925818
  0.00464128086901146  0.00475185877539298  0.00486410452367019  0.00497835986711057
  0.00509484615898222  0.00521461664816469  0.00533365112250738  0.00545082071170492
  0.00556744038864626  0.00568483495049098  0.00580491226670698  0.00593104217324611
  0.00605623133444134  0.00617945353230136  0.00630105444893729  0.00642109520624900
  0.00654485576329383  0.00669461981862570  0.00684491010527914  0.00699215156883090
  0.00713814029817040  0.00728552167038207  0.00743423753442511  0.00758519683991017
  0.00773838661911884  0.00789340533810380  0.00804927305012156  0.00820699971505067
  0.00838818046164948  0.00857076393253165  0.00878357721539957  0.00903378724281929
  0.00929028434350447  0.00958033155171723  0.00990238017140425  0.01026648539206471
  0.01070113897471111  0.01160234442640173  0.01204018577740433  1.00000000000000000
  0.00905735053009773  0.01636318284617352  0.02743055243271660  0.03931347033835654
  0.05009530826919981  0.06069629449438840  0.07104035907516862  0.08100941742008001
  0.09093145242506606  0.10086903631869371  0.11094191533020652  0.12065680158709323
  0.13019312591022253  0.13968232904060254  0.14901227352863378  0.15807813153493047
  0.16759276565970913  0.17747509273614359  0.18723308589569782  0.19701341810142245
  0.20736788939542711  0.21820412412210435  0.22915328378065983  0.24005426488290177
  0.25104859778354899  0.26225986075857849  0.27367925507670926  0.28540842704675040
  0.29703451935434372  0.30821638062854995  0.31903577033873154  0.32926650207342173
  0.33961318405873420  0.34942193515918712  0.35905674451497149  0.36868887330465999
  0.37899408002708057  0.38998022243427521  0.40097534124643980  0.41185854448447795
  0.42245794054653718  0.43267748813966994  0.44284443576484345  0.45285636596492174
  0.46274645097301997  0.47227021149823017  0.48172627728080630  0.49131041888511368
  0.50120977478942896  0.51112416620163614  0.52064065476708732  0.52972043852297168
  0.53891157566042280  0.54875178642101041  0.55885853618108938  0.56912938368796329
  0.57890609012732663  0.58983868307423304  0.60150747529524062  0.61283897053823577
  0.62366022550690214  0.63408856305518502  0.64402787902963576  0.65358729400693261
  0.66275484732808787  0.67221882786891218  0.68214646937017320  0.69287559081443750
  0.70391656527110036  0.71606863725540693  0.72824891878782683  0.73962873740078183
  0.75080992489666321  0.76247807246191135  0.77414339547132893  0.78514317410072831
  0.79566697672823172  0.80615898299424471  0.81653415262002493  0.82693392986601100
  0.83776216242308765  0.84855208709397922  0.85932775286669183  0.87001471955880050
  0.88032998788271444  0.89027967777306283  0.90051709146801795  0.91153142579246060
  0.92207093029232201  0.93200692313639255  0.94242169093063299  0.95318947671727561
  0.96395590008755283  0.97457223231000656  0.98563897987257820  1.00000000000000000
 -0.00002191273465372  0.00025930334598349  0.00076174988668193  0.00148027422549211
  0.00246736182039118  0.00387675228986356  0.00556876048582267  0.00748701840175494
  0.00964441106088640  0.01208180129383711  0.01468503576961849  0.01728291973881149
  0.02014853386935323  0.02319739281003649  0.02629396398852898  0.02961037198999943
  0.03313038263335721  0.03671791765938542  0.04033586369481604  0.04409676963335453
  0.04812460545035863  0.05254600957337507  0.05719864431565105  0.06194805730987325
  0.06669634917346884  0.07135569294951324  0.07596834093018065  0.08110390753554485
  0.08665839516583901  0.09259720640841707  0.09896664887048164  0.10545812993448289
  0.11192228703512073  0.11831191821986572  0.12451072188120994  0.13076174612547389
  0.13747617686152752  0.14440328965281715  0.15111236788665303  0.15785700121625201
  0.16510666362301413  0.17290355490881426  0.18110713321791827  0.18942063757391106
  0.19750241200921823  0.20581485447618220  0.21441202147297278  0.22322595758852012
  0.23216095385413066  0.24121315952698325  0.25052429268551185  0.26023875108172112
  0.27031275143937444  0.28087297261786542  0.29239081632807856  0.30384763981592333
  0.31515282179746590  0.32636828105468568  0.33772488537452322  0.34953119711132247
  0.36141719237788933  0.37327480090655335  0.38582029097329634  0.39865518619641893
  0.41176068132278143  0.42519838407888177  0.43875558248500574  0.45223050222832528
  0.46528953169769111  0.47912287445561014  0.49342072741586640  0.50819277058844181
  0.52368799739546901  0.53974442921606414  0.55580996097714497  0.57152850473394534
  0.58728420597370756  0.60503801736459850  0.62264413719282841  0.64035409774128127
  0.65892849345841542  0.67790170085480472  0.69695253905202859  0.71627733144508232
  0.73640502465789204  0.75814073349264499  0.78024024874241127  0.80237018176503316
  0.82514614850965373  0.84885249669357132  0.87274952405071904  0.89576101368346084
  0.92161795115715472  0.94800694472528479  0.97397702127212571  1.00000000000000000
 -0.00268168173820202  0.01048410556911336  0.02164642367419342  0.03410285852825396
  0.04626028165727449  0.05730560976900681  0.06872265557382475  0.07991684387460901
  0.09110892725958759  0.10259861505515241  0.11560671318313977  0.12922987828048230
  0.14230455499990169  0.15513110941001215  0.16817287408688023  0.18044959259051249
  0.19185220345718784  0.20219886003572002  0.21251784491303038  0.22267170139317422
  0.23258218918950246  0.24214949343502606  0.25160223998940817  0.26157550648636513
  0.27234373753179159  0.28392799858956957  0.29600208807999379  0.30813079296278784
  0.32131082016548351  0.33458282051197291  0.34588060880835669  0.35717877421571892
  0.36838247417227082  0.37903096245155360  0.38935200545226911  0.40020894899072379
  0.41188337609826092  0.42378693021200864  0.43553793985829675  0.44704890946651860
  0.45794253533306012  0.46844207839739915  0.47833539322430085  0.48803106059267554
  0.49777790400966476  0.50787948422675000  0.51862033714803146  0.52924573480510051
  0.54002055584124931  0.55048189784471158  0.56117598564979332  0.57165704222746394
  0.58154807645855666  0.59120037721791119  0.60092779398519902  0.61115570453270551
  0.62141180120074568  0.63184861563028905  0.64252179380343044  0.65373338243694179
  0.66537537547121961  0.67490967034738192  0.68436615697942171  0.69323399758136883
  0.70229440452153613  0.71113848508690847  0.71975826886736982  0.72852149845087055
  0.73800379445188802  0.74778586276400338  0.75731965159961856  0.76666250539176006
  0.77587001723193927  0.78499330840846049  0.79399227360151159  0.80285665191876854
  0.81206734358292854  0.82199458019116034  0.83239384161911134  0.84283056687244007
  0.85313342935414438  0.86329400826091651  0.87327067844035577  0.88327059862782742
  0.89353021007759814  0.90383754887067558  0.91439166416600648  0.92367622250848713
  0.93231047695989844  0.94112047400689602  0.95028937914318679  0.95984206652133330
  0.96909036893275580  0.97827327782492712  0.98870969356765814  1.00000000000000000
 -0.00277183535358252  0.00925464428392010  0.01987330179945999  0.03134784950042695
  0.04321979038450128  0.05488660823964035  0.06552392147932004  0.07521707089075721
  0.08461308944960422  0.09399835088409074  0.10378509565336885  0.11393266023268879
  0.12426772278996373  0.13523027308515839  0.14654215097911513  0.15816028783972974
  0.16963062395633222  0.18117141261923131  0.19200205738291720  0.20208792863865879
  0.21186023514382499  0.22157991324444207  0.23149754247267132  0.24180036145272751
  0.25194965036347522  0.26161938193548101  0.27103233751206773  0.28071026697201362
  0.29046241605047557  0.29978048544512909  0.30930680518483106  0.31923345093157002
  0.32948708574159319  0.33901411831440365  0.34783218017977757  0.35689425112488543
  0.36684299838457890  0.37732732564194049  0.38781061289536461  0.39828105214956760
  0.40925855954213780  0.42033756017598828  0.43144030113132836  0.44246216392844601
  0.45328579421651194  0.46330751959831940  0.47275211882993240  0.48236301955242339
  0.49232730353420129  0.50273324376359607  0.51343904067080648  0.52463398743814549
  0.53642315223739279  0.54764173640595049  0.55858885582811213  0.56987861488702174
  0.58136250882612617  0.59279842898067858  0.60425551546838951  0.61546542558964268
  0.62628832901202947  0.63626815280544058  0.64624449814797502  0.65592625124583059
  0.66544034185990653  0.67501821902419479  0.68488087872232117  0.69561821799047951
  0.70685982859215535  0.71804126621064324  0.72899952890677622  0.73945451625499792
  0.74950524522603468  0.75938968476702751  0.76909229942564494  0.77863136270480315
  0.78831665858510236  0.79887894121686731  0.81008662615318483  0.82101033089645004
  0.83159820473697799  0.84263364473040658  0.85408587893696364  0.86560375669264189
  0.87746865490478987  0.88937574066371561  0.90126314717621836  0.91301353405274577
  0.92443366516977155  0.93504160585411245  0.94531875933990817  0.95545589992258984
  0.96588385670817434  0.97674314183656474  0.98833667471675435  1.00000000000000000
 -0.00245600260013751  0.00893395912422475  0.01878084215534184  0.02950752597404490
  0.04034191882546916  0.05094356216794584  0.06185880538883384  0.07145168216458261
  0.08095989954678010  0.08949302842913424  0.09884684403535651  0.10827956865721501
  0.11758251843512371  0.12690799839907838  0.13630016296331257  0.14573080220858917
  0.15527872884925178  0.16482603732043852  0.17500129728888761  0.18579769232893706
  0.19649855409612729  0.20711915795214292  0.21795743813659818  0.22895088773807970
  0.24004483528349957  0.25100004072963761  0.26179263629620142  0.27244372552793639
  0.28297182787215663  0.29375606059241538  0.30469885615937403  0.31621517773400182
  0.32782811922296157  0.33946975780539923  0.35099767046474961  0.36215399619052058
  0.37334055607301125  0.38413205375475751  0.39483160989473193  0.40570268295074546
  0.41716317929691416  0.42890670918680124  0.43955904736216395  0.44971080168761646
  0.45958685514322045  0.46965979564935412  0.48008130832164864  0.49051910508172358
  0.50103191057127128  0.51147263889216155  0.52164543584907619  0.53135044333642756
  0.54103613842125209  0.55160715469433974  0.56217631377923305  0.57241558135312798
  0.58247989789286203  0.59297967737381208  0.60426792167601129  0.61499656945238246
  0.62646572321670302  0.63733388805565061  0.64839990447677276  0.65956139907752143
  0.67057698768275331  0.68164708544174313  0.69293439904202792  0.70408608692357721
  0.71556171894459486  0.72717739867275133  0.73899110252300615  0.75047147370324585
  0.76123396981831359  0.77139681512495029  0.78100783503078675  0.79084731605986913
  0.80211083401284844  0.81398168816360028  0.82580293478821021  0.83722009632817285
  0.84868771397284382  0.86070674280095194  0.87295274033549508  0.88454786670940055
  0.89520622558758689  0.90539096869440128  0.91531667845681952  0.92488232519648184
  0.93426810737872978  0.94396881498835628  0.95385979066204274  0.96363795875690894
  0.97329552063632474  0.98249157609873849  0.99139950267025545  1.00000000000000000
 -0.00248089067261427  0.00879831322910173  0.01881693219352984  0.02982261452556390
  0.04111105734178990  0.05176769714881766  0.06211060646507600  0.07198471508007956
  0.08176878068731824  0.09169566647247573  0.10133669131801201  0.11173593240889705
  0.12152067257813261  0.13177221595562930  0.14255017743272705  0.15343089020466222
  0.16469328888127630  0.17603302483824212  0.18739867930483337  0.19965622195647492
  0.21122463603971151  0.22313348100863270  0.23461700982383382  0.24605824340598340
  0.25606695552579889  0.26505613398835703  0.27435289883100100  0.28396645524280656
  0.29353512588341213  0.30246873439053396  0.31108185867912286  0.32090261309854928
  0.33096523626428875  0.34139120103201442  0.35152902717320478  0.36262337301369296
  0.37352308787924016  0.38496137781270034  0.39607802372484624  0.40663012177195673
  0.41705750487233195  0.42720022144345865  0.43755421876509404  0.44744791222659080
  0.45750669585631931  0.46764240978161375  0.47804057255189869  0.48865076796077528
  0.49938333221513104  0.51007249724247583  0.52104827915717145  0.53183653513830442
  0.54244175653972626  0.55252576697124023  0.56235263504234334  0.57211787556555505
  0.58202988310457238  0.59298979365341153  0.60494960722666746  0.61662179946991968
  0.62812281958581917  0.63914136181936365  0.64972856019614700  0.65971464349825726
  0.67051743315748624  0.68248794900471088  0.69370417594879596  0.70413177328239351
  0.71428815887449881  0.72469662637459109  0.73475035645109255  0.74454896501777579
  0.75466091880511044  0.76510768185493205  0.77586411145996093  0.78674107360024070
  0.79743623901215410  0.80784739006434125  0.81813528866836538  0.82851006750084766
  0.83896474801643350  0.84905265897096793  0.85909593326561817  0.86951373445958102
  0.88024362362195452  0.89155357297620885  0.90316208609430260  0.91522884863582499
  0.92601773033077583  0.93673397600095498  0.94736644038257933  0.95772783708031628
  0.96797819125045947  0.97770326754650994  0.98880703782371437  1.00000000000000000
 -0.00267638379246157  0.01035159304544660  0.02138324384068123  0.03283721441052232
  0.04389768011930500  0.05468143411523142  0.06591549634517291  0.07727616015786448
  0.08880269247722980  0.10006308398419225  0.11108613049724693  0.12232219636531177
  0.13405819682416073  0.14588824668960440  0.15720657887558145  0.16794716630352785
  0.17837738690837221  0.18879071480700046  0.19939375551385083  0.20990216293588929
  0.22002425492369096  0.23013153702442571  0.24062481141385172  0.25124932064957312
  0.26171211628999974  0.27245627892281582  0.28375471258035767  0.29534028214684194
  0.30702831335145009  0.31796446893962999  0.32828104207356235  0.33831537735092382
  0.34821127701944754  0.35812237682803200  0.36810229955871571  0.37824466009653479
  0.38847730240389189  0.39896626981485184  0.40956804040421496  0.41999991170065754
  0.43011726479452955  0.44034456134856048  0.45046254046141360  0.45987333528550389
  0.46860222873728891  0.47758677017318596  0.48699568198813703  0.49607483453473250
  0.50538723229077387  0.51513537436681744  0.52601762036141930  0.53831929131423295
  0.55154211011694954  0.56410306070863780  0.57416130985574476  0.58401037934985400
  0.59355843607259562  0.60297351433398649  0.61132042005371268  0.61969729941141416
  0.62872222623625618  0.63860035822597083  0.64835965491455927  0.65838970237323868
  0.66863997937717778  0.67899565328574063  0.68933958127120032  0.69950150568463010
  0.70952685774966306  0.71912358638775942  0.72892973678122064  0.73973531150775984
  0.75093612179925451  0.76135517164681066  0.77159708496990298  0.78231262001693624
  0.79331251988054408  0.80422850419641978  0.81502603815438857  0.82704126934188482
  0.83897289447670997  0.85073562968774952  0.86254130097901627  0.87416334062463441
  0.88535055447491751  0.89630208994524652  0.90687929491491559  0.91694096408702397
  0.92659057537181577  0.93686939066950070  0.94774944866570554  0.95820220935136180
  0.96829715166872588  0.97856249961652231  0.98920384804708583  1.00000000000000000
   8.3747917475979639E-012  -1.0000000000000000     
 F F F F F F F F F F F F F F F F F F F F F F F F F F F F F F F F F F F F F F F F F F F F F F F F F F F F F F F F F F F F F F F F F F F F F F F F F F F F F F F F F F F F F F F F F F F F F F F F F F F F F F F F F F F F F F F F F F F F F F F F F F F F F F F F
  <DiscreteSampler_grid>
  grouped_processes
  1 # 1 for a reference and 2 for a running grid.
  10 # Attribute 'min_bin_probing_points' of the grid.
  1 # Attribute 'grid_mode' of the grid. 1=='default',2=='initialization'
  0.0000000000000000 # Attribute 'small_contrib_threshold' of the grid.
  0.5000000000000000 # Attribute 'damping_power' of the grid.
 # binID   n_entries weight   weight_sqr   abs_weight
    19   10   9.106944567123987E-005   2.325220711404034E-008   9.106944567123987E-005
    22   10   4.650168904985256E-005   5.284070701390936E-009   4.650168904985256E-005
  </DiscreteSampler_grid>
