 -0.00000000417198984  0.00000168626518555  0.00001255903004480  0.00003468057532315
  0.00006865220474222  0.00011325710368923  0.00016518715706445  0.00022578675263945
  0.00029454347044384  0.00036834283155609  0.00044753284330928  0.00054071648432287
  0.00063637484202425  0.00073698554637469  0.00084454190986812  0.00095442198586604
  0.00106886270874103  0.00119106236392041  0.00131825177742665  0.00145232216346590
  0.00158844694819440  0.00172153763040334  0.00186694464986911  0.00201216242696695
  0.00215831198187524  0.00230558628415938  0.00245488252948422  0.00260589422662049
  0.00275059824115317  0.00290085475261115  0.00306044247933346  0.00322514294932486
  0.00339186060429117  0.00355788842533943  0.00372333333886933  0.00389284727060066
  0.00406953464499535  0.00424693519796632  0.00442376885539927  0.00459764532638291
  0.00477107932625482  0.00494502452904466  0.00512537248959966  0.00531419636310330
  0.00550393100387735  0.00569270977412957  0.00588225833847900  0.00606928609422314
  0.00624866428435165  0.00642942930820204  0.00661275346966651  0.00679701910302898
  0.00698038634745930  0.00716300076648900  0.00734629612945972  0.00753165101012491
  0.00771875863882460  0.00790878050185388  0.00809902828100055  0.00828937485934028
  0.00848192085564185  0.00868023656923802  0.00887235385110870  0.00906404334617240
  0.00925181675349399  0.00943495126759656  0.00961837016662661  0.00979855308293516
  0.00997590438968884  0.01014970342367232  0.01031980641282197  0.01048674833272129
  0.01064055942971718  0.01079901426233965  0.01096344077152825  0.01112994816044876
  0.01131643243155031  0.01151692014377271  0.01172911617412010  0.01195473034789336
  0.01218763968730617  0.01243107084381622  0.01269579496958315  0.01298204718004886
  0.01333082407393413  0.01377695758429995  0.01456894864196268  0.01604104144056394
  0.01736782160038650  0.01849831676069603  0.02006500802545011  0.02216897248978243
  0.02518124997079730  0.03191941125392180  0.05045099998396485  1.00000000000000000
  0.00964556422343771  0.01595624136863290  0.02597846061593237  0.03670150727564320
  0.04714230352307391  0.05752273982027555  0.06787222419331040  0.07813984166106673
  0.08840186950160814  0.09861211580249360  0.10913264290319197  0.11988866056851198
  0.13089792883713058  0.14202328602923683  0.15348238616296844  0.16563907634914488
  0.17769826259275770  0.18989398817157713  0.20123800103426481  0.21299506370037430
  0.22394728202379796  0.23467996515795234  0.24525347924687077  0.25568201920223893
  0.26640113122324860  0.27731037381080342  0.28832272506437362  0.29838249006973144
  0.30816338322158271  0.31852304124769776  0.32919763061217394  0.33953613777766906
  0.34947446508215402  0.35941248408888954  0.37022050268380630  0.38060434459563530
  0.39086149741271503  0.40087917867975720  0.41115457695472180  0.42134414211555388
  0.43189373059737018  0.44238341564390038  0.45275115844564490  0.46327702824155614
  0.47386856079347583  0.48456580242598463  0.49556117486323231  0.50690412704614685
  0.51835270700541314  0.52973164516523452  0.54132416436491204  0.55353902709103475
  0.56609632358372874  0.57844105723313488  0.58954450581698370  0.59900496666715441
  0.60865722670233113  0.61863623339108542  0.62911282867245144  0.63949257515216884
  0.64983878662179406  0.66042259848028007  0.67063941968778451  0.68029431805435336
  0.68980945431724838  0.69944921707654861  0.70892389856870852  0.71821496254714101
  0.72760091262819615  0.73727367944065225  0.74689085180676762  0.75632797356336523
  0.76616747779738481  0.77640866429589472  0.78632576933542642  0.79617702454708994
  0.80669444096190357  0.81738123504184801  0.82828524030102091  0.83919031926673027
  0.84972856137840191  0.86034766919215366  0.87099184199577251  0.88098667523950414
  0.89050352972535163  0.90013515478411998  0.91033123673517602  0.92060575664332134
  0.93118592496790686  0.94248394284265369  0.95467080364479751  0.96454246673402344
  0.97424187039626220  0.98362828918189404  0.99077304554746037  1.00000000000000000
 -0.00002172207620739  0.00027328931691320  0.00079243611750041  0.00157456805173857
  0.00260192164783597  0.00387254757763000  0.00545342078624724  0.00727454770966345
  0.00931670274905909  0.01157481448991853  0.01426199912562552  0.01730324313560130
  0.02048157687099523  0.02399231042528920  0.02778955282389438  0.03164677019935704
  0.03543661539276225  0.03912888008300121  0.04294332330420987  0.04689096443122050
  0.05120481385671008  0.05564994636728857  0.06009679510602885  0.06453958876163501
  0.06905108496923607  0.07371013362729542  0.07864251997417436  0.08403580776141853
  0.08942878271650054  0.09486947326852331  0.10045262514167515  0.10609573671452233
  0.11180513669331008  0.11759383338375393  0.12361949702137441  0.12995768698689014
  0.13654461028830733  0.14345181357974848  0.15093904087924964  0.15872852140887264
  0.16719324186948264  0.17618190666252609  0.18530107197790918  0.19445534122747615
  0.20366628925551020  0.21303171853462613  0.22267573963694132  0.23251868510093521
  0.24267473426793543  0.25305664365051617  0.26373015925397908  0.27413054850981650
  0.28377256292138714  0.29294931701356708  0.30199278408729391  0.31153366031841839
  0.32213538635863193  0.33304242385463834  0.34367281905741998  0.35401551944424575
  0.36435738379543570  0.37494082094657416  0.38661583289963758  0.39975762044306212
  0.41375372799886190  0.42765109537290291  0.44207393064123490  0.45622843119031498
  0.47078827533005824  0.48561908608141169  0.50073753524876075  0.51625918098371248
  0.53228805411231828  0.54965779970904272  0.56812207197544573  0.58634458221941133
  0.60424133490776122  0.62202946462624109  0.63989786570251150  0.65788901588641191
  0.67747122517411507  0.69681591981506719  0.71637318915239567  0.73649882577087755
  0.75696316676521613  0.77733908743861357  0.79771628939355743  0.81784870521202235
  0.83873550614237169  0.85955150120368840  0.88049515137655210  0.90175348157176138
  0.92277522914971599  0.94178029063984692  0.95567737620605986  1.00000000000000000
 -0.00231069217355856  0.00966813317067854  0.01964250703450753  0.03070815934943108
  0.04178449148814715  0.05396836731720530  0.06638667694092228  0.07817698438282125
  0.08965991151929108  0.10118946084921894  0.11259913525773707  0.12383297921335955
  0.13514064424961195  0.14619692150518926  0.15772738325159513  0.16925825675693773
  0.18075670589517648  0.19187049735191097  0.20246338837433325  0.21291880565839588
  0.22354783943353904  0.23439126824002246  0.24531567026148440  0.25659839367646131
  0.26857312271906431  0.28083625286455671  0.29413057141052140  0.30787968051205666
  0.32101677020612590  0.33309085898061885  0.34489193272892105  0.35661356303070663
  0.36797084859732981  0.37895354014894989  0.38970623599253901  0.40025864214009049
  0.41060246960020041  0.42075829009833637  0.43080366927324515  0.44084465692151725
  0.45064962860650515  0.46033337293884263  0.47019534384640566  0.48041699975032276
  0.49084681243386624  0.50113841173956220  0.51169971753653554  0.52239673928539332
  0.53290442255893011  0.54350825228263955  0.55423145287377440  0.56461169417749602
  0.57479459474208894  0.58494207438776957  0.59522156715516694  0.60551345609880713
  0.61552459015947070  0.62526916614626626  0.63473361805928608  0.64424345226251700
  0.65405024806450940  0.66397335663737800  0.67386026790850517  0.68389188781259191
  0.69439015319066311  0.70516417891369854  0.71617580912363199  0.72726602497322823
  0.73864039620756650  0.74995680251226882  0.76074715633347623  0.77134217332883748
  0.78205608250081238  0.79265673424725025  0.80328126130948108  0.81395242878665208
  0.82406133537152670  0.83377320456679715  0.84263982212957445  0.85178092042304310
  0.86105558719020858  0.87025548639480410  0.87984765080258953  0.88993361775192958
  0.90019220158864721  0.91082081438180129  0.92109277439115356  0.93106557893216735
  0.93923561617084417  0.94679454827503862  0.95420165161286807  0.96220654988376286
  0.97182848634928809  0.98119118232921676  0.99082572496162014  1.00000000000000000
 -0.00211579871404931  0.00807541941768181  0.01666285147799184  0.02612425529069571
  0.03569282178301120  0.04506110138650442  0.05480505860650267  0.06451409505147110
  0.07476944534699206  0.08496621674428526  0.09522919029973657  0.10588951615746692
  0.11651469041844104  0.12697662599747664  0.13742297121683619  0.14825782504889853
  0.15965787030922035  0.17129403495462217  0.18289709364516210  0.19514596886153907
  0.20762758839040626  0.21746317213644548  0.22706799097573582  0.23715464836529290
  0.24703075980617176  0.25688641132343221  0.26665057410822773  0.27754900003540445
  0.28927443984554535  0.29982863328626858  0.31013268739809124  0.31972686917446325
  0.32950521020341228  0.33984365343483008  0.35021595302015929  0.36092273475736136
  0.37168909812213335  0.38202271218145800  0.39252514370148334  0.40256510306837401
  0.41238280073572353  0.42187952713692684  0.43158563542114875  0.44169303465959131
  0.45205888469010391  0.46257452827889034  0.47342539599217448  0.48459276554145392
  0.49590841148656623  0.50710861451827949  0.51801540643294575  0.52895567613462491
  0.53964667134842481  0.55076264269153752  0.56212461725825125  0.57346979480057581
  0.58439419896719302  0.59453832201906831  0.60475984093963386  0.61534090823700549
  0.62595814867439170  0.63651071043368634  0.64743178602715290  0.65871190385772649
  0.66974901943083476  0.68038974605209246  0.69181009123966808  0.70426344700383581
  0.71521962114362925  0.72515824827561715  0.73534650221794506  0.74580936029535883
  0.75628118606652928  0.76671658207101057  0.77752431494064111  0.78837956805819798
  0.79890130345636701  0.80912034018097101  0.81945175521967784  0.83007816348544761
  0.84113311683682201  0.85257238975702621  0.86413400660171868  0.87532046571361966
  0.88541509620508740  0.89502397439415549  0.90448365914900697  0.91412710473470415
  0.92400007540983831  0.93338208183546056  0.94295232048474853  0.95320406805333602
  0.96391705502466529  0.97528134355787754  0.98725669372014591  1.00000000000000000
 -0.00215342660128571  0.00897861316414988  0.01809482067739615  0.02816602927644329
  0.03823681105881019  0.04812838950601241  0.05784125272547446  0.06823077429854980
  0.07849864191303092  0.08887280478451280  0.09887895887983425  0.10919193185495304
  0.12015712383406438  0.13058363951263319  0.14136999153687266  0.15301014587455317
  0.16477860563823410  0.17658044598635014  0.18822092152976136  0.19970499035953027
  0.21123344965634114  0.22261958559328046  0.23340671196654897  0.24381976049949342
  0.25386457354596170  0.26376482587688854  0.27378298168473081  0.28418006111259836
  0.29468597514758443  0.30516854589249998  0.31560584870979774  0.32631676858388725
  0.33713917271514060  0.34807700653534440  0.35927495817306337  0.37029190278850910
  0.38065572269672521  0.39061227454037623  0.40049128221473385  0.41040907189448061
  0.42063461259087465  0.43102553598890092  0.44200772691902679  0.45333066000675998
  0.46488103989728108  0.47641773950037525  0.48789345779369619  0.49958774821545793
  0.51128924392529818  0.52267500748963991  0.53396788546208618  0.54574793572252767
  0.55787980918538704  0.56915820040388077  0.57953108953851062  0.58964000538203498
  0.59950081002270228  0.60916657552935538  0.61874993526178146  0.62858107505961858
  0.63842260530397177  0.64816028391076164  0.65784559871387471  0.66757957326196549
  0.67743751831028021  0.68721879302004951  0.69705050506780508  0.70689796026062590
  0.71711057021237912  0.72753640345229287  0.73841299889030543  0.74915437242376637
  0.76062825572645942  0.77214013550366412  0.78347268437348672  0.79481924457949071
  0.80616291429482156  0.81684306330945700  0.82674115609434939  0.83674291766437414
  0.84724660452019329  0.85751585096377259  0.86722886585794234  0.87728769592804201
  0.88757129616095265  0.89754751266401167  0.90727842261745195  0.91701121529746776
  0.92769591815085972  0.93791618618143624  0.94766181807754424  0.95738442732150908
  0.96776468677267491  0.97833435071258223  0.98903826005440165  1.00000000000000000
 -0.00303964401573481  0.01038729547896197  0.02200103767456359  0.03381105612908181
  0.04469178430166768  0.05475631291775876  0.06460925972398852  0.07483525458447195
  0.08528790867961991  0.09567334353255293  0.10628917877556915  0.11756868943797509
  0.12843001945983312  0.13815211308292649  0.14812672105921559  0.15884710733913321
  0.16971836578318500  0.18062809755929746  0.19160162809108552  0.20265624387587697
  0.21352518641185539  0.22445186955143570  0.23535423697872873  0.24585943445125336
  0.25626937888678025  0.26675053424058343  0.27732178902982674  0.28757753038630746
  0.29782505628282652  0.30824387284925547  0.31898820652402182  0.33025510189134855
  0.34132884250217610  0.35241403699768908  0.36338344369717646  0.37419134880010330
  0.38440680280945166  0.39423263958227084  0.40391769518125420  0.41361414999653917
  0.42342999402395631  0.43328068046079327  0.44291009108962248  0.45251402124079970
  0.46210283041720374  0.47157576090323272  0.48112930656181530  0.49028590394512095
  0.49939969839262693  0.50868155329020814  0.51812028576198843  0.52775396157091381
  0.53766590105912404  0.54771415439156568  0.55800898641217012  0.56885376811869925
  0.57998019633188980  0.59091635169562129  0.60205351691109299  0.61380503669181208
  0.62593179694700296  0.63840596227451185  0.64965200105172050  0.65979625943114750
  0.66997884581034639  0.68014852140962279  0.69055056947419391  0.70099727997356698
  0.71171728161327785  0.72272052378276552  0.73357646630329443  0.74486600962045024
  0.75533545601403496  0.76541881416939639  0.77592406530445313  0.78657031751699225
  0.79699781973160189  0.80667996762672678  0.81690046401223537  0.82750661852726470
  0.83737841555018777  0.84775811973872439  0.85845583185860364  0.87037292619913109
  0.88255741007872046  0.89464343182042105  0.90553707100603464  0.91609382541099826
  0.92635939310753113  0.93655430386281013  0.94703062832309104  0.95714764486821313
  0.96744044182064848  0.97766075713565470  0.98871759409362270  1.00000000000000000
 -0.00286189209261690  0.01050585462239295  0.02165748701493236  0.03266339019713324
  0.04418228772434445  0.05631454928795510  0.06772941244470783  0.07841564100663526
  0.08882859462981756  0.09957085292255113  0.11020146486408360  0.12015454399523547
  0.12961931376566208  0.13926324184152786  0.14903997012528403  0.15872191800196264
  0.16818942915645596  0.17868483566550653  0.18916483509445367  0.19951244970428800
  0.20986801894767745  0.22059804515234446  0.23133715069845104  0.24184849351000354
  0.25245172882177663  0.26313372891836256  0.27323233067934793  0.28274245805405901
  0.29243448036926151  0.30269591267750340  0.31316243001456529  0.32352405941596307
  0.33417741131327894  0.34662074837373108  0.35847346562995935  0.36975874066239955
  0.38099295464196664  0.39218228843712344  0.40349073018545356  0.41457178293304192
  0.42530009300069638  0.43606512801371955  0.44714978414915407  0.45841804464940888
  0.46905633631976135  0.48007952969654610  0.49238943206965102  0.50361844305016346
  0.51355971569611758  0.52311289451654008  0.53212575025843567  0.54095662533511457
  0.54938568370868934  0.55794862522242616  0.56700831265094098  0.57694228323818508
  0.58674034599630065  0.59727963782854343  0.60786410003057589  0.61941228999301290
  0.63072729799497218  0.64256684822545274  0.65262227110638793  0.66264069261851211
  0.67234845556855038  0.68269117640514609  0.69352921826132319  0.70406694283210958
  0.71399907572140386  0.72360770524363816  0.73309609122195496  0.74280460974235762
  0.75286502159443924  0.76350062182275580  0.77411125281876458  0.78514216350475530
  0.79642434863778977  0.80812830209163689  0.82035144641505864  0.83224368310030361
  0.84348471331442298  0.85400873798947419  0.86553764353663809  0.87665682793782773
  0.88735319224355291  0.89779044833966370  0.90847583614255245  0.91950993113576929
  0.93060149425738181  0.94160878823418648  0.95235677008009401  0.96235648152811271
  0.97227953060950356  0.98191240548322567  0.99102621059633433  1.00000000000000000
   1.3835766047956084E-012  -1.0000000000000000     
 F F F F F F F F F F F F F F F F F F F F F F F F F F F F F F F F F F F F F F F F F F F F F F F F F F F F F F F F F F F F F F F F F F F F F F F F F F F F F F F F F F F F F F F F F F F F F F F F F F F F F F F F F F F F F F F F F F F F F F F F F F F F F F F F
  <DiscreteSampler_grid>
  grouped_processes
  1 # 1 for a reference and 2 for a running grid.
  10 # Attribute 'min_bin_probing_points' of the grid.
  1 # Attribute 'grid_mode' of the grid. 1=='default',2=='initialization'
  0.0000000000000000 # Attribute 'small_contrib_threshold' of the grid.
  0.5000000000000000 # Attribute 'damping_power' of the grid.
 # binID   n_entries weight   weight_sqr   abs_weight
    19   10   1.601324760886033E-005   6.514390036680286E-010   1.601324760886033E-005
    22   10   1.570231532000322E-005   3.716917138901396E-010   1.570231532000322E-005
  </DiscreteSampler_grid>
