 -0.00000001169327225  0.00000603552990234  0.00004633802933892  0.00012722592357505
  0.00025334720226687  0.00041953678361309  0.00061401403822640  0.00083892939009575
  0.00109985658574472  0.00139559505486277  0.00171181559732730  0.00201997651934995
  0.00233790124824829  0.00268275593461230  0.00303668793313639  0.00339573779072024
  0.00376744049684263  0.00416538227780926  0.00459029352301059  0.00500983432219146
  0.00545720015192954  0.00589625397110343  0.00632512846705481  0.00676174763323647
  0.00720328014378042  0.00764369322533261  0.00807515442325034  0.00852479587482961
  0.00898819010223569  0.00947090882450792  0.00993730039885788  0.01038117417214758
  0.01081858168940150  0.01131273937967866  0.01186003774572044  0.01246720479559324
  0.01320142221734549  0.01435221852190445  0.01637208519429299  0.01835529743454786
  0.02005857814844836  0.02178619324560579  0.02335225987960225  0.02480767387924468
  0.02620432436906082  0.02754635820165376  0.02885241721918018  0.03017283322805047
  0.03152670245318569  0.03294275038920414  0.03435983022361233  0.03574246726888429
  0.03710110135038612  0.03851016604670988  0.03996264910600180  0.04144783205581645
  0.04297583811725916  0.04452516738462109  0.04606743704007311  0.04761051016834035
  0.04917546559223294  0.05079343835089908  0.05245335763244444  0.05412412957774768
  0.05579565589571574  0.05752551958615795  0.05928494735739247  0.06106903880301050
  0.06292117534875932  0.06487158074288893  0.06673622324946631  0.06867178135994811
  0.07070001968464987  0.07292390077697287  0.07534134480058673  0.07778886145943426
  0.08016680184165280  0.08264917852482842  0.08518398111847340  0.08778220490464037
  0.09055896383812782  0.09360873385220196  0.09690493359712282  0.10048211565558338
  0.10421740903189368  0.10803584563825838  0.11196489650844819  0.11595414276421422
  0.12127600937020865  0.12804501485613515  0.13597798720136098  0.14582492973582864
  0.16066543624660351  0.19251935944130558  0.32122542598015952  1.00000000000000000
  0.00933644699598207  0.01501771816787459  0.02472289249542079  0.03633395654996610
  0.04828331456617387  0.06008095178520523  0.07261406296430989  0.08544793807881307
  0.09740176294613422  0.10827864508526625  0.11872463228479144  0.12904208919376139
  0.13961663828346987  0.15028377121046024  0.16101469945839952  0.17176843072014847
  0.18255210503397992  0.19353939633915987  0.20500212121482181  0.21700886232702271
  0.22923106887401420  0.24222685894078527  0.25537614923079066  0.26898638779251421
  0.28174266702876327  0.29249234513489397  0.30165758974408052  0.31011538214172724
  0.31897080588740190  0.32817477733163675  0.33757369034424584  0.34675258508025414
  0.35577026354041741  0.36486556922141233  0.37407121425722395  0.38319068035174797
  0.39237566942457786  0.40211682500276807  0.41215488659221450  0.42249243067467640
  0.43273884687166503  0.44239015063811460  0.45149457125381665  0.46094451812187959
  0.47102999012235647  0.48179546097805731  0.49188639838949649  0.50210565249107819
  0.51335704770542723  0.52464225267527165  0.53514149716972381  0.54513071904561083
  0.55474637295717855  0.56422351130085335  0.57371573386876640  0.58333606277772809
  0.59275094428501152  0.60225691002958770  0.61218894112095368  0.62236413934983503
  0.63235659188464133  0.64229551812506480  0.65240135227058493  0.66255448033561892
  0.67270560899211229  0.68283750225109274  0.69347715964244938  0.70504923049960555
  0.71682910326641969  0.72907427508335498  0.74111903656119871  0.75289465786599774
  0.76381859002911578  0.77457821852786057  0.78499466765063919  0.79580385284554034
  0.80673746473941921  0.81747821442873825  0.82811641743040820  0.83857960702993939
  0.84940644558538059  0.85938397478128314  0.86913895608775782  0.87912973290054641
  0.88938130713322983  0.89921808361485911  0.90848832569038640  0.91837141255338572
  0.92898282020432399  0.93931199339726035  0.94907001514153422  0.95939842479693416
  0.97050964230699188  0.98133660751344098  0.99132841537624383  1.00000000000000000
 -0.00001946448831618  0.00023832164113676  0.00069679024411705  0.00141122528679765
  0.00237206210184973  0.00362831712423741  0.00514288216867230  0.00689117823478017
  0.00884835175015523  0.01103338840071746  0.01330752721529838  0.01561999975953012
  0.01832112573635778  0.02135663497128025  0.02431685685431039  0.02742465080908497
  0.03082747455250502  0.03436233809757539  0.03791630497424485  0.04157747525640858
  0.04525512891258656  0.04905937638656524  0.05308889376311610  0.05738797191215883
  0.06188988697721351  0.06652084756349948  0.07118322050425124  0.07575663217300556
  0.08037655084619925  0.08504473362292254  0.08979578884072077  0.09466524517529772
  0.09987908392368204  0.10540603742575644  0.11123154781214137  0.11723589293022940
  0.12326279645582540  0.12931517723196609  0.13563360861476126  0.14202474296084308
  0.14843316972013035  0.15485181274169094  0.16132858914558931  0.16816520392461864
  0.17540421684425700  0.18275454943952982  0.19023049612102808  0.19794208886602849
  0.20595187533014866  0.21423722900133568  0.22264368614539762  0.23048421602819541
  0.23834601113333334  0.24613080771504756  0.25362533142799287  0.26120964337089325
  0.26900685408140029  0.27709801015564256  0.28582651541267151  0.29508419739817265
  0.30391599069748293  0.31318832807791008  0.32324456472328594  0.33285691120988742
  0.34349980041369171  0.35469749502544307  0.36594982271646403  0.37707833710776811
  0.38841031964334966  0.40002980426284102  0.41199318173625454  0.42434581112214881
  0.43689450535500196  0.44943193627963707  0.46231254432273827  0.47441849182991014
  0.48659503637445500  0.49876851965988017  0.51077761642013275  0.52265593532067967
  0.53478591255922525  0.54695698359168532  0.55912807230612038  0.57125814553697252
  0.58329057906437465  0.59577674038466277  0.60816372325484003  0.62019567182705471
  0.63183201732627614  0.64321640459169904  0.65441320971257877  0.66584557798701138
  0.67754907213884596  0.68980907208461961  0.70234898241203736  1.00000000000000000
 -0.00265386718465236  0.01174219842300252  0.02357251701005507  0.03562685539001154
  0.04661198197438939  0.05636205390926741  0.06645892091366735  0.07725994747058262
  0.08814419763632138  0.09892803331988229  0.10955740676394127  0.11990451947799111
  0.13004320798841618  0.14027065182176834  0.15124013064955430  0.16210600862690405
  0.17455931603385794  0.18723291396115513  0.20025370567992087  0.21279653059239281
  0.22499525978825133  0.23690987503224681  0.24862704220557882  0.26018987532849580
  0.27170521318367713  0.28321082291267524  0.29455310656851080  0.30587999872621707
  0.31739619364989857  0.32927528399813794  0.34123995099397025  0.35276616576245562
  0.36537915824136785  0.37835148771398208  0.39071880268383552  0.40248605626926437
  0.41367041536698274  0.42427237942837276  0.43441466163003323  0.44450040351754139
  0.45453835758175304  0.46453015737211795  0.47447106866330868  0.48426890953078289
  0.49416350189789210  0.50414851924500514  0.51423411118864748  0.52528567423811867
  0.53667698238507100  0.54796421318151545  0.55907869552302591  0.57010470087515852
  0.58122944736925752  0.59206180850461909  0.60265337568942501  0.61329210793872024
  0.62445626260624099  0.63623665338489366  0.64810312094554545  0.65936212071207179
  0.66973184893492543  0.67953314792588337  0.68925804601104335  0.69920264593037929
  0.70905982990125593  0.71832819615450327  0.72731467183041498  0.73654216700644459
  0.74568623126201938  0.75454744374690697  0.76304067598761194  0.77232680355120631
  0.78315770555309339  0.79425349222186192  0.80491062018190029  0.81504657264140812
  0.82495201345979474  0.83500817268969940  0.84517097885990133  0.85497279633370526
  0.86411070632931675  0.87342063001161530  0.88268120049917453  0.89170108203693488
  0.90025648178410356  0.90872533212014461  0.91678059148129865  0.92538245775775863
  0.93397605595828126  0.94333482970428995  0.95294832908131311  0.96217276333123936
  0.97155743295632346  0.98079117818311978  0.99035000277705443  1.00000000000000000
 -0.00284469798209852  0.01041510993759933  0.02165462285673480  0.03336938032865910
  0.04471639838800745  0.05578179448160885  0.06761689316909493  0.07985438964749843
  0.09112185630363755  0.10170086305888579  0.11195757249424644  0.12236227412939493
  0.13285623802831187  0.14364162705129144  0.15509711782339078  0.16670600279577460
  0.17771567748162875  0.18843783149832935  0.19898504689866722  0.20935810659852799
  0.21978776277124462  0.23011276506602329  0.24051042599963660  0.25121166190793226
  0.26225651526522681  0.27322359076076869  0.28349095144853226  0.29373950593095866
  0.30447941251342409  0.31506704955950154  0.32523218584349090  0.33551213449583206
  0.34667813042698803  0.35750734354857733  0.36809111318850446  0.37900820799333540
  0.39073599520146235  0.40217253195409475  0.41346598391170025  0.42472254902564199
  0.43683944073816877  0.44831131872188984  0.46021575556654776  0.47169129108872293
  0.48248066383943755  0.49277403350128807  0.50293314673194545  0.51312619246288171
  0.52304146778197214  0.53235054716972030  0.54132863272232667  0.55036814983264093
  0.55941110827995344  0.56867597747742471  0.57867847793678051  0.58837715425908921
  0.59808527632961184  0.60790932934335895  0.61828597941773000  0.62860960822523637
  0.63906754635807794  0.64932953757253253  0.65995572690733340  0.66984052420496976
  0.67888384023247217  0.68811777947318342  0.69753483170712893  0.70727503909148670
  0.71727776697613121  0.72698060836735456  0.73747213706320802  0.74830473210280513
  0.75865642718295723  0.76884098906737208  0.77877173211445694  0.78874478487196931
  0.79891728062768108  0.80926207135259376  0.81970112644742443  0.83054812915161347
  0.84176189253401923  0.85291106472546585  0.86368854506777448  0.87371165634507963
  0.88410528881636186  0.89432436201366317  0.90387199076403946  0.91307127543289812
  0.92318449347484399  0.93278807816149534  0.94278134970316096  0.95207860173724257
  0.96299156393237317  0.97509628910040924  0.98773198190383471  1.00000000000000000
 -0.00177089869388647  0.00799849553568487  0.01689495515558046  0.02663034275255680
  0.03656345606400669  0.04624808485991040  0.05588388729174175  0.06562594917829076
  0.07594064236069969  0.08663381990057054  0.09801583635712360  0.11051239610169321
  0.12405782593466352  0.13705737570539228  0.14898372104256782  0.15960748545425762
  0.17045181946115645  0.18169594435088934  0.19318270720952921  0.20465556234313456
  0.21583951221127046  0.22674479854780114  0.23752969312564504  0.24850488120963990
  0.25987207812342339  0.27106744600661870  0.28221678258996680  0.29298766733387610
  0.30318577796533930  0.31351552231763319  0.32419682137781797  0.33453177097613085
  0.34393214706200520  0.35307792722481429  0.36423038122386947  0.37558139950954528
  0.38558961796651187  0.39558282856594379  0.40549678320366728  0.41557535853501965
  0.42524434037533565  0.43472037915082362  0.44399244561543588  0.45323957035908674
  0.46269211037573849  0.47223976098877241  0.48175108813650375  0.49144796840251864
  0.50082684984134196  0.51297066260586610  0.52465013389351955  0.53615746658261509
  0.54723965518674322  0.55761490453972307  0.56809614858415769  0.57774795146597380
  0.58726694976384963  0.59633201852677553  0.60528953126957585  0.61452357725552764
  0.62388770954597672  0.63384189909092414  0.64420382924136987  0.65498048805525277
  0.66604508320673916  0.67629454803448197  0.68632217468774392  0.69641004339346091
  0.70713823935124254  0.71815585203625976  0.72981944014242839  0.74141966265370762
  0.75319913986251785  0.76460001034425862  0.77558470943380886  0.78535489995457275
  0.79447446994417159  0.80320143424724411  0.81212211916379429  0.82112935546636467
  0.83030990767465263  0.83968628166375459  0.84953403414080531  0.85972358072048372
  0.87074844972637511  0.88170186739221501  0.89295721468013312  0.90519573390613617
  0.91797699211015815  0.93013805605168864  0.94195763510247932  0.95369090884793561
  0.96535683294539543  0.97696914288383041  0.98836860453685316  1.00000000000000000
 -0.00220755870241442  0.00811476763970171  0.01757909628147060  0.02769228169467085
  0.03895219740781724  0.05116448570362669  0.06341739964454784  0.07516406955806877
  0.08651220215170209  0.09752597303774335  0.10796899266229906  0.11799072909212127
  0.12809480118361499  0.13831409080150900  0.14854553281348423  0.15915139829020958
  0.17063691264529723  0.18291927354871765  0.19548973153081356  0.20747153764834048
  0.21947808459844007  0.23133044443480452  0.24435252381344086  0.25726238858275935
  0.26986854154831302  0.28258142520898000  0.29324552495926770  0.30290053769782699
  0.31232104605800620  0.32207375217787459  0.33203144495856923  0.34188069256631365
  0.35152507939759059  0.36111717032610458  0.37067295431023323  0.38028150868676019
  0.39000922276178079  0.40027929712383870  0.41143618783354058  0.42314539893489506
  0.43482564970660609  0.44592483051076320  0.45637733083675136  0.46636631594345906
  0.47657320555279359  0.48748803110162264  0.49890328781242949  0.51069361783479927
  0.52229696002328485  0.53444120249844440  0.54662094047597454  0.55857632478416552
  0.56956136331055740  0.57988610944910501  0.59019297886869426  0.60087605569254332
  0.61205780955790545  0.62300393286745115  0.63308837600777212  0.64308308104196577
  0.65354690866877241  0.66423191002983561  0.67463234833413432  0.68474964716881470
  0.69354962415583221  0.70229127771620892  0.71144865165186977  0.72139076529489055
  0.73166569273019177  0.74174373116612569  0.75148758149993911  0.76115920169399809
  0.77077012821597957  0.78002197452867239  0.78902759146160029  0.79777363956813563
  0.80625495176572237  0.81506532811768828  0.82430549221970206  0.83387812578012177
  0.84371535453143431  0.85428264801593079  0.86538102713865273  0.87654720235769779
  0.88738957347725989  0.89760037871694909  0.90673796317691435  0.91580791465806277
  0.92505822491003231  0.93453640504354796  0.94446139833329357  0.95455092522057605
  0.96510830912466428  0.97666863162488426  0.98821799920969033  1.00000000000000000
 -0.00234719702863165  0.00959603537172420  0.01926630805217285  0.03064649944644061
  0.04111803816480964  0.05407054448669111  0.06533100818820378  0.07606847507555528
  0.08652717295777956  0.09678703775921733  0.10692295232610194  0.11690147687556726
  0.12665027496209774  0.13671182794407696  0.14625175077625688  0.15612601012699945
  0.16517795151665254  0.17540333436519215  0.18552815435000072  0.19696498695754977
  0.20859775774823536  0.22016966987846839  0.23203983862425670  0.24383285304454480
  0.25441703490141782  0.26353075937534748  0.27255900411813827  0.28185492017528097
  0.29119631369617266  0.30036576676749949  0.30988797781694982  0.32036512874028322
  0.33112273495251582  0.34206488523528600  0.35350609325486848  0.36499647900447557
  0.37658396328662491  0.38861192648935333  0.40013185822379804  0.41120352407847577
  0.42201306889707246  0.43208535366030920  0.44186157711818252  0.45180339795148422
  0.46192826200803300  0.47344648997289895  0.48441654553452668  0.49556903358970089
  0.50615477367836192  0.51729184235926962  0.52873619906444480  0.53980675628695518
  0.55133617924401879  0.56344243996527421  0.57438595574123574  0.58539358161002941
  0.59513188120672378  0.60552418994210711  0.61604326594692382  0.62684363980116387
  0.63765994631263001  0.64852117101769069  0.65893619134124004  0.66831547930527047
  0.67711237457885787  0.68588906476485467  0.69554161892528243  0.70563471168382152
  0.71567995819815078  0.72559346726068152  0.73565842668084069  0.74580890201601346
  0.75585782706275195  0.76610193152311978  0.77675077896976641  0.78806110243067562
  0.79875330812335499  0.80882400084613149  0.81800168370279669  0.82658642375597424
  0.83531452434881470  0.84461291128628579  0.85472004399939727  0.86585054496622338
  0.87731368919642849  0.88870076725777447  0.90045755226379998  0.91278712221782832
  0.92520310131050210  0.93690540649882414  0.94809099639335703  0.95836326989683251
  0.96852996143538905  0.97894271398241983  0.98936832885611381  1.00000000000000000
   7.0364155495080262E-015  -1.0000000000000000     
 F F F F F F F F F F F F F F F F F F F F F F F F F F F F F F F F F F F F F F F F F F F F F F F F F F F F F F F F F F F F F F F F F F F F F F F F F F F F F F F F F F F F F F F F F F F F F F F F F F F F F F F F F F F F F F F F F F F F F F F F F F F F F F F F
  <DiscreteSampler_grid>
  grouped_processes
  1 # 1 for a reference and 2 for a running grid.
  10 # Attribute 'min_bin_probing_points' of the grid.
  1 # Attribute 'grid_mode' of the grid. 1=='default',2=='initialization'
  0.0000000000000000 # Attribute 'small_contrib_threshold' of the grid.
  0.5000000000000000 # Attribute 'damping_power' of the grid.
 # binID   n_entries weight   weight_sqr   abs_weight
    19   10   2.329832444148666E-010   8.329652089564377E-020   2.329832444148666E-010
    22   10   4.950308158271265E-010   4.815651112979351E-019   4.950308158271265E-010
  </DiscreteSampler_grid>
