 -0.00000000619892216  0.00000279964010365  0.00002027904280959  0.00005716964485892
  0.00011127877169525  0.00017796121289452  0.00026016030188432  0.00035362982536341
  0.00046889352510489  0.00058990670416381  0.00072020191120495  0.00085975635407660
  0.00101121371883473  0.00118158093491875  0.00135852144600757  0.00153700028631310
  0.00172118913527679  0.00191506381054994  0.00211248870034880  0.00231236789350227
  0.00253409372249292  0.00275216793843029  0.00296977723992973  0.00318975037869866
  0.00341809478498163  0.00363998898550289  0.00386966694963014  0.00410226458481203
  0.00433553838047292  0.00456693050384934  0.00479981849166261  0.00503356593981081
  0.00526804328796901  0.00550243751332065  0.00573710977520375  0.00597103258629526
  0.00620282520480310  0.00643570348005520  0.00668140530638398  0.00693336714582806
  0.00718617513456893  0.00743164153359215  0.00767372559627278  0.00791404126279811
  0.00814873933016815  0.00837796819368026  0.00863389563295837  0.00889059952306876
  0.00914706243961763  0.00940424757012082  0.00966107641511492  0.00991386672535866
  0.01016055947381955  0.01040548357850783  0.01064887400226962  0.01089833780635926
  0.01116402008422594  0.01144254161912182  0.01174335932792105  0.01206047573313060
  0.01238918606467159  0.01273962732596906  0.01316196533532288  0.01368896433713046
  0.01457480852628304  0.01613092589085089  0.01743070498513171  0.01841861689088697
  0.01935837672103964  0.02031644135409550  0.02123241675186844  0.02211979386361723
  0.02298412925086089  0.02383752753239186  0.02475941655626244  0.02574205259937922
  0.02675518052168552  0.02777394355992069  0.02876496153045097  0.02976101895376925
  0.03072572812205563  0.03179355446231363  0.03303074661125738  0.03440087899786431
  0.03582252206352125  0.03731814893792008  0.03887757344215308  0.04060203129420588
  0.04269916611177190  0.04524632850084522  0.04821373989969496  0.05175912477683681
  0.05737984947686202  0.06906582271251199  0.11584801869883746  1.00000000000000000
  0.00936490255171988  0.01654188726724691  0.02616071197800302  0.03593361536555600
  0.04540026217131521  0.05491686756261940  0.06468273698411409  0.07448282619223254
  0.08440606598883309  0.09465170600646833  0.10506190863596089  0.11569725478711439
  0.12593429589909663  0.13519768550195022  0.14410103649441072  0.15272539422936476
  0.16136614796754020  0.17015707120517018  0.17909613154636339  0.18830398497696665
  0.19786958000174146  0.20756731584638796  0.21750035551524641  0.22736883756600576
  0.23772748406119876  0.24846055131035197  0.25923422462737988  0.27027966354954314
  0.28204358681969777  0.29374768249771416  0.30462105788521676  0.31552372078529384
  0.32621640289730830  0.33661939473716418  0.34628626636714044  0.35628648297719395
  0.36647607726275883  0.37688967593221001  0.38747601660070796  0.39808350040220614
  0.40882532214733464  0.41974859807599202  0.43072521305882921  0.44152941423116099
  0.45207144066956129  0.46254373913282021  0.47317803392507141  0.48416626445144489
  0.49591233432042153  0.50764355661769278  0.51951761533493768  0.53160055788834204
  0.54318763598406861  0.55434012024393065  0.56583019302917648  0.57765691119046714
  0.58948083712139676  0.60146728222423917  0.61301437942886605  0.62405121167541988
  0.63458294596102283  0.64475420991261967  0.65514826474223231  0.66622991944092880
  0.67815156736824356  0.69050832656147809  0.70246041109181090  0.71460223338705864
  0.72667611909977414  0.73858389733152885  0.75032227788435601  0.76219028674485068
  0.77311052064298103  0.78336551254134512  0.79346792953875711  0.80375777459427267
  0.81383665744992439  0.82350952350924689  0.83321514809226771  0.84319965899231575
  0.85322324498972102  0.86216567809507338  0.87109780814899573  0.88030097849170985
  0.88987252279336404  0.89987027969038180  0.91042303282899528  0.92095799170227610
  0.93279131505715196  0.94283440990194300  0.95301604647418126  0.96311934248965825
  0.97307499255275920  0.98308744075895826  0.99089585115087730  1.00000000000000000
 -0.00002103935196381  0.00025175731487983  0.00073494989258064  0.00153734406340288
  0.00256840673019991  0.00392154706143687  0.00545600433526742  0.00725785149481103
  0.00935315587057424  0.01175932615187381  0.01437277248505508  0.01698435650484205
  0.01979724937294947  0.02278147018967460  0.02590904597740114  0.02915916148296199
  0.03274786092537373  0.03663155864787780  0.04062240809517953  0.04469099242956723
  0.04885568453776177  0.05317437964298955  0.05762691658818423  0.06220055556365876
  0.06707484467406434  0.07209496437247713  0.07726258170297391  0.08234030986160606
  0.08773856532395916  0.09294286518302682  0.09841688897157951  0.10394231560996085
  0.10990011976914907  0.11619874052170115  0.12271894644385241  0.12936119641890237
  0.13626389378463294  0.14352655705454073  0.15115344918041196  0.15905567990043920
  0.16691805125380474  0.17467181486146052  0.18290695621636044  0.19134786517366373
  0.19965629952466224  0.20771725774951708  0.21586491038741479  0.22401697408902840
  0.23259649016290893  0.24136444466813853  0.25037533448768651  0.25981629091713598
  0.26956884998289871  0.27941126242749997  0.28961209852890235  0.29967722590669610
  0.30993649800625206  0.32072057954568017  0.33148762106529017  0.34254152830010287
  0.35423833401599231  0.36608059345571664  0.37731814643234762  0.38977796206214937
  0.40228277466641016  0.41503330262391525  0.42804955844231929  0.44134407439172996
  0.45494998457951408  0.46855972134912344  0.48256289804012864  0.49734813665789190
  0.51233689430474205  0.52745494761461853  0.54291698826436752  0.55889795682559829
  0.57393034775116691  0.58975314220185338  0.60656405587335582  0.62319356988114583
  0.63972653370971344  0.65736253498704855  0.67516695332670407  0.69308171795288231
  0.71142827113917528  0.73019688477584932  0.74909997587381016  0.76796189379686852
  0.78684085851975449  0.80566108968635741  0.82501054954145259  0.84457210359793533
  0.86411575735581325  0.88223517228209702  0.89601130093356696  1.00000000000000000
 -0.00272402880464131  0.01098368522930375  0.02318250562342903  0.03544970265043483
  0.04816226560959246  0.06032862478371569  0.07270851728881941  0.08459213113510738
  0.09629048175081956  0.10792313809035579  0.11943012890847786  0.13096344027185894
  0.14223814272300503  0.15342073171370335  0.16472775968184769  0.17647171707358000
  0.18784955701145420  0.19864333558832017  0.20903379848660225  0.22015515415920331
  0.23128060425968730  0.24226737410985871  0.25324707597424623  0.26343563982906970
  0.27315169904306907  0.28222517538998054  0.29149261959817352  0.30115608966533752
  0.31114286938317448  0.32162440042186830  0.33284884443331014  0.34472338904310035
  0.35642549782071015  0.36757219411734643  0.37831376851289478  0.38879113909902296
  0.39943546199974472  0.41021011380991240  0.42084680039192501  0.43138565260721656
  0.44208150815040381  0.45323348521613510  0.46445618688017121  0.47555544359109891
  0.48655625802732222  0.49758847645506266  0.50856282328584346  0.51948327175089781
  0.53023817027496389  0.54087477986587273  0.55158130125431060  0.56159148496858236
  0.57143002956229205  0.58140035589484396  0.59355691826493540  0.60567784720237672
  0.61721449469282241  0.62824078960017415  0.63903143920947314  0.64927103375824313
  0.65867720503901628  0.66810213880075375  0.67765559295145206  0.68793434209389281
  0.69932995313737312  0.71102810393021587  0.72236705732130113  0.73356146274738987
  0.74454139863713131  0.75485925701748902  0.76460698510584701  0.77421196000937209
  0.78385039597849848  0.79323373167556765  0.80204381647247125  0.81057733635748752
  0.81944214754835309  0.82863987421150154  0.83778499883599133  0.84657200336484140
  0.85550318778604151  0.86439544626891973  0.87320221773243156  0.88167229041385176
  0.89049932224477213  0.89979410381938774  0.90960073808967434  0.91904419127894854
  0.92891559296049564  0.93902159045744782  0.94940528563629722  0.95983717821508807
  0.96973367877580596  0.97968079528779217  0.98972055378694679  1.00000000000000000
 -0.00283085007045940  0.01025310665447035  0.02114531929122484  0.03219263323011348
  0.04293256302887507  0.05399572644532259  0.06551734171466593  0.07775353797917753
  0.08993302219094436  0.10210854812228931  0.11455420704820209  0.12696584869285446
  0.13877029708940725  0.14966105701064497  0.15989957064897389  0.16987940569811188
  0.17974038306043025  0.18967373550788541  0.19984555812710911  0.21093497845729933
  0.22335172680245963  0.23458951091301192  0.24496910339985506  0.25527858478189086
  0.26543657865803494  0.27541581235875723  0.28505634689634823  0.29596883916384892
  0.30785719558951735  0.31970547597258536  0.33100621219253668  0.34147387230455206
  0.35136736646424815  0.36113679801910337  0.37101300634568685  0.38108056594109524
  0.39113445257997193  0.40166295738633911  0.41252345493204484  0.42287095592078461
  0.43303104623662991  0.44361026279708959  0.45440401669739133  0.46509944206487275
  0.47581041590132006  0.48645947948999751  0.49686846644949578  0.50718985418780371
  0.51766827202417520  0.52804962399595812  0.53816643815135834  0.54847867878928125
  0.55906874947709040  0.56869030076892746  0.57820684236831543  0.58792169056564469
  0.59767653379768404  0.60724046380095764  0.61641731944942446  0.62605050175313381
  0.63680498066424329  0.64792684509646803  0.65872606240697396  0.66965266002325496
  0.68161303019003616  0.69223141174265213  0.70214011624289951  0.71188517552216202
  0.72125475861974053  0.73073932384944296  0.73955993689122157  0.74826144152954355
  0.75719252517447488  0.76664399911820236  0.77669392207892707  0.78749538629484450
  0.79843102564936985  0.80915803055839419  0.81927096621016215  0.82925257993695145
  0.83996993129242337  0.85126712229601487  0.86203112257385017  0.87216834222528838
  0.88229115191229268  0.89260380533946493  0.90267462019188183  0.91243031380558159
  0.92259622243196537  0.93305248943943619  0.94350454867472389  0.95368070474729638
  0.96484726948692190  0.97664109421686118  0.98854421794465375  1.00000000000000000
 -0.00250885681644972  0.01015998585672826  0.02150948803746925  0.03319965703069058
  0.04447382310055428  0.05482372015379169  0.06517738006833941  0.07541400193686709
  0.08560903088004176  0.09519524215692801  0.10509407986815041  0.11589897980621945
  0.12634665185245861  0.13600149915632972  0.14585617278203508  0.15589346038576135
  0.16562675634396348  0.17463198240137096  0.18341614474824053  0.19238876070341690
  0.20147160801270941  0.21055309891373872  0.21961571540005109  0.22925022938239684
  0.23942933384578383  0.24981593856109363  0.26020784182285278  0.27093256909948432
  0.28211632928270819  0.29360467248605171  0.30506243473469524  0.31610491457980910
  0.32671140619270006  0.33705453960321075  0.34703426054070263  0.35658346499624610
  0.36576011654108875  0.37518843847825828  0.38530957163524832  0.39572518402853102
  0.40600111852856591  0.41596000427546476  0.42556741838309975  0.43522427706493527
  0.44584023134115192  0.45686529373654305  0.46814106571115499  0.47947662402389063
  0.49094237718965311  0.50236438290495922  0.51345476075937635  0.52440757542439143
  0.53549186183353115  0.54667899893448646  0.55794421332464983  0.56950371523760024
  0.58131749759756135  0.59282885429157484  0.60436413233681863  0.61666964065844065
  0.62857871385020536  0.63937513049343220  0.65003985283957921  0.66069031820605240
  0.67099822616323890  0.68094569452815257  0.69083801466785899  0.70187575180722206
  0.71288121159413897  0.72457282807964107  0.73564707994831180  0.74619044811391588
  0.75669578639085122  0.76688491394225367  0.77695837814166646  0.78684375142712859
  0.79749890329074558  0.80891306160764476  0.82041148164912936  0.83173452410783755
  0.84328546746944244  0.85460862666154447  0.86481788977708129  0.87503885112041380
  0.88580978860138215  0.89674508174067002  0.90735979520279497  0.91809891606368099
  0.92982029526715837  0.94112919503602588  0.95148274522470033  0.96188583245909764
  0.97205453890330040  0.98166894032468188  0.99093032578122320  1.00000000000000000
 -0.00262886336558285  0.00965595162957964  0.01988143009312174  0.03052265425887160
  0.04088915585623169  0.05106208661362951  0.06135330560746374  0.07252676297705968
  0.08382061237157834  0.09488568906685615  0.10588517417446604  0.11607507746557039
  0.12649636083420707  0.13626207470375357  0.14661644854869910  0.15687363930855586
  0.16700240425312046  0.17690381325201426  0.18692922025300254  0.19690703013158609
  0.20689538171981925  0.21688328040976010  0.22704940850066249  0.23745271736664006
  0.24812886690351502  0.25879599589560531  0.26964963135781450  0.28051641771936142
  0.29151719190957626  0.30259608755736572  0.31365018988941762  0.32357539538129315
  0.33342278487967025  0.34279495238384861  0.35181574363525320  0.36072880050410089
  0.36987073209223037  0.37984503056600560  0.39093088658878300  0.40251898803402242
  0.41418119330756159  0.42558142613231054  0.43732437249262535  0.44930824358071225
  0.46092841784269678  0.47184720175363848  0.48233793275720027  0.49269488286452096
  0.50306333348931975  0.51347323894615260  0.52389492859394138  0.53429973722401269
  0.54527147527982256  0.55672705942805356  0.56808820271474492  0.57904262302909171
  0.59023280689848923  0.60128358085919464  0.61202970554113023  0.62236634436820037
  0.63367606050270608  0.64515321839502926  0.65639262138931842  0.66681978152866572
  0.67830366484717219  0.68923591062065426  0.70035715419111300  0.71148306261298599
  0.72274265135936366  0.73351129685682692  0.74382830463857519  0.75421064205040245
  0.76489978315114682  0.77641098246904006  0.78839605444011784  0.79975071266387621
  0.81021913533407808  0.81996784586999016  0.82930643811986082  0.83875368780885973
  0.84832866037739951  0.85820903061976417  0.86780080544657767  0.87766926081319341
  0.88781639918759914  0.89826887731291771  0.90821223639307025  0.91751177863825084
  0.92775165504044388  0.93805875162150187  0.94802230881975436  0.95797236255255080
  0.96869292649030658  0.97938906691369665  0.98972737024039459  1.00000000000000000
 -0.00216711323240122  0.00935286940713156  0.01865011711990819  0.02832227759122904
  0.03797127109932709  0.04846751730653880  0.06014571728057129  0.07132541333867043
  0.08281695242993214  0.09478986382899747  0.10630242921305146  0.11746172783761953
  0.12798673774657804  0.13848307111156216  0.14874264456377473  0.15868372829027505
  0.16822050309268122  0.17741008880455994  0.18686252070498416  0.19709310075334127
  0.20748309836179213  0.21772879012477669  0.22796593679718977  0.23784202748013381
  0.24761789303955342  0.25751869329077126  0.26741233259333236  0.27708044452297481
  0.28682782043336896  0.29731295736702862  0.30858211244995687  0.31942780053599384
  0.33025762510600210  0.34097373686402621  0.35188806401818801  0.36233841214598506
  0.37271141967802318  0.38285306165438560  0.39304700605735793  0.40391834588195297
  0.41397103791283174  0.42389216622718195  0.43379089694529493  0.44436989194707088
  0.45531447205629821  0.46592783342983918  0.47641257411933491  0.48701126158218422
  0.49820507459284580  0.50933534152936211  0.52101952833017617  0.53154257134472871
  0.54182545358806800  0.55216862468715477  0.56240352320707354  0.57307301265326527
  0.58347881043900285  0.59442005848479806  0.60529062372385400  0.61595564579050410
  0.62659864405959320  0.63658298698905946  0.64644622166329224  0.65609622631231801
  0.66602470972514960  0.67628620111066784  0.68660538941284222  0.69763288544653845
  0.70900265005101137  0.72202888573875801  0.73455924477400603  0.74631636565406034
  0.75739352047886765  0.76837344904257399  0.77917860041726716  0.79031263094970605
  0.80145381731038789  0.81301737093973647  0.82281106514807478  0.83278009960646560
  0.84205227616370093  0.85183293153698370  0.86180572169940683  0.87210654059703663
  0.88219397902581198  0.89269826729505697  0.90399932389592186  0.91587883171376161
  0.92640237514356572  0.93641645844713794  0.94676044103460932  0.95713424831427840
  0.96717319905029386  0.97733810452320813  0.98868550999762250  1.00000000000000000
   3.0970363388078118E-016  -1.0000000000000000     
 F F F F F F F F F F F F F F F F F F F F F F F F F F F F F F F F F F F F F F F F F F F F F F F F F F F F F F F F F F F F F F F F F F F F F F F F F F F F F F F F F F F F F F F F F F F F F F F F F F F F F F F F F F F F F F F F F F F F F F F F F F F F F F F F
  <DiscreteSampler_grid>
  grouped_processes
  1 # 1 for a reference and 2 for a running grid.
  10 # Attribute 'min_bin_probing_points' of the grid.
  1 # Attribute 'grid_mode' of the grid. 1=='default',2=='initialization'
  0.0000000000000000 # Attribute 'small_contrib_threshold' of the grid.
  0.5000000000000000 # Attribute 'damping_power' of the grid.
 # binID   n_entries weight   weight_sqr   abs_weight
    19   10   1.461940140264810E-012   5.337997339576878E-024   1.461940140264810E-012
    22   10   1.547035463872179E-012   5.123187406182865E-024   1.547035463872179E-012
  </DiscreteSampler_grid>
