 -0.00000000435348979  0.00000175128377235  0.00001259132273402  0.00003538721419496
  0.00006903059719872  0.00011387608485607  0.00016527395424223  0.00022393861398184
  0.00029344594916024  0.00036728234388457  0.00044755280857679  0.00053632107887032
  0.00063050310890465  0.00072879779298084  0.00083265052551477  0.00093910778053232
  0.00104856169934726  0.00116478969816555  0.00128601609835558  0.00141028479182747
  0.00154132146514449  0.00166756910615037  0.00180346604805741  0.00194072690189675
  0.00207620307859246  0.00221332263320048  0.00234894097937463  0.00248460310428022
  0.00262056407279207  0.00275521089873257  0.00289648424970211  0.00304724774240568
  0.00320028136883538  0.00335100740121133  0.00350081864098977  0.00365174024654630
  0.00380645037253652  0.00397046948307292  0.00414236099253835  0.00431394630655996
  0.00448358680922404  0.00465157722298394  0.00481902568548033  0.00499516685181918
  0.00517729731292632  0.00536604744190093  0.00555070421608073  0.00573381756830454
  0.00591375169584756  0.00608721101962678  0.00626165917281767  0.00643525355718940
  0.00661859741298250  0.00680794628078528  0.00700102677229193  0.00719698332181985
  0.00739672134567241  0.00759264869111677  0.00778910619556846  0.00797883580618148
  0.00816477988570416  0.00835220962654364  0.00854198728004025  0.00874580930177157
  0.00895109500862508  0.00915164087966777  0.00934437693855523  0.00953060196859902
  0.00971792643510918  0.00990651440307403  0.01009510894682642  0.01028178936790169
  0.01046519345262375  0.01064344445798138  0.01082666171481019  0.01102883434286015
  0.01123732993637764  0.01145740936406882  0.01168909084896282  0.01192518774206312
  0.01217337609039671  0.01243089990227248  0.01269744324242690  0.01300850036597999
  0.01336964801063913  0.01384997403506937  0.01473361661909193  0.01630565209153446
  0.01759328759806248  0.01869115288239540  0.02032382782164538  0.02231574742652525
  0.02523881208789648  0.03134495762988432  0.05065211482185606  1.00000000000000000
  0.00953770857237909  0.01640212530211493  0.02650506364575916  0.03759086634972318
  0.04832979379397805  0.05903302558720605  0.06979890836337113  0.08056407519366161
  0.09143955932879967  0.10234215535276152  0.11346187106697246  0.12472128133322405
  0.13555095660116348  0.14620782240080649  0.15736470680677203  0.16857191705783045
  0.17893217285056473  0.18918616462745227  0.19956544208046278  0.21023938740074394
  0.22098090092209813  0.23211112468706246  0.24332591049688973  0.25425608286502688
  0.26479687996238538  0.27523614156003795  0.28581757915969214  0.29695841965417502
  0.30819939926242124  0.31924670630618140  0.33036286653262958  0.34162610957610623
  0.35270895324136459  0.36278653072630096  0.37238072287005747  0.38252042538779213
  0.39306428673460864  0.40355849410763539  0.41428244924049068  0.42530057732076576
  0.43748757002860622  0.44879609523750535  0.46067510153262980  0.47255730210295632
  0.48445446042417845  0.49600060085587350  0.50702185234323727  0.51768510895234809
  0.52849473859045315  0.53957183009494991  0.55058783746697859  0.56117575556888322
  0.57090741775373721  0.58009014388176594  0.58910605816224970  0.59785392795987868
  0.60711557744061384  0.61653310213516188  0.62604084526128301  0.63679900083488405
  0.64768319311933253  0.65923506427288758  0.67013193152944350  0.68092993401050295
  0.69078602861728466  0.69948898420875794  0.70813308089423643  0.71739004014059748
  0.72673335167092934  0.73604686303918876  0.74527906850037695  0.75503400663349618
  0.76512028632085305  0.77459079226077809  0.78387514028861338  0.79348499908735015
  0.80405398189707378  0.81481757149382816  0.82485751884448599  0.83475928040234115
  0.84471044236908877  0.85500941550119292  0.86563251831057686  0.87635079595212917
  0.88694269954808480  0.89736983915974100  0.90778484152983507  0.91835903783676642
  0.92920551411097474  0.94000864353406488  0.95127923715003826  0.96168015128409001
  0.97201820807746764  0.98233363186563838  0.99107306241570248  1.00000000000000000
 -0.00002094763553017  0.00025287133277156  0.00073795153824608  0.00149727219453684
  0.00251578670466827  0.00391084882174832  0.00550449506903430  0.00751809754189179
  0.00970841610977070  0.01219345964952920  0.01504625966149705  0.01798548765465272
  0.02101873641861925  0.02430558807250110  0.02782395802338534  0.03149575298420013
  0.03509038938199388  0.03866100770777176  0.04227919303697631  0.04595263574646481
  0.04967203603070491  0.05381906306938118  0.05830142944660712  0.06310290147534786
  0.06858844706076925  0.07408396943138745  0.07960973838449065  0.08525027110635996
  0.09071511320991524  0.09660454321217184  0.10286465074909489  0.10923307541506065
  0.11568672179596187  0.12230810225073532  0.12914183473503649  0.13606555360094108
  0.14294123866382838  0.15050384029892760  0.15817198419852702  0.16623811690265333
  0.17455720769032804  0.18288582861813157  0.19120039831126581  0.20017480902174264
  0.21009810523415032  0.22012690071275892  0.23026288645767526  0.23989999726355976
  0.24930996782064307  0.25860184549099913  0.26776089344786103  0.27709324383691247
  0.28676261967884453  0.29641240895007470  0.30650654913002640  0.31670817179446437
  0.32682091305506417  0.33696463258526682  0.34767520357917320  0.35887386690580769
  0.37019081816067978  0.38169665100657579  0.39361246308247738  0.40617588271514854
  0.41917554062688228  0.43234861718054229  0.44573545262432146  0.45894844091869413
  0.47188529131128076  0.48606492582755656  0.49988171267859466  0.51363424728262908
  0.52761773702280490  0.54181533380001257  0.55595441499741183  0.57014936663056770
  0.58466924874781356  0.60128658585802464  0.61837581950590026  0.63534030126045160
  0.65316663908867867  0.67279315817003105  0.69273791697131781  0.71319568837237124
  0.73386475136385754  0.75418717604776186  0.77401750938325820  0.79451396844504607
  0.81671093543700313  0.83942499910506074  0.86225146258744967  0.88506479480569700
  0.90813201889059247  0.93285789183703449  0.95907824744405701  1.00000000000000000
 -0.00228087164102624  0.00911019982003751  0.01944212501830750  0.03164568954067382
  0.04381538539641133  0.05539230442409328  0.06700379028489355  0.07930745881299311
  0.09201393970082282  0.10486816602522445  0.11740053768155731  0.12956561271468683
  0.14153682526816996  0.15253306425913363  0.16345215873514884  0.17461762335516542
  0.18595477139147384  0.19674735631569418  0.20713369241671686  0.21826089786933967
  0.22982163997303398  0.24103637172706241  0.25248591170427470  0.26458362241187622
  0.27621629305951562  0.28662958653403714  0.29730288395102406  0.30861357140994722
  0.31988094703430070  0.32983265159035413  0.33973256572223937  0.34967241907367408
  0.36021997874233336  0.36992031875339004  0.37902715793621872  0.38833963028028851
  0.39829263668366116  0.40907584587786516  0.42017705276997286  0.43137684984116620
  0.44331200449118380  0.45574106010656218  0.46798106157392277  0.48009801156585019
  0.49077399200713251  0.50038506307029351  0.50891338066648606  0.51723634561526632
  0.52584221268385900  0.53477948009749909  0.54408369392724987  0.55315114519820840
  0.56231750872536979  0.57281666901952200  0.58388004282225914  0.59410817690128415
  0.60370911271469252  0.61294141602056063  0.62210026627652670  0.63165605472460740
  0.64161875137739677  0.65205102801390702  0.66256900056899459  0.67299034100442334
  0.68333823642139102  0.69356545112481927  0.70407233814249659  0.71454732090386741
  0.72485843708245745  0.73497091214220356  0.74500533156259019  0.75494984409778310
  0.76492274182751241  0.77497258201623820  0.78523839888921598  0.79606964600503716
  0.80730426641695230  0.81837588624679647  0.82904371168470248  0.83934496719462737
  0.85013016540256947  0.86102524627617127  0.87247978943868165  0.88442736013160850
  0.89648273156013703  0.90768270971530851  0.91854156554721011  0.92911944921403666
  0.93942034964813259  0.94862403926623651  0.95730587361399788  0.96595333063773781
  0.97484698585333807  0.98357241268379303  0.99194378520956361  1.00000000000000000
 -0.00372995494691389  0.01181940828912689  0.02401919198318593  0.03547095931275003
  0.04677367740876762  0.05721864035724471  0.06745973037689301  0.07774270178290840
  0.08898119987871750  0.10098491327322533  0.11208231186481903  0.12226364637823731
  0.13183830548685060  0.14147375845880455  0.15064047834905966  0.15958032425436947
  0.16857139981169855  0.17832178083932093  0.18768326192877688  0.19714507141375978
  0.20655806344024166  0.21656957912871286  0.22634963074534956  0.23624099675621327
  0.24627456870993242  0.25637776306816207  0.26611867188907085  0.27602442722281617
  0.28625136369125453  0.29687938790222207  0.30774495437550464  0.31829303032111056
  0.32921531710869556  0.34102910576023265  0.35345479692394299  0.36596737661817724
  0.37790259612284283  0.39005048717264179  0.40157507622578131  0.41378235715400713
  0.42346580630163627  0.43317500507645357  0.44397633596204883  0.45406685293360327
  0.46370940390373810  0.47285941159167133  0.48264420384506701  0.49306315875597662
  0.50355478523379182  0.51375079404802892  0.52383110088636653  0.53244310241441528
  0.54116894495561718  0.55033596679513397  0.56008153092880875  0.56987674499366003
  0.57947163840286142  0.58934221496480521  0.59989599399032945  0.61017863380007731
  0.62036827548136864  0.63123667095997948  0.64188719439175734  0.65230605124591656
  0.66247705868412410  0.67256122716356692  0.68300321593772584  0.69394300353881000
  0.70522861002460135  0.71598506925820138  0.72669561335730615  0.73785561039210135
  0.74906846127676396  0.75912343757164791  0.76890179989644580  0.77886541921591190
  0.78948334954256238  0.80042650767788381  0.81128901305537338  0.82202203688791153
  0.83305744325671693  0.84467877639315359  0.85610012300095584  0.86658128864217721
  0.87736214296526549  0.88896810207267030  0.90056336908416557  0.91129817106036504
  0.92238413487750959  0.93349709411031523  0.94447886716378360  0.95499404678894528
  0.96617994384738382  0.97716012613484571  0.98872369863897724  1.00000000000000000
 -0.00216962276464990  0.00843149913181324  0.01739778784603190  0.02724442633716226
  0.03826676428502147  0.04889861209644693  0.05887892356984437  0.06932726380399763
  0.07990811379185976  0.09016020431352875  0.10033306984246962  0.11117462042241096
  0.12237470609939619  0.13221412701613855  0.14212421876898909  0.15151041068021934
  0.16076894316438603  0.16973674104154932  0.17851741577895086  0.18777249290143477
  0.19791198915968630  0.20790895122965053  0.21830581971859445  0.22939039934398892
  0.24126546743970498  0.25324275560568255  0.26374677100184168  0.27388268644059799
  0.28354572349710216  0.29335142081094134  0.30407548284291136  0.31468310366045649
  0.32584615950629303  0.33605999641889600  0.34571558178329820  0.35495641135285816
  0.36448321802609751  0.37429192523993049  0.38435955009698924  0.39468949136541720
  0.40621117246504740  0.41833718981023937  0.42910433108039298  0.43941520109354965
  0.44923639730659265  0.45925851143664287  0.46878794901854687  0.47897101655468388
  0.48930926209980480  0.49988466475366145  0.51069958881383593  0.52108496106522995
  0.53158247664187097  0.54243543566061270  0.55392260945386995  0.56519362230178705
  0.57620106638795010  0.58728880059842792  0.59897199680627466  0.61041093656165990
  0.62225860638682295  0.63301138331038875  0.64369005940585455  0.65436321866825964
  0.66495797713773630  0.67505454691616951  0.68542888667903201  0.69614598144941509
  0.70658991337463795  0.71647474366464514  0.72641412839159036  0.73740041286576608
  0.74853647474735541  0.75864751711129630  0.76884239680338129  0.77867820760090478
  0.78857310091458455  0.79864258321399539  0.80865902604960960  0.81881849994791445
  0.82943142852906404  0.84068941186726953  0.85308233732476413  0.86553637687616769
  0.87718990588521673  0.88701404414770335  0.89709067641051077  0.90706307355322469
  0.91676412126769935  0.92629041835650494  0.93617847387720177  0.94752244891329962
  0.95998416193446479  0.97195712819694269  0.98515560436864968  1.00000000000000000
 -0.00267741011419505  0.01006294512561974  0.02000401596557653  0.03131459875303233
  0.04280545881713607  0.05427642707212440  0.06578183734219319  0.07670410585742081
  0.08777610668547660  0.09863302228605347  0.11016096756317877  0.12138547783497526
  0.13091102549094899  0.13975838115138595  0.14864395254134147  0.15786972895871598
  0.16782609176890664  0.17781734543392355  0.18787472878625347  0.19888426740335075
  0.21084486390869531  0.22376953922379772  0.23651998491479856  0.24865274228347933
  0.26088489836484180  0.27301703315052739  0.28414809896073451  0.29531035013684664
  0.30694125675644124  0.31775577006943129  0.32806555468456228  0.33842281066064689
  0.34898779073538655  0.35955221984727531  0.36994813565560097  0.38045151260180626
  0.39101946106071744  0.40158639074716040  0.41205379025655869  0.42233219955701629
  0.43273871854983664  0.44352259642072428  0.45434606551038825  0.46427932204536387
  0.47341382947461474  0.48264373872526689  0.49181648732620664  0.50098502352510366
  0.51027109957942496  0.51975870078472330  0.52984690767072729  0.54047211815134455
  0.55198731808434198  0.56375192034304211  0.57417854387195266  0.58480796139701319
  0.59581242973711479  0.60695402877918614  0.61814013750266350  0.62992084131007919
  0.64257306876724196  0.65511663841145718  0.66719810567513660  0.67785760247676652
  0.68876009952634354  0.69969312460431365  0.71188233868576867  0.72368791013905320
  0.73427933167883974  0.74408082914106399  0.75404781794367437  0.76410148324626159
  0.77411203623111147  0.78416301333899574  0.79408279392344461  0.80438337171741292
  0.81458776726106086  0.82459619242933746  0.83406573959155395  0.84250459892195839
  0.85095868969754374  0.85994718380061808  0.86913540520717147  0.87828716098508741
  0.88759462540431833  0.89698093302757342  0.90717934612467865  0.91718070502561777
  0.92699899468546698  0.93692231282548755  0.94795471064272774  0.95917748883868181
  0.96883622320538021  0.97893904072746873  0.98933649149094127  1.00000000000000000
 -0.00271835627638135  0.00978682626950794  0.02071139170694145  0.03163063897611451
  0.04253585910493924  0.05336989053307867  0.06435188864327056  0.07527232061115505
  0.08588766190699638  0.09638734638618621  0.10722033999829834  0.11842516599594846
  0.12962515404804764  0.14062370282310277  0.15145299468963405  0.16222234679602288
  0.17277764877996876  0.18303772563040568  0.19376792778318899  0.20479894295928280
  0.21568928809172203  0.22651056858946697  0.23731456855382982  0.24823645851774959
  0.25919071771031782  0.26988826803118399  0.28048713992662960  0.29086256982248349
  0.30150074641104585  0.31176186368549175  0.32262077512163689  0.33383249569715151
  0.34416080457269516  0.35511263380300623  0.36608600363853705  0.37689085049990501
  0.38749968357027831  0.39818790813111787  0.40903194669027876  0.42003662099227501
  0.43097060370845697  0.44205840144733799  0.45345819152536049  0.46421471170734524
  0.47452390114791698  0.48465051653969055  0.49473127459213601  0.50340595017234702
  0.51141981366182654  0.52021965353955590  0.52939878994698264  0.53855319555357772
  0.54767353347607672  0.55724643632072135  0.56842522436643639  0.58006341734234979
  0.59036471779676281  0.59974354366789362  0.60906108748772159  0.61845314264484097
  0.62836112729669813  0.63857004618516466  0.64913022655099395  0.66014602885293205
  0.67184073660425048  0.68385666310739435  0.69482499097598516  0.70548965181561163
  0.71686961549720019  0.72804324702570022  0.73822987118337746  0.74787005694961328
  0.75732098442283891  0.76682057524912273  0.77666189974321065  0.78673339195040004
  0.79728051810720024  0.80807555206452697  0.81862696554374415  0.82893898488595541
  0.83910632854984113  0.84966410077964916  0.86038353186444860  0.87105322588386902
  0.88150504016199516  0.89196613472590647  0.90230181660255571  0.91226841409872150
  0.92182657865576112  0.93130163504293983  0.94150743632181177  0.95238884603060980
  0.96362079293610869  0.97511915536642724  0.98731499575160886  1.00000000000000000
   2.2722418340978250E-012  -1.0000000000000000     
 F F F F F F F F F F F F F F F F F F F F F F F F F F F F F F F F F F F F F F F F F F F F F F F F F F F F F F F F F F F F F F F F F F F F F F F F F F F F F F F F F F F F F F F F F F F F F F F F F F F F F F F F F F F F F F F F F F F F F F F F F F F F F F F F
  <DiscreteSampler_grid>
  grouped_processes
  1 # 1 for a reference and 2 for a running grid.
  10 # Attribute 'min_bin_probing_points' of the grid.
  1 # Attribute 'grid_mode' of the grid. 1=='default',2=='initialization'
  0.0000000000000000 # Attribute 'small_contrib_threshold' of the grid.
  0.5000000000000000 # Attribute 'damping_power' of the grid.
 # binID   n_entries weight   weight_sqr   abs_weight
    25   10   9.341933161379431E-006   2.667940483608206E-010   9.341933161379431E-006
    28   10   5.337428339278950E-006   8.527316823660500E-011   5.340060000717153E-006
  </DiscreteSampler_grid>
