 -0.00004102899258737  0.00031069880716735  0.00082686792754987  0.00141266809724709
  0.00207740318021707  0.00278727466542533  0.00350034235685649  0.00418864695112982
  0.00485902965294501  0.00554862337656563  0.00622013189954099  0.00686940039423335
  0.00760000840088666  0.00823963545814039  0.00897646854435171  0.00967864431147887
  0.01038915577277141  0.01110000550884098  0.01182718844077257  0.01282826454247844
  0.01482371643329251  0.01849577372581893  0.02104503665611946  0.02283921417518863
  0.02450791724446923  0.02624662079207724  0.02804752631302460  0.02981395956674900
  0.03157637164653973  0.03334874135861583  0.03513008620836657  0.03698256240985040
  0.03875378327646575  0.04042012342881085  0.04219834251119568  0.04396982389383885
  0.04576029304565583  0.04749651364707649  0.04923588082422688  0.05096828567749050
  0.05278059564938059  0.05459420741661718  0.05638030937154662  0.05816501631804222
  0.05996869511723837  0.06185559269675515  0.06378880489771528  0.06571695496102659
  0.06765684599434944  0.06964143488785013  0.07168934170293102  0.07378191315068254
  0.07593214483784319  0.07796448520557979  0.08002453481924515  0.08205678463687917
  0.08407919061498324  0.08611839839175454  0.08822856775464052  0.09040456763901528
  0.09264759012172670  0.09498370639924830  0.09739429565702978  0.09989485017702886
  0.10254343289660720  0.10519892878355996  0.10789102272314656  0.11052179692537778
  0.11312733229314635  0.11574349347631639  0.11837837316976138  0.12107413470929906
  0.12385355941930912  0.12670809543655331  0.12965231914334593  0.13270259649398305
  0.13586994626534094  0.13939536841388925  0.14314437332521252  0.14714628192165369
  0.15108354423516232  0.15498947902038232  0.15897859885600452  0.16339323273425055
  0.16825271456730720  0.17355467693663429  0.17938972475536397  0.18603696116316490
  0.19377943456020766  0.20323907503510369  0.21588100539688274  0.23297895399972537
  0.25731603859714502  0.29790535256091538  0.39531956005506935  1.00000000000000000
  0.00886526708891527  0.01808350882176599  0.02823060042841133  0.03839111371134453
  0.04916254618564611  0.06084324485736228  0.07082865912115002  0.08052553100716989
  0.09051319840269362  0.10121042145481195  0.11178914413823439  0.12176626019557937
  0.13191484717546800  0.14322591596649142  0.15338415076514031  0.16405998461599322
  0.17470847775570891  0.18526738494913711  0.19521554479031764  0.20548729273165439
  0.21593373313547426  0.22612885951274342  0.23629853979273607  0.24651254802832800
  0.25693838711630862  0.26733356956844356  0.27755828060283944  0.28803662486136078
  0.29863377881715719  0.30894958325754107  0.31971136344797207  0.33038659245282481
  0.34135066725644120  0.35248028590763703  0.36398407870484589  0.37495280637191075
  0.38538792532640226  0.39539920720406779  0.40491898835924567  0.41418210790598470
  0.42371979907605484  0.43361353634297828  0.44354818088591530  0.45332220149225083
  0.46300435596446421  0.47302797562129772  0.48342134002898252  0.49412208539552238
  0.50454337398530169  0.51461877284657853  0.52473177901409018  0.53526943006591066
  0.54610435785804956  0.55709065939502267  0.56841979219047156  0.57996225013412961
  0.59150624484718584  0.60315382934942607  0.61467601310846687  0.62569823399314561
  0.63534311571238722  0.64446820040755526  0.65421060338402037  0.66511196502254533
  0.67621960769311040  0.68684168233480203  0.69761296111893079  0.70830125297648572
  0.71860167406478226  0.72842245868849254  0.73829490663222741  0.74822659488936660
  0.75854369888272610  0.76944180332685097  0.78030567779936510  0.79077464713576573
  0.80114685448107170  0.81142246958890574  0.82183732749754512  0.83254140267870302
  0.84366565490605483  0.85473190889815764  0.86544621179541792  0.87617053583962390
  0.88713724591404342  0.89821629639152978  0.90904424365777381  0.91997297685434942
  0.93059194413113955  0.94147376410771200  0.95250641958762161  0.96290827422879111
  0.97325725501334781  0.98309023979234478  0.99101003322368109  1.00000000000000000
 -0.00002529729370176  0.00013843509704803  0.00029185321627740  0.00045612126343621
  0.00063353713825931  0.00081663116412994  0.00100743512699578  0.00120801916728071
  0.00140351099190584  0.00159361650694673  0.00179684179506020  0.00201551717658043
  0.00224376546044749  0.00247924900434380  0.00271514436430520  0.00294768277153097
  0.00317272067581253  0.00339451431756263  0.00361727290236007  0.00383875807179142
  0.00406360937438726  0.00429554652540278  0.00454292966186585  0.00480776025637689
  0.00508257764417372  0.00533844014331776  0.00557721790000789  0.00580810399292155
  0.00604932264154538  0.00630222375593009  0.00655802547345693  0.00680690861330291
  0.00704320739670373  0.00728139408827615  0.00753199916999082  0.00778960013052773
  0.00804638467457365  0.00832623792900638  0.00861155401537184  0.00887645343520614
  0.00911848005262649  0.00936669139508368  0.00962807480403653  0.00989072106814691
  0.01015407447417153  0.01041528160189125  0.01067620486859676  0.01094831176869162
  0.01123360217506168  0.01152212660703130  0.01180068116975357  0.01206938624824664
  0.01234282815134315  0.01263542554447707  0.01293005175878755  0.01321386466786645
  0.01348788339653433  0.01376688301439726  0.01406694007953322  0.01438348510466947
  0.01470775740897778  0.01503968615757845  0.01537578850283003  0.01570530199575260
  0.01602616321196380  0.01634144513419322  0.01665313062566298  0.01696810442651681
  0.01729131295336406  0.01762009656414446  0.01793989277629835  0.01824694582688059
  0.01855225622113624  0.01887037726731105  0.01919967818559448  0.01952272855716282
  0.01983922933658768  0.02014744251123503  0.02047227671704582  0.02079615224370258
  0.02113292430161608  0.02146285323317847  0.02179027883346127  0.02210564498812391
  0.02242904580337814  0.02275719589933356  0.02308088148268404  0.02341348599801659
  0.02376773853023348  0.02413950738166065  0.02452335787142448  0.02491450345149705
  0.02530222012913045  0.02567335568975051  0.02597045269301620  1.00000000000000000
 -0.00320444934648870  0.01232349389951173  0.02431599969842369  0.03616274543709503
  0.04783196686148088  0.06058550112816753  0.07324499825051371  0.08652016455696732
  0.09955807702190549  0.11185037298000355  0.12327796282160507  0.13530273196191042
  0.14682769188270323  0.15743544170441817  0.16817027521611772  0.18044866509287710
  0.19193468100650807  0.20351293503329770  0.21458622204530467  0.22616381368813343
  0.23704960840082867  0.24753681799194296  0.25758791443634244  0.26774737850205083
  0.27825346490242042  0.28844963610921909  0.29927954636333076  0.31059292034086511
  0.32174226213162033  0.33241197156446683  0.34273139585525469  0.35299548716786755
  0.36344121097385679  0.37379854633710502  0.38428401927677064  0.39504015256143954
  0.40626587402711656  0.41765000187712181  0.42881099348818685  0.43975866947902725
  0.45042310028089660  0.46124317796191738  0.47222096284098991  0.48303659722247477
  0.49343393346619091  0.50377152102497780  0.51451756993223208  0.52459346375212679
  0.53419864531735406  0.54359820516666824  0.55351755204751263  0.56335138843823040
  0.57345656902410236  0.58345009812898529  0.59308068541254799  0.60200643648312013
  0.61070412570298083  0.61933627112782796  0.62818346553710014  0.63743675771053088
  0.64696805681895619  0.65668304025730118  0.66664745224259492  0.67681722881012274
  0.68692447754175734  0.69670120159501803  0.70634915346533900  0.71620819888550780
  0.72673148292737555  0.73745242012584933  0.74805959088957974  0.75870057063894103
  0.76931117499236590  0.77990475323650232  0.79047267406219224  0.80089770553713147
  0.81109464247165286  0.82098154767801856  0.83049870211083421  0.83979186466888633
  0.84926941162956837  0.85924137774381881  0.86946914040663259  0.87941733568802583
  0.88932550883136574  0.89911499530274219  0.90926357846096095  0.91936134552125925
  0.92968906168478960  0.93944074268343780  0.94968261848970414  0.95977875909355070
  0.96981083511346033  0.97999497270774194  0.98964237559577495  1.00000000000000000
 -0.00220034285959614  0.00920540850418194  0.01854064139309727  0.02884088661399026
  0.03933192681078277  0.04950590345529698  0.05919112379159844  0.06832551552441024
  0.07750495228334767  0.08728339180364376  0.09781377845582928  0.10842406707523489
  0.11881079714158900  0.12925910134832358  0.14024104330453069  0.15166191898591727
  0.16329537615124284  0.17506806752669715  0.18684441769333193  0.19862280731308882
  0.20991140381349821  0.22110254139709801  0.23229304252907784  0.24308589682863524
  0.25317241806837626  0.26302562532657964  0.27326837015669891  0.28414468566989920
  0.29524147815924173  0.30620875132850778  0.31699794059492931  0.32780034408287845
  0.33811693324893571  0.34789018238213204  0.35751944759712184  0.36727993344522142
  0.37743871192167594  0.38806274321560619  0.39884447060170708  0.40959505210117664
  0.42054820450935915  0.43143285711874413  0.44179395834532337  0.45175770430091089
  0.46152999048619653  0.47135946100071846  0.48168678375893464  0.49289434253898512
  0.50407358168902172  0.51438704145598246  0.52463570499022827  0.53585355426889292
  0.54775951946838097  0.55997270845470126  0.57164412285433230  0.58181336868401667
  0.59178014802457790  0.60153032300100884  0.61196070975852734  0.62216956438320070
  0.63217866410916823  0.64238529983548165  0.65299218124052016  0.66390349387568348
  0.67437129895302883  0.68422530100521506  0.69424785638061048  0.70449977379584938
  0.71507049510691723  0.72545243287978334  0.73597346983388312  0.74651793868141025
  0.75661216687746391  0.76646912525988087  0.77661072276861687  0.78624503909003307
  0.79565868690858499  0.80517794814518406  0.81511569616537649  0.82518954468546790
  0.83511024200594530  0.84539680054965460  0.85653792076343260  0.86810921021758158
  0.87928353549257487  0.88995470232491913  0.90091077488679938  0.91233864626183669
  0.92359534223820472  0.93412148265827133  0.94463931672361556  0.95505359544249591
  0.96578169073650288  0.97660418939187599  0.98789626641493622  1.00000000000000000
 -0.00227255448743943  0.00878110050678845  0.01983820610101426  0.03084425519738019
  0.04233286195719566  0.05394357982774346  0.06513400944244828  0.07591733302277642
  0.08634791489614847  0.09709968450856472  0.10801075590056212  0.11842706306410636
  0.12825927041020824  0.13828445964159719  0.14841226942985816  0.15895859513866703
  0.16953058067781954  0.18040214774694774  0.19115323239678256  0.20187682013297595
  0.21257470556912270  0.22268592213207974  0.23239692178349797  0.24141491651914437
  0.25014413045803346  0.25888528077219070  0.26847584174773947  0.27854116047759353
  0.28815440255300095  0.29746143245673601  0.30698648732816031  0.31709236577646749
  0.32743836834188011  0.33844077821156249  0.35009155492102456  0.36152092166111377
  0.37237128338458270  0.38321604450196639  0.39407217782719745  0.40502879283085258
  0.41570225615403450  0.42632350414107123  0.43706911855335101  0.44800393569219010
  0.45875915401417433  0.46911835030349819  0.47912245517135149  0.48955279856316108
  0.50007056160021846  0.51033789586327272  0.52087878982245306  0.53194895237024442
  0.54310945183727444  0.55379980436593823  0.56422578104883825  0.57480101744724255
  0.58560567172273326  0.59662282839958225  0.60762324077603580  0.61873235730536513
  0.62993780308959779  0.64107647926044120  0.65161336062160768  0.66185861632598597
  0.67221818507722209  0.68238157365223229  0.69205046648714741  0.70168442572436640
  0.71215756437185607  0.72341608680890757  0.73306463633859364  0.74281179244890227
  0.75308156089876499  0.76344066609920103  0.77355311212090638  0.78344686493118565
  0.79346470509153566  0.80373967003235802  0.81490843042309324  0.82577682910166961
  0.83623810952145494  0.84667810591760329  0.85697794510080527  0.86760171955406529
  0.87836950382699164  0.88934356650114277  0.90046579459114306  0.91188790743179837
  0.92328237318617534  0.93451859477263821  0.94580047067205442  0.95653020218898810
  0.96675904713259875  0.97715170353578806  0.98822236097043092  1.00000000000000000
 -0.00248937194534960  0.01021285423344544  0.02031953010126099  0.03044903374697430
  0.04051956764560853  0.05073663247207493  0.06060847100314735  0.07026769534554041
  0.08062080341943688  0.09178487595949872  0.10313962485097461  0.11365810538447563
  0.12341158889654263  0.13333007112798739  0.14390410196688738  0.15549411367835295
  0.16730473640995755  0.17865075654757284  0.18926617306989196  0.19966509370676302
  0.20999357429605273  0.22034830133231703  0.23106822901580942  0.24191473484341963
  0.25254774044991435  0.26294889116317421  0.27352139516544932  0.28444385340677575
  0.29583878060974206  0.30677922217629133  0.31667918962926617  0.32620294952136336
  0.33649985491172241  0.34701466965119460  0.35788124706971131  0.36889555642750010
  0.37996115614630815  0.39079477097157106  0.40172580588283346  0.41269674655832866
  0.42366131406632951  0.43414580926931118  0.44407929110689159  0.45384624066016510
  0.46398391759304541  0.47406282382443060  0.48418276239536173  0.49455313539637569
  0.50495760959889668  0.51650494413373860  0.52737590184697536  0.53873851633696179
  0.54984432262796845  0.56163099197316713  0.57292683443054682  0.58353427554989024
  0.59366625569984077  0.60349825081955555  0.61342996455295473  0.62346661314781859
  0.63351229694717881  0.64300183512391418  0.65185993882032600  0.66063573557228150
  0.67025306312565658  0.68070634035869193  0.69092480001862289  0.70046070422277484
  0.71021114909767447  0.72028931828960585  0.73076740168627130  0.74114886500564736
  0.75149741822832627  0.76105488291879542  0.77042086332941617  0.78003156853689859
  0.79009329260192784  0.80040511415762339  0.81070637675533408  0.82105120995223946
  0.83173358487513682  0.84245193428583587  0.85299748255721974  0.86343362426473491
  0.87402379703257616  0.88509578207464779  0.89666790006536556  0.90844324973298907
  0.92007001303401259  0.93127183679574865  0.94232505291733326  0.95326365654896639
  0.96449803313568760  0.97599467126295059  0.98705685063999060  1.00000000000000000
 -0.00317307316586121  0.01152644855583466  0.02151420771016969  0.03212383158229787
  0.04276674802789832  0.05352027459215619  0.06488931699105126  0.07622550641579016
  0.08685904418127828  0.09715591382474571  0.10761156774345225  0.11802657584067799
  0.12813466668088988  0.13825920530023458  0.14877080608036969  0.15984960164376408
  0.17102455274518041  0.18180654302284663  0.19196335459991160  0.20146727499562772
  0.21091005691009609  0.22074130115163576  0.23083418179423956  0.24113003500575811
  0.25196975788888071  0.26349901513869950  0.27509495191911143  0.28624590596618338
  0.29712252319750332  0.30805634925051639  0.31928837337255311  0.33025930107326279
  0.34039979928017144  0.35001486886595418  0.35969654042703253  0.36970703204021627
  0.37967143709707396  0.38915515587177540  0.39872264903484089  0.40894070362711821
  0.41961757708574482  0.43030560090138070  0.44097175493250201  0.45180860826021957
  0.46303596893816990  0.47472618573815534  0.48659488992791078  0.49825884119109198
  0.50961595323637476  0.52078377756368455  0.53182581198765233  0.54263042649189885
  0.55324113461538793  0.56399946212244367  0.57464961246101198  0.58506018669045912
  0.59538673019719657  0.60622528795131769  0.61783587443028887  0.62957289400147209
  0.64066926364275778  0.65117142525810068  0.66146362523668156  0.67156017323367312
  0.68170356777276897  0.69219423867900975  0.70291928120633507  0.71385985926052886
  0.72470851131893510  0.73531119102969211  0.74592338175357109  0.75652134311270125
  0.76726722933516434  0.77802109465741975  0.78869185822595100  0.79956678852437491
  0.81079811799649104  0.82243232771598374  0.83406360143490066  0.84539317920242552
  0.85621260719835102  0.86648446696490022  0.87628261584714362  0.88579905205936826
  0.89495599399528791  0.90410358453736650  0.91345394859440598  0.92278058728645751
  0.93241562122232691  0.94256207327999708  0.95274131504994308  0.96230433187112208
  0.97158186709468564  0.98071325558163180  0.98993922771157294  1.00000000000000000
   1.5068368658159432E-019  -1.0000000000000000     
 F F F F F F F F F F F F F F F F F F F F F F F F F F F F F F F F F F F F F F F F F F F F F F F F F F F F F F F F F F F F F F F F F F F F F F F F F F F F F F F F F F F F F F F F F F F F F F F F F F F F F F F F F F F F F F F F F F F F F F F F F F F F F F F F
  <DiscreteSampler_grid>
  grouped_processes
  1 # 1 for a reference and 2 for a running grid.
  10 # Attribute 'min_bin_probing_points' of the grid.
  1 # Attribute 'grid_mode' of the grid. 1=='default',2=='initialization'
  0.0000000000000000 # Attribute 'small_contrib_threshold' of the grid.
  0.5000000000000000 # Attribute 'damping_power' of the grid.
 # binID   n_entries weight   weight_sqr   abs_weight
    19   10   2.930264945919707E-012   4.444426570025481E-023   2.930264945919707E-012
    22   10   4.668198480477377E-013   8.343427348893681E-025   4.668198480477377E-013
  </DiscreteSampler_grid>
