 -0.00000000452097457  0.00000334754137524  0.00002487802288180  0.00006950175497170
  0.00014095938806175  0.00023800655305339  0.00035115028556823  0.00047526517365037
  0.00061809739790059  0.00077768430022755  0.00095131500589156  0.00113225294862953
  0.00134660121714499  0.00156597565536890  0.00180106366474322  0.00203796348201295
  0.00229581988492372  0.00256321870524716  0.00283430199412662  0.00310672007221589
  0.00337373527694208  0.00364721961333412  0.00395017233654369  0.00425949309385931
  0.00455702908084824  0.00486378408318111  0.00517365384706026  0.00547511728491216
  0.00576565180734424  0.00604608312184476  0.00632898657435724  0.00663319084438970
  0.00697306225907174  0.00732011848901759  0.00767430265460979  0.00801574303255072
  0.00834299702267222  0.00866166444773216  0.00897456547312575  0.00928240562133328
  0.00959060657282780  0.00991430525029014  0.01024976984683305  0.01058649704474778
  0.01092058869123291  0.01126654182693296  0.01162622682325096  0.01198220460303332
  0.01233717007016209  0.01268994993905765  0.01304106588846899  0.01339548183629862
  0.01375659210372399  0.01410881709592985  0.01446659824791844  0.01485493268075640
  0.01528073024258912  0.01573354573183179  0.01618716658751261  0.01663220119745937
  0.01708466051769597  0.01755249836602647  0.01803490926031291  0.01852462122340851
  0.01902985573443091  0.01952369994006184  0.02012013481769359  0.02076182272811643
  0.02138169047689277  0.02196502917368594  0.02257099392767835  0.02318576921248563
  0.02380585832219564  0.02442802140231255  0.02505379454060059  0.02582467086661932
  0.02660197510373266  0.02747332269945008  0.02839104717343794  0.02931185928152149
  0.03029706312119955  0.03133696552811629  0.03242412382240249  0.03354452929926716
  0.03471236472216417  0.03601287126237992  0.03750870914004870  0.03909456746999820
  0.04079752115230851  0.04281483526399480  0.04516849523597604  0.04851746877774564
  0.05333424291791396  0.06315777934234897  0.11662979994929516  1.00000000000000000
  0.00950275366574489  0.01619340076115059  0.02457870678543695  0.03340546240167829
  0.04239405953326925  0.05135133988860800  0.06008444241650916  0.06865234410846123
  0.07678014179910356  0.08560115191036551  0.09565949678263697  0.10693151320494980
  0.11772047866955967  0.12874128755380507  0.14016097216982859  0.15177874030614097
  0.16353021487910901  0.17556334917994187  0.18806243623734992  0.20119276568000566
  0.21378891919608309  0.22445422391634606  0.23406529434059017  0.24303753083732699
  0.25265828016359332  0.26191064382874085  0.27089488625838321  0.27992134477633762
  0.28909337762007631  0.29925384398989552  0.30992831140758992  0.32099231157987712
  0.33206247875815059  0.34368257125247698  0.35548656756262592  0.36757334731370961
  0.37893594591149121  0.38920057236958827  0.39893626133728638  0.40854603567252806
  0.41809359632519139  0.42753115776941092  0.43745329577005360  0.44706835465448624
  0.45623784018244601  0.46524230651837256  0.47449458787889981  0.48519494500668436
  0.49750510763258171  0.51047462154771428  0.52288043949750140  0.53558718200828526
  0.54687658041624931  0.55763307108649562  0.56845619007604931  0.57879424131015433
  0.58890968407530586  0.59930932806162929  0.61039117150473043  0.62299481009047919
  0.63596170692209342  0.64813036078280295  0.65828322021791408  0.66806311527131401
  0.67799059336680756  0.68759135409321548  0.69730136341187843  0.70681421770658093
  0.71753381666132132  0.72942979533187358  0.74026172888785957  0.75048550487256993
  0.75968202659666739  0.76917727007354064  0.77911236616640722  0.78848244481442487
  0.79777333700752162  0.80743976345626745  0.81797907092489130  0.83000833313790168
  0.84127439613774335  0.85216570643676781  0.86404840158971474  0.87585528685772929
  0.88778252153894754  0.89969856178646768  0.91154186429296613  0.92329752870638626
  0.93472534007587249  0.94562729199770590  0.95585677968117788  0.96558547119919513
  0.97521874785388374  0.98453085601513712  0.99055050900885411  1.00000000000000000
 -0.00002135005497391  0.00025859841489563  0.00075337089228216  0.00152482564712960
  0.00249054606117528  0.00378050825550938  0.00545558440403894  0.00732056114638348
  0.00954662725068917  0.01173427380768455  0.01425938006600369  0.01703597645689528
  0.02007652448672727  0.02324256453473279  0.02658048704650013  0.03007265986518727
  0.03345734321287916  0.03685470553509517  0.04038768685639308  0.04430538237379415
  0.04864445320678790  0.05350318851240192  0.05875504724342066  0.06389400526155418
  0.06883541349819139  0.07395552659547433  0.07924109483758160  0.08506035492957596
  0.09153813443825848  0.09805985531182340  0.10439471942395293  0.11073258609398449
  0.11716421889838882  0.12357377866586830  0.12985633462208346  0.13685945751741438
  0.14397131249899975  0.15139168724243915  0.15912329063737130  0.16745624695304315
  0.17580263289957243  0.18414949514193138  0.19261092761990317  0.20113225729199746
  0.20961927509420311  0.21864392487960865  0.22768062128440500  0.23682341002393548
  0.24609027968817385  0.25538993329878229  0.26468084325995228  0.27423424654397194
  0.28401677623576671  0.29394113550130530  0.30416606542017338  0.31404202764945477
  0.32366631197470314  0.33331956036536547  0.34311198092738193  0.35329530829114481
  0.36390685341756690  0.37484484722806194  0.38623017737027487  0.39796722745840163
  0.40967691587320831  0.42124633242094334  0.43365339105889888  0.44719459742377710
  0.46083889492889768  0.47449334371192220  0.48896099137397886  0.50472420320414368
  0.52048721231029782  0.53646963012903193  0.55159261166828488  0.56671821194643257
  0.58198077035947282  0.59740656798712821  0.61319946779541457  0.62957199353738869
  0.64585578352949014  0.66155401657917912  0.67705183690807846  0.69295393945508166
  0.70931154444396960  0.72568188622424479  0.74269107900377662  0.76197710322331724
  0.78059853175916105  0.79978526249369142  0.81914327396846254  0.83957376425349550
  0.86045896524159105  0.88021603199261922  0.89606457262032047  1.00000000000000000
 -0.00203055336841376  0.00854793662317005  0.01736080038987349  0.02701871183652777
  0.03703500961502276  0.04694801644475388  0.05702881811888722  0.06775179198124073
  0.07925142367639479  0.09070211589245890  0.10197014169899145  0.11262283303526086
  0.12274001057113808  0.13255821272221574  0.14235993527660698  0.15262221797935346
  0.16271730863632566  0.17232184572121012  0.18200153824961771  0.19195208402383504
  0.20237553748234688  0.21330938725357948  0.22489230286819312  0.23601944237675218
  0.24651124103335817  0.25657417257831511  0.26593072073580898  0.27505381182688010
  0.28418075034129470  0.29364252699212262  0.30376254822782534  0.31432557523727639
  0.32513283984635094  0.33613882816704377  0.34695269810728602  0.35834694272057360
  0.37051001183747923  0.38222046596845494  0.39391293910772507  0.40531891023326821
  0.41623191096343987  0.42683080334084278  0.43757896747486535  0.44887547853203114
  0.46005316963168286  0.47120810024065535  0.48194922916282690  0.49171982370827544
  0.50150899298378793  0.51006047840039814  0.51870783636849127  0.52777926246433016
  0.53669546958200676  0.54534794397868236  0.55371381645975548  0.56272978982520228
  0.57361474212581365  0.58487259797280688  0.59574610024313623  0.60688131719954230
  0.61842009764009620  0.62984526083060999  0.64145120370013209  0.65349406380796815
  0.66554265848023697  0.67704437525637651  0.68775786067115785  0.69825212670063208
  0.70907515119201803  0.71986793812787009  0.73018162140600440  0.73974628861524205
  0.74941561157479097  0.76012925048568436  0.77146639978744180  0.78248864066540669
  0.79276410765795746  0.80287561243000627  0.81308377170152701  0.82410313365022780
  0.83531799406131746  0.84614028475183389  0.85688543256521976  0.86786360499691628
  0.87884754519671282  0.88988850219848881  0.90144760148581848  0.91387922346817074
  0.92686579768575217  0.93969831831338213  0.94967768714435352  0.96007216934618977
  0.97006938625369965  0.98013806987787211  0.98974740778733827  1.00000000000000000
 -0.00370109574716608  0.01396313443727173  0.02583883837974487  0.03706574829363277
  0.04680867299504082  0.05648054866002537  0.06568227416396352  0.07493965400750441
  0.08465906032879439  0.09617276160696925  0.10715614079067452  0.11752011952736131
  0.12731210552128491  0.13697507137919554  0.14673472959642828  0.15702193048491023
  0.16797444876888989  0.17956394171810300  0.19061027924207563  0.20024904562136750
  0.20940329615936232  0.21860360318176289  0.22836001808098849  0.23900300355711460
  0.25016007905197513  0.26170232163114204  0.27345409798373438  0.28490238221362019
  0.29591377814291253  0.30668607860748776  0.31764297383926576  0.32874015538728518
  0.33932013365973585  0.34942763428898771  0.35963166534564223  0.36997078682986295
  0.37999658146413140  0.38963187308926261  0.39937425972793889  0.40977648321527177
  0.42046873329321138  0.43120600593746222  0.44213055785747490  0.45289246953337309
  0.46345910243106658  0.47378755830212105  0.48369243327495809  0.49339656948069233
  0.50314029490645251  0.51304454567128999  0.52309486827644680  0.53303614354598106
  0.54360554015027351  0.55422952267233294  0.56501274815981650  0.57586751774162814
  0.58631083962736352  0.59632435186963895  0.60604997633542268  0.61521702971976622
  0.62458611495684579  0.63431810716171799  0.64445477676275253  0.65462925235571501
  0.66402263062322808  0.67363738964050435  0.68374905603430347  0.69391216881992002
  0.70384569292746035  0.71440891364035330  0.72599864136634473  0.73779058037426881
  0.75023273048589134  0.76330470325235722  0.77593108318917514  0.78841969121714495
  0.79979944377947509  0.81148227711274201  0.82208150454041429  0.83234635198441520
  0.84247828995947482  0.85269335277134795  0.86296962312861181  0.87348170224466348
  0.88332508517106423  0.89356153656470216  0.90339606812913731  0.91290984299940692
  0.92195227735341079  0.93116634366003337  0.94090595047501480  0.95101658955796853
  0.96140920577183797  0.97316367609138155  0.98618652924213346  1.00000000000000000
 -0.00182329270790436  0.00789454395743796  0.01650738267468793  0.02581386519378644
  0.03559931920643519  0.04530402720965916  0.05455288870053205  0.06397802574751388
  0.07392914508838731  0.08389056223176060  0.09319171070615502  0.10259711313505217
  0.11201937917600453  0.12139863523235132  0.13023401570766860  0.13863972136672803
  0.14720837512696486  0.15605805505113080  0.16515337951286357  0.17528368000585529
  0.18617256731462412  0.19792032125847939  0.20939270316910191  0.22129182545095366
  0.23147453041601354  0.24068771637417696  0.25009821176915331  0.25921553471671605
  0.26812538995994084  0.27744559003153524  0.28667468832446208  0.29669264471185502
  0.30710950914876434  0.31841656221049164  0.33040519303180477  0.34349913906832052
  0.35663367622694386  0.36937396574768844  0.38163822252550095  0.39330707257581005
  0.40424704102351072  0.41455995828080933  0.42419141103206454  0.43369540137956664
  0.44301358923990763  0.45240691645360531  0.46240701601206663  0.47275412533060623
  0.48280903988041463  0.49282092921606069  0.50284572233889990  0.51315096792695014
  0.52256010890714610  0.53145909467334240  0.54058947472763974  0.55040318592732840
  0.56013291251590147  0.57034469911254615  0.58060564170247586  0.59127218601481368
  0.60188327967374566  0.61311644344835581  0.62488913268071744  0.63749189184817545
  0.64944502479114563  0.66002380009314954  0.67047877023742097  0.68052555326906072
  0.69147710048266020  0.70170293656216898  0.71185565259258554  0.72212430371422098
  0.73298605760561419  0.74483268640933042  0.75745332505925034  0.77009300212423992
  0.78261731309365201  0.79520418668680959  0.80754957588800758  0.81909131290358106
  0.83002223709309653  0.84108443350442008  0.85285819016823350  0.86452722100916823
  0.87709419725471383  0.89118024282755925  0.90542608722072715  0.91856213699149558
  0.93032818033062514  0.94120129307773481  0.95135288537078933  0.96084286480975734
  0.96996588463858291  0.97942514989124208  0.98953039906651030  1.00000000000000000
 -0.00273377214816340  0.01060662366479771  0.02240502473611136  0.03506421526456420
  0.04706500743282133  0.05861363504527201  0.06914675751218165  0.07932009879998271
  0.08944049412698829  0.09919074967295549  0.10953007245610713  0.12013960252725704
  0.13054468715188253  0.14165656700298640  0.15041844159876577  0.15861140141109259
  0.16684683254176677  0.17526581729027085  0.18404517458103073  0.19274937693261943
  0.20146789990766212  0.21065044696037957  0.22004018826050264  0.22942588231542999
  0.23825780972135222  0.24689011136016437  0.25600252250523226  0.26559144269611701
  0.27535020652571912  0.28532029941798570  0.29571373525758582  0.30607826312888581
  0.31622450291119941  0.32587759599323363  0.33615426008962745  0.34741313762584797
  0.35894000894341010  0.37039573025833761  0.38196298971581111  0.39379494922560987
  0.40515063875338048  0.41674405395485958  0.43014532878195372  0.44513482141147354
  0.46041530825333360  0.47376267867643596  0.48712918826805374  0.49938403952807775
  0.51085919595464868  0.52157112974570308  0.53179408168200604  0.54172700536072993
  0.55146239967421962  0.56141805867195171  0.57156705256942730  0.58170008469553924
  0.59229235320120532  0.60355629477090311  0.61541667720192050  0.62691458259186861
  0.63758729001415504  0.64786042665206478  0.65771282072733517  0.66749281435561048
  0.67663124987468193  0.68564825333475043  0.69461193789568321  0.70394789398107671
  0.71305854545485392  0.72300205529315198  0.73293169790475998  0.74270489876299661
  0.75235748968128346  0.76137710983529372  0.77069062897053953  0.78010548451963790
  0.79005465554980780  0.80091392026358033  0.81219279168197456  0.82352865964266309
  0.83474361860721924  0.84538106401309643  0.85636323470239939  0.86724597517894786
  0.87916671999460061  0.89091609640796099  0.90267944545524148  0.91420923215980998
  0.92564623455959738  0.93717280676831094  0.94873272850869417  0.96012802482024728
  0.97082045818101004  0.98134264992142750  0.99092776761491774  1.00000000000000000
 -0.00298637698797285  0.01043764353610326  0.02224312241229435  0.03345504247093536
  0.04469403185748869  0.05567693654256884  0.06685693304514227  0.07806700977030812
  0.08876546536546655  0.09921380454778470  0.10947902667047485  0.11941948098358622
  0.12923524986427645  0.13930784542869729  0.15041364635807233  0.16240134282095001
  0.17306657743673676  0.18234300854403779  0.19151593383390639  0.20103132869804241
  0.21124786632816747  0.22137473822710060  0.23226057914000975  0.24455813328935860
  0.25522702814868103  0.26446129638290750  0.27381529399603721  0.28306727876313403
  0.29231439646651114  0.30135661858014201  0.31050105957791796  0.32081387444872905
  0.33169696205604604  0.34137481476966114  0.35018661331297923  0.35875691561222983
  0.36747004844758019  0.37600392755120288  0.38445930545300278  0.39322743460712162
  0.40359460229769506  0.41517281482352042  0.42658248096455692  0.43813423695290998
  0.44983552025027174  0.46151742591543660  0.47287888487913637  0.48362250692537534
  0.49383377653940680  0.50456515873574792  0.51628874684695070  0.52734418802075755
  0.53822896812737686  0.54966625066437236  0.56185379315416661  0.57442720098762634
  0.58685987246905191  0.59911631102723872  0.61143827709574783  0.62321116419835765
  0.63413470038493536  0.64425929227644774  0.65357350262483160  0.66323251132124472
  0.67297292143924758  0.68271077025721671  0.69222924461868274  0.70193075226331525
  0.71166368993771734  0.72192313954693332  0.73271479612760027  0.74338365896094416
  0.75425658049380973  0.76541185359285291  0.77713021339875898  0.78872194507559712
  0.79945726611574686  0.81027555875445956  0.82109355177105969  0.83183191996387684
  0.84215492064027075  0.85227774261101397  0.86254902134600053  0.87290382823891466
  0.88279764757027435  0.89239179951258951  0.90189483693192507  0.91141542582364909
  0.92148590973350786  0.93159626450204547  0.94188428057108531  0.95254587483294162
  0.96387884515631106  0.97592857415269985  0.98789440493048752  1.00000000000000000
   2.8861972125918326E-014  -1.0000000000000000     
 F F F F F F F F F F F F F F F F F F F F F F F F F F F F F F F F F F F F F F F F F F F F F F F F F F F F F F F F F F F F F F F F F F F F F F F F F F F F F F F F F F F F F F F F F F F F F F F F F F F F F F F F F F F F F F F F F F F F F F F F F F F F F F F F
  <DiscreteSampler_grid>
  grouped_processes
  1 # 1 for a reference and 2 for a running grid.
  10 # Attribute 'min_bin_probing_points' of the grid.
  1 # Attribute 'grid_mode' of the grid. 1=='default',2=='initialization'
  0.0000000000000000 # Attribute 'small_contrib_threshold' of the grid.
  0.5000000000000000 # Attribute 'damping_power' of the grid.
 # binID   n_entries weight   weight_sqr   abs_weight
    25   10   1.950046923911992E-009   6.389772640515569E-018   1.950046923911992E-009
    43   10   3.153454649196355E-009   2.372491170975961E-017   3.153454649196355E-009
  </DiscreteSampler_grid>
