 -0.00000000439109101  0.00000312780479626  0.00002494093399359  0.00006996400086452
  0.00014107583619121  0.00024287653386732  0.00036855815221468  0.00050251693912272
  0.00065492268316238  0.00082973901452733  0.00102583833942087  0.00123525368541473
  0.00146653365342559  0.00170942106477395  0.00194065097610188  0.00215159395294011
  0.00236257828095424  0.00257643536439513  0.00279810897323867  0.00303275178293785
  0.00327267802869249  0.00352875579577494  0.00378746483404171  0.00404004238544158
  0.00428507233561217  0.00451903661630331  0.00476817066324804  0.00505270125685745
  0.00533889111049341  0.00557980838050549  0.00579864250137600  0.00602208430402485
  0.00624998931537827  0.00649024535769522  0.00682770706925156  0.00719409675846621
  0.00755547005773865  0.00788131828095263  0.00818913130684227  0.00847839343133368
  0.00877091590278307  0.00910072266157424  0.00945761682592308  0.00982985846314016
  0.01020590898176167  0.01056296512596997  0.01090077835158693  0.01124249320678308
  0.01162083468090062  0.01200035554380427  0.01237290643729607  0.01275057313438593
  0.01314695584082375  0.01354237598046584  0.01396911004694287  0.01439331482440923
  0.01482012875386009  0.01525725078824854  0.01572583332682883  0.01624307023812219
  0.01676612318751567  0.01728734396386050  0.01780934235752455  0.01834246143639263
  0.01890022791639527  0.01945161166700182  0.01998004081622437  0.02056030549624194
  0.02109798692344273  0.02161312862335906  0.02211723684643994  0.02264683868047092
  0.02322857538672787  0.02389443847071749  0.02453090502700274  0.02518811455478168
  0.02594810984949344  0.02673698959404712  0.02755749084789819  0.02843141954161777
  0.02936564203978766  0.03034719307011789  0.03132906442396551  0.03230972292015463
  0.03333539781063716  0.03464504738815022  0.03618978115161268  0.03785424642167931
  0.03963375623573843  0.04151661633404817  0.04355907289212380  0.04683058617498762
  0.05195144056282151  0.06406290198604724  0.11561446736483343  1.00000000000000000
  0.01022636060567110  0.01272873777280887  0.02037685341270552  0.02985528793183450
  0.04077934108669392  0.05287954708947828  0.06635716879412637  0.08121304053264146
  0.09696448820360021  0.10981313008771956  0.12024770918592376  0.13025691753608110
  0.14138883974336741  0.15372132436827662  0.16583567740496050  0.17775137174057512
  0.18972747063352691  0.20227267540008989  0.21447785720492857  0.22592527054442840
  0.23707398841891938  0.24777481760516953  0.25693924603663787  0.26540666007149966
  0.27404952953313011  0.28261755429692181  0.29150289732654744  0.30006455896285666
  0.30875275297310301  0.31877348241707026  0.33034464114199358  0.34413741978556345
  0.35819258966866535  0.37163231014918735  0.38439573802882587  0.39686326647449882
  0.40850842927276598  0.42084774151322119  0.43476803927213514  0.45041887819533116
  0.46596545574673998  0.47954530805964912  0.49165227458590288  0.50383788393108109
  0.51552724259214200  0.52802673357697427  0.53864731174048619  0.54895156104560894
  0.55814640439521479  0.56676442595159460  0.57880509444847716  0.58872372028476294
  0.59816821328854508  0.60663147276945861  0.61537249402104977  0.62580200990918777
  0.63504993836335877  0.64366441376539940  0.65305746600325232  0.66303562157035634
  0.67327292649476589  0.68274047737929211  0.69198066500830990  0.70025259368891823
  0.70764154596660400  0.71472484173297679  0.72220989432486571  0.72939989796908333
  0.73714230314440332  0.74448919007090497  0.75205060449779415  0.75917239980091056
  0.76786380825934630  0.77759572318216819  0.78635684937597083  0.79570412357550169
  0.80460974494013016  0.81325822877774290  0.82267726628860971  0.83281595829351884
  0.84278936340749389  0.85463197660755552  0.86532489092966436  0.87559260979988840
  0.88522008360553872  0.89496622439182505  0.90558704142317759  0.91744644348140469
  0.93063505079655318  0.94403087285834841  0.95640268556898966  0.96632360261532169
  0.97571282481080368  0.98458745763731770  0.99049816038981864  1.00000000000000000
 -0.00196084266190122  0.00567095596203251  0.01430535770922017  0.02328128668523678
  0.03239230243930385  0.04246052029841447  0.05144703058256959  0.06142050483370722
  0.07035842006499000  0.07922233425826763  0.08820611269550604  0.09665557652679559
  0.10515362167428741  0.11281049047585331  0.12123784449692378  0.13278645598394054
  0.14534029559712072  0.15485579374331940  0.16224726915975685  0.17008348431850587
  0.18009220279470403  0.19096931320872537  0.20129475563510243  0.21178595699040245
  0.22313730583330235  0.23463426012029528  0.24508800120196936  0.25550336751419489
  0.26670157956574359  0.27852012734516091  0.29059031475292346  0.30175376943141363
  0.31182832553572026  0.32166399414804470  0.33265534726021984  0.34424922514664602
  0.35467111894921083  0.36532714818291862  0.37845955592273955  0.39364374724191348
  0.40936345303544425  0.42389939330844401  0.43657065656256044  0.44800745806998277
  0.45925057133476316  0.47089351603578006  0.48269614406399186  0.49321306315259944
  0.50389741411234301  0.51390458093250813  0.52404521005447902  0.53523825793920821
  0.54617350043628698  0.55625416574432318  0.56721661459567907  0.57777377434956600
  0.58737667748186750  0.59611114172359025  0.60552437153279592  0.61670542423159325
  0.62881259725123595  0.64005785968585405  0.65083883430611300  0.66239268551432218
  0.67376564741589728  0.68509918134303183  0.69667827190412768  0.70890759490033362
  0.71982065567969111  0.73021488766728326  0.74038861739695017  0.75204388944139100
  0.76551762505735010  0.77886473946155155  0.79160966083367079  0.80329191011701484
  0.81503120290814746  0.82540546487668709  0.83491162335094860  0.84404749507816290
  0.85273070402656381  0.86169519819906815  0.87111152483662757  0.88038530578145202
  0.88989542752800088  0.90065451943770014  0.91175636396504034  0.92289781554310724
  0.93337322967573289  0.94378075008068640  0.95374564685764973  0.96295128544442277
  0.97134945964537933  0.98052475175742015  0.99009026334829242  1.00000000000000000
 -0.00207130091199754  0.00782633254745220  0.01829884464226506  0.03068657968506037
  0.04274387437640394  0.05374048312719760  0.06480975101846015  0.07695183840743257
  0.09054860768182689  0.10316665480606771  0.11492693349677600  0.12526690978446556
  0.13532533432337707  0.14516245593914137  0.15407889680999884  0.16223608931622502
  0.17039636167940697  0.17991080235610241  0.19082304516051074  0.20286318331270808
  0.21275527956517148  0.22133295325335928  0.22952669948336268  0.23693936439554408
  0.24415051211056457  0.25188630186033301  0.26055413860284671  0.26946248277437324
  0.27857168333139143  0.28879122662585444  0.30036933293033885  0.31372864852367144
  0.32782939980750303  0.34031277436281865  0.35193590483924270  0.36284219437775622
  0.37400641410763080  0.38499531942726739  0.39523251793427605  0.40597258135610809
  0.41636310021130080  0.42628586625209530  0.43535051108292516  0.44387853054645215
  0.45149168766216219  0.45956488924848560  0.46865211551176483  0.47972082569009106
  0.49051162080367550  0.49927689201759301  0.50893480994832130  0.51877248873712378
  0.52976276844867276  0.53944779309491420  0.55080896372962396  0.56132610679743966
  0.57066449016977538  0.58023717830992094  0.59202048828155074  0.60645508189650965
  0.62002187111384843  0.63053651861230831  0.63960413199404320  0.64784113882907191
  0.65636885669075484  0.66496935391133838  0.67436151177608905  0.68422775674814396
  0.69505750562220470  0.70590307917527084  0.71800396101698194  0.73182595997948852
  0.74602240074869053  0.75849729243086250  0.76853884812483464  0.77772096141647229
  0.78695784237677868  0.79702840434082101  0.80746462183694234  0.81691338908978017
  0.82501094727538282  0.83304735553355247  0.84181245933349613  0.85206139347028975
  0.86402972876905648  0.87661033340552719  0.88951311413465228  0.90111875296391375
  0.91253922032858903  0.92441567860666696  0.93666746124874556  0.94965144474447205
  0.96260302214619686  0.97519792138489181  0.98772094936424559  1.00000000000000000
 -0.00163308803985116  0.00797099832213322  0.01674721835151676  0.02666064728234237
  0.03727974832429509  0.04787212404313706  0.05873290541525022  0.06954560174732409
  0.08091713935132594  0.09337527946050943  0.10475072728432501  0.11457449767315622
  0.12420689597175005  0.13505097384007070  0.14642304316469229  0.15733737178424070
  0.16645736611762177  0.17784704272240023  0.18771513554238839  0.19880917595457956
  0.21036180063338183  0.22188107897874035  0.23365452526439079  0.24522517436484192
  0.25732784019527649  0.27020012744062782  0.28334913596832145  0.29593918100577105
  0.30810846267469982  0.32031442856757514  0.33130532276686819  0.34190893404691713
  0.35289916062478260  0.36273971668066235  0.37152226072890332  0.38012581489450631
  0.38855490430331291  0.39939864610556325  0.41002699516766666  0.42245929449419678
  0.43691110862043314  0.45160520692255418  0.46498707342548345  0.47709248108854840
  0.48903040865101954  0.50078877107188546  0.51096631778610690  0.52086006393661632
  0.53393787943590887  0.54668480902369765  0.55882220293732510  0.57007007290963474
  0.58040891790636573  0.59001610865114074  0.59929876030727769  0.60849291644993431
  0.61817518594778131  0.62779895265459351  0.63795935475910337  0.64883382545328738
  0.65895636304249072  0.66856496401846888  0.67880217096222906  0.69038899115124541
  0.69955557750834674  0.70691244535511399  0.71400101016548156  0.72155662207422844
  0.72985236191001823  0.73746356144970848  0.74632395856359046  0.75827169339756995
  0.76952965018675523  0.77892702546719872  0.78907208066240742  0.79833729107654416
  0.80675009742923331  0.81470542811557789  0.82351761368175436  0.83159967752613684
  0.84040777245420206  0.85061882265741506  0.86110435292859100  0.87235681338949411
  0.88216735711689409  0.89194511441773972  0.90311988153009759  0.91473735974556869
  0.92545124947779511  0.93560951018338401  0.94552776614009992  0.95544019453889861
  0.96473432293686878  0.97503511137393828  0.98656378873757833  1.00000000000000000
 -0.00108094773127413  0.00582816167801998  0.01339942984211522  0.02297482741163247
  0.03252122040747387  0.04190085747490345  0.05095377536322769  0.05930775188280923
  0.06778179410914656  0.07591519923661957  0.08412495839991041  0.09416013735401300
  0.10452480182646387  0.11270672869800875  0.12112632121023501  0.13023364675950988
  0.14140403877234553  0.15355167304648795  0.16574276685277514  0.17798006091384461
  0.18920099031747384  0.20135265204286154  0.21114946072316690  0.22078167205634133
  0.23112159318229966  0.24180266025066999  0.25240938650160410  0.26283136403190643
  0.27360289359688983  0.28599722656885240  0.29887085805650238  0.31107977223507755
  0.32262286552848013  0.33316052494932696  0.34354738578633237  0.35537821730112995
  0.36883339668212500  0.38139073904775067  0.39301216176437082  0.40404188508322125
  0.41695438922938777  0.42721381807940995  0.43759471840261216  0.44747184178582078
  0.45788501680215032  0.46862864140932886  0.47896555641925315  0.48908595688698181
  0.49972535074786317  0.51058464770460343  0.52075418726288070  0.53105609897673622
  0.54158087327460069  0.55187637815994572  0.56202361073792007  0.57250428462115954
  0.58326465100374902  0.59354542870335769  0.60425793727536858  0.61672934294545922
  0.63151466105528942  0.64517544856459685  0.65644319976611654  0.66582009077475779
  0.67562409025629344  0.68665262139977179  0.69902813372765404  0.71186041274270517
  0.72506257631763382  0.73875029585888030  0.75175511219644864  0.76264489278650027
  0.77227976911297846  0.78099467059012562  0.79134516471480154  0.80149009583334974
  0.81098930020957205  0.81995499145467254  0.83002241671059795  0.84103730850214620
  0.85014346282697562  0.85864887515758814  0.86683608903469955  0.87610946073965101
  0.88633482718430401  0.89704623361779723  0.90830946886159214  0.91905133919795945
  0.92988388859099336  0.93998869929268170  0.95097482873344652  0.96134728090469668
  0.97164228113279982  0.98148844048357065  0.99083312989118111  1.00000000000000000
 -0.00128490537322099  0.00436362726787596  0.01022920916875740  0.01614678149488753
  0.02213297265943907  0.02843736255651047  0.03444111884582265  0.04228314867320651
  0.04929103521953981  0.05582787709920391  0.06184096573314934  0.06793729027639255
  0.07395227963997018  0.08014307029984130  0.08713189951581596  0.09468500532807926
  0.10229709016281351  0.10940627085841778  0.11674751198337070  0.12391272388891560
  0.13120643542963920  0.13892245531557668  0.14699242880570049  0.15541624860081077
  0.16401341574840853  0.17248961412412525  0.18143960589115921  0.19247359179036946
  0.20570532506840064  0.21884478485453640  0.23006732107433123  0.24038200376997593
  0.25058657733030437  0.26171832817658280  0.27279601666716102  0.28478738630023687
  0.29815053190655177  0.31033679463724689  0.32129419817502358  0.33247095616119138
  0.34629705078044259  0.36151937064418943  0.37740310139635025  0.39422642994948970
  0.40784767069360039  0.42243932799730466  0.43755868993088165  0.45243633774174702
  0.46600496598319319  0.47992985719268816  0.49491039861502251  0.51076541412333476
  0.52725423006693140  0.54563502225857019  0.56368668833485169  0.58243246155770434
  0.60128391094572464  0.61853753634056641  0.63339833995541639  0.64727422672235047
  0.66173641012541928  0.67413696606442619  0.68492842294297129  0.69665638509340588
  0.70961715505406497  0.72414330765073154  0.73906936953034119  0.75134692129311953
  0.76258918803000941  0.77399511377066088  0.78566874180146173  0.79700960457469494
  0.80785757497256916  0.81868903347997302  0.82951957294567380  0.83874592699092820
  0.84677473859005059  0.85480510616811911  0.86300534923085515  0.87185327788720235
  0.88229913141762173  0.89390081072897998  0.90589566632498064  0.91734484520038584
  0.92782939195025282  0.93801025058346255  0.94767409234549704  0.95562873868205533
  0.96170152634667938  0.96708342277072934  0.97239258440242649  0.97804156534505837
  0.98378984943896941  0.98911398793985394  0.99463335372873385  1.00000000000000000
 -0.00305075805519138  0.01105417077626821  0.02470756934229341  0.03778100109991416
  0.05134425673589631  0.06489233565750535  0.07754885749906389  0.09009646003845068
  0.10097661098732671  0.11215083291753951  0.12322837087694120  0.13282246574189960
  0.14257080329534738  0.15266347438338929  0.16350181297063493  0.17485954023304329
  0.18534230701635074  0.19496434262923359  0.20571901685126071  0.21795216232095724
  0.23089486079987120  0.24310845429835029  0.25428790259648548  0.26524821421818817
  0.27499634796964773  0.28437470761009875  0.29381507368219179  0.30472480542340080
  0.31861502774312683  0.33199014806207844  0.34305936505752394  0.35364994740596978
  0.36540134841397764  0.37868992093389320  0.39127382255844761  0.40397734444258077
  0.41607472113061933  0.42633790668229554  0.43632094869088517  0.44541283285177630
  0.45350504463354879  0.46207033685613874  0.47098035489337342  0.48028101837780818
  0.49038106340636822  0.50084984943067612  0.50866430512309591  0.51661355913578100
  0.52541307906073365  0.53501249911865556  0.54540781172554320  0.55444115938961003
  0.56224362707177444  0.57223288888540402  0.58340538743362402  0.59230621435233222
  0.60066651653098002  0.60838045665839102  0.61688892965603714  0.62519000079435072
  0.63354564969109550  0.64239630700577244  0.65237208527639468  0.66100548864101860
  0.66850693470659350  0.67547268568715579  0.68381557690864614  0.69469546427311724
  0.70662471228249379  0.71883210078546955  0.73206474713193281  0.74479432671216217
  0.75728409688162734  0.77039309814013790  0.78419292462275203  0.79699203138176078
  0.80829394787935471  0.81875815584206568  0.82901938549195664  0.83849367461618840
  0.84763817729315583  0.85688022446720080  0.86551218844394029  0.87504175614886259
  0.88400871249661672  0.89331506333836486  0.90291706842536745  0.91211953206609231
  0.92230002743794048  0.93317199859050459  0.94488296629037671  0.95619720139472275
  0.96766650086819694  0.97978008121189775  0.98969763967786717  1.00000000000000000
   4.8999024763151796E-016  -1.0000000000000000     
 F F F F F F F F F F F F F F F F F F F F F F F F F F F F F F F F F F F F F F F F F F F F F F F F F F F F F F F F F F F F F F F F F F F F F F F F F F F F F F F F F F F F F F F F F F F F F F F F F F F F F F F F F F F F F F F F F F F F F F F F F F F F F F F F
  <DiscreteSampler_grid>
  grouped_processes
  1 # 1 for a reference and 2 for a running grid.
  10 # Attribute 'min_bin_probing_points' of the grid.
  1 # Attribute 'grid_mode' of the grid. 1=='default',2=='initialization'
  0.0000000000000000 # Attribute 'small_contrib_threshold' of the grid.
  0.5000000000000000 # Attribute 'damping_power' of the grid.
 # binID   n_entries weight   weight_sqr   abs_weight
    19   10   6.712993053964852E-014   1.486077988702286E-026   6.712993053964852E-014
    25   10   5.693368253842251E-014   1.515308270724516E-026   5.693368253842251E-014
    37   10   5.508385812502430E-014   1.007283525741242E-026   5.508385812502430E-014
    43   10   1.317305892305411E-014   4.396981679287832E-028   1.317305892305411E-014
  </DiscreteSampler_grid>
