 -0.00000000926071114  0.00001012374708282  0.00007764941838503  0.00021966369428259
  0.00043931704173650  0.00074277447125443  0.00110984161485245  0.00149525557485692
  0.00193571263341611  0.00241686237583431  0.00294757407579060  0.00353263291015909
  0.00415339940376706  0.00479811880817649  0.00546088288641533  0.00613808894389527
  0.00684212068618282  0.00756070322804798  0.00827441322325301  0.00903757591291466
  0.00981960047155271  0.01059125421111072  0.01142355830273459  0.01228629844512112
  0.01313445669067450  0.01395036451923417  0.01480137479646569  0.01574002518966826
  0.01674599589172978  0.01778264344567671  0.01883269448221885  0.01988217002744425
  0.02096945105961402  0.02203001261301955  0.02305981762655073  0.02405574378233390
  0.02500690096252875  0.02595001671772495  0.02690930590452809  0.02790908364316032
  0.02896221637084379  0.03004184916708037  0.03111808627626744  0.03219977463900017
  0.03324679922689910  0.03431886807643707  0.03542739415288548  0.03654769669182304
  0.03765196202711608  0.03872376508637904  0.03976911271003953  0.04081992684018923
  0.04186606390305560  0.04291563948321529  0.04398014922004315  0.04509893610086659
  0.04631008612045902  0.04757190217374502  0.04882552835111270  0.05009134437219495
  0.05137520707334636  0.05271980560630975  0.05409185837988902  0.05546588588791143
  0.05682894536251450  0.05818635426547218  0.05961070708401645  0.06120840551329788
  0.06293762918518797  0.06473835441992577  0.06656712782756258  0.06840736021057094
  0.07025918822859466  0.07215111462186291  0.07408560116375187  0.07605598842666458
  0.07805383049558987  0.08014824952629326  0.08275830482842454  0.08550983510683856
  0.08825628268261757  0.09103277591010384  0.09389737612319068  0.09686212218121272
  0.09986293090469900  0.10323387399934485  0.10734213648267651  0.11236087585182616
  0.11811607543733797  0.12450853230509994  0.13183828343061665  0.14141847040468158
  0.15689898102837874  0.19008677852603903  0.32097352564250564  1.00000000000000000
  0.00893481626782228  0.01667999281225671  0.02872222764556845  0.04163739176246384
  0.05416408199588432  0.06606842331044638  0.07755851916536716  0.08816937807148481
  0.09837792037384285  0.10848912097934123  0.11860727354484993  0.12851771885278152
  0.13791715740150629  0.14734798855964776  0.15708137832572339  0.16709657469913433
  0.17693747207620913  0.18647455459145360  0.19585644817498118  0.20531515765574260
  0.21535337978015134  0.22596455251611161  0.23724528071582657  0.24874236517865800
  0.26060071884686076  0.27265462157982717  0.28477890273075945  0.29689635377672874
  0.30865904907009756  0.31968187496321487  0.33031911594345886  0.34098572617550804
  0.35183968547608879  0.36302010333058171  0.37450762185281361  0.38701265567940207
  0.39864442541874684  0.40832093335606712  0.41794726592075426  0.42711828561647253
  0.43608895850752599  0.44456146037518246  0.45291349062748371  0.46170487346405925
  0.47075936190096307  0.47991092582098327  0.48912935718982731  0.49863473224161248
  0.50902986427649466  0.52013788869142674  0.53131718682972551  0.54200507778918194
  0.55266701225519144  0.56363039259729197  0.57494671045855450  0.58762796763892300
  0.60018359748050620  0.61209746162222878  0.62334666991226395  0.63411478901319596
  0.64511141144429140  0.65656091034455211  0.66838142015726765  0.68057517991627325
  0.69188119467679565  0.70160851122380596  0.71171584346435635  0.72187961373288023
  0.73148738129495317  0.74017141317584911  0.74883330914856050  0.75822632849924887
  0.76803575341014363  0.77775425907716511  0.78725268618098188  0.79718657313928787
  0.80767875028337299  0.81875135172649194  0.83002817276457663  0.84018711123373135
  0.84991618565982763  0.86022423047191365  0.87083682883652502  0.88066297617755951
  0.89055297709015013  0.90092397453374728  0.91127778389103031  0.92152229106439243
  0.93210682734490868  0.94261228010422438  0.95228987222118711  0.96228887195531410
  0.97241686329675237  0.98271986097834685  0.99110316766047390  1.00000000000000000
 -0.00002038251471692  0.00025091730104920  0.00070016343319509  0.00138033683956319
  0.00227268262696515  0.00344109676969951  0.00483390786321162  0.00648110420195702
  0.00823317819726441  0.01016581096870458  0.01231946638888115  0.01463367284731498
  0.01708296706402690  0.01984694421221858  0.02273256628320588  0.02575354801366291
  0.02901648185272625  0.03255112742283669  0.03609980603890106  0.03966632509138318
  0.04323314739315327  0.04703937154164125  0.05104702413815820  0.05525600370884187
  0.05966440699297421  0.06434892111684497  0.06917126267453536  0.07415310552446193
  0.07930223653112319  0.08462545817835131  0.09001813543432803  0.09580303343333546
  0.10166440893581825  0.10759441166560027  0.11338569919448720  0.11917749432349814
  0.12518752212478546  0.13110282703448087  0.13740502113214867  0.14393412648663367
  0.15079395395206743  0.15796537764302171  0.16541237487977162  0.17300824440999210
  0.18048040351283839  0.18779835476321366  0.19527581577007891  0.20301807098035932
  0.21110467078408543  0.21967987386409560  0.22875162696664109  0.23821247511786819
  0.24806991014987284  0.25692928501819917  0.26597497479107313  0.27523375281547652
  0.28444947714301222  0.29366861779345144  0.30308487224843250  0.31253661068952932
  0.32174888090924358  0.33126494097066217  0.34059477431169566  0.34987919567113396
  0.35945204824494303  0.36905548167880314  0.37876152412833181  0.38911739611669977
  0.39959287568672325  0.40999110987713300  0.42015021119262652  0.43034527900204395
  0.44053718549679616  0.45078484696736321  0.46119997883831426  0.47202507050637965
  0.48360069801918110  0.49538347122821136  0.50699035537674808  0.51855225758226209
  0.53023868720867562  0.54216004975544996  0.55440217296170569  0.56714478272675994
  0.58037212082299927  0.59369030421777957  0.60707079574303080  0.62033774850489587
  0.63310895004961953  0.64564842503865238  0.65773402456592156  0.66946075720547282
  0.68101694941291468  0.69225759988405666  0.70177478805604288  1.00000000000000000
 -0.00220783367541547  0.00909158313510665  0.01855899535944941  0.02824523524126548
  0.03791143673206500  0.04877778719860753  0.06093950977623679  0.07292441070433095
  0.08428508256842265  0.09503594938086410  0.10532227814738934  0.11541354504063026
  0.12553587688648332  0.13601858137656320  0.14631295427983812  0.15601644544501170
  0.16585964204458781  0.17661275469926319  0.18826957471033595  0.20030982071066231
  0.21208490434387989  0.22351835612486612  0.23461047998679677  0.24556697830247837
  0.25622266751481992  0.26666728173235865  0.27843138417013502  0.29100609039961212
  0.30373419355953085  0.31582682577513965  0.32748521232548167  0.33869989893285407
  0.34950169990936686  0.36024421583733102  0.37096446145077389  0.38142723973319281
  0.39138102425192017  0.40145376094728674  0.41193260033336432  0.42251563095504607
  0.43333330295675787  0.44451549586052169  0.45571066241706581  0.46641831885649498
  0.47668439311175187  0.48672095636313911  0.49648936682673511  0.50650675556006608
  0.51689007656490837  0.52742773921860242  0.53812515593519195  0.54911118805226722
  0.56009210821899236  0.57049986311449585  0.58058509079475706  0.59058487516820124
  0.60073078214369113  0.61087134250974140  0.62098464808105569  0.63031115416298000
  0.63927315029204734  0.64833258397439064  0.65771422038620786  0.66732655077898129
  0.67667432850719411  0.68598995631423609  0.69609428166408172  0.70673046952321184
  0.71761272293430223  0.72888819081721357  0.74060511453470335  0.75236982114965989
  0.76453684515917109  0.77570458052060376  0.78632158395375318  0.79760376556792467
  0.80903204322807931  0.82025574783725930  0.83095544429905910  0.84045469136667617
  0.84940969739732675  0.85808304501588539  0.86694240334602635  0.87579289268218763
  0.88467442249095773  0.89340601422949184  0.90316657449659254  0.91404386300996632
  0.92441532715910302  0.93469844760332343  0.94476312458080003  0.95493169703292069
  0.96591698248040969  0.97707620987240795  0.98862268183364943  1.00000000000000000
 -0.00274708482205260  0.01072804446469622  0.02199700607042385  0.03328030673288979
  0.04399175197175753  0.05423272474050915  0.06457437163316787  0.07408371985614814
  0.08292793714798651  0.09170176396071149  0.10093230256925197  0.11041639209360857
  0.11991252186157739  0.12918040726828608  0.13862037547941466  0.14802496640526017
  0.15748031628756892  0.16697076879548184  0.17626452706184295  0.18567991890163807
  0.19569657025058981  0.20633240455879290  0.21743227640326665  0.22840370020014117
  0.23893439785824269  0.24921813238301763  0.25957884640823375  0.27003673895309765
  0.28056405949035468  0.29099665198011188  0.30174161620288636  0.31229898554155006
  0.32264090366995907  0.33300664837781135  0.34351379800377302  0.35352142123170538
  0.36356715186458022  0.37414603688867937  0.38578642139545316  0.39776124520943146
  0.40875487726203996  0.41937715063357145  0.43011874929768024  0.44120271752844598
  0.45234732117543575  0.46419142261640639  0.47608007016164394  0.48696690166282336
  0.49745092276783132  0.50764985326636980  0.51794448764820000  0.52801753054596423
  0.53779332126831059  0.54786892633714657  0.55834724619037779  0.56851305539312091
  0.57808401785247143  0.58751334956710299  0.59696148969552731  0.60647142302443102
  0.61556284154626117  0.62470020263787052  0.63519972395889590  0.64613367772992647
  0.65761038099462343  0.66886315128573270  0.68139701705749234  0.69337849531730344
  0.70540692587640774  0.71607654194196002  0.72599993420420406  0.73603456702767922
  0.74628011291606866  0.75682934273774272  0.76714583115894475  0.77756136707798251
  0.78833687968597410  0.79947403601799105  0.81083517925893789  0.82232045938478771
  0.83413436951663267  0.84633805403718654  0.85930978319892126  0.87346210556239190
  0.88430666084567666  0.89552617666478584  0.90620143518249729  0.91694982249373480
  0.92729475867897981  0.93753859705443421  0.94812465287612924  0.95840616623982289
  0.96836961969669710  0.97857431713745602  0.98922916016113860  1.00000000000000000
 -0.00251997012638139  0.00883203257164522  0.01955783905388466  0.03105855142019891
  0.04274427312702061  0.05423588830814624  0.06527587164600655  0.07613960312972952
  0.08720660730541439  0.09824075997437645  0.10925833265770099  0.12027777579111301
  0.13111933409777923  0.14154696327347197  0.15159814631277169  0.16128309869295052
  0.17138472401717206  0.18184553510590504  0.19251226389274956  0.20271961587183251
  0.21344810038968934  0.22481254719435434  0.23582649018118809  0.24704669804372789
  0.25785417607395311  0.26874784508672928  0.27880012166723589  0.28860412038260141
  0.29853905578127887  0.30850435861894782  0.31912030542616837  0.33017153786342440
  0.34122660347678857  0.35223639018542519  0.36304554838728886  0.37367919074535405
  0.38365732859778018  0.39323364341200046  0.40353167662421691  0.41383881234878750
  0.42439097956917915  0.43486448284816376  0.44706218692901523  0.45939944600249777
  0.47095513459994087  0.48237873229784145  0.49383741315354929  0.50487773081685794
  0.51553856899558614  0.52695605915727906  0.53931305811284891  0.55159797801713950
  0.56306813929030675  0.57434738025832055  0.58547891650550343  0.59620626477775596
  0.60693474182295670  0.61723522455537838  0.62722843623956803  0.63641635224396675
  0.64599172347411637  0.65598790748185232  0.66594545627194035  0.67516125440337194
  0.68418982726811928  0.69383062924013039  0.70431976904593963  0.71433897019143611
  0.72383992088811666  0.73342245049018462  0.74321375344367546  0.75307650837166207
  0.76263179480005949  0.77177203208751766  0.78103090419044785  0.79047878704058905
  0.80069110180197511  0.81170670583550508  0.82298669607942787  0.83386459442876493
  0.84447392687804501  0.85495369309218117  0.86540778937593343  0.87588290835832783
  0.88620843062001686  0.89651344839063041  0.90701775231929949  0.91752147315069088
  0.92779110678192045  0.93791376501746415  0.94842855824556505  0.95874036624171477
  0.96872476363934223  0.97883729206564718  0.98951201906939523  1.00000000000000000
 -0.00222993060177002  0.00810008535842285  0.01774078900557228  0.02835097971954004
  0.03946771379979145  0.05121923740411038  0.06323709179680675  0.07536631675965098
  0.08763262007823286  0.09990154749761662  0.11150817625160875  0.12275481154829240
  0.13451680855924827  0.14614010854414985  0.15750665854665047  0.16886799628899332
  0.18051403703865923  0.19254922893347323  0.20407016799486624  0.21419540449371591
  0.22355901442432094  0.23309434747245000  0.24302504141669878  0.25296695249458817
  0.26236381338943676  0.27228955712058622  0.28445397313397586  0.29724162075635879
  0.31000836924126873  0.32206716896321191  0.33365501997441321  0.34504363291829837
  0.35602583296876739  0.36694827860085949  0.37821846402068426  0.38992152520402706
  0.40088563578809022  0.41004823703413795  0.41940558003075795  0.42843993672396752
  0.43779172122633003  0.44723802071859092  0.45678470322741949  0.46615055318913384
  0.47523412611515065  0.48449659146687102  0.49405818653103178  0.50334893220206889
  0.51233416755606631  0.52175288987530921  0.53254463993542711  0.54375137624447212
  0.55490062749906621  0.56598248394252404  0.57721670603225295  0.58853687666967047
  0.59959043887184760  0.60993896341251763  0.62016330118032159  0.63049115617180795
  0.64098049339055607  0.65193808664839537  0.66274428570177890  0.67316690060237327
  0.68312649253709157  0.69341675286105775  0.70376330948798971  0.71373293879984945
  0.72376095195777745  0.73407083012941554  0.74392825779742411  0.75408409968687018
  0.76484857315008470  0.77565570606393897  0.78615232677168401  0.79665086241897520
  0.80750033085440753  0.81727080597128676  0.82688827992912672  0.83702854448109110
  0.84686414986755232  0.85617294249617037  0.86513676120060201  0.87434903173818646
  0.88414612995342312  0.89447173663528945  0.90501269133838513  0.91593675450426293
  0.92669149636518588  0.93717466035426722  0.94731812373912683  0.95760154400880859
  0.96815302242270862  0.97922190880224647  0.98953521037065495  1.00000000000000000
 -0.00208253880415677  0.00913234237144611  0.01858960367526874  0.02806702697223244
  0.03737593149132552  0.04640221511276221  0.05591175011971325  0.06580579188971897
  0.07654715195028756  0.08766424061392708  0.09929012320827700  0.11049515888428987
  0.12095870594845022  0.13186845411390014  0.14296885510792062  0.15354027226472103
  0.16382671245285796  0.17435452567126708  0.18488066062432940  0.19518016960121076
  0.20504866575633335  0.21619946910583174  0.22774929090163676  0.23932014527790077
  0.25030232241438233  0.26129452479133530  0.27230095985789221  0.28365495235300414
  0.29435812799701083  0.30430932234741420  0.31390746539986170  0.32351628152991108
  0.33311038260534859  0.34258390828169338  0.35213425209204563  0.36212959595204047
  0.37223447430437123  0.38263280463719690  0.39323628995095977  0.40372484566912248
  0.41437062805605829  0.42537611402766340  0.43650755737039154  0.44702843300724676
  0.45777073511266847  0.46859223378636322  0.47978957484568535  0.49185446458680787
  0.50393807223003151  0.51521327752361334  0.52682030782399891  0.53890711890672249
  0.55046215326190751  0.56126494029602403  0.57310987829691917  0.58493417752724985
  0.59674191722510017  0.60833160073900472  0.61965304417445444  0.63089695416149016
  0.64248269789722767  0.65344205420619705  0.66420133148417004  0.67486350820397512
  0.68524815318336374  0.69523704301905509  0.70508691863430628  0.71513267524645407
  0.72523347918649095  0.73543077180389893  0.74568308787424564  0.75648803422700450
  0.76727518434475339  0.77730238108236149  0.78714447611783855  0.79714143418848837
  0.80726123291310048  0.81693663590229515  0.82624382634986115  0.83568829151002810
  0.84557594272658909  0.85550883110762532  0.86554277136336544  0.87569830953972461
  0.88720336986514226  0.89831017901663146  0.90900461813258648  0.91907980312687210
  0.92880790516684131  0.93870799960215168  0.94847001949133136  0.95835442112428793
  0.96831613351981893  0.97835055041024377  0.98917632116670040  1.00000000000000000
   3.3931103849048063E-016  -1.0000000000000000     
 F F F F F F F F F F F F F F F F F F F F F F F F F F F F F F F F F F F F F F F F F F F F F F F F F F F F F F F F F F F F F F F F F F F F F F F F F F F F F F F F F F F F F F F F F F F F F F F F F F F F F F F F F F F F F F F F F F F F F F F F F F F F F F F F
  <DiscreteSampler_grid>
  grouped_processes
  1 # 1 for a reference and 2 for a running grid.
  10 # Attribute 'min_bin_probing_points' of the grid.
  1 # Attribute 'grid_mode' of the grid. 1=='default',2=='initialization'
  0.0000000000000000 # Attribute 'small_contrib_threshold' of the grid.
  0.5000000000000000 # Attribute 'damping_power' of the grid.
 # binID   n_entries weight   weight_sqr   abs_weight
    25   10   7.998710669831637E-013   1.430228817497958E-024   7.998710669831637E-013
    43   10   7.164456081717025E-013   1.215712728136254E-024   7.164456081717025E-013
  </DiscreteSampler_grid>
