 -0.00000001782073457  0.00002602468404240  0.00019497448091580  0.00054907911625381
  0.00106396162993210  0.00177973281301569  0.00262616007702014  0.00361254160128645
  0.00471903570829051  0.00591594629313811  0.00724668184835438  0.00867285136040668
  0.01023195320239737  0.01189316710760172  0.01357143271158894  0.01518625205141312
  0.01680178171818221  0.01837504188441809  0.01994431357999369  0.02173045860217555
  0.02346450285676676  0.02522189227246625  0.02707189229169477  0.02898443262226991
  0.03088611104884946  0.03275344227524755  0.03453455400903961  0.03661038477115588
  0.03866582623639018  0.04072691288193498  0.04280894506111393  0.04490537042202711
  0.04705901863646812  0.04923471960560288  0.05137895621873160  0.05348500477451852
  0.05558393534856999  0.05769355011050535  0.05981723764447300  0.06214385810458671
  0.06447817631556477  0.06684100587500394  0.06922637599137103  0.07159131912018189
  0.07392552454695892  0.07622246833629825  0.07849603691645531  0.08089673393623675
  0.08342939059497122  0.08592917579417492  0.08840032482609257  0.09086918605387455
  0.09335470160318166  0.09586429950309920  0.09839433426183714  0.10092347796990099
  0.10348448919424900  0.10606673142024527  0.10881340103308562  0.11171911873605134
  0.11462839273896253  0.11757902339135171  0.12049639052185504  0.12342453114433098
  0.12636503531431315  0.12933313955809181  0.13235473864597389  0.13540244280970198
  0.13866040838589302  0.14215565919959863  0.14601783484078054  0.15001526234828680
  0.15392703644879785  0.15778976346775955  0.16179350906217904  0.16587471658065456
  0.17005422988908880  0.17426950494431115  0.17840336985702140  0.18238939163750470
  0.18794699437121823  0.19380511444620566  0.20004983798019177  0.20679706994166427
  0.21381976451036480  0.22122424947742850  0.22895937969834054  0.23779668324568898
  0.24824178619936624  0.26080181670744895  0.27786202865228149  0.29694666782567125
  0.32611538687694452  0.39082802428892549  0.61147152171251407  1.00000000000000000
  0.00939273623888788  0.01605166098669778  0.02598424448881011  0.03755105523731796
  0.04818655800895547  0.05834537544662603  0.06830094866749511  0.07787555611211612
  0.08734762981938138  0.09685020011212898  0.10678835927206720  0.11752645247350405
  0.12864340425135062  0.14069755695276534  0.15243596148612945  0.16403191463428307
  0.17594830745305021  0.18767470102492168  0.19886360892494745  0.20982229146460640
  0.22018767914947945  0.23042335032672509  0.24056404130905196  0.25119381300009974
  0.26225363217373626  0.27303440424019609  0.28323506492295758  0.29338287703606314
  0.30386498940333700  0.31443836584865437  0.32522753231495688  0.33599490405225418
  0.34695476887457261  0.35824074965996955  0.36947129693113939  0.38058097435574612
  0.39195498913021076  0.40334800077723276  0.41457275722123615  0.42496366631777005
  0.43480353621256973  0.44543364689139975  0.45601375923103127  0.46718350771426054
  0.47831210545219632  0.48963574221970624  0.50126020595660259  0.51182306403249878
  0.52267587390507197  0.53320123895864913  0.54437745035876872  0.55556229213764863
  0.56666832042529836  0.57776361431372136  0.58845782753242404  0.59956021996714037
  0.60962117855474041  0.61936346500515060  0.62874770026727267  0.63827433039371828
  0.64827085716599397  0.65798212328846972  0.66792104337184699  0.67773376187456302
  0.68782962460295261  0.69737615363204275  0.70728932306172465  0.71690037701187093
  0.72622005555328395  0.73562849764905325  0.74539289661919383  0.75564494104412250
  0.76627584294211426  0.77691103382378390  0.78746611035692116  0.79759621399281311
  0.80761191497169826  0.81714729507936035  0.82653162917599077  0.83601563515444488
  0.84556877606148173  0.85493810306444351  0.86434467860615005  0.87372882896511650
  0.88370865988694247  0.89382720823914241  0.90385141518744372  0.91382158031881888
  0.92455067342110520  0.93589123343569158  0.94707407394500520  0.95800265229588177
  0.96883381953396686  0.97958230588978845  0.98997245678643275  1.00000000000000000
 -0.00001804128615189  0.00018811550556121  0.00050014568534966  0.00099851761638736
  0.00169211413549280  0.00254734217958399  0.00346362668280095  0.00458184947741018
  0.00586332613041724  0.00724730572355927  0.00875994081997311  0.01035464608940331
  0.01204371349678005  0.01395113873031551  0.01596567577841734  0.01794578241457870
  0.01995296519655096  0.02209044562415644  0.02440036141699744  0.02694870295076041
  0.02969618393456561  0.03244991157759924  0.03542925521227483  0.03840940382264086
  0.04144757747625272  0.04467274927490364  0.04771049553808152  0.05076395326015719
  0.05411820721233378  0.05757120757656698  0.06115688579954249  0.06482143667332181
  0.06854174542928530  0.07197166188639977  0.07541130215174206  0.07892896768691023
  0.08261517419133002  0.08635794331399907  0.09029999976606007  0.09431906216145348
  0.09847294289320326  0.10275894891243605  0.10714671608807369  0.11164861893949420
  0.11626133007284498  0.12097815686834153  0.12579750777257928  0.13069569094115668
  0.13568155088441683  0.14076135963012865  0.14607878826666551  0.15146770766538450
  0.15688124317065427  0.16225313953575490  0.16757379759549609  0.17284492814885397
  0.17804450896313295  0.18349085503826393  0.18902546452833402  0.19447401557652474
  0.19993851094802614  0.20546007848164125  0.21103986496359803  0.21667537054104527
  0.22232917038022554  0.22829970546961989  0.23443530816325134  0.24054849023954453
  0.24663474644903260  0.25274649066470994  0.25882308784001162  0.26504690893828053
  0.27116627224322382  0.27740630272140288  0.28371964714085768  0.29014242678862584
  0.29665153599075172  0.30310624449277168  0.30936462398888148  0.31605537684362428
  0.32273924676209470  0.32939559185618039  0.33608546622841950  0.34288015348904505
  0.34962841253529947  0.35640904194114348  0.36315106647358231  0.36988255709623802
  0.37669432137751402  0.38346894612176857  0.39030921309889166  0.39731275736594263
  0.40394113404780863  0.40871172805978873  0.41154377437030837  1.00000000000000000
 -0.00242860858742784  0.00944341325541372  0.01894409041599008  0.02904024635646406
  0.03948958779598617  0.05040161823882459  0.06117729053485111  0.07191952606504935
  0.08223806326784081  0.09156731180496896  0.10065663057054902  0.11017251262211714
  0.11998295254836812  0.12981530215104423  0.13961431065318949  0.14944851069101803
  0.16064733162898615  0.17158526792286258  0.18276827002827903  0.19362867908645373
  0.20419917934873255  0.21444121176112255  0.22453584868817203  0.23488029201500238
  0.24504601739434873  0.25515013044789736  0.26506747363527983  0.27540963982402339
  0.28639378764247897  0.29714363929978305  0.30781749439109080  0.31823314720818974
  0.32814345378353699  0.33779355496397057  0.34691829094593046  0.35625861675845705
  0.36602159316958793  0.37582053284615385  0.38575678278022135  0.39564767875860624
  0.40543918823095110  0.41541769283840846  0.42541507697772596  0.43545989003901164
  0.44583199184050676  0.45673662739380844  0.46798177314770245  0.47933770739655668
  0.49045338628319080  0.50137193901311727  0.51229143120089515  0.52325962149382821
  0.53435572023480427  0.54601341658118097  0.55821906441483449  0.57066241824480157
  0.58345576061537552  0.59497658106141693  0.60636834320660171  0.61746613010951434
  0.62834536552844422  0.63890237698039676  0.64881768892441816  0.65848093661072382
  0.66857499161856770  0.67888518220567096  0.68877430766775138  0.69817852645657319
  0.70767778820663096  0.71752051390423155  0.72772119693124160  0.73821567093314533
  0.74928412138553668  0.76123525883125831  0.77379552183211131  0.78616074526282520
  0.79836089351752559  0.80987526304857227  0.82142657302084254  0.83240914166306867
  0.84287202101658076  0.85366511547093382  0.86276987931422500  0.87251118241478864
  0.88244756925210421  0.89281021120817350  0.90368643704921991  0.91416756193432225
  0.92480196149167682  0.93551920185642234  0.94652674730001718  0.95785783127712243
  0.96852350962916012  0.97875766080964621  0.98922889841936912  1.00000000000000000
 -0.00266670503920932  0.01015490305880855  0.02055215675451991  0.03092419772508931
  0.04140536242055309  0.05243230589551593  0.06306668100053678  0.07347983939344314
  0.08413272714555325  0.09551803451685656  0.10690675830288467  0.11831871535740109
  0.12955800537333925  0.14050903124638148  0.15102293975320685  0.16076771516033658
  0.17082678231045767  0.18060506100253904  0.19092860184175861  0.20114688622267574
  0.21121626438809493  0.22252491359735116  0.23355268662375983  0.24434597556024812
  0.25493070022196640  0.26618426551939911  0.27745813800359292  0.28877520664138245
  0.30144011905297413  0.31308495503695022  0.32277264166021902  0.33206852476547222
  0.34147294726839583  0.35098342836220114  0.36067140341361431  0.37054627119602263
  0.38062439865356557  0.39124024048983058  0.40196522398861628  0.41255375277069417
  0.42287037069280276  0.43301764148095023  0.44354508452240077  0.45399991638964821
  0.46374837728857993  0.47312466956312016  0.48239347205624339  0.49126901834878905
  0.50004596928301737  0.50896838878727557  0.51826272285085973  0.52772506518535633
  0.53699029176757918  0.54664923240627306  0.55631947669732129  0.56658688308897764
  0.57737675892727636  0.58827037868384580  0.59912994589696023  0.60988027127396338
  0.62089864359392488  0.63213816746868756  0.64318744341982292  0.65389253908228284
  0.66427041792924191  0.67452479057457604  0.68478961319234788  0.69515043488446604
  0.70533373274567834  0.71570541131855725  0.72568668964907301  0.73719368903507931
  0.74852532177963393  0.75865241029527408  0.76843346265747114  0.77840096183077401
  0.78892347774373983  0.79983448250548206  0.81104793420258581  0.82317635396728994
  0.83536932929118735  0.84695676282414711  0.85818695939784140  0.86920130379838456
  0.88017692027904282  0.89142724275203633  0.90316121168455576  0.91477069507262498
  0.92553971389886736  0.93596135507648359  0.94648959904298080  0.95731940650739289
  0.96797283484739272  0.97842334352839011  0.98921779108329788  1.00000000000000000
 -0.00366228500984826  0.01253358327276823  0.02441194308617078  0.03573611268003552
  0.04609452538125434  0.05580982190869795  0.06537922131346210  0.07486168045242914
  0.08475369492434587  0.09450334286664622  0.10454871018789161  0.11504706806347531
  0.12570909789225151  0.13573064654050121  0.14586564512038938  0.15632820906634384
  0.16683224799418631  0.17709985794995098  0.18725822726261976  0.19762194763720681
  0.20803232286223464  0.21828488926255071  0.22866408511028696  0.23930934165210763
  0.25028416106881463  0.26100472051258117  0.27154273573749305  0.28253595164764750
  0.29417921113566436  0.30609061508583929  0.31691673520244079  0.32746009894745520
  0.33775832894807151  0.34837519375543935  0.35840543871986380  0.36818777236890227
  0.37892445902518246  0.39019631303672564  0.40083514456727382  0.41071328521362821
  0.42108377798449675  0.43177868990297857  0.44226891635888965  0.45254640948896063
  0.46305631602036984  0.47384994095670135  0.48445585922898332  0.49547310413864476
  0.50727025704948925  0.51917803794646955  0.53020949727578459  0.54091094689986152
  0.55093414419834630  0.56111611491364788  0.57088839963806959  0.58079541992039863
  0.59098627587351704  0.60159930973208031  0.61233208854636667  0.62313384033612473
  0.63402636661865275  0.64470947767971543  0.65466176711134716  0.66488638061329997
  0.67557862460645224  0.68720230438674257  0.69828776083102462  0.70949883328829888
  0.72039086985777157  0.73131159891156883  0.74248643305088702  0.75331667713506223
  0.76334570611474928  0.77319852967344549  0.78320304121344086  0.79294875221669880
  0.80249193201583791  0.81184991024764641  0.82185885624975497  0.83195671777970348
  0.84240176514407172  0.85235187235393262  0.86307121130290032  0.87424603198451512
  0.88499628678161402  0.89528793051722733  0.90525441894353942  0.91533788838468333
  0.92542077507332654  0.93550449703502880  0.94654912243741685  0.95764759344008299
  0.96855776671769445  0.97928765472841162  0.98972464924984949  1.00000000000000000
 -0.00205887348750506  0.00785930366443253  0.01614811687154998  0.02554742629618151
  0.03527737742604709  0.04555967464194760  0.05754726602180761  0.06953172310301416
  0.08227794591219720  0.09341733116001764  0.10397813613464410  0.11433223972120692
  0.12440514500778448  0.13468095057841975  0.14520025509864054  0.15633913396968971
  0.16779661594667417  0.17909686073237915  0.18949341143392290  0.19884280817149977
  0.20838496117948038  0.21806031302442277  0.22775071049019147  0.23702695893473297
  0.24651080882494489  0.25669004717180283  0.26723442293411032  0.27744769903890409
  0.28719395517465929  0.29722297721855517  0.30812444421490798  0.31964777721300736
  0.33037723089734472  0.34037736797786861  0.35015505900095123  0.36026777645214636
  0.37121932807907676  0.38211349086956437  0.39344317941934065  0.40469623828299328
  0.41653566679322634  0.42846560058842020  0.43991939501103866  0.45049022720788312
  0.46103252997318184  0.47170991239772936  0.48237424189516581  0.49258258291517321
  0.50264208177041547  0.51273350984461896  0.52296218068561862  0.53305329602864571
  0.54308253309124621  0.55304662639803170  0.56296960864599110  0.57376993849120528
  0.58523419029296841  0.59742979572394017  0.60960500554113617  0.62122544032598725
  0.63234118091874469  0.64305871011615523  0.65414104491744340  0.66544044086334841
  0.67537221610426124  0.68528903216372239  0.69561616953734184  0.70590926739246329
  0.71596353741843866  0.72556478716880535  0.73618984162372525  0.74764922884047225
  0.75837256262821162  0.76855025063550164  0.77878414648968419  0.78904536749402876
  0.79936601273174090  0.80955305297548996  0.81973207769623180  0.83014817508212457
  0.84092187428985743  0.85188144673073496  0.86256069652265621  0.87290718050503180
  0.88299599516553295  0.89313021674427417  0.90312368790754272  0.91309910563703545
  0.92326262760384636  0.93309716582263680  0.94269214837380533  0.95228029297603811
  0.96228261193692555  0.97426217888884625  0.98664091677772114  1.00000000000000000
 -0.00239469555402104  0.00950738268945396  0.01888241831439771  0.02823396869086187
  0.03755098239405556  0.04706114837787286  0.05637339526418791  0.06588000864816897
  0.07580734187355447  0.08626985131487165  0.09746101333721457  0.10864701554306808
  0.11943470355397713  0.13001682224843597  0.14060541362754883  0.15151460940704789
  0.16275088964228832  0.17400993650564608  0.18527818819680095  0.19626863205269462
  0.20766903566762537  0.21983399806772189  0.23122596776197532  0.24089324452016908
  0.25031548490907707  0.25967819550186744  0.26918579389228880  0.27862113078840006
  0.28791971356346158  0.29809222629501592  0.30942298008886321  0.32115020962573160
  0.33278505693569138  0.34448370023120861  0.35617220707317793  0.36782549477390547
  0.37940772479356139  0.38991713573134518  0.40056132826352170  0.41123973362001803
  0.42178677195890113  0.43272342567901279  0.44399221214530399  0.45451590807526965
  0.46488675478140035  0.47498108442157516  0.48613856097864278  0.49726372077255832
  0.50847111378297960  0.51902663208782840  0.52881619009450842  0.53880402587481024
  0.54917621224562096  0.55966895399836192  0.57074489992667188  0.58156195325052629
  0.59188846238115012  0.60245394743248237  0.61353394845705866  0.62460412233165408
  0.63483230354741305  0.64468050732781201  0.65448755521261703  0.66467168174933600
  0.67446020583146682  0.68463093015720755  0.69438992342314809  0.70430326912281949
  0.71435939739082355  0.72427766005716521  0.73392384466878480  0.74317824522325426
  0.75288206438295580  0.76343964088144622  0.77430525827930097  0.78570776546443721
  0.79709694966589206  0.80886499855721006  0.82065684652008586  0.83278094523829072
  0.84400146574332691  0.85505583414374053  0.86618116333491901  0.87658101825019707
  0.88711509039908354  0.89716356182731938  0.90684234513337336  0.91657898256685677
  0.92644868821075499  0.93645293384270434  0.94580840450910242  0.95521395405656728
  0.96587644703550646  0.97714099292450074  0.98851994860114156  1.00000000000000000
   7.3607766019584340E-017  -1.0000000000000000     
 F F F F F F F F F F F F F F F F F F F F F F F F F F F F F F F F F F F F F F F F F F F F F F F F F F F F F F F F F F F F F F F F F F F F F F F F F F F F F F F F F F F F F F F F F F F F F F F F F F F F F F F F F F F F F F F F F F F F F F F F F F F F F F F F
  <DiscreteSampler_grid>
  grouped_processes
  1 # 1 for a reference and 2 for a running grid.
  10 # Attribute 'min_bin_probing_points' of the grid.
  1 # Attribute 'grid_mode' of the grid. 1=='default',2=='initialization'
  0.0000000000000000 # Attribute 'small_contrib_threshold' of the grid.
  0.5000000000000000 # Attribute 'damping_power' of the grid.
 # binID   n_entries weight   weight_sqr   abs_weight
    19   10   4.572347032341263E-013   3.540895074340372E-025   4.572347032341263E-013
    37   10   3.931745154288540E-013   2.841460434721151E-025   3.931745154288540E-013
  </DiscreteSampler_grid>
