 -0.00000000959664227  0.00000991114962250  0.00007474967525188  0.00022014160420812
  0.00043450668153731  0.00074561770663742  0.00110057673813322  0.00149450275462049
  0.00194481390252305  0.00244669083725024  0.00301099740573322  0.00360799712494255
  0.00425748014607661  0.00490591609374481  0.00557504667333741  0.00624184233772933
  0.00694014028291468  0.00766198236074244  0.00838880775996925  0.00914039714263649
  0.00990381360747665  0.01065979291452857  0.01150446517646616  0.01239925845450209
  0.01329350020612843  0.01418933552913110  0.01511802879842608  0.01606774599857989
  0.01699744307337377  0.01793251783742830  0.01887087227603293  0.01980342160398801
  0.02075530447042891  0.02170229658204401  0.02264876434576847  0.02361646005240050
  0.02456209731229131  0.02551102277115936  0.02652672306106690  0.02760685083885245
  0.02870072666918293  0.02980269765841524  0.03087943490219742  0.03193943845901008
  0.03298999360168912  0.03406614582692552  0.03522771078330276  0.03645676699014612
  0.03767700300850974  0.03892834125735397  0.04018037082364488  0.04143528292905146
  0.04267861613701376  0.04390988822601612  0.04516526787776493  0.04648927091059767
  0.04782313565289849  0.04915418969175389  0.05049917887673887  0.05186386730589100
  0.05326979942573052  0.05475191698106123  0.05624295297440148  0.05773684707676622
  0.05924269115575879  0.06075801038039133  0.06231887014622146  0.06393883226438991
  0.06555195917443750  0.06717883334336851  0.06885464289235550  0.07057503233167751
  0.07237411110649400  0.07426919275661942  0.07622559522227512  0.07827305868107304
  0.08034574758029482  0.08269144951801172  0.08511722902831845  0.08755425127773765
  0.09001301429870541  0.09255826523243618  0.09521864362756283  0.09797034786603512
  0.10081850047583697  0.10389663472237955  0.10776949485694652  0.11269802642279370
  0.11817634383398232  0.12431311467197667  0.13133079460414457  0.14048467441226284
  0.15718615555719806  0.19055574380460705  0.31988735929315826  1.00000000000000000
  0.00986934933243467  0.01456039753597615  0.02243778585803501  0.03163941280181170
  0.04151175983518331  0.05172187928396394  0.06239666838901302  0.07354864807930059
  0.08481261700776035  0.09573731590020029  0.10632263299827023  0.11628371822221981
  0.12711780760834843  0.13879012547744601  0.14946363177392796  0.15911422221417668
  0.16915367528747768  0.17966505240575811  0.19031267104564831  0.20101172910212467
  0.21174269148334895  0.22227534686800515  0.23225392046005222  0.24224737971061047
  0.25275940039699785  0.26394729557610908  0.27608996359222010  0.28874792769115432
  0.30077510525329682  0.31180956257146664  0.32228248254291225  0.33245092210865379
  0.34179897954044447  0.35109469906185858  0.36045423281291006  0.36990811150937170
  0.37933893791789824  0.38850975564361684  0.39822372988958038  0.40977721082046376
  0.42199799168567143  0.43406700163127626  0.44523504055007607  0.45551597148950912
  0.46563056157782295  0.47569324118348078  0.48622857091815552  0.49710893015412577
  0.50826419866340156  0.51940447607586726  0.53056809130842764  0.54161237574337195
  0.55135168316495664  0.56062868235730223  0.56982231481696621  0.57899172896417028
  0.58795607072439249  0.59662781139832410  0.60594083807550414  0.61619153916099667
  0.62694981174766029  0.63793159154429413  0.64934410287434519  0.66110769919495993
  0.67246044330267651  0.68311687255194353  0.69423180340108948  0.70553532027248633
  0.71636124496180631  0.72651825546063165  0.73689978167848913  0.74768883575224621
  0.75821313025675541  0.76881146676184897  0.77942542516341040  0.79035618973184008
  0.80103630570998108  0.81144697400830446  0.82207769344053128  0.83243938031382381
  0.84274364651009603  0.85304017615729322  0.86265559245948698  0.87228967934008805
  0.88176908201559545  0.89114620736582739  0.90052931464727104  0.90975597022023935
  0.91923143798887419  0.92965698910367778  0.94010981264380911  0.95053460317335936
  0.96082156719772682  0.97086937714224342  0.98081623388078643  1.00000000000000000
 -0.00001963822711229  0.00025420845363306  0.00071901000892915  0.00141641217860589
  0.00233419441046923  0.00353999573998057  0.00498601528631935  0.00660978280092735
  0.00849699947055953  0.01066727897057643  0.01296356885928985  0.01546932530786984
  0.01809677354808311  0.02096586291567112  0.02420694213838556  0.02723879610100867
  0.03035842379245305  0.03357388144713053  0.03704148159487906  0.04073682118632160
  0.04481035110744200  0.04885176389537781  0.05302701680482896  0.05721200234525317
  0.06139236091119252  0.06558652316928106  0.06965779142860364  0.07397600834053245
  0.07833108870058865  0.08281585019078534  0.08749652864810553  0.09231598730875180
  0.09718711053244468  0.10245980521679790  0.10782285135256289  0.11382911919640044
  0.12000924701644002  0.12661921464537074  0.13341001355206686  0.14034050265585254
  0.14722240050917826  0.15387310865071391  0.16058277581477393  0.16754679393438421
  0.17448506360542462  0.18157574753734315  0.18909193080924802  0.19650891529368877
  0.20424431229700188  0.21350963103483081  0.22249231626726504  0.23144286802249187
  0.24031083343513338  0.24925670633936137  0.25836829739774103  0.26746871980517495
  0.27655993169596277  0.28607735790420002  0.29545401350341455  0.30510296197257408
  0.31495481588742386  0.32492444359150713  0.33504987501196043  0.34534262367112672
  0.35572148784180274  0.36622472666492994  0.37682272888944179  0.38744329379510645
  0.39802035759075927  0.40856005043265825  0.41924591120320642  0.43015532118955419
  0.44103038877848860  0.45192806784909795  0.46296406834151993  0.47423982858785363
  0.48571575538062761  0.49741302220111039  0.50914540622927362  0.52127824953868707
  0.53386050423424725  0.54655794719738704  0.55959901409783608  0.57216626878587096
  0.58452183188135198  0.59671034303340686  0.60881067171501113  0.62106863671331336
  0.63328420470008884  0.64531202840687718  0.65711424440731925  0.66885765257070884
  0.68060491846933868  0.69204336421953083  0.70189939021448089  1.00000000000000000
 -0.00249608972833101  0.00961433910163870  0.02015913487445560  0.03022617504556099
  0.04009483177938481  0.05049323736261369  0.06087295755696050  0.07144624832342902
  0.08149555456891057  0.09249813407734231  0.10363933195340655  0.11470150412636593
  0.12579208784731932  0.13653006986945643  0.14771555502385725  0.15933473020179809
  0.17096953825853961  0.18212203355924150  0.19320069145115171  0.20452487640035560
  0.21521343347916805  0.22579450347909646  0.23640329347029648  0.24725716656708790
  0.25798626269906894  0.26826857192917053  0.27861154939108734  0.28903177261808166
  0.30008228953017968  0.31104707311806729  0.32158662745431199  0.33212275867393143
  0.34289376629811963  0.35354507448029754  0.36337676941859798  0.37339254737746580
  0.38384522137996485  0.39481644847457964  0.40604100570857060  0.41750305769662810
  0.42893847673575425  0.44031779941000115  0.45144609854238221  0.46249344095804967
  0.47309364122386316  0.48365339693761000  0.49419137319152701  0.50485202913691174
  0.51555464885449198  0.52626149227990826  0.53701868340699266  0.54748854976934092
  0.55765535332274596  0.56805597117464990  0.57845637636269420  0.58874632091221268
  0.59895847146949177  0.60964980478919784  0.62107963033740554  0.63300412298207553
  0.64515520866268039  0.65730171252779646  0.66902377250371070  0.68032679288160014
  0.69128049307329120  0.70201294332433273  0.71262793407678870  0.72305266331314200
  0.73358972422021440  0.74439147991196231  0.75528498910293129  0.76611284809843538
  0.77717970075040710  0.78842554999760883  0.79921784484669134  0.80936346280673721
  0.81944849480492665  0.82977354814691140  0.83986188916410853  0.84960388096321127
  0.85916900825036546  0.86895501498667627  0.87903870248725680  0.88939087201870848
  0.89928485785492795  0.90853665968213837  0.91785721372984252  0.92752910155813928
  0.93728613165337638  0.94693734075583513  0.95650699756846547  0.96547228205865676
  0.97423040147046025  0.98279950685933981  0.99123933392668939  1.00000000000000000
 -0.00299599123203844  0.01085277542886224  0.02225191528493528  0.03288410446832453
  0.04301970040010388  0.05291639435611026  0.06296493344703788  0.07329480895616877
  0.08430606577495287  0.09484720182979328  0.10499209880393871  0.11504887169794838
  0.12505468490693303  0.13455248457993318  0.14404318782401604  0.15415403436524536
  0.16482804903283457  0.17533737125545965  0.18573786681530915  0.19625695327507428
  0.20645095337866282  0.21593854222925998  0.22512173809515149  0.23462058251666368
  0.24451170427115143  0.25494267965655970  0.26524016305036374  0.27609178793155553
  0.28720565962440969  0.29764760743178220  0.30779481838688755  0.31807618946840294
  0.32888292126581220  0.33996715453307041  0.35103802063728307  0.36194590909271540
  0.37259841150154099  0.38329588029263129  0.39440531173073801  0.40598956547271509
  0.41791539011015949  0.43002815600268096  0.44200019504605509  0.45332093751662117
  0.46463875831261064  0.47611211074806753  0.48762334099896887  0.49860485839783181
  0.50871048242127248  0.51850875707979782  0.52809442340966495  0.53818226907943389
  0.54818207148063258  0.55823024870491333  0.56912367030794875  0.58066632712098964
  0.59279156147489320  0.60483960881573717  0.61637923320038479  0.62789753888986333
  0.63915578092000513  0.65029140454810985  0.66133332298445524  0.67296966330667507
  0.68516794855820762  0.69636107007384995  0.70731794010721694  0.71828145678496791
  0.72909131370547331  0.73922407855528749  0.74928505728196992  0.75970420668421634
  0.76985994094616239  0.77883793916943733  0.78752554356737559  0.79632252296175343
  0.80509858265751111  0.81396703701047812  0.82289526628524068  0.83179924465141331
  0.84121354773441248  0.85080462854351568  0.86104687751701525  0.87173441345095137
  0.88166000117985288  0.89138418609833447  0.90122834061545432  0.91146251077994767
  0.92192557891444615  0.93243787088474306  0.94293694288450280  0.95379200344150861
  0.96470419535312391  0.97684916652535436  0.98834507338182975  1.00000000000000000
 -0.00271201913203595  0.01000239170360675  0.02070827375842757  0.03132268039300432
  0.04166912762665677  0.05131239727793981  0.06072365426873297  0.07008212627879422
  0.08007462059804130  0.09029464385592162  0.10046182326615198  0.11090048177766416
  0.12136660475611936  0.13123282144848919  0.14035302895543311  0.14987496012163506
  0.16000275175242892  0.17063951855509504  0.18130698559481542  0.19159917423221223
  0.20173056305280068  0.21171747736414473  0.22216137680763548  0.23248616198347849
  0.24250384275539108  0.25268660036544371  0.26346744484907186  0.27408554764435783
  0.28387353430058132  0.29381693227658540  0.30435606393741171  0.31521400853132464
  0.32565302260541501  0.33618337297214779  0.34721764122632415  0.35835259591829849
  0.36945915851559641  0.38054753419903253  0.39194722716958053  0.40316960382901074
  0.41452099260961556  0.42597381453727740  0.43738349239512025  0.44789073804614837
  0.45825270273574886  0.46780269180912420  0.47719755260045493  0.48606929284645434
  0.49466518808376858  0.50322624122763737  0.51208543549472207  0.52119188173537923
  0.53066823931350615  0.54031258504531809  0.55014232597622126  0.56012048804640069
  0.56971466456922215  0.57893319094064633  0.58821759405851615  0.59802135674482604
  0.60864472038501316  0.62004083263961052  0.63198647631187077  0.64405758116345846
  0.65551488981282802  0.66618489720091367  0.67638050579058429  0.68646537450580447
  0.69693968122730521  0.70786326539934497  0.71950837586538119  0.73185230664184664
  0.74420540081982756  0.75601178140041314  0.76732551851972131  0.77863309353334564
  0.79008667827565326  0.80205651531827549  0.81352410236548567  0.82406755988580060
  0.83415398168812416  0.84442829050267376  0.85475047179457686  0.86475097766770959
  0.87480080536155691  0.88576687658713782  0.89742310056905039  0.90862287721295076
  0.91943531416732127  0.93010556719863313  0.94091777698776202  0.95168611756971866
  0.96288948322852730  0.97513990415647100  0.98754293197898257  1.00000000000000000
 -0.00219532952784912  0.00802434922030452  0.01717748144674705  0.02750779014140261
  0.03834149222418386  0.04887358179144379  0.05873915809471188  0.07024094133957504
  0.08209390022602389  0.09387968881256127  0.10530587394448265  0.11616121907623410
  0.12728193136166743  0.13877143160172528  0.14954524581969253  0.15944854216308679
  0.16908970895381287  0.17880847825670818  0.18867438010628471  0.19898517757155340
  0.20952094385169751  0.22007781908601254  0.23042079927929407  0.24069346276042827
  0.25120181957571247  0.26153103762165208  0.27178706438526756  0.28229396068435741
  0.29287690997229465  0.30408998540949800  0.31488933618360526  0.32514694227380198
  0.33546104509804320  0.34533825635218157  0.35485645891101358  0.36398132554685630
  0.37322623843712616  0.38364637376594135  0.39503726069814316  0.40675966292496524
  0.41820768220073534  0.42925208383713964  0.44014270653284976  0.45091496840091433
  0.46224632468600185  0.47412627319164974  0.48594871047532329  0.49754701768133536
  0.50896874692896754  0.51986689646387707  0.53023526599301873  0.54052103515798811
  0.55138995232171872  0.56281535915924430  0.57448246283724624  0.58656663231650108
  0.59884086656450775  0.61032198434244644  0.62089843796846811  0.63127848754310512
  0.64185803928374996  0.65247399395647521  0.66288577706253693  0.67273637983951984
  0.68162493712001904  0.69021350157741845  0.69855995205416244  0.70708019904854758
  0.71622519901465442  0.72611528305714856  0.73681375301032381  0.74779622187994177
  0.75848230866370103  0.76872441689947568  0.77826958922850220  0.78774567438683962
  0.79763093520243000  0.80765581094076178  0.81777400848414361  0.82798066681464200
  0.83942337685315593  0.85162442483471956  0.86280715779251105  0.87376558142148386
  0.88479089312275949  0.89559990329000660  0.90607184331024859  0.91646745306560273
  0.92806615099313561  0.93937570152338523  0.95034694026562871  0.96061794985663218
  0.97008919608249267  0.97997643475336393  0.98979259440543321  1.00000000000000000
 -0.00187852298135660  0.00788879404725277  0.01613475892684237  0.02499590192375855
  0.03457887064945429  0.04455847759746694  0.05541819602940637  0.06711171681700083
  0.07950292591690783  0.09157798095686907  0.10296223457573134  0.11419904117911985
  0.12524468425530910  0.13639933212293442  0.14728239531335197  0.15876602218359123
  0.16962106406934516  0.18005703817318758  0.19102616126664393  0.20229679089686606
  0.21282298545408362  0.22254629774674928  0.23288464328435793  0.24399213866454317
  0.25457079341202232  0.26477976341351084  0.27529395432498077  0.28595439169377868
  0.29570740382350647  0.30502586628284717  0.31484871822029881  0.32530235152057640
  0.33595111512818149  0.34631692060966079  0.35701188395028183  0.36853421530123559
  0.38029377909258455  0.39197004779617217  0.40300399993427810  0.41398936108281092
  0.42454043963747723  0.43513886164888899  0.44558101512270515  0.45601291958275725
  0.46643441659828455  0.47681948136648850  0.48689730219611527  0.49712210419093988
  0.50706318821320173  0.51739475242210475  0.52778944150871798  0.53770294770092175
  0.54750738793813503  0.55750502606116059  0.56898809960308594  0.58115100227908234
  0.59244805945570456  0.60337242484412856  0.61341517962997938  0.62322555177425509
  0.63241408080129835  0.64164241504994035  0.65088278387661758  0.66032092028726241
  0.66999907222018185  0.68062557959460168  0.69153280206064427  0.70284805124217642
  0.71443166598910279  0.72595799419221674  0.73751388336424684  0.74877155451434929
  0.75948433594564291  0.76985415303980842  0.77963645051454433  0.78947727351433761
  0.79927365845785259  0.80951490257135550  0.82065052637890568  0.83267857990108385
  0.84524411625588025  0.85675365994494768  0.86713947342299613  0.87732673047964871
  0.88756200264382190  0.89767201298172605  0.90719237521403506  0.91668411816442452
  0.92683660893979403  0.93699704268789530  0.94805482397601804  0.95899624787499194
  0.96977337644423900  0.98045508353365485  0.99030223992162092  1.00000000000000000
   2.4622889734052813E-016  -1.0000000000000000     
 F F F F F F F F F F F F F F F F F F F F F F F F F F F F F F F F F F F F F F F F F F F F F F F F F F F F F F F F F F F F F F F F F F F F F F F F F F F F F F F F F F F F F F F F F F F F F F F F F F F F F F F F F F F F F F F F F F F F F F F F F F F F F F F F
  <DiscreteSampler_grid>
  grouped_processes
  1 # 1 for a reference and 2 for a running grid.
  10 # Attribute 'min_bin_probing_points' of the grid.
  1 # Attribute 'grid_mode' of the grid. 1=='default',2=='initialization'
  0.0000000000000000 # Attribute 'small_contrib_threshold' of the grid.
  0.5000000000000000 # Attribute 'damping_power' of the grid.
 # binID   n_entries weight   weight_sqr   abs_weight
    19   10   6.024865181723026E-013   1.697839286532783E-024   6.024865181723026E-013
    37   10   3.624415225766647E-013   6.950926431517006E-025   3.624415225766647E-013
  </DiscreteSampler_grid>
