 -0.00000000442625784  0.00000162391672987  0.00001209981795668  0.00003293482626277
  0.00006416370788417  0.00010553160452756  0.00015546550587524  0.00021647845511391
  0.00028053162025943  0.00035012259947658  0.00043005367657690  0.00052063363628073
  0.00061245613401649  0.00070999752887837  0.00081181874986315  0.00091944219865630
  0.00103384904547602  0.00115810485490936  0.00127631824412186  0.00140258917714442
  0.00153154958763153  0.00166294042250084  0.00179967619391773  0.00194341850073471
  0.00208890515035721  0.00224175087715950  0.00239731264197881  0.00255276189646422
  0.00270425504939473  0.00285404305125701  0.00300905515685180  0.00317284044940209
  0.00334321196399943  0.00351493214099679  0.00369134658908830  0.00387051182239113
  0.00405233747640117  0.00423537605822998  0.00441133422728674  0.00458731597830566
  0.00476599481361498  0.00494838622812587  0.00513996377364470  0.00534133474312688
  0.00553277335026369  0.00572054078608683  0.00591089140316110  0.00609408867134715
  0.00627397122756840  0.00645682746657845  0.00664151657006508  0.00682876339479701
  0.00702282058855103  0.00721709257823279  0.00741151005570941  0.00760195890195876
  0.00778704589069916  0.00797025210721219  0.00815011706991125  0.00832241140141950
  0.00849141157558335  0.00866881597254560  0.00885844092947795  0.00904928711565297
  0.00923641232541991  0.00941972393857988  0.00959910303020030  0.00977543750348395
  0.00995001031193427  0.01012226639866542  0.01028951209764187  0.01045548915068211
  0.01061878919482843  0.01077372260295689  0.01092770498751615  0.01111136680064913
  0.01130930437856273  0.01150550200099812  0.01171769386263241  0.01193226067450843
  0.01215594671930222  0.01240177491057315  0.01266353779912421  0.01296973850828710
  0.01332956325094736  0.01378803037123921  0.01456980225098039  0.01610487434445014
  0.01752323607267626  0.01878228376166621  0.02031358216554346  0.02234321361769651
  0.02505325826874707  0.03134558041821899  0.05071128365291853  1.00000000000000000
  0.00913174065567070  0.01692946218072315  0.02661218750626351  0.03632191115343772
  0.04613203625376235  0.05592898888895724  0.06598851878415479  0.07590695744412183
  0.08568129235828945  0.09487253309352962  0.10394726434521989  0.11286434850658396
  0.12153311934799428  0.13069956245084785  0.14061078122497053  0.15105492313751601
  0.16168074923174011  0.17221990524400038  0.18296758030076285  0.19386970536104603
  0.20500215995956286  0.21695192019036355  0.22819072305641708  0.23826977268449251
  0.24829389879050381  0.25792407290554786  0.26706892455071907  0.27585107566763289
  0.28452694936489897  0.29381471702791762  0.30425095318723594  0.31510723664250728
  0.32535913182158155  0.33544574151336215  0.34599499613449219  0.35679943298200412
  0.36793468103391347  0.37932760783037978  0.39114150121262564  0.40310362241521408
  0.41485067647983609  0.42643907369892442  0.43792446053729878  0.44957115488630356
  0.46166086436527842  0.47385787278556968  0.48630981733208672  0.49805062167152558
  0.50941641517213054  0.52071733881119275  0.53206515094862028  0.54239300010057090
  0.55154755342039918  0.56085260534259018  0.57052647739773898  0.58000867580089377
  0.58921022060699380  0.59831546428907734  0.60791067864084525  0.61901610474430646
  0.63029171855910759  0.64175392435123746  0.65296215733741525  0.66350264655824165
  0.67387760956664511  0.68364591488282722  0.69353973474298092  0.70352456102661498
  0.71400901335518019  0.72466816422682356  0.73609559775691569  0.74787116041382995
  0.75927969879969281  0.77034302862828019  0.78113832201804734  0.79146561196276977
  0.80125667950009294  0.81069434107624827  0.82013636407164137  0.82999495014208335
  0.84059395313795027  0.85184661599099065  0.86275622462056134  0.87326074491447769
  0.88424425227028269  0.89574789490424289  0.90717624129126306  0.91831046170238040
  0.93015334652676107  0.94165192641076678  0.95262547412303611  0.96355381257390338
  0.97496241137733297  0.98421893208796363  0.99096543284397198  1.00000000000000000
 -0.00002040278175576  0.00025072907114968  0.00072628230862199  0.00144964796442073
  0.00245396671703059  0.00370574137068865  0.00516576089064936  0.00710131897312641
  0.00907488170161527  0.01111238983844351  0.01382994819087447  0.01660455806450371
  0.01919252400605216  0.02169572732005326  0.02476348719678772  0.02808545360024584
  0.03144764230328521  0.03487991985625720  0.03851654654147171  0.04235602267203600
  0.04643340051515437  0.05078270851190236  0.05564339703855664  0.06014564556484933
  0.06456271485374869  0.06897962139246111  0.07372421608253120  0.07860531787730014
  0.08335464168105618  0.08866653411581325  0.09440505349563151  0.10001068626443692
  0.10576263810939271  0.11200624068323292  0.11844222089481683  0.12456882584051522
  0.13118491660975826  0.13837573419036114  0.14581731367602380  0.15330919668982429
  0.16060174166157529  0.16833266671896849  0.17663318606206041  0.18475094051091376
  0.19278511746950036  0.20067256403974970  0.20824443126364697  0.21576611985082761
  0.22327989969618642  0.23224641067136378  0.24165485614742310  0.25086222543330505
  0.25974082351380129  0.26844259166325585  0.27735319531111802  0.28670926438657457
  0.29639860920018624  0.30634924468180413  0.31645589883162800  0.32627770187237026
  0.33582230907357757  0.34646344244268101  0.35736925402462910  0.36857820980073774
  0.38005819533932877  0.39231262570993514  0.40567247830705211  0.41938054589251272
  0.43363584168229097  0.44927633671542738  0.46572851391388964  0.48279082622371955
  0.50046193592612054  0.51855372469036731  0.53620401428593778  0.55476000673559001
  0.57393082982499422  0.59384230116044190  0.61493934434587250  0.63650352496971241
  0.65773445945629416  0.67743474986945273  0.69714572943400532  0.71840670914844251
  0.73990565227088334  0.76083764596064485  0.78092910734762677  0.80129109872543702
  0.82247635097114347  0.84471437989996279  0.86712684461545186  0.88736674907619739
  0.91238897742076208  0.93783549238002695  0.95863279764601761  1.00000000000000000
 -0.00285257594158126  0.01099755499343053  0.02218396700206057  0.03449987913747225
  0.04733873279136009  0.06155284874380032  0.07366671963752940  0.08509280961866753
  0.09624567764260525  0.10761702572763311  0.11895593490694273  0.13022778808439436
  0.14181817008947292  0.15357520942571296  0.16545995835166150  0.17761592178948107
  0.18884291051558114  0.19773551795638392  0.20703076487716984  0.21619102071631432
  0.22527673764021100  0.23470177868735917  0.24413235994608040  0.25455415925006181
  0.26723426119941668  0.27989593612799674  0.29216343087574270  0.30379192356263657
  0.31547418112951864  0.32765576197664864  0.34009936775081967  0.35248690023530843
  0.36430808094572587  0.37601991117552941  0.38741797185626992  0.39925996237780781
  0.41093544799850168  0.42159747607845582  0.43175928837550864  0.44171032427435025
  0.45187024266051978  0.46283474448214329  0.47358760504679587  0.48427206732083933
  0.49555579591853594  0.50685182672668594  0.51842104292270463  0.52893545169392919
  0.53895768201508687  0.54891652851943773  0.55870112576952657  0.56864727498818446
  0.57871394897270878  0.59000357957433081  0.60201487501433304  0.61368034864855892
  0.62559521271314056  0.63792671920876109  0.65014131306216505  0.66196050432909759
  0.67329270840499811  0.68436631447855256  0.69538952863635195  0.70618329938079871
  0.71654169296614822  0.72652119252446479  0.73590072532965334  0.74471549453879748
  0.75315473840878988  0.76082129246455932  0.76871087923452197  0.77646644617132421
  0.78422304815646138  0.79228402945243215  0.80056840085457115  0.80851455525712013
  0.81757187704662837  0.82728195415520389  0.83773345436358793  0.84835407089140324
  0.85921418737428013  0.87008467723140859  0.88046071366770851  0.89036457439444006
  0.90009282283762382  0.90971526666725555  0.91917334718252064  0.92854047530824568
  0.93802739463230822  0.94727831489899283  0.95659121493947252  0.96553556121186146
  0.97424861124668105  0.98278725394466238  0.99144708040817453  1.00000000000000000
 -0.00271129312657378  0.01022664191940071  0.02040333905327322  0.02886499042487024
  0.03713664593564493  0.04562742055882374  0.05486688708910568  0.06402637878908575
  0.07318750188805745  0.08278021495948913  0.09357073052157189  0.10550716848805108
  0.11542262532376013  0.12567578533004731  0.13592186273071283  0.14628111640253541
  0.15674546813809892  0.16724313754261586  0.17993054695894506  0.19140631550280537
  0.20074072158102702  0.21000716389337670  0.21953610940197563  0.22936617516164845
  0.23943541666411844  0.24939628189201271  0.26048209282567980  0.27138527217023872
  0.28197327327919125  0.29253620523713941  0.30360160495647315  0.31443043140328136
  0.32530305270950532  0.33594378636739214  0.34697673063007273  0.35779041032430975
  0.37118997869834641  0.38267534865702119  0.39377152866963666  0.40536823703094976
  0.41692550691846397  0.42866601798142112  0.43894295920645870  0.44811107755118618
  0.45702832066547566  0.46630226626863092  0.47585965406878783  0.48533346133821242
  0.49434999174053046  0.50366420995850392  0.51436631336667893  0.52533624804492218
  0.53639313539568667  0.54645846297499334  0.55536074529901669  0.56439454525209864
  0.57361648214327199  0.58313348770256057  0.59285951601329712  0.60228509010746734
  0.61296079444110008  0.62293323000220979  0.63383949176197363  0.64475586488340553
  0.65624246013844600  0.66727425936131557  0.67722385684022912  0.68673662219829745
  0.69610094668975153  0.70567084764333532  0.71573395991831945  0.72593599725590163
  0.73677690712032129  0.74827750465079701  0.75922405650612157  0.76998644010464434
  0.78125454421729357  0.79302534165116423  0.80553915681020216  0.81811705998789774
  0.83004723860540774  0.84156804371223604  0.85307669472834491  0.86601544100960726
  0.87966737007823770  0.89283819769817430  0.90630422485184259  0.91935783221568124
  0.93017001201874472  0.94082593698676420  0.95093636303590368  0.96036736651265775
  0.96967873408493688  0.97916274160237737  0.98974389422020093  1.00000000000000000
 -0.00211076322842471  0.00838643119570084  0.01734866557040855  0.02748608979664294
  0.03778294487362320  0.04820964091142561  0.05818315414712810  0.06827776074391792
  0.07890109630695069  0.08948886897041231  0.10023226398239421  0.11162030285160063
  0.12393853985466879  0.13519990634634366  0.14528076917167074  0.15590256263174579
  0.16645868170716641  0.17718120841238130  0.18760427694784756  0.19886097605760378
  0.21002542934880311  0.22107982736513956  0.23207836583508595  0.24346763031107493
  0.25481256015748899  0.26560238694290317  0.27593030304175997  0.28649280183467851
  0.29765366410741317  0.30892066533273466  0.32059908392633868  0.33227865283126051
  0.34400477475992969  0.35606663639143060  0.36839229066147045  0.38031473867481608
  0.39147070463126082  0.40208411263122223  0.41232944702264257  0.42228863279376377
  0.43224835185708643  0.44299672123859191  0.45354620307852062  0.46366449742374527
  0.47418764077274184  0.48555387156252028  0.49767393199535803  0.50871295352701695
  0.51917408281399657  0.52979640005227158  0.54034396745674762  0.55103301362118773
  0.56171999915173210  0.57233845120930338  0.58296786009797841  0.59372617386636151
  0.60354418033759571  0.61265489172766885  0.62199477119980151  0.63232587104028715
  0.64308172259162966  0.65302201379843716  0.66230240486585845  0.67187630563880374
  0.68171034481896553  0.69130714925044046  0.70084586743133104  0.71088012128885980
  0.72161739829135974  0.73223660148704928  0.74242069174443637  0.75271069215858266
  0.76341375696451541  0.77403074657621618  0.78422130863126138  0.79482788881281430
  0.80580788021665661  0.81588272055599198  0.82529402414450326  0.83542442881944357
  0.84662828506601373  0.85758971448820476  0.86746992779096976  0.87740742570830033
  0.88796994957642905  0.89899871114104390  0.91057345822826075  0.92093444380071798
  0.93029036867610604  0.94001351703479685  0.95036210153221556  0.96070041285034025
  0.97048221830022108  0.98047651543176961  0.99051386714016654  1.00000000000000000
 -0.00245955149953887  0.00965949677427372  0.02029155314170100  0.03120107106755475
  0.04096543301472705  0.05163489242118405  0.06202292909394010  0.07105151005784674
  0.08009034830353809  0.08969638973029839  0.10036691510049717  0.11085689784588186
  0.12067714612603254  0.13111636801006027  0.14271460442419895  0.15446318666949524
  0.16553973469930869  0.17643485665843173  0.18688790558967408  0.19960641917446409
  0.21110966330825925  0.22249554883717160  0.23378972923815267  0.24489286621231146
  0.25479277085651814  0.26374757414659700  0.27258804569878414  0.28140537996075193
  0.28997161782311848  0.29917426925828805  0.30780338686853476  0.31732955155396703
  0.32791358520844704  0.33880276468686499  0.34956612321727409  0.36031928479764308
  0.37049850034936066  0.38226801377526953  0.39405371358918506  0.40583438832713292
  0.41816536893122347  0.43095427575412509  0.44370367212538581  0.45577674842228699
  0.46628805200964091  0.47576772988665794  0.48503175328421072  0.49419534527164088
  0.50454348978410357  0.51534985321902260  0.52707103401288335  0.53907514464319872
  0.55121318684035581  0.56319202811024194  0.57502821715513586  0.58653337326224331
  0.59799657773841031  0.60820270194799164  0.61757303823275533  0.62691922915567699
  0.63626662415679325  0.64575645539821547  0.65543141539076444  0.66545468175793177
  0.67629617702291644  0.68724125825927507  0.69818186837511176  0.70995098207255236
  0.72226483388281915  0.73465183449744009  0.74660815279469284  0.75881233397266146
  0.77091137580909541  0.78282507632442910  0.79464721895753554  0.80577540986883744
  0.81652405750479762  0.82585146250116981  0.83505537402767904  0.84469031037298892
  0.85501061307896786  0.86603527160221438  0.87719248842284481  0.88796613944402181
  0.89800178245432416  0.90758510107795654  0.91757193511561008  0.92802298445077647
  0.93819043102413546  0.94729120230352226  0.95629768902801937  0.96557820584705700
  0.97498512053705222  0.98370175466036336  0.99184375139955350  1.00000000000000000
 -0.00265946710720395  0.00916521557831555  0.01983915505014679  0.02992171126470523
  0.04022184008323318  0.04974874955820924  0.05915056770902755  0.06721006026330686
  0.07512658023595790  0.08370004651971104  0.09246555607506836  0.10084788289764733
  0.10892812243131642  0.11728665145876262  0.12657091746256036  0.13713809979975181
  0.14805369104176405  0.15914645517127640  0.17032090769439884  0.18167834048083970
  0.19279585082440628  0.20385041688652106  0.21534882242765668  0.22680283221034606
  0.23811161848454249  0.25010053419177097  0.26296919480841408  0.27507339627028721
  0.28544162023847791  0.29542530781135590  0.30551950425298663  0.31550485763555269
  0.32508992172845663  0.33477879930514765  0.34565843609920111  0.35737219903790701
  0.36952860457279607  0.38115457844971007  0.39218751158195003  0.40332392473880541
  0.41469289326945263  0.42636065329731404  0.43786687194866031  0.44758783946229691
  0.45667953119025617  0.46593063709657556  0.47539782804688102  0.48504408885084638
  0.49424409872595787  0.50541859528030753  0.51792015912438971  0.52904323709678858
  0.53939085129312370  0.54982910946609520  0.56004811478367089  0.56995481484702393
  0.57955011815364077  0.58982534294480737  0.60079726796752997  0.61172948735455501
  0.62315674288281986  0.63490303683750593  0.64632563101623297  0.65751317678084487
  0.66856001278954236  0.67946872766304423  0.69032584992920187  0.70133571747612167
  0.71234569306429940  0.72313245132810744  0.73442638784754399  0.74606859283482507
  0.75724382962257120  0.76761205640771535  0.77744716775502176  0.78613767894883391
  0.79440157670909495  0.80268779028166226  0.81163861191575648  0.82150696944167600
  0.83159968511657423  0.84292699768679924  0.85509700175120706  0.86666771554242072
  0.87759868979404243  0.88796898467868424  0.89816580031080306  0.90844925225961981
  0.91932697105827499  0.93096621942893221  0.94338780984807669  0.95576222274899469
  0.96682296273872459  0.97807217916187605  0.98878365039115679  1.00000000000000000
   2.2963740346742126E-012  -1.0000000000000000     
 F F F F F F F F F F F F F F F F F F F F F F F F F F F F F F F F F F F F F F F F F F F F F F F F F F F F F F F F F F F F F F F F F F F F F F F F F F F F F F F F F F F F F F F F F F F F F F F F F F F F F F F F F F F F F F F F F F F F F F F F F F F F F F F F
  <DiscreteSampler_grid>
  grouped_processes
  1 # 1 for a reference and 2 for a running grid.
  10 # Attribute 'min_bin_probing_points' of the grid.
  1 # Attribute 'grid_mode' of the grid. 1=='default',2=='initialization'
  0.0000000000000000 # Attribute 'small_contrib_threshold' of the grid.
  0.5000000000000000 # Attribute 'damping_power' of the grid.
 # binID   n_entries weight   weight_sqr   abs_weight
    25   10   1.915094459456764E-005   1.125809045584475E-009   1.915094459456764E-005
    28   10   1.028090335386940E-005   2.032498247403023E-010   1.028090335386940E-005
  </DiscreteSampler_grid>
