 -0.00000000453735786  0.00000376942212037  0.00002740023318174  0.00007693283992213
  0.00014699085686135  0.00023558207984863  0.00034040971732485  0.00046707587149416
  0.00060925483498456  0.00077403044017887  0.00095560555809944  0.00115350968437641
  0.00136470455933820  0.00158823222641310  0.00182211635698804  0.00206206824851560
  0.00231135602821512  0.00255935631861005  0.00281693056437287  0.00308397272348474
  0.00334957302953076  0.00362618128739460  0.00393074576302987  0.00424434027243938
  0.00455333979487912  0.00486335933426155  0.00517192375757057  0.00547578576133420
  0.00577447170722517  0.00607510024290118  0.00637131950629136  0.00666304345201612
  0.00695217934839921  0.00723867624444174  0.00752876075586300  0.00782271804546421
  0.00810485402953949  0.00839553992583351  0.00869635907566778  0.00900473719082650
  0.00931563216465190  0.00962463920421354  0.00992999345416181  0.01023345708909494
  0.01053430745281065  0.01083151996974765  0.01114029556772408  0.01147480012502915
  0.01181641295920759  0.01216116478352704  0.01251403714117238  0.01287689717795469
  0.01324457437797174  0.01362401435713403  0.01399422785396537  0.01438619501641825
  0.01478642188350938  0.01524466402376554  0.01572773578933472  0.01620483201341198
  0.01668224189756735  0.01715273774487140  0.01762135372290355  0.01809667432274916
  0.01857827797210451  0.01907767911147945  0.01962287844479352  0.02022648924140624
  0.02084158050548883  0.02148141576576280  0.02213220700356388  0.02279587488607729
  0.02347892959807971  0.02419359463332834  0.02489743246696342  0.02560898343900938
  0.02641814813388981  0.02733837247223692  0.02824952554486465  0.02916823240364476
  0.03009904055200740  0.03102979134908996  0.03195166835710872  0.03288586996960647
  0.03405322510216247  0.03533531888014391  0.03689823925136525  0.03867782486163676
  0.04057915272128951  0.04274362350460851  0.04512589216184561  0.04926039850439572
  0.05458174126194035  0.06559343053071186  0.11556207605821407  1.00000000000000000
  0.00947274668362752  0.01571114797510495  0.02547683289100205  0.03681086837465046
  0.04698250366196548  0.05621303497614923  0.06536535437280579  0.07514090195639364
  0.08588750226179601  0.09746272513134106  0.10897155031646297  0.11992285098417237
  0.13098816350509707  0.14255531525871967  0.15353522774511535  0.16479321338645619
  0.17794986381925690  0.19174363538610834  0.20498836411069252  0.21708177960613198
  0.22758887955089710  0.23715925596331827  0.24579218622738702  0.25500930024476476
  0.26475821741945743  0.27449096370865472  0.28355897082390313  0.29255949930711883
  0.30217027391678153  0.31176468750552672  0.32052330340619350  0.32910559878828943
  0.33826802117219879  0.34755760514974637  0.35715048579632414  0.36707525091914656
  0.37725658123121497  0.38839612254107747  0.39898272584123334  0.40900438352091412
  0.41918511517017853  0.42877417258935746  0.43868259244660723  0.44848646818495308
  0.45811966828835171  0.46791020909966119  0.47775611114710842  0.48886211348494724
  0.49987917008567728  0.51269049050519933  0.52579317032205175  0.53870620776828737
  0.55153810961357774  0.56366975673184772  0.57454525222021668  0.58462008206087890
  0.59438922306917685  0.60409764120020382  0.61386495698849086  0.62337881780416127
  0.63325158082711308  0.64325275569857499  0.65314753865335184  0.66307146929799277
  0.67348176188966080  0.68419446493579816  0.69433547311396282  0.70434389506093076
  0.71493664651714151  0.72603164511180507  0.73736380060826578  0.74889817917715418
  0.76051996036236880  0.77195912131915656  0.78266353470800509  0.79278342959409609
  0.80290374437721090  0.81297413292296417  0.82329002055670231  0.83352624308900392
  0.84338736696448824  0.85312839842098565  0.86289615280579701  0.87297082236406531
  0.88322264641849801  0.89362834167575511  0.90454389147932357  0.91543275983842753
  0.92557771352226115  0.93536088354657621  0.94542885562394385  0.95580161159842425
  0.96617892136643346  0.97661199543270683  0.98772151474035186  1.00000000000000000
 -0.00002043633965841  0.00025224110410667  0.00074535159376543  0.00150308468890048
  0.00248722555448662  0.00386162827580620  0.00539323063829905  0.00717479059953117
  0.00917799462865552  0.01144556229555409  0.01391064154969341  0.01640257370972733
  0.01918504545262334  0.02236879854308711  0.02566362824850484  0.02897011436573303
  0.03226128561917885  0.03570798146710509  0.03932717786860894  0.04311097845994494
  0.04703616260552283  0.05123319138735075  0.05555079585929960  0.06000631628453948
  0.06467487887061547  0.06953563751222117  0.07454115531882549  0.07946872847037088
  0.08407142690349222  0.08897415051619512  0.09395261073214337  0.09917704176547029
  0.10471360795099660  0.11070149011005455  0.11700081620162532  0.12321131071347934
  0.12926823187316649  0.13606718298620873  0.14304423975744529  0.15012356049054956
  0.15678693425734311  0.16359246274951636  0.17035467069088223  0.17739223586090533
  0.18483023689251679  0.19257658844060352  0.20068278874002521  0.20930125335954441
  0.21837641901036822  0.22740399661577904  0.23636732165953306  0.24525939563326729
  0.25400535211389097  0.26285956438028896  0.27205252066929853  0.28157671770384546
  0.29129332327691315  0.30115146352684574  0.31135348168670302  0.32307265366318910
  0.33350379554881981  0.34489091656192311  0.35716047474632923  0.36985580224463938
  0.38287285081019606  0.39695661739776222  0.41137859285020983  0.42589026403477043
  0.44067120170395629  0.45569674549037520  0.47080299174642198  0.48639352464284635
  0.50203463267732440  0.51825276595305048  0.53463885539783729  0.55091760520129529
  0.56752314972890294  0.58405510973626407  0.60115990055037738  0.61860476507223117
  0.63649977806730795  0.65499007958709621  0.67384815016935706  0.69441205982828469
  0.71425044782899505  0.73356625425830135  0.75247271378542158  0.77042407595028750
  0.78896921397305408  0.80790228248555107  0.82691642832222945  0.84593342302253927
  0.86458162148270790  0.88184427570673218  0.89535090894172531  1.00000000000000000
 -0.00238617874764601  0.01006570951311041  0.01969138598806132  0.03031856478821017
  0.04068211071600937  0.05128747953682532  0.06158455718753938  0.07205467966158484
  0.08317864944305887  0.09335450461018231  0.10330371335115521  0.11311154863946987
  0.12295591705174172  0.13347186442478365  0.14426963824821631  0.15528887468660219
  0.16635052762241848  0.17743441065902688  0.18820849939116796  0.19810050525152195
  0.20775621338461286  0.21753574938243972  0.22737447530443772  0.23729811465251816
  0.24695982847030845  0.25688712595304447  0.26627608163639105  0.27545993484895526
  0.28491923570276301  0.29519584488001666  0.30603633647654260  0.31712205983405156
  0.32839686609782420  0.34004347070594587  0.35224317778173775  0.36313887478261991
  0.37378002941132593  0.38431408746541385  0.39464764839432587  0.40472054743752878
  0.41490292113916083  0.42522314277863243  0.43547340794804179  0.44574630711018887
  0.45618150909334737  0.46703866429031382  0.47779637857313312  0.48833894901038338
  0.49899345757016128  0.51001064001050589  0.52109253251546472  0.53147110331826797
  0.54125583499091123  0.55100736450210597  0.56109544852010451  0.57159932576472150
  0.58187227733944924  0.59205869171051106  0.60247037986189755  0.61366125801865534
  0.62549334585711691  0.63692793178261298  0.64785274503095913  0.65814850249739842
  0.66824568613199054  0.67834982488876827  0.68825378831127504  0.69840035127653888
  0.70938976106233909  0.72124759621278600  0.73337489400772826  0.74539330924978064
  0.75670645211228194  0.76842029546430679  0.77858086324272746  0.78852776456691209
  0.79902546983186318  0.80987770221579369  0.82027575370607697  0.83020988736344581
  0.84104332348019151  0.85311328510664775  0.86486426308188158  0.87649359748654698
  0.88856221612756070  0.89988559106059574  0.91021821416273463  0.92053845358666164
  0.93042926616330901  0.94041166099653728  0.95027372618632222  0.95972474311824851
  0.96973388221653156  0.97968364741519953  0.98993112148219153  1.00000000000000000
 -0.00266681240121056  0.00978729288839353  0.02113124834152260  0.03250603955077951
  0.04340695398955777  0.05369193114578491  0.06361322919390061  0.07305739280599975
  0.08235583766526750  0.09150809066789338  0.10056855703067838  0.10945406924880199
  0.11818519009210951  0.12690507359647032  0.13705802033122177  0.14725688503059609
  0.15694484410886778  0.16648313898621253  0.17618650187077015  0.18589045556848358
  0.19550853853762423  0.20517232559821702  0.21500722831809513  0.22504816938641720
  0.23513511206019783  0.24563891509647259  0.25656017485178900  0.26826313941436147
  0.28099462885913484  0.29376567802895531  0.30509703132246391  0.31525986227876551
  0.32493982028980917  0.33418204347340114  0.34366408791909858  0.35323282811118523
  0.36309515886630628  0.37306325349779801  0.38328701175120017  0.39372187781056295
  0.40400066926337497  0.41412380535449311  0.42455164370372495  0.43603592752855413
  0.44778335665147889  0.45943822975836901  0.47127257766900588  0.48261819605057071
  0.49358770971831128  0.50429092738374282  0.51461919008933987  0.52505752634004887
  0.53510140322551991  0.54641876932505817  0.55816992653089204  0.57161029197257540
  0.58421706037181631  0.59620613038507964  0.60723226776822281  0.61751621200206697
  0.62784599089965654  0.63786841588363308  0.64795105727199631  0.65833539499598648
  0.67029710704801437  0.68252472788325391  0.69331197303906411  0.70305379055865647
  0.71285150864993030  0.72225031848865895  0.73178998206282053  0.74171426020976139
  0.75077353311155748  0.76137449673862934  0.77167947330624231  0.78282296683091501
  0.79430819521672402  0.80561063606871186  0.81618634091606779  0.82650813821243163
  0.83710856314350734  0.84871739486691444  0.85948075396972246  0.86955561786528945
  0.87942866236165751  0.88925426447568190  0.89889211300025962  0.90811236936518713
  0.91730433864622540  0.92755584058216156  0.93911792450208753  0.95172118728782473
  0.96324803333305309  0.97495110234015658  0.98659004773125203  1.00000000000000000
 -0.00304555285433865  0.01188543951034170  0.02354554139871862  0.03467098842919324
  0.04550533024761735  0.05698947672553862  0.06765793489744203  0.07738041880159158
  0.08691482989414444  0.09691917327548112  0.10693418454070108  0.11658709206154337
  0.12676510467717081  0.13788369736759740  0.14897502482949260  0.15958300024199007
  0.17025202317608312  0.18039910685117924  0.19026588449131929  0.19991633323804681
  0.20937875724756089  0.21896810862325497  0.22871766439645250  0.23905006925189778
  0.24959549714566692  0.26013369173938156  0.27088483323718149  0.28150330249191374
  0.29155230454939374  0.30121256996484697  0.31114147138927689  0.32189960091950492
  0.33275237777162703  0.34240872392453658  0.35155380846534445  0.36115423574776029
  0.37079319455584603  0.38004698306861484  0.38886146390520598  0.39782112195830854
  0.40743897324501377  0.41724776182903522  0.42695241968007486  0.43623019876102653
  0.44527761955620476  0.45489782411500368  0.46457370429758288  0.47387209359246035
  0.48266469302548309  0.49162308561868223  0.50056688377272851  0.51041035372179366
  0.52027927479659952  0.53058206686173492  0.54123598118085714  0.55212750219676776
  0.56322336597318090  0.57434583124118399  0.58560082989123829  0.59808128049325582
  0.61041837938600541  0.62233554315053907  0.63389615320457304  0.64545673657842106
  0.65749351148398349  0.66914086294618891  0.67949572075906006  0.68930834042274125
  0.69924939196161340  0.70923162099726855  0.71904231534168450  0.72908699776344177
  0.73972000629433898  0.75086438881486106  0.76234725306502815  0.77439090794586740
  0.78644889581631727  0.79815973239617388  0.80983608565951093  0.82221950165746860
  0.83544519329369404  0.84805999678007760  0.86013331146933492  0.87161731401284681
  0.88276943571011546  0.89411341211656281  0.90567789086817707  0.91720754499113244
  0.92924026060290132  0.94029088404774297  0.95077949329006683  0.96128681761178902
  0.97149825912286480  0.98134139692192657  0.99045553370730233  1.00000000000000000
 -0.00256623201215482  0.01070638218064257  0.02167237608590632  0.03320018404722130
  0.04392846138732381  0.05437286776682119  0.06494682166815827  0.07551013430533556
  0.08538753766023477  0.09463875656664578  0.10433031341199508  0.11468540813147156
  0.12575958298709136  0.13756666948868793  0.14946620490160059  0.16199925788185165
  0.17269870846904761  0.18314783822264849  0.19302641080390656  0.20304592728275025
  0.21293760294227304  0.22261817271828999  0.23275064985789268  0.24351481933077093
  0.25487677010108090  0.26563030909834112  0.27618675950104082  0.28640938957073436
  0.29736907883069164  0.30874093214718534  0.31994659372602791  0.33108073615249523
  0.34343811878841396  0.35568954084247029  0.36723636187729258  0.37836433193726271
  0.38939847443349801  0.39986579076915812  0.40977909413775088  0.41953922863273735
  0.42886493970647588  0.43807935802085013  0.44743439397968393  0.45676813134531147
  0.46585369066487425  0.47473741952367343  0.48410533003895562  0.49362441752978692
  0.50334305275065616  0.51291158655940250  0.52252523010260721  0.53249401832187682
  0.54288661267988403  0.55341091318366542  0.56415028919485299  0.57499064661772459
  0.58555524351376176  0.59591441419031010  0.60635703941347774  0.61646492023584687
  0.62605537306170833  0.63553427300294718  0.64529769145924298  0.65557401888505451
  0.66627796952131768  0.67703211481902303  0.68780061969081341  0.69877487372254254
  0.70992469468928820  0.72104339745055623  0.73183658091278136  0.74227166117613208
  0.75282525170147485  0.76349401350872348  0.77383260133234300  0.78373956474747608
  0.79371858447033194  0.80416153674954183  0.81484976559401345  0.82536765573847093
  0.83598961404401384  0.84684064998735431  0.85756093783681075  0.86808227606351018
  0.87888841422381447  0.89008459265774942  0.90131013962942153  0.91268214773589540
  0.92417765076687364  0.93656071727730894  0.94799698754261286  0.95938780795755751
  0.97018339338354809  0.98079565533994217  0.99045308349307548  1.00000000000000000
 -0.00270486280565006  0.01013903496551812  0.02150436371637950  0.03211615887839335
  0.04281970668397478  0.05361802041488781  0.06412618727099396  0.07426249770554588
  0.08426452376485996  0.09443433416251262  0.10497715571320630  0.11520975230992871
  0.12502531039305204  0.13498712389430262  0.14497948972516433  0.15488305260379376
  0.16463587183485565  0.17445114409731460  0.18397217697342963  0.19317964642456112
  0.20187644976197550  0.21105952420616694  0.22088010132251787  0.23124706719779506
  0.24200033919096467  0.25339541319014169  0.26509354170201138  0.27728657729499634
  0.28949763017456459  0.30147042841790156  0.31298944537042295  0.32389905770150756
  0.33417379426376992  0.34367896122728053  0.35296182735988196  0.36239564073544578
  0.37165019239984054  0.38137887293113037  0.39122586762323469  0.40321029837383587
  0.41518780315197645  0.42587690643984927  0.43605882278489222  0.44631670826424008
  0.45652738312247193  0.46659980523563394  0.47702515374841126  0.48808544161869294
  0.49990330587576132  0.51207753337883544  0.52433777655639402  0.53643265939117535
  0.54811626779929878  0.55958048747746458  0.57089408366838157  0.58154820112840222
  0.59259772986701542  0.60403685362352832  0.61581824485640502  0.62717948363623954
  0.63764280390393036  0.64766328088799874  0.65767111368781694  0.66779430821486907
  0.67808558740817215  0.68888945051427086  0.69938043412517847  0.70919180061609610
  0.71796776299719722  0.72630531371976959  0.73500285702274881  0.74431315992016678
  0.75442365218671936  0.76484031887138149  0.77500132139802302  0.78490096377393570
  0.79494929418976867  0.80542110453601046  0.81645922791926517  0.82741577899902286
  0.83830830193329542  0.84931227158593292  0.86021870218938834  0.87181273625009481
  0.88346916738728809  0.89542190755231088  0.90607657495587590  0.91656324732936412
  0.92636381417921032  0.93607035645439207  0.94582591050891396  0.95597226357974363
  0.96656205698922071  0.97778876978819818  0.98861594925781260  1.00000000000000000
   5.8633523799513402E-016  -1.0000000000000000     
 F F F F F F F F F F F F F F F F F F F F F F F F F F F F F F F F F F F F F F F F F F F F F F F F F F F F F F F F F F F F F F F F F F F F F F F F F F F F F F F F F F F F F F F F F F F F F F F F F F F F F F F F F F F F F F F F F F F F F F F F F F F F F F F F
  <DiscreteSampler_grid>
  grouped_processes
  1 # 1 for a reference and 2 for a running grid.
  10 # Attribute 'min_bin_probing_points' of the grid.
  1 # Attribute 'grid_mode' of the grid. 1=='default',2=='initialization'
  0.0000000000000000 # Attribute 'small_contrib_threshold' of the grid.
  0.5000000000000000 # Attribute 'damping_power' of the grid.
 # binID   n_entries weight   weight_sqr   abs_weight
    25   10   1.005260451254665E-012   2.006991178624853E-024   1.005260451254665E-012
    43   10   8.137024469842682E-013   1.251114403364218E-024   8.137024469842682E-013
  </DiscreteSampler_grid>
