 -0.00000000450911218  0.00000346318539334  0.00002647311061098  0.00007478276565054
  0.00014923078748831  0.00024762432503178  0.00036056821891649  0.00049828883801302
  0.00064944848271747  0.00081339608294580  0.00099555313180614  0.00118905970096711
  0.00140104682295811  0.00161772856215502  0.00184567928624704  0.00207720281433212
  0.00232053094675972  0.00256744550018649  0.00282024181602220  0.00308624346354346
  0.00335076412463306  0.00362254136133712  0.00390033288064880  0.00418132142134496
  0.00446111953074815  0.00474062593701994  0.00503595676562881  0.00534088615814920
  0.00564505041483671  0.00594630000667773  0.00625914395730532  0.00659240762807841
  0.00693202202061588  0.00726704467364123  0.00759583190677944  0.00791602856894376
  0.00824016249587627  0.00857359463914352  0.00891473103613088  0.00926022729158060
  0.00960588149747421  0.00994965756728765  0.01029738322775739  0.01065413516038123
  0.01102636016873084  0.01140781866358828  0.01179515280238849  0.01218420657950336
  0.01256612969016971  0.01295377600651593  0.01333855736099794  0.01373312488515760
  0.01413744064618547  0.01455606191106200  0.01499952235728443  0.01545231001813125
  0.01590186835985404  0.01634229884914712  0.01678099909046844  0.01722407035145281
  0.01767613552664612  0.01813807116700272  0.01860250284722215  0.01906611417225834
  0.01958526235905906  0.02014996052821606  0.02073605344114235  0.02133642327276792
  0.02195226925090158  0.02257080673098822  0.02319743534274716  0.02383159266526476
  0.02446988043876924  0.02511077561725609  0.02582950944786892  0.02657575194409069
  0.02737107930631085  0.02820627544112957  0.02904501180260165  0.02990655202728891
  0.03080336450207381  0.03173688609564536  0.03271285753196043  0.03374826278167722
  0.03488019546619005  0.03623175965498257  0.03771991897089979  0.03934484950072237
  0.04119509006821347  0.04329343916139773  0.04593037062540648  0.04968268145206535
  0.05448890870626546  0.06441437007954709  0.11619717439578285  1.00000000000000000
  0.00933546771596360  0.01615529675808008  0.02623379152412478  0.03762416286786503
  0.04869349879323998  0.06028921523941665  0.07033815115862736  0.08009073207912426
  0.09004080407842405  0.09971953299856635  0.10968796593187367  0.11967194455220735
  0.12981978683207565  0.14062571388215256  0.15094482924919336  0.16127292139728810
  0.17171419059217646  0.18173459361116978  0.19160021577652253  0.20127416815773663
  0.21106505251592733  0.22121685487316362  0.23174540934937671  0.24271279292792677
  0.25373535156340948  0.26453674396866189  0.27492256911177859  0.28542119590415432
  0.29637950273004510  0.30763756999672531  0.31836971306656192  0.32846794307604643
  0.33866540007140283  0.34880271910450733  0.35897423403173218  0.36908910884732971
  0.37946151218102586  0.39001101115670117  0.40086485368014874  0.41178144290828933
  0.42299620306557623  0.43427926449718723  0.44488935788074907  0.45482195697442007
  0.46515578303360866  0.47548401756856912  0.48535271643254635  0.49470519866808449
  0.50452474204451025  0.51436330743933545  0.52424074466598458  0.53387917017702302
  0.54359710160627817  0.55372818333330376  0.56448340748421144  0.57615118229270890
  0.58781754637209926  0.59836222392895189  0.60886657705571690  0.61896179904948989
  0.62887593772466788  0.63882612253818993  0.64912188126736159  0.66041349080885092
  0.67211111614784980  0.68455474773849545  0.69528008237588534  0.70570952450574598
  0.71623237556720099  0.72672000127804526  0.73676197831869661  0.74671815722505130
  0.75746773920640154  0.76897569300885305  0.78062848929433892  0.79238501001561190
  0.80396808779317552  0.81513684538836173  0.82571307440320618  0.83618980536694199
  0.84694488756234143  0.85819907221935687  0.86852510432675256  0.87973567813585274
  0.89047984539872826  0.90083094507434136  0.91057858873021269  0.92079962103875623
  0.93112971191413763  0.94201769934148694  0.95360803123823357  0.96422570256738260
  0.97384404736120511  0.98324910890777117  0.99090834522682247  1.00000000000000000
 -0.00002076219597475  0.00024969718578885  0.00071465300407624  0.00149044713926399
  0.00249886268379952  0.00376641539218593  0.00537424471739427  0.00727868830034608
  0.00935868740294139  0.01159134301895574  0.01393086111052103  0.01656593466657025
  0.01939130650228613  0.02241979015557516  0.02570046616565975  0.02913340272870910
  0.03273987435713067  0.03659009572609532  0.04063383897646381  0.04484382380078626
  0.04924212069442997  0.05369902000621972  0.05834785571234049  0.06328488257817559
  0.06840285337579481  0.07353497495981044  0.07854099477587458  0.08350478589672417
  0.08863034179494507  0.09400794312565849  0.09961858673261126  0.10539002498296722
  0.11209435777985291  0.11858365638606477  0.12522662527404571  0.13195767610075657
  0.13896063408321266  0.14600396324971673  0.15317826972898946  0.16070337865344050
  0.16861922977601110  0.17684740794928647  0.18526198233846056  0.19350389661826767
  0.20166987755410137  0.20988083595988580  0.21818253804745269  0.22640750636922841
  0.23489805964341781  0.24383323837639803  0.25303098170283800  0.26243512510781136
  0.27195012071582392  0.28138720794894856  0.29166660070954065  0.30176365627268231
  0.31200771345876938  0.32265591377575581  0.33361711742123012  0.34478162358248504
  0.35651039436163273  0.36859895285836136  0.38091632655206675  0.39358653858895448
  0.40664876511481851  0.41990188158135322  0.43300755771740607  0.44580162984523442
  0.45850209085528826  0.47144456420879194  0.48503126908536615  0.49960834275097749
  0.51409023278369603  0.52854445353401525  0.54315984423080321  0.55771135198668575
  0.57247230142488981  0.58857632934921422  0.60546562856696529  0.62313658861896526
  0.64021968953663133  0.65714502178636069  0.67415734317786702  0.69125371583520434
  0.70819583551539611  0.72612549594637432  0.74410228637052189  0.76279637971047609
  0.78220869791878189  0.80201657722126052  0.82264433776902690  0.84309849896341327
  0.86353679594781085  0.88234820526491098  0.89638975052118863  1.00000000000000000
 -0.00262304958800766  0.00962294945504426  0.02007543047165813  0.03105668984179284
  0.04206171154644580  0.05296560845542330  0.06406323197421138  0.07574009726990845
  0.08777629555555097  0.09985224205213745  0.11093220938603235  0.12130075443575146
  0.13126246331281982  0.14126077240519849  0.15160811146885872  0.16222087407061703
  0.17294955687597205  0.18394828934598401  0.19548465499212761  0.20729322587639046
  0.21899625052242150  0.23034660348003602  0.24148766849712014  0.25246170828859971
  0.26338539610996720  0.27391320781958750  0.28358981705385977  0.29323656568292161
  0.30275824160087289  0.31256745179590756  0.32263387316329217  0.33258942045956191
  0.34219334221058639  0.35166716534106007  0.36121445823226372  0.37063937877803971
  0.38022370920307680  0.39014362997666269  0.40108263578745740  0.41279134883509155
  0.42484721957437899  0.43655414925543667  0.44715828356679344  0.45721374205261972
  0.46713139135646442  0.47734418305271353  0.48785418840924849  0.49824491781121477
  0.50850966525844621  0.51885244675301712  0.52945216997297206  0.54012239390071082
  0.55031370911838917  0.56030598865575054  0.57097321545947788  0.58199111106698387
  0.59282605073782602  0.60369034102826624  0.61454662370840529  0.62543007437897413
  0.63612862844857720  0.64644450915786467  0.65629261855665044  0.66587694199809189
  0.67586307942331003  0.68584566670747338  0.69597148387146590  0.70614118611344212
  0.71654310801262722  0.72695275012983729  0.73689194799807156  0.74664087429985471
  0.75639680290540512  0.76634213822160635  0.77648178926624356  0.78673648014500341
  0.79717387155661656  0.80780098215592466  0.81888657563381806  0.82981816307636891
  0.84012858540481861  0.85012851740758999  0.86102567340358616  0.87234195643671464
  0.88269546861499615  0.89303033246673880  0.90377454641842914  0.91481252591066320
  0.92537971420486886  0.93588274161727047  0.94621966015530856  0.95653312745144825
  0.96753601106141252  0.97857492759242792  0.98953048800022469  1.00000000000000000
 -0.00193658392291384  0.00765373867271093  0.01585126415923045  0.02481064219954645
  0.03424674740398254  0.04320486988670236  0.05227686244743311  0.06182628061974870
  0.07231308418099450  0.08319613443797930  0.09341671873458286  0.10343726455601519
  0.11365405468666061  0.12387841757699924  0.13402185846383854  0.14397579856246689
  0.15429076505853070  0.16507120902386546  0.17578277917805399  0.18652859793704746
  0.19736613374239156  0.20785674683351063  0.21812817479401042  0.22839172156635601
  0.23880137977569046  0.24920609898313395  0.25974666748575093  0.27060562183831932
  0.28163075160412454  0.29285962858273334  0.30427100068622237  0.31598407602520850
  0.32747424032295136  0.33890466053532647  0.35003458109272961  0.36085631385553640
  0.37183541500085315  0.38289819519566259  0.39405843519362821  0.40444022609223496
  0.41474550820230693  0.42402312352157251  0.43354499857184886  0.44352883484331945
  0.45340043370765665  0.46322340424481712  0.47307212558931527  0.48325239299374662
  0.49398743475292772  0.50466588102544552  0.51518595471589324  0.52554535542052061
  0.53614116602413120  0.54695803311121405  0.55790320229361434  0.56930901498727282
  0.58145657396281192  0.59338011722699824  0.60584741722167890  0.61793276966009991
  0.62958020780593771  0.64056448627159335  0.65119958251053356  0.66214510217557032
  0.67326106518545636  0.68464908423944670  0.69546895869487679  0.70583219254400154
  0.71612038985369542  0.72652264638994291  0.73730456839016711  0.74823463659729417
  0.75964991075317667  0.77109885051413118  0.78199215581652370  0.79309371088583702
  0.80414839350735112  0.81514934395845373  0.82628398059299835  0.83740156826935574
  0.84856983261711583  0.85948848584619852  0.87001067280538202  0.87995376536726866
  0.88957206125681476  0.89935206267719137  0.90945225594961865  0.91961903204474316
  0.92992937957195287  0.93997675373258982  0.95055110884905358  0.96071317348414209
  0.97127615987262672  0.98125944800429654  0.99086959756373749  1.00000000000000000
 -0.00247181368973949  0.00893718033676556  0.01917930893616539  0.02868334332064783
  0.03860170877871003  0.04756785743534184  0.05687322730279582  0.06615771573571601
  0.07533603821050029  0.08419368421796591  0.09334017676962571  0.10261867665246785
  0.11255441189908517  0.12288708913721746  0.13341842723438813  0.14428531254855825
  0.15543460984192109  0.16663453189171953  0.17773685579498896  0.18866010557661111
  0.19920538116610575  0.20983197470971948  0.22125175976925754  0.23318077655505839
  0.24637590555608749  0.25807126251340801  0.26954198821684849  0.28044271003573662
  0.29111827420765357  0.30117619576111454  0.31121770736220683  0.32140234840873999
  0.33127964648658237  0.34135838403103003  0.35179684045783777  0.36263982214560458
  0.37369134621231176  0.38468646544825102  0.39546194885388353  0.40592869512148844
  0.41659351668129052  0.42761697905778473  0.43901072621280240  0.45006672590621927
  0.46129444967730165  0.47184607252952804  0.48281198020186761  0.49329344560335014
  0.50380382076230257  0.51400174208742222  0.52464339683212946  0.53554516093883298
  0.54642459799548115  0.55699391405497412  0.56784170367478581  0.57919588093983632
  0.59038664988348089  0.60162316284905426  0.61297479707723368  0.62434764494448125
  0.63583813540951128  0.64749475927484612  0.65786447665326098  0.66847590791849332
  0.67901268109187507  0.68944941359525114  0.69967788814643161  0.70971382861483645
  0.71976020758955805  0.72955455059647056  0.73994208638877512  0.75039126947267420
  0.76134468421077561  0.77159634009880962  0.78366382128034828  0.79508516330938905
  0.80545335278817243  0.81559466131815528  0.82518537765750022  0.83466872536667092
  0.84409731599146798  0.85421984643627880  0.86511606155398335  0.87662426692345652
  0.88778808140873111  0.89910271681997267  0.90997334688158549  0.92148786785796510
  0.93262535901474175  0.94275832657312009  0.95236198367722424  0.96179974465403717
  0.97145973153103393  0.98089374008852193  0.99045158580685821  1.00000000000000000
 -0.00209042553155039  0.00850068047759629  0.01699069197597247  0.02600927048757257
  0.03544692877005815  0.04522150779743656  0.05532973056830448  0.06555699004886195
  0.07637945920943406  0.08708442380831910  0.09727424060162111  0.10740130327336105
  0.11773098192461967  0.12826846856795798  0.13905105691285605  0.15037185403713912
  0.16231057627970116  0.17403386297767220  0.18525829232922533  0.19614939035550133
  0.20662901928593416  0.21713878200483905  0.22744085101132713  0.23835635051963741
  0.24975834474537267  0.26083942595225307  0.27170199543326068  0.28280278303334899
  0.29358110986938402  0.30371807490459329  0.31362079984277474  0.32383019564894922
  0.33390976454777105  0.34378527347672366  0.35367112307802162  0.36379076932980925
  0.37408298309192750  0.38416755276440812  0.39398043255385290  0.40364482123459577
  0.41338852709014778  0.42348142536414674  0.43420651570764279  0.44556810686925974
  0.45750561360147413  0.46932018579882095  0.48087581143782843  0.49212995578620045
  0.50323672667376029  0.51455732986082592  0.52556805897217707  0.53625794869381571
  0.54714783082267671  0.55819105181448192  0.56900233313070381  0.57930721160286514
  0.58994835228701770  0.60076400451193679  0.61174554155051586  0.62248653952123234
  0.63275986912326088  0.64293518618043077  0.65325892551692311  0.66389191795667846
  0.67414863623184906  0.68396933426902407  0.69346996998079569  0.70263100498518072
  0.71196129162507882  0.72155394383659099  0.73147437516463421  0.74116517808839921
  0.75063317812068409  0.76064675028542394  0.77096227199930722  0.78187845267566347
  0.79282066782687088  0.80410061534883925  0.81529811132624874  0.82629963901897074
  0.83732079180018215  0.84834210972681001  0.85922974377259431  0.87038300279600977
  0.88098323651060817  0.89155181439470366  0.90232795715581771  0.91340097348619764
  0.92437528577392158  0.93485280918293434  0.94556971354699682  0.95643192928105147
  0.96778944202857187  0.97914891006706750  0.98941735096519912  1.00000000000000000
 -0.00288810415898039  0.01006743252505262  0.02206596591735278  0.03412259628235381
  0.04603677331470939  0.05751973146641501  0.06851103581403423  0.07925207110368754
  0.09005669224639704  0.10093821729579751  0.11156667071609551  0.12209783810681439
  0.13248882158378175  0.14267084854670087  0.15240190312518626  0.16172933381523971
  0.17162776257067452  0.18228573277190202  0.19275275163104513  0.20302792664060884
  0.21334205984341628  0.22392024893914647  0.23417598245160795  0.24409456953430683
  0.25416069143059034  0.26454720393823961  0.27507413044666856  0.28571626938726719
  0.29687260699067819  0.30864029181520047  0.32021362057035296  0.33151317891682935
  0.34260427654752440  0.35338524287856471  0.36365255221872578  0.37359413272698411
  0.38335112090332263  0.39322218657901792  0.40310118382448862  0.41315021955164372
  0.42342509656606875  0.43419740053457384  0.44529940289516134  0.45678446008906237
  0.46765503933080455  0.47862818866688989  0.48956539455792392  0.50057048748627486
  0.51155246219505968  0.52274208661983934  0.53410249702656332  0.54517241725780163
  0.55581610618669219  0.56597505584378793  0.57577172617302785  0.58556828181707088
  0.59553999420431503  0.60518085996881232  0.61438949930298214  0.62367496599632677
  0.63396892627385537  0.64523656818293207  0.65545788656975679  0.66554517365603894
  0.67580094521278955  0.68615991255684194  0.69645309828707491  0.70640142346335344
  0.71656577588794101  0.72688231137118209  0.73700353012979825  0.74707563272690747
  0.75714631323264203  0.76835232636533413  0.77962423460493968  0.79206692930663336
  0.80212184040412848  0.81267493580679806  0.82255677932888749  0.83275757104721904
  0.84317613058136975  0.85376874483259690  0.86372150228738365  0.87352345348453031
  0.88350921828875650  0.89389850203375665  0.90437135192016294  0.91466277068058677
  0.92535848583297764  0.93641322090615520  0.94733008725770851  0.95829427495777775
  0.96932566370632511  0.97985320872431270  0.99009084255563373  1.00000000000000000
   3.4128234773630527E-016  -1.0000000000000000     
 F F F F F F F F F F F F F F F F F F F F F F F F F F F F F F F F F F F F F F F F F F F F F F F F F F F F F F F F F F F F F F F F F F F F F F F F F F F F F F F F F F F F F F F F F F F F F F F F F F F F F F F F F F F F F F F F F F F F F F F F F F F F F F F F
  <DiscreteSampler_grid>
  grouped_processes
  1 # 1 for a reference and 2 for a running grid.
  10 # Attribute 'min_bin_probing_points' of the grid.
  1 # Attribute 'grid_mode' of the grid. 1=='default',2=='initialization'
  0.0000000000000000 # Attribute 'small_contrib_threshold' of the grid.
  0.5000000000000000 # Attribute 'damping_power' of the grid.
 # binID   n_entries weight   weight_sqr   abs_weight
    19   10   5.405050819189789E-013   8.489547322166356E-025   5.405050819189789E-013
    37   10   3.660583376224226E-013   1.863556776004382E-025   3.660583376224226E-013
  </DiscreteSampler_grid>
