 -0.00000000284081937  0.00000191372968253  0.00001360237418302  0.00003782348896085
  0.00007422280889846  0.00012239310623629  0.00018084707250681  0.00025081478473663
  0.00033219064073645  0.00042557920486526  0.00052930422001519  0.00063937759965369
  0.00075602277454252  0.00087676135618496  0.00100394023915904  0.00113242844546739
  0.00126951738514696  0.00141258125521415  0.00155719141561010  0.00170832954094959
  0.00186297585325577  0.00201764081606020  0.00217521791791031  0.00233291584798791
  0.00248877749655605  0.00264416110665252  0.00280357836378022  0.00296973390042227
  0.00313783614211512  0.00330504276100831  0.00347269265837207  0.00364311026770610
  0.00381904520467746  0.00399712142811900  0.00417141136806596  0.00434284624540033
  0.00451067421920210  0.00468320172528750  0.00486912597086679  0.00506042552862972
  0.00525656256497023  0.00544811154603777  0.00564090225507633  0.00583614125708273
  0.00603072527042115  0.00622301313741193  0.00642026369024263  0.00662130367959435
  0.00681530423439760  0.00700775371675403  0.00719761613495293  0.00738410999322999
  0.00756721743553934  0.00774798918729370  0.00792913378622859  0.00810917237293969
  0.00828964985438690  0.00848152069929762  0.00868016743122140  0.00887402764997802
  0.00906543202818530  0.00925397279983645  0.00943895490394104  0.00962052449118973
  0.00979924036796231  0.00997828204995723  0.01016141483743364  0.01034648612117373
  0.01053239497809211  0.01072373554889206  0.01092709693774166  0.01115138679006234
  0.01139431411522650  0.01165150129708209  0.01192763355554106  0.01220536673817793
  0.01248838262209450  0.01277685889684214  0.01306906159778467  0.01337748448801268
  0.01369843428699659  0.01403034017532087  0.01439619279934480  0.01480105801977860
  0.01526563253448946  0.01586644035378276  0.01649060209382803  0.01715849620772655
  0.01791994354198391  0.01875768683190420  0.02008644625426470  0.02206975467487367
  0.02483885420147055  0.03304230505199950  0.05013465106851663  1.00000000000000000
  0.00916991641420436  0.01646276208004616  0.02758236752671010  0.04001770145328084
  0.05073998835079446  0.06194196785980249  0.07365247690063169  0.08533027414710954
  0.09665046357569092  0.10766658628601324  0.11860616295825968  0.12985341394502845
  0.14117536080281992  0.15215405601349236  0.16324419859537817  0.17539266472214385
  0.18789657838247859  0.19986400253956790  0.21151611170911724  0.22280245758169662
  0.23318421774899836  0.24252715425990362  0.25200719459158288  0.26167668797738058
  0.27169636164177763  0.28200764888469249  0.29248010258289459  0.30364910805004047
  0.31494751812341254  0.32596601295947758  0.33711464053699963  0.34808398243877398
  0.35828152392933782  0.36763916114904410  0.37704548972817686  0.38698164238849081
  0.39683291956240824  0.40601005589482558  0.41516328148666770  0.42447075091715120
  0.43376061114442432  0.44292512771711418  0.45202593309398148  0.46104934976050860
  0.47073775603305756  0.48053044482206547  0.49163556698187932  0.50274979732706582
  0.51393353343378012  0.52508620050391019  0.53620415018836365  0.54634449369630644
  0.55556699796260356  0.56489253426041020  0.57433587183200141  0.58380076727468500
  0.59341065867100151  0.60334105147334827  0.61408865668022528  0.62486922450275395
  0.63460324504328269  0.64438905696972526  0.65452605227088934  0.66462607569636911
  0.67436616133615757  0.68411374882865816  0.69463227338626055  0.70572132411995137
  0.71630180229337936  0.72668542902389432  0.73668285899545072  0.74671806247134664
  0.75726545024620584  0.76773373732804151  0.77812259461734457  0.78846521381784163
  0.79985631075399033  0.81171180182216973  0.82286802699778927  0.83343911681438476
  0.84368440772364306  0.85401419270709478  0.86443365405268180  0.87496132757743617
  0.88517192462951699  0.89535284434500384  0.90590844176669805  0.91640622274927475
  0.92637285890878629  0.93617157005883411  0.94614938319407460  0.95631635816454474
  0.96664898655421450  0.97695360893552075  0.98846403350912060  1.00000000000000000
 -0.00002097870178113  0.00025675388018497  0.00076293380193076  0.00154019523678479
  0.00259588349812020  0.00394471947704254  0.00560959252703330  0.00744516854037072
  0.00944061739968046  0.01169497668465773  0.01437787777491690  0.01723437751009542
  0.02008434039678027  0.02335793895355661  0.02648073654523809  0.02989492626137865
  0.03375730718940272  0.03784708783819180  0.04167817109553498  0.04560437792806619
  0.04979146962365433  0.05432548896805747  0.05901961772473802  0.06369251047791775
  0.06834540430051597  0.07319765455713100  0.07843751759848096  0.08391000026842682
  0.08942006993560953  0.09515064233738166  0.10119129738100767  0.10744756492294838
  0.11384701429517272  0.12030057017744800  0.12689237211146179  0.13356222121080980
  0.14065035049001881  0.14784378771129728  0.15498157180641337  0.16218620288632676
  0.17014065779572521  0.17838450475955528  0.18666896379903203  0.19518283946277440
  0.20407337502994097  0.21320973592675985  0.22233524775257760  0.23092381152057495
  0.23952613387474764  0.24819733593570170  0.25746247321608168  0.26666492644542006
  0.27617580668643615  0.28610773130879341  0.29618448147772342  0.30643690869197304
  0.31735787441697616  0.32868301043463088  0.34024097536581499  0.35194260374458258
  0.36407557900219251  0.37674286017196301  0.38990495848653300  0.40345986281812046
  0.41681849402445365  0.43068679369492741  0.44475809106591058  0.45913424123238095
  0.47429649199466284  0.49040667932410326  0.50685167761691030  0.52364405412735426
  0.54033594292707010  0.55734543022729144  0.57431872753101831  0.59137694650991157
  0.60842645538470008  0.62561076566831497  0.64355463928301038  0.66157831326904681
  0.68041673484547527  0.69979607037367064  0.71935035539716974  0.73924194567821666
  0.75947685215767258  0.77993122931283554  0.80048730633201803  0.82075806573031618
  0.84095837253741168  0.86112383918535695  0.88127511964562499  0.90188906839548910
  0.92288232703674666  0.94230319143418650  0.95556835944914931  1.00000000000000000
 -0.00220734600638162  0.00869805773694697  0.01785809712394557  0.02818224781678665
  0.03922900391526113  0.05035971445612033  0.06112970066004145  0.07358950545865170
  0.08616042801880246  0.09856946961305346  0.10986227523293150  0.12079320633506081
  0.13198824549657159  0.14332957872098046  0.15402899539839141  0.16445939256324374
  0.17501071778578489  0.18563532510015210  0.19567724600538602  0.20517145632279191
  0.21445068307012322  0.22396940553719014  0.23426482130290410  0.24474611679329150
  0.25501553723842690  0.26533741667106930  0.27586841982751892  0.28665789423864740
  0.29694432254230241  0.30702390134694063  0.31760795511962897  0.32901204476489820
  0.34080444690012290  0.35205001315439527  0.36337908139811270  0.37442032355037369
  0.38522091700108252  0.39579307094268895  0.40681819683621651  0.41780862756825637
  0.42830696302300336  0.43910887772725515  0.44970747002572986  0.46089205634976127
  0.47074866817548155  0.48028420042461389  0.49002892502619311  0.50005769234662434
  0.51056253541580487  0.52148066046897723  0.53318130170509848  0.54485248742368786
  0.55576837936769818  0.56675153916411702  0.57801913225297630  0.58935133911973381
  0.60122945930668681  0.61138233854976887  0.62148070384217380  0.63092425593543133
  0.64010732387007330  0.64984771568770094  0.65916414141341739  0.66841244420155332
  0.67703114603829051  0.68588223410223204  0.69503587302378389  0.70472286338113643
  0.71445505259453346  0.72397230908596222  0.73359114828980243  0.74353077423425795
  0.75357311296265805  0.76394879771139135  0.77444828294525758  0.78479428670474738
  0.79531975435852476  0.80600306707817915  0.81669990471122955  0.82761657129618493
  0.83870301435160299  0.84983102347507944  0.86075464878141705  0.87136894646558216
  0.88189199309544097  0.89243456075153393  0.90246936019624580  0.91209976309843688
  0.92178347865217680  0.93142289389858568  0.94141396002910493  0.95230082045784570
  0.96328309503455822  0.97525507795706023  0.98741021373406090  1.00000000000000000
 -0.00205929526775245  0.00856109792387919  0.01694701869474406  0.02561861938565798
  0.03487647574860209  0.04427716822696897  0.05345476993049873  0.06271674583328485
  0.07332121712555710  0.08421046553073583  0.09496228726633818  0.10535932492306531
  0.11526254865235076  0.12516085809391755  0.13530661218573484  0.14553763220178814
  0.15571407904724424  0.16620269080333927  0.17728698927144471  0.18843584665953167
  0.19937535134826606  0.20998653265144118  0.22075599946903907  0.23237411284812515
  0.24480052863376034  0.25595365324570141  0.26559026706031785  0.27494584754594825
  0.28421152129394650  0.29359322450158509  0.30304327069688280  0.31268326665028884
  0.32309426863906499  0.33376789331949797  0.34407250319461202  0.35452241129915824
  0.36550257727284530  0.37651456586363280  0.38758217822690033  0.39883476944821228
  0.41178814387569607  0.42419447255232945  0.43614540379067301  0.44743103632437226
  0.45803625606943449  0.46824489452148199  0.47807985637700812  0.48797471621867822
  0.49786774981762744  0.50832572924033848  0.51912604120791106  0.53000956868080684
  0.54104097053527112  0.55290816185063618  0.56468675764693732  0.57536999122911736
  0.58571386983719587  0.59499868717928850  0.60456607295392772  0.61386230677167031
  0.62376083106929758  0.63418271851842267  0.64524577005338235  0.65682795716916598
  0.66798920302203979  0.67866232173751029  0.68883930328080589  0.69906555107790569
  0.70961496541705749  0.72057240322016680  0.73160405085078350  0.74260191678849918
  0.75445457981257757  0.76713537381645835  0.77898107147485485  0.79057110693380639
  0.80246328454273064  0.81431719019377224  0.82438236070450321  0.83415909572786251
  0.84360867523089145  0.85356395559096121  0.86306373784357848  0.87293018625352170
  0.88364116473192977  0.89477939523109828  0.90457527204802146  0.91469775584457058
  0.92537607982232328  0.93570786413229179  0.94549208573125276  0.95498594229042688
  0.96523246442559152  0.97630237797206143  0.98795689752822324  1.00000000000000000
 -0.00264052682722857  0.00988999981930660  0.02074147797338049  0.03231550539790550
  0.04381918486190826  0.05521804702109235  0.06694478671958906  0.07870886786872144
  0.08990777225974660  0.10071031102664470  0.11160685658556335  0.12258397232268223
  0.13303428687546062  0.14327187482500803  0.15362668520072872  0.16417264694595635
  0.17474271815543391  0.18533145222527816  0.19589159790182001  0.20663281591531737
  0.21765194897439777  0.22878148442213270  0.23967313422015113  0.25027643353499468
  0.26098474558567492  0.27164449044065014  0.28203202347391143  0.29241499227280598
  0.30291657919022513  0.31321994054716146  0.32309166547350254  0.33320353313441681
  0.34410935325239184  0.35489579038593894  0.36472498547660559  0.37449190531058213
  0.38469011405435372  0.39460814957060070  0.40433794757569419  0.41421197932156073
  0.42524246092117041  0.43643379720182146  0.44761256973616925  0.45893446460933074
  0.47051070417762303  0.48203535168515377  0.49321311237734577  0.50396657455144467
  0.51447512442262133  0.52481374929949498  0.53488010158311594  0.54480322989984731
  0.55506638897745686  0.56592931401230329  0.57735783839539390  0.58827592482199276
  0.59866639084365481  0.60841678695549140  0.61793947680989958  0.62760203662348979
  0.63743194458698271  0.64744927894094373  0.65773052336730808  0.66822092489789398
  0.67926251086654510  0.69015308812141452  0.70103340541913428  0.71203671663295143
  0.72321737542646325  0.73449730101193078  0.74531502614342493  0.75626883211248819
  0.76783290018976025  0.78047067442986606  0.79370747154426113  0.80645160037984398
  0.81805774496383254  0.82868396371081232  0.83910924330174619  0.84941604066506615
  0.85933389055884912  0.86839711221035720  0.87771092816943708  0.88686030531944782
  0.89608174904392335  0.90543771485685276  0.91482893761864659  0.92435821601843560
  0.93409932540245189  0.94428130521593012  0.95466410276504010  0.96416628913699431
  0.97291191142481037  0.98162309692358130  0.99059680292462404  1.00000000000000000
 -0.00251039586556206  0.00978568749419666  0.01982657409449418  0.02988626220947481
  0.03972982505780382  0.04951136186853222  0.05958719048343216  0.06966139753106053
  0.07979965489207563  0.09008861582229764  0.10085023440226507  0.11226415283521408
  0.12398622151348278  0.13513592754953593  0.14605243605647203  0.15716046036569978
  0.16767181902656811  0.17816939060173495  0.18829217320415206  0.19876641603956330
  0.20901408328414336  0.21878457930866735  0.22882248933177168  0.23870429555110942
  0.24896699598615998  0.25907449551382267  0.26947685957603534  0.27926470409987136
  0.28923615348763693  0.29951233253408632  0.31021966104909643  0.32032073497406749
  0.33026074914621839  0.34027142232300550  0.35071559734060226  0.36077925129367705
  0.37034080117557755  0.38112100933639931  0.39268024115487254  0.40395387441010638
  0.41508272634098553  0.42537978874157262  0.43542561978604183  0.44548069558248959
  0.45548425047315311  0.46606295130179876  0.47593884963955518  0.48640923316125917
  0.49747176356967887  0.50869715324629250  0.52027421830250864  0.53014104469346046
  0.54021905748643495  0.55035215494394973  0.56052916096961980  0.57062285149217651
  0.58080873469851446  0.59133391063382390  0.60217494875887001  0.61304911375215199
  0.62369968907361284  0.63386567225997925  0.64402082658490489  0.65439235997703626
  0.66469902135736092  0.67453296727101930  0.68418233326945166  0.69426025955472592
  0.70449398198565327  0.71457071499106017  0.72461605927481021  0.73492040505264644
  0.74540719884368267  0.75588738658791810  0.76655862011739384  0.77779404734865409
  0.78946295412223166  0.80100029299769138  0.81201614606222761  0.82281166792026084
  0.83346488948448427  0.84427556405989224  0.85544075045136903  0.86757125938228885
  0.87932046256329421  0.89092996812097436  0.90235532815406105  0.91369789353382402
  0.92467743766190735  0.93552538289457576  0.94722324902282895  0.95879493714444763
  0.96965031988663120  0.98026964740585254  0.99036519883513985  1.00000000000000000
 -0.00231781068538952  0.00857559273923544  0.01755394385240740  0.02739451846879673
  0.03689146968373049  0.04738443609515941  0.05890396928594750  0.07116472077290172
  0.08350186683245256  0.09573359275059622  0.10773403485393712  0.11962853443284978
  0.13192072778012151  0.14404155863492024  0.15512389453296180  0.16584649726678602
  0.17681205242344766  0.18769751379176208  0.19741934589004814  0.20678505769200883
  0.21603228166911098  0.22533816569104040  0.23479257067765469  0.24458123100288159
  0.25476916419442630  0.26522046952264794  0.27593985798749548  0.28685075120646586
  0.29779116843543701  0.30860369878763233  0.31955545841052668  0.33045097936478213
  0.34081112389193224  0.35081825958593849  0.36093760125956104  0.37124762081615931
  0.38152138646847372  0.39202797469091238  0.40310209945760284  0.41447467535341836
  0.42551030513827520  0.43620895864748843  0.44718268877417922  0.45852630294368601
  0.46958275172609293  0.48036800494607929  0.49147514458459912  0.50230125157603389
  0.51205444909819331  0.52177801869728435  0.53176067428389429  0.54185272578597865
  0.55145859008071574  0.56081920876027713  0.57088091279142894  0.58118565905985553
  0.59145994049885575  0.60131579731987639  0.61166844176393120  0.62238856067394543
  0.63377948290819541  0.64538420200885904  0.65701357440993147  0.66785040133212059
  0.67794001852086494  0.68796501053691173  0.69816658256947117  0.70833275250937699
  0.71823414051140777  0.72812529238874957  0.73818492576560668  0.74806568200730728
  0.75753387672476313  0.76677871761989469  0.77647023200910814  0.78703426805726018
  0.79776417027951485  0.80848517679387155  0.81988377591410277  0.83183604177016679
  0.84319306012004502  0.85463627515840512  0.86583589955387064  0.87637298381422912
  0.88690564405226746  0.89738706572676896  0.90851933691685038  0.91964129654461224
  0.93099805860697671  0.94151670633186735  0.95154430231522258  0.96142037360508170
  0.97118240521053745  0.98098190884761827  0.99051293001550089  1.00000000000000000
   1.5837196986473736E-013  -1.0000000000000000     
 F F F F F F F F F F F F F F F F F F F F F F F F F F F F F F F F F F F F F F F F F F F F F F F F F F F F F F F F F F F F F F F F F F F F F F F F F F F F F F F F F F F F F F F F F F F F F F F F F F F F F F F F F F F F F F F F F F F F F F F F F F F F F F F F
  <DiscreteSampler_grid>
  grouped_processes
  1 # 1 for a reference and 2 for a running grid.
  10 # Attribute 'min_bin_probing_points' of the grid.
  1 # Attribute 'grid_mode' of the grid. 1=='default',2=='initialization'
  0.0000000000000000 # Attribute 'small_contrib_threshold' of the grid.
  0.5000000000000000 # Attribute 'damping_power' of the grid.
 # binID   n_entries weight   weight_sqr   abs_weight
    25   10   8.365816720357413E-008   3.155359786558382E-014   8.365816720357413E-008
    43   10   7.673121938158112E-008   1.249480586352019E-014   7.673121938158112E-008
  </DiscreteSampler_grid>
