 -0.00000000760559735  0.00000577215932567  0.00004163914193616  0.00012018457013167
  0.00024128965838323  0.00039483150447914  0.00058692063093495  0.00080921379046001
  0.00106762564542205  0.00137136709233087  0.00170050227285470  0.00204459769954615
  0.00240609414902552  0.00279017101248518  0.00320675068857333  0.00365339190453709
  0.00412711738275298  0.00462343648958984  0.00514239153834208  0.00574687277897904
  0.00639011066638509  0.00723944682953004  0.00822549324175718  0.00931801348826972
  0.01077831283625752  0.01196814012062596  0.01262535299940563  0.01307418078927252
  0.01343206793542745  0.01373889840157043  0.01401907848654058  0.01426973371987246
  0.01451672501492474  0.01476383146030824  0.01500985220722745  0.01526237298047992
  0.01551337765546325  0.01576192374075812  0.01602023597736765  0.01629017852608816
  0.01656139402377518  0.01683351848745972  0.01711121593527382  0.01739310314854943
  0.01768463214319240  0.01798728897504352  0.01829956331319437  0.01862105838791664
  0.01894979929476191  0.01928693108286767  0.01962928470612457  0.01997033781910235
  0.02032548710983452  0.02069064035987437  0.02105705669474766  0.02142217551264535
  0.02178911258122098  0.02216136599927232  0.02255307943853058  0.02295569997383749
  0.02337022796705063  0.02380135310618030  0.02425270065001367  0.02471323102137387
  0.02524746089796799  0.02580807377195101  0.02637761107577406  0.02694594744223660
  0.02752942271637802  0.02813944345012569  0.02877356132030626  0.02942973595447401
  0.03010639621797180  0.03078469751062258  0.03151573221078202  0.03228223034471413
  0.03309028036028870  0.03393025603721124  0.03477629334478003  0.03564233706512443
  0.03654793327673182  0.03748097548321529  0.03844709246121442  0.03946086100565836
  0.04053361351555089  0.04179185732493349  0.04351690817291069  0.04536590718551937
  0.04736550849566563  0.04947961973088111  0.05185957207698537  0.05516259513584153
  0.06008660361495689  0.06936453201341479  0.11557386653050108  1.00000000000000000
  0.00966447813303113  0.01510021320057577  0.02399999682338443  0.03387328328471504
  0.04341785661662137  0.05276425641597859  0.06208396528194201  0.07196621634802837
  0.08243014129631507  0.09266682765518544  0.10280393319073330  0.11310531706043968
  0.12324564567114298  0.13346116526287372  0.14434985988730031  0.15661666815881414
  0.16888889577575739  0.18041096124512518  0.19209735928337446  0.20432239963498369
  0.21688621704363298  0.22961238197147590  0.24265869571876944  0.25452384752842500
  0.26413200746681903  0.27465686769540321  0.28514788292808135  0.29558774177225461
  0.30558824543839169  0.31559566873930084  0.32581742830278826  0.33616707852925837
  0.34637790380013828  0.35646319754913142  0.36596113469338853  0.37532026706869037
  0.38457245125309214  0.39413817190066153  0.40440521755126418  0.41505279749202817
  0.42559253157507326  0.43630491649426789  0.44734585361310775  0.45849670601934839
  0.46873710346450564  0.47870659411734096  0.48787754274464595  0.49698155461376364
  0.50558132707962566  0.51467931670363865  0.52423980031844353  0.53434672403270045
  0.54422650308403897  0.55424472602733299  0.56425981352694587  0.57367745236306578
  0.58273907443252770  0.59178819704925878  0.60055011114886137  0.60961478744197795
  0.61926836742750313  0.62979791535531537  0.64111231160734161  0.65176692784186263
  0.66215166356779021  0.67214912105583280  0.68170475748964954  0.69114383080690345
  0.70042338214877142  0.70984777358045992  0.71910830205275145  0.72881446233098213
  0.73935524976145017  0.74954718255381014  0.75992705258046755  0.77102634065102049
  0.78304582534748246  0.79565653054063934  0.80831037033781683  0.82025604805301344
  0.83124927950221639  0.84190653820341232  0.85247614836779184  0.86275853260552982
  0.87290537616601571  0.88312987233100937  0.89332272676091551  0.90369690898017552
  0.91444848546795365  0.92541361737230876  0.93636023954148317  0.94719271326498611
  0.95813781167267653  0.96908454333575655  0.98018164563178445  1.00000000000000000
 -0.00002102083522795  0.00026478430266602  0.00076005542664256  0.00152081744554766
  0.00246591227567649  0.00382062394920377  0.00543425104686756  0.00728870686305611
  0.00921859012610965  0.01124193244482924  0.01381491771588998  0.01679282720943780
  0.01973292710283826  0.02271249040625940  0.02584368630660143  0.02913757165372852
  0.03263186264502377  0.03628577532195333  0.03974130918470203  0.04333005684903482
  0.04733334234669550  0.05166181495655469  0.05620347965425086  0.06085482560653191
  0.06539354276292091  0.07030614385340481  0.07570914682951438  0.08107751001840416
  0.08631563061613425  0.09211685291518680  0.09773684920686344  0.10321133231144691
  0.10953760392558524  0.11641365806948321  0.12339077191452678  0.13023214328644581
  0.13711394647227604  0.14390706805921627  0.15046943278959252  0.15702703006436888
  0.16354247957483328  0.16982775273874645  0.17605458593409143  0.18245265071372049
  0.18938179908769651  0.19646247536678685  0.20367119697302816  0.21109699757216979
  0.21879349293361966  0.22697253510473461  0.23652104261833881  0.24719666428219925
  0.25839811241137789  0.26961689467541755  0.28036702942417041  0.29066288220231101
  0.30079901552529048  0.31138555032719817  0.32261760466097889  0.33409160145801414
  0.34534002506233807  0.35606918424378375  0.36697257610256750  0.37807174514943742
  0.38974110406740742  0.40192707841338060  0.41434715094603419  0.42692744478058686
  0.43975346891896067  0.45298938030755603  0.46634398462680948  0.48025050439186562
  0.49491777744696314  0.50877021243959630  0.52377748538492463  0.53988704320505621
  0.55638757279643569  0.57303288225198279  0.59035158029929558  0.60872686064123638
  0.62793666971299822  0.64747464177986336  0.66703684897784210  0.68714214288787723
  0.70763221547863808  0.72719903229850735  0.74612783310611164  0.76525325837671787
  0.78432775321867643  0.80409013672738394  0.82402372600089169  0.84415716071349312
  0.86405776945510337  0.88227554719193735  0.89616793594482480  1.00000000000000000
 -0.00204764622591409  0.00879103660025400  0.01820893492534347  0.02909439921757451
  0.03962320148350455  0.05003246944217744  0.06075224407388519  0.07223097227292999
  0.08385210290425599  0.09515242604428137  0.10751012303574099  0.12142115064464007
  0.13472024525730761  0.14741452279177297  0.16012063242439337  0.17191563698647910
  0.18336807701607427  0.19531214755126719  0.20751225814833632  0.21940666236519524
  0.23095724345960070  0.24229439254106735  0.25346210129781138  0.26505938588300976
  0.27651203137460018  0.28741710996565695  0.29861409342917755  0.30990089785684594
  0.32155302356453530  0.33402569551062999  0.34753831977356398  0.36051869773345585
  0.37097516517033752  0.38171161616782040  0.39254497411761335  0.40412898246321238
  0.41595329104657930  0.42762544660827612  0.43920577173126579  0.45074450766546015
  0.46190595209993723  0.47253545196529190  0.48255457897215442  0.49203272792282943
  0.50172491237339778  0.51187370471501203  0.52199732056840364  0.53201965201968848
  0.54221795930816008  0.55291163625175099  0.56364902131062578  0.57358236604745483
  0.58404493156468507  0.59440783786561224  0.60524700224201800  0.61562249990328288
  0.62530609030780548  0.63398026390283180  0.64283542900730162  0.65242889988453234
  0.66175984732497806  0.67136979579001410  0.68083675573965641  0.69089890878820781
  0.70241868809277253  0.71355351507379372  0.72433385434080488  0.73436185257386721
  0.74458729785957023  0.75518360771760762  0.76540843134697922  0.77547270817553204
  0.78532124593232533  0.79633878537208846  0.80728051317967653  0.81778392179069581
  0.82793479292658823  0.83815633274682544  0.84814394346025690  0.85844532879820146
  0.86905497326310976  0.87908539479507952  0.88830674352421990  0.89753965654206525
  0.90662874049186826  0.91556561378978818  0.92398673842818313  0.93261994433331130
  0.94160091215388908  0.95040973153250785  0.95900246563238689  0.96801146656116410
  0.97653619565537697  0.98440295257181953  0.99209918779203621  1.00000000000000000
 -0.00244917655370255  0.00969213788112893  0.02035545910555603  0.03111508338067718
  0.04095014183738634  0.05009997547180933  0.05948217201490245  0.06919908599912700
  0.07889620615278042  0.08879089533094768  0.09863112526765355  0.10836713186258631
  0.11794096396900318  0.12795822460373077  0.13917989674133852  0.15063568123254920
  0.16231280643116322  0.17262994472228690  0.18293138734039308  0.19275488996939033
  0.20239466479147272  0.21267023030280999  0.22416489776400006  0.23601722754989032
  0.24783254315672207  0.25858740108110229  0.26885250226657298  0.27852990070378014
  0.28821010121830115  0.29809705521393842  0.30807412983558585  0.31921515217883251
  0.32896833930029101  0.33946778929516797  0.35077373226109321  0.36304897859824559
  0.37586315425854122  0.38749151431676887  0.39847342896285254  0.40936518256440435
  0.41990663984680826  0.43009257359514064  0.44161377121931633  0.45475586591455253
  0.46714318932874699  0.47885818939582220  0.49055641085303048  0.50189647217502631
  0.51260341310392965  0.52287799051423312  0.53230602724523057  0.54169586376632384
  0.55133730597192532  0.56109690566014936  0.57084629092009731  0.58034849139902533
  0.59115219511778105  0.60163323382183043  0.61138100197659295  0.62159779655945779
  0.63326304535507005  0.64588778600396479  0.65728439804686012  0.66813678495186646
  0.67944418175287624  0.69109584145755032  0.70242281405214868  0.71376626143371469
  0.72631545220241811  0.73846125169936683  0.75102281014144512  0.76428066614441348
  0.77739119990566929  0.78894912283353735  0.79924867836305835  0.80831464755518778
  0.81729070723648189  0.82598146681434703  0.83505293370954303  0.84476077486613932
  0.85520380042736566  0.86663145920801832  0.87761039522611317  0.88733718688074970
  0.89693806365511397  0.90612475432470130  0.91479990682975354  0.92324824426769514
  0.93215262528561427  0.94139153385846908  0.95049098448984570  0.95952445451616519
  0.96918935474180568  0.97865400046880457  0.98923964573994017  1.00000000000000000
 -0.00243044576257409  0.00942293815984031  0.01881782934866013  0.02902472129077645
  0.03917631136703025  0.05102902847847943  0.06262075782614349  0.07267192641689428
  0.08281847617167647  0.09321762619387763  0.10330773460375764  0.11284697586540192
  0.12156485197344105  0.13087168590209386  0.14111712187515973  0.15219327378632203
  0.16386135016745743  0.17493174179238977  0.18537306998522102  0.19605450463653429
  0.20680018375342007  0.21686655558938439  0.22695337173226318  0.23663752621290132
  0.24592669440446244  0.25497515273398053  0.26409993115832531  0.27333348342269975
  0.28292652102194626  0.29223823182984116  0.30159985841861420  0.31081520482931818
  0.31986062760435058  0.32856721669847028  0.33826058700087730  0.34866373955429819
  0.36019156282613468  0.37185363968075474  0.38499382733781135  0.39734598016460421
  0.40893001480530033  0.42053841279339349  0.43253490850231302  0.44486508750673809
  0.45702816069809632  0.46870348620141822  0.47996491442890504  0.49112777502941302
  0.50231931342266678  0.51298278779103246  0.52364842692439084  0.53410584739102274
  0.54411264647135027  0.55326800303832802  0.56225631207129712  0.57157577990581676
  0.58093286792252596  0.59017709234558524  0.59913737323511840  0.60849487918550993
  0.61834607443413592  0.62871373878229320  0.63870843942709110  0.64855156351173882
  0.65874391111303332  0.66848149327937689  0.67840603372961727  0.68821741693824279
  0.69816215749122357  0.70854553893079675  0.71893431842268174  0.72954797365322221
  0.74061218176150001  0.75139814727769205  0.76141123871115401  0.77120371927720277
  0.78103542363915368  0.79143765463386839  0.80213849770708767  0.81220131396490325
  0.82429535473786719  0.83643475628909048  0.84890931015386861  0.86054635301466953
  0.87175541985471638  0.88339965520648733  0.89539170206386287  0.90764451122926382
  0.91995652811046591  0.93210911606868274  0.94396618025187151  0.95516766633710182
  0.96529865403692594  0.97574376551395181  0.98712347122890232  1.00000000000000000
 -0.00341588862532569  0.01149855050126347  0.02583983726874489  0.03970769495394683
  0.05356235355458672  0.06729354812770413  0.08028500357527103  0.09204132308652566
  0.10322832432751627  0.11480931660866468  0.12577855042871897  0.13530417571791642
  0.14440228289064602  0.15327814918352126  0.16167335415440207  0.16996813865323426
  0.17843901865488984  0.18726806762500398  0.19685193925462954  0.20625197585295177
  0.21632038397706543  0.22615621765783347  0.23576167444472296  0.24519145883052795
  0.25486294135290272  0.26532892535536362  0.27528638396856886  0.28476697709575677
  0.29431587214946819  0.30549560446334217  0.31707231249218892  0.32870228366252469
  0.34175708500143281  0.35465563061542321  0.36635993833580283  0.37741951046249078
  0.38893919662402726  0.39979252263239101  0.41007772694819589  0.42069913193123265
  0.43185269921218239  0.44354557522641591  0.45515575059523239  0.46682131546068467
  0.47845681664224254  0.48928976275066705  0.49940423748368318  0.50892717678823196
  0.51818701257330169  0.52757649743127211  0.53696759304122910  0.54628309501626893
  0.55546026652742742  0.56485457967531194  0.57521609937023854  0.58572657611492651
  0.59602236976730594  0.60587678340424722  0.61494779672894695  0.62423799647706402
  0.63288443110704529  0.64231055099708201  0.65223455907214423  0.66240161562067534
  0.67257595903548562  0.68312086815704931  0.69461323758151372  0.70649548208201063
  0.71785561228289174  0.72878822388212050  0.73905608879661977  0.74897674040707196
  0.75907510105160780  0.76967037554402451  0.78047483768045833  0.79089230227702889
  0.80097373031017360  0.81087160269920189  0.82045735209303661  0.83053861121747330
  0.84003748533222444  0.84859783544043665  0.85721287080918673  0.86663398945501713
  0.87613176158308037  0.88645306961374748  0.89734340576436256  0.90880294296644459
  0.92054299286885855  0.93194395120613605  0.94368627302180186  0.95745167046164559
  0.96706452818946231  0.97771710296113568  0.98830562090910867  1.00000000000000000
 -0.00221735813448486  0.00905575721096348  0.01856547474317331  0.02873775046173926
  0.03952920598004060  0.05092097784671938  0.06195277263738874  0.07315114212091470
  0.08401473862160501  0.09500280904335721  0.10662021892859708  0.11822704364320641
  0.12965292135859419  0.14100276961119204  0.15286199536730538  0.16509243835570417
  0.17635972671375308  0.18678578287486949  0.19692832704603067  0.20693984112378461
  0.21653848769390033  0.22574862456181508  0.23505415016866649  0.24458928158906804
  0.25480375676234501  0.26493924442348082  0.27655664104747324  0.28899524422205958
  0.30124276796745986  0.31252412476856584  0.32319263371528162  0.33350167680429826
  0.34356732570522386  0.35382546757816280  0.36398573203422352  0.37469361471512852
  0.38640773353538027  0.39864352902815636  0.41071136152520576  0.42186611184974487
  0.43257615714601788  0.44225053470250592  0.45181137715288033  0.46080174683474040
  0.46996825725388525  0.47923837008790399  0.48871025960202763  0.49785183157312385
  0.50706142049075265  0.51688838177675855  0.52713389402313704  0.53747586919878065
  0.54802400151110686  0.55927332293030130  0.57238265478005690  0.58626489938557214
  0.59859603991277022  0.60973239478725738  0.62071798660206023  0.63206606598633996
  0.64353887599226478  0.65414610929315253  0.66432512887997952  0.67436363965388180
  0.68435851875651754  0.69444731941198024  0.70486069492275683  0.71558225661347163
  0.72642312036860379  0.73740770641681797  0.74850289561634975  0.75966982688851237
  0.77053931436693446  0.78100771042066441  0.79151617414275821  0.80196892206180526
  0.81260695792729787  0.82339301833685152  0.83376168262507377  0.84388711796492732
  0.85367112194678196  0.86315143433745756  0.87270440655072490  0.88260186460335355
  0.89249321721929509  0.90189911959313429  0.91083675188942248  0.91978885649579689
  0.92916030104833891  0.93865224300705075  0.94817914105757095  0.95691684164142665
  0.96711283837053275  0.97705912171641440  0.98853126239486255  1.00000000000000000
   1.4977558320526783E-014  -1.0000000000000000     
 F F F F F F F F F F F F F F F F F F F F F F F F F F F F F F F F F F F F F F F F F F F F F F F F F F F F F F F F F F F F F F F F F F F F F F F F F F F F F F F F F F F F F F F F F F F F F F F F F F F F F F F F F F F F F F F F F F F F F F F F F F F F F F F F
  <DiscreteSampler_grid>
  grouped_processes
  1 # 1 for a reference and 2 for a running grid.
  10 # Attribute 'min_bin_probing_points' of the grid.
  1 # Attribute 'grid_mode' of the grid. 1=='default',2=='initialization'
  0.0000000000000000 # Attribute 'small_contrib_threshold' of the grid.
  0.5000000000000000 # Attribute 'damping_power' of the grid.
 # binID   n_entries weight   weight_sqr   abs_weight
    25   10   1.174832333677918E-009   2.640543005017442E-018   1.174832333677918E-009
    28   10   5.769548327170539E-010   5.808011846660641E-019   5.769548327170539E-010
  </DiscreteSampler_grid>
