 -0.00000000774871835  0.00000569446318445  0.00004200203572190  0.00011925805989194
  0.00023317997925878  0.00038925650439789  0.00058651775696909  0.00081004759837600
  0.00107634956662681  0.00138000556530961  0.00172315968438045  0.00207144199362858
  0.00243361635937460  0.00282082819801628  0.00324400660020414  0.00368464352150138
  0.00418840974221759  0.00471402252039367  0.00530407848308050  0.00594131704020234
  0.00663541495610077  0.00746998604161815  0.00845475813014901  0.00970874802592993
  0.01130675565584405  0.01220629767331936  0.01276905190136393  0.01317455723013531
  0.01350129303189702  0.01378767355887522  0.01405156185047622  0.01428672329688810
  0.01451930909251351  0.01475291010333779  0.01498831165630190  0.01522380827917063
  0.01545611509837375  0.01568916360657124  0.01592777945060111  0.01617616779793718
  0.01643051646238539  0.01668995378703424  0.01695377293679153  0.01722303720680068
  0.01749737974057343  0.01778186321583226  0.01807527617591415  0.01837432414327897
  0.01868844480277795  0.01901939527336073  0.01936898970400145  0.01971924291902311
  0.02006210783035837  0.02040322534819933  0.02074424031274682  0.02108919225967246
  0.02144825421401943  0.02181531026402911  0.02219156363718757  0.02257912470417574
  0.02297135185089889  0.02336645819043029  0.02377256614983668  0.02421485244477310
  0.02468873165406017  0.02520615191400658  0.02578343046510794  0.02637886284593738
  0.02697670935995783  0.02758673837445685  0.02821217536527793  0.02885025819903204
  0.02949470249968141  0.03014899434689235  0.03080501235175621  0.03149415547477759
  0.03225570391456225  0.03304418894307602  0.03392001658390741  0.03483753612301159
  0.03578397649942503  0.03676746760887030  0.03781567638235207  0.03889334548013083
  0.03996880951974384  0.04126858777331878  0.04277114785677803  0.04449150921433982
  0.04649429797245996  0.04870038332640814  0.05108373451577618  0.05414412861289765
  0.05967020020623073  0.07041003547270171  0.11558968792184197  1.00000000000000000
  0.00915501761283952  0.01749078537568387  0.02751116539113378  0.03780588203712567
  0.04732221409764893  0.05645559261352099  0.06567458433323246  0.07478858404934387
  0.08367489301678074  0.09270408643186942  0.10215097877979851  0.11229295062103552
  0.12263466838057781  0.13258083320877420  0.14226030265895784  0.15198117830126456
  0.16172496645765200  0.17137111861301729  0.18128511989507390  0.19142784908978933
  0.20190744173589731  0.21236912861678889  0.22252459542235889  0.23248735843458743
  0.24248263907937481  0.25290037859097564  0.26383413687869467  0.27472942221392971
  0.28548019914150508  0.29628757969952130  0.30680168555700454  0.31703474047791380
  0.32724081432531194  0.33762611440106999  0.34856322141456841  0.36083926208017025
  0.37420493456826665  0.38740630017688615  0.40062201737168179  0.41394324699198287
  0.42663479862135484  0.43817106446434712  0.44799141542305654  0.45721730798534349
  0.46634307708233586  0.47545514378181586  0.48489125017781243  0.49455735509841880
  0.50500923073995341  0.51626376944908992  0.52754611509060856  0.53875521433604956
  0.54858591324699979  0.55769070400267595  0.56719117434947064  0.57645918148802122
  0.58597404090496308  0.59547184235897754  0.60563140992537601  0.61755131484781578
  0.63048274368353163  0.64336207811146540  0.65582261149881960  0.66774405663592673
  0.68006871802932023  0.69275534813859718  0.70501255333688451  0.71672696764614119
  0.72714836614394252  0.73644916662465554  0.74529046658574905  0.75434682662837482
  0.76352004504228954  0.77300592313646344  0.78101726996186649  0.78861482120260251
  0.79680589693196824  0.80614475852199297  0.81587051167850289  0.82530046738493112
  0.83485818869540007  0.84523000450197150  0.85586577402919062  0.86694076180770607
  0.87814539557417803  0.88942051909144360  0.90059922905911771  0.91171489833307728
  0.92257169233354053  0.93290177577111499  0.94345635208071121  0.95396948766902756
  0.96452990318219456  0.97521499676828305  0.98647189989960826  1.00000000000000000
 -0.00001982040772792  0.00024408861692262  0.00073599882451605  0.00152123566907331
  0.00254699377693967  0.00384551103118240  0.00528750114680980  0.00703259730016804
  0.00905431474400867  0.01133267579876864  0.01388840082794308  0.01639742021481940
  0.01919574537337183  0.02241926682221572  0.02623288794095845  0.03023407139423026
  0.03423281306188174  0.03824153748893541  0.04221713728206383  0.04614528860725416
  0.05020640834600008  0.05453400730498820  0.05909962822389901  0.06397736196843785
  0.06898276996431209  0.07397365119340114  0.07918526169668455  0.08469729236829152
  0.09011204187423208  0.09590791965311918  0.10205624841838819  0.10838563173466627
  0.11498926460411814  0.12202267618331682  0.12941382599630522  0.13680040780657499
  0.14415334790534096  0.15180757424141181  0.15949928651595177  0.16714169156894515
  0.17487382173104607  0.18289097067216548  0.19123299316423659  0.19976313388475769
  0.20826933595017019  0.21652401446605354  0.22441746099440160  0.23336007617472576
  0.24223107537987332  0.25131171341341330  0.26154353552938980  0.27237965587909724
  0.28323052948967459  0.29407881872656327  0.30486212282197911  0.31565078218704151
  0.32629293275358490  0.33706321151174645  0.34845917819653055  0.36032275503237077
  0.37257105620716152  0.38532876480460676  0.39882285753787133  0.41253394261561033
  0.42609593869265328  0.43995224406396727  0.45401700035837300  0.46825444365022417
  0.48285154707538386  0.49822422327363780  0.51369396861568739  0.52907160504091788
  0.54430086160171898  0.55976107635103745  0.57577373872555238  0.59225027688050980
  0.60875179437886529  0.62406627136394643  0.63885677787179929  0.65337307531731392
  0.66762767141215773  0.68185747168735122  0.69631149465561770  0.71120073014132301
  0.72670432430234311  0.74286661076789662  0.75948357484648543  0.77579716696385059
  0.79194349367506967  0.80823608970700511  0.82595699598998595  0.84463277928491487
  0.86350064390969461  0.88180937188814601  0.89569358194183546  1.00000000000000000
 -0.00235384048813930  0.00943474696597214  0.01980371392552638  0.03171198460364024
  0.04386207062266721  0.05479709966493518  0.06548846183800065  0.07617417901159812
  0.08631212667362920  0.09532492750689603  0.10440390964148898  0.11381329465226894
  0.12330340354637739  0.13235116539500963  0.14125294918870449  0.15072414964389147
  0.16206380498660761  0.17372830087338026  0.18523396496684896  0.19625088308063474
  0.20727474707147606  0.21844303592285708  0.22987219528337349  0.24163903054367067
  0.25349528660872622  0.26466765598793995  0.27571760880731766  0.28646626098903050
  0.29831140397456624  0.31050820989788308  0.32057607780438541  0.33027427433381285
  0.33965560506455189  0.34860458538748079  0.35751976953222309  0.36659411914711487
  0.37593645317662316  0.38680770232878819  0.39780547385995196  0.40806022142469445
  0.41885625355231554  0.43041857497125463  0.44172056713989261  0.45223977285235045
  0.46238381868159889  0.47245229650387327  0.48245134307766935  0.49237344823113383
  0.50245951242281683  0.51229889113662030  0.52173279208387002  0.53094541653749805
  0.54015341705267983  0.54987275616551190  0.56024450545237459  0.57133445175272246
  0.58231041638096936  0.59318134431640268  0.60362535189473399  0.61419788740922221
  0.62457715736406016  0.63485878759382719  0.64507192538472158  0.65502460715181188
  0.66501433864472470  0.67525505647021711  0.68541914730445519  0.69534870677266081
  0.70540437974164061  0.71636117645990649  0.72809304987915247  0.73913944315243840
  0.74967466302170538  0.75977872120770151  0.76967887962446691  0.77952887856995190
  0.78953468121487924  0.80012954954390647  0.81128604581478148  0.82270601215376415
  0.83436733529404072  0.84576176732512065  0.85701043882005412  0.86791465515079458
  0.87888741418282157  0.88989709701520592  0.90143080148104870  0.91298034856006882
  0.92432500650053184  0.93533687042828040  0.94600841294425164  0.95659366472717111
  0.96725307134225147  0.97808052128892087  0.98915276160010102  1.00000000000000000
 -0.00224552165592016  0.00875723700388895  0.01854325533630312  0.02709522925408452
  0.03564158652523734  0.04518816981965132  0.05496022288443810  0.06468648799712423
  0.07365270494479198  0.08306510853990298  0.09306304124520218  0.10358451625366484
  0.11467241896646560  0.12527829392424999  0.13445664874266847  0.14328379484254980
  0.15268277434040672  0.16191398311116914  0.17068602634064778  0.17912330392403350
  0.18746875814044894  0.19842350303698364  0.20961533708968952  0.22017406869626333
  0.23041700128135706  0.24057368193780029  0.25136340320757133  0.26188608165804039
  0.27293372053438847  0.28408104091792397  0.29534308976306245  0.30680351186364330
  0.31997012634763800  0.33300934223085926  0.34474684386683457  0.35525421972422144
  0.36483429135480205  0.37456296786774934  0.38456902073829830  0.39464186129707601
  0.40474117358723632  0.41512067027318439  0.42656630791319766  0.43840076368803649
  0.44886774945420393  0.45857523640813519  0.46830671806654556  0.47817764715650224
  0.48791996071099819  0.49770525606914745  0.50794191979910042  0.51843852681868396
  0.52887952094254864  0.53923181028766143  0.55021198803468796  0.56160550152328403
  0.57279700591549731  0.58418653451359048  0.59593805325433058  0.60817670100425725
  0.62036284574081813  0.63221820852792210  0.64396049695556157  0.65622141035285042
  0.66801357844529574  0.67738819398426708  0.68711537767418740  0.69671718778365177
  0.70598333975615069  0.71483517317401657  0.72292734786578794  0.73136612814845348
  0.74061452830876917  0.75045781595425054  0.76040261429360878  0.77058337796866094
  0.78109130198534282  0.79052872855345979  0.80092427300408620  0.81084579592108563
  0.82200155495359750  0.83288275987661153  0.84589124004417826  0.85878347649606013
  0.87164825931904777  0.88450465824066804  0.89728534407854554  0.90957287536271170
  0.92088691455812099  0.93196426985632774  0.94276003268649888  0.95359765057932433
  0.96442341147122568  0.97542285295230291  0.98709299130934980  1.00000000000000000
 -0.00286541631144867  0.00993938983244912  0.02099798876029649  0.03175739072734540
  0.04250144152708547  0.05348356454889942  0.06416351487906664  0.07374653390791382
  0.08269576819004608  0.09198921114331975  0.10219651710377066  0.11142129360260188
  0.12036786775578148  0.12927415048122864  0.13844791884527832  0.14759211773406075
  0.15629944573465920  0.16550248669342549  0.17636386151962841  0.18861580151973595
  0.20108020957603490  0.21226930681945469  0.22222273022961786  0.23233276907285358
  0.24255051078302942  0.25254996346235359  0.26203589841134023  0.27191354631672326
  0.28312788718613380  0.29467326585943759  0.30595343339150499  0.31687954487192210
  0.32673300660061960  0.33638322600985748  0.34619450894400805  0.35639254443787188
  0.36695254005223493  0.37812351971133012  0.39009935921174549  0.40232322198453718
  0.41446696697362700  0.42639605186698754  0.43806670641167844  0.44967185976833118
  0.46148867146035311  0.47338459630984386  0.48531208657480340  0.49713603827518676
  0.50777322215457632  0.51820293304143450  0.52782858379345876  0.53723637367309929
  0.54632489372368320  0.55533333068414037  0.56444324387413802  0.57333803306656639
  0.58207118364396782  0.59201867110732032  0.60274405079951832  0.61328438175734634
  0.62410787351519981  0.63513708857018247  0.64623984943318935  0.65682061428929395
  0.66703572498909625  0.67747634113451927  0.68836490473707834  0.69987782474254923
  0.71120993635826890  0.72225380565147335  0.73328423995756464  0.74429621102988119
  0.75551062263527258  0.76706124137869414  0.77910405685725592  0.79132698287590120
  0.80321875007629151  0.81566957482995150  0.82826879551307730  0.84068521324892520
  0.85238450063049098  0.86291947714995465  0.87353039324985193  0.88344924494759436
  0.89320112838459476  0.90243007882280413  0.91149713217785255  0.92100674873699329
  0.93134055517559478  0.94171782369423651  0.95168522985896498  0.96124806619123893
  0.97074762525576042  0.98032062266164699  0.99017332262129887  1.00000000000000000
 -0.00309485383319643  0.01075664840646270  0.02225709714756846  0.03411983314998390
  0.04581090469958980  0.05728466030334664  0.06833963336214496  0.07901282736955999
  0.08935483393940484  0.09945254819787445  0.10911815579482063  0.11864983514718948
  0.12844807467479602  0.13859284619628262  0.14869039562544478  0.15867333132681694
  0.16873721582618140  0.17828372200115875  0.18719265777780064  0.19591366228517815
  0.20482579793023478  0.21414549334047550  0.22343864766403349  0.23375242745402350
  0.24639685835190989  0.25816903845105271  0.26941047225431286  0.28048517306278509
  0.29183687934877445  0.30277129781485218  0.31427338053194193  0.32636883533394229
  0.33782166991976659  0.34891944405889636  0.35974353239312656  0.37048277906248367
  0.38039848346770444  0.38998985354424998  0.39977803569163917  0.41004367358763294
  0.42004805005634566  0.42972464683598649  0.43899174888666737  0.44730457021549902
  0.45501702739675937  0.46269796166301186  0.47060047544071459  0.47881549065556994
  0.48775313631384937  0.49686130301803011  0.50829635282493757  0.52081814266728355
  0.53253000477333146  0.54361058419013097  0.55475319750413898  0.56575314004914790
  0.57628914862306069  0.58647215796247909  0.59655206819719064  0.60652986168348200
  0.61664255239443710  0.62749603989774749  0.63881587972815734  0.65018461971712460
  0.66131874510651845  0.67224411977883125  0.68354794005013930  0.69483160130712984
  0.70626337601842271  0.71718411080127675  0.72741026844686785  0.73660209902933216
  0.74568014019629281  0.75549789587358285  0.76631238947788283  0.77742972650675757
  0.78890556969923087  0.80090988420942044  0.81293913150733543  0.82373597428719858
  0.83453231255902127  0.84567896173628210  0.85688650259854715  0.86779704446937844
  0.87838649965853821  0.88939618365356587  0.90014006210341213  0.91055308500872079
  0.92155584123407175  0.93134508733981403  0.94088739467586724  0.95020938398479216
  0.96055060017396598  0.97353941423874923  0.98715798813341216  1.00000000000000000
 -0.00316504382399653  0.01057986641252162  0.02322073951632743  0.03649172379917538
  0.04715548673239529  0.05604464291119514  0.06474735870806497  0.07354630949555867
  0.08262451393139433  0.09202719930949452  0.10143813951876564  0.11156545349507953
  0.12214854540318888  0.13271243926454332  0.14353105319874221  0.15486669663052022
  0.16672319426426604  0.17818194758553416  0.18952113953565528  0.20066145941300512
  0.21228225602563905  0.22334628788710442  0.23496117663279784  0.24745899329502277
  0.25961948554849068  0.27180488848980011  0.28391494515968341  0.29531851334355896
  0.30583031926494497  0.31657257594587201  0.32785490248384030  0.33883745635811963
  0.34889753430945802  0.35936581340418489  0.37008429415145899  0.38075596936421857
  0.39062525052683839  0.40053627106009410  0.41059548038819738  0.42076029416274008
  0.43130120644401587  0.44215388495656299  0.45411590240377608  0.46608992387088399
  0.47924351350553707  0.49045199379761778  0.50132039882562951  0.51210270090775445
  0.52294697542789748  0.53392140654061948  0.54441264119305521  0.55509900743373719
  0.56502609323898334  0.57388753900206146  0.58287155177392425  0.59193567371244438
  0.60106076366779038  0.61004916287658317  0.61892548141939141  0.62834361149296569
  0.63875689455768969  0.64903391901408658  0.65911008504371216  0.66873342028712812
  0.67810312891422209  0.68802585567433672  0.69875864721187098  0.71000650182253289
  0.72133451802731430  0.73265136641092110  0.74370290417050788  0.75456642310490318
  0.76531907204505478  0.77602978703262226  0.78664624812565187  0.79731916593015995
  0.80851414739781824  0.82001008754171134  0.83119216876325797  0.84117390028853045
  0.85051766179669885  0.86014310974964092  0.86959207661420257  0.87849226044554940
  0.88703990729192650  0.89634760828077431  0.90699720071094414  0.91807821057466665
  0.92875684716793105  0.93948909162127336  0.95054652571744080  0.96134550458543955
  0.97154774778714803  0.98137109269460499  0.99068839380208085  1.00000000000000000
   1.4605576805650540E-014  -1.0000000000000000     
 F F F F F F F F F F F F F F F F F F F F F F F F F F F F F F F F F F F F F F F F F F F F F F F F F F F F F F F F F F F F F F F F F F F F F F F F F F F F F F F F F F F F F F F F F F F F F F F F F F F F F F F F F F F F F F F F F F F F F F F F F F F F F F F F
  <DiscreteSampler_grid>
  grouped_processes
  1 # 1 for a reference and 2 for a running grid.
  10 # Attribute 'min_bin_probing_points' of the grid.
  1 # Attribute 'grid_mode' of the grid. 1=='default',2=='initialization'
  0.0000000000000000 # Attribute 'small_contrib_threshold' of the grid.
  0.5000000000000000 # Attribute 'damping_power' of the grid.
 # binID   n_entries weight   weight_sqr   abs_weight
    19   10   4.718242161683604E-010   4.215413289915596E-019   4.718242161683604E-010
    22   10   3.511378194368778E-010   5.492103633358476E-019   3.511378194368778E-010
  </DiscreteSampler_grid>
