 -0.00000001522046444  0.00000920708140133  0.00006908759172107  0.00019023057839240
  0.00038118262445409  0.00063181812088971  0.00091954042912076  0.00124764451618969
  0.00162383944137542  0.00204779841290323  0.00250930826072690  0.00298905120101607
  0.00348232015168962  0.00399522466963846  0.00452264026218431  0.00507812403253179
  0.00567342245510181  0.00628270917431952  0.00691754262696332  0.00757523665340752
  0.00826608906121420  0.00899935177455409  0.00977477963111456  0.01054133301279757
  0.01135955660771306  0.01229746731590484  0.01348286203846480  0.01539341014164155
  0.01794851191287637  0.02008224725553427  0.02195928234912059  0.02374770949895103
  0.02550924286904816  0.02727143902702302  0.02898582289687675  0.03065013573080224
  0.03240228938297341  0.03422610918530693  0.03609231747628355  0.03803390372841177
  0.03994765338783790  0.04185022687296214  0.04376908843143974  0.04564301537828003
  0.04745672243558778  0.04927496507889470  0.05107465990552806  0.05283162598159098
  0.05484953441043538  0.05701511042245498  0.05928400699770510  0.06157192368111851
  0.06393153462557792  0.06638722752603207  0.06881730043697312  0.07118870183954461
  0.07389566113333057  0.07644763526819470  0.07891237314618245  0.08138563489358519
  0.08387774318423678  0.08639881546481874  0.08892877308026889  0.09160507081245814
  0.09445059890782773  0.09750497193668714  0.10076475083552312  0.10398773764643683
  0.10725886550739044  0.11074642728324607  0.11431336456605658  0.11792810806470443
  0.12172777816524531  0.12602540710922766  0.13054698609807983  0.13513067611913579
  0.13971779623144756  0.14430306764457715  0.14890242648323693  0.15312325168459306
  0.15844121815952858  0.16445831534474570  0.17085610342138199  0.17742168155758284
  0.18412660147356399  0.19109469303008172  0.19897111873361215  0.20793497881637124
  0.21922905703248724  0.23237305880909057  0.24711617805505129  0.26609864104735909
  0.29676017780607911  0.36707233268610329  0.63262753929473414  1.00000000000000000
  0.00921404851826467  0.01596331990605235  0.02613758882640525  0.03636090121724296
  0.04661453779490994  0.05666838150972346  0.06671620093581263  0.07585586291973809
  0.08534347189495263  0.09539641252387346  0.10521867033784126  0.11432794907187160
  0.12310582762696726  0.13325727249124292  0.14486634729550027  0.15678589489088868
  0.16823835913373189  0.17727995511334579  0.18609419516708825  0.19459471676126647
  0.20302826693332104  0.21147103495198810  0.21973983817359136  0.22839180837912043
  0.23770884883666837  0.24736117512061120  0.25682053892459811  0.26624862483420653
  0.27599672652880530  0.28583357914637264  0.29568567675023977  0.30508956331325565
  0.31484495411147867  0.32558596042061472  0.33597987117513839  0.34578738650580626
  0.35627900564745496  0.36698932102543297  0.37695352118321412  0.38649522036550160
  0.39719522462441903  0.40898886840108223  0.42112852358542002  0.43289213184132247
  0.44417033080897361  0.45517535219947186  0.46590504156770868  0.47640134621815933
  0.48703450022671302  0.49798640178398951  0.50895952202733596  0.52026189595219352
  0.53289670163185521  0.54643227546081519  0.56028111612706688  0.57503586111305571
  0.58831167800424256  0.60039518544782589  0.61127832535208626  0.62210142523214518
  0.63255752343847593  0.64237556919469729  0.65198608257682078  0.66184086734149850
  0.67305762147419146  0.68396703622480981  0.69433878542526140  0.70414017529759954
  0.71342020079911816  0.72354708760670061  0.73333967563644509  0.74474530318445531
  0.75579111945285260  0.76687941630850254  0.77677719888710284  0.78634130846801020
  0.79594395436928356  0.80591108377207199  0.81652454442718903  0.82738831249777867
  0.83835616435766414  0.84915875504326788  0.85950456093843031  0.86999134106357034
  0.88010922663141389  0.88997277694568722  0.90006605043104271  0.91015471638294709
  0.92061051279901285  0.93132848931239309  0.94202883417659333  0.95259877237190571
  0.96299047655746928  0.97612340454743574  0.98824672927421775  1.00000000000000000
 -0.00001688296669324  0.00019285108840304  0.00052031705403620  0.00103181963599561
  0.00171184144234076  0.00250497813943376  0.00348561223988434  0.00464443188585381
  0.00588001413548557  0.00724872847099077  0.00880505416199824  0.01052659701786590
  0.01220430920179896  0.01390767641939133  0.01572058457841301  0.01763087359091642
  0.01967793672914797  0.02193483900388015  0.02446224600535997  0.02699196275871923
  0.02964395426034556  0.03220638133027848  0.03485378862710019  0.03755778505829130
  0.04031419414393678  0.04309445667755293  0.04601217096392902  0.04919022509664893
  0.05244073666543816  0.05583754871977900  0.05945802303090705  0.06297204838071500
  0.06632120890708083  0.06972737728838733  0.07329396426846777  0.07695286889138858
  0.08058196011578388  0.08407843434059915  0.08781043014222858  0.09137806258453908
  0.09504843009606714  0.09882388904909283  0.10268470851673692  0.10671534713043830
  0.11082694439909846  0.11473156292672924  0.11899236725829353  0.12350308379998162
  0.12815550380018542  0.13297379394799472  0.13785032377475473  0.14275872808911183
  0.14802984931866806  0.15343832937080218  0.15896843092634877  0.16433274190810868
  0.16963898227719970  0.17498611878682915  0.18055834011807442  0.18638567827276775
  0.19219846145949993  0.19789764458968992  0.20344146693099843  0.20896071197046440
  0.21460996702282079  0.22033654248058462  0.22661383701500609  0.23329793170173652
  0.23978701041745765  0.24620016165990347  0.25257283062621710  0.25888143024723331
  0.26517349022731668  0.27147563406756858  0.27768318798106328  0.28391549915002973
  0.29024474052274379  0.29660007221708184  0.30291931073067713  0.30946112379973179
  0.31671055173983248  0.32386549934432812  0.33082471683632197  0.33751331406089746
  0.34413453340037875  0.35099567660846709  0.35795579913650516  0.36451542756626498
  0.37095043949404616  0.37762883198624170  0.38487527214504996  0.39219924291819208
  0.39961302397207255  0.40659446978846953  0.41243805394252370  1.00000000000000000
 -0.00272706594801954  0.01061072932119646  0.02188561842478978  0.03282947221121404
  0.04385268516996890  0.05432909407284010  0.06454540666916792  0.07442439184087433
  0.08472475415802605  0.09578856284968103  0.10641885304712993  0.11671749452228934
  0.12709243042474067  0.13811801932139123  0.15017652083009556  0.16368585989646958
  0.17671262338816401  0.18955321243012119  0.20087345492467648  0.21296713907023029
  0.22490570553869221  0.23650569072085706  0.24694416462163971  0.25774312370013325
  0.26925839242243815  0.28118133602622941  0.29312481334943385  0.30475475412363795
  0.31535110767820290  0.32496992422291598  0.33462328425898141  0.34440217462435641
  0.35412798519004363  0.36433533146983021  0.37454502362407427  0.38559809210128343
  0.39624592665442898  0.40632319858750338  0.41643776398041732  0.42591863644439365
  0.43507727815884373  0.44486888153906129  0.45527396446796886  0.46600664299949573
  0.47690744323981799  0.48789984755297633  0.49878666657276521  0.50932708359291012
  0.52013312157962599  0.53176545726652624  0.54345825081885590  0.55459310030172015
  0.56503568958533568  0.57532864508964321  0.58605126871798408  0.59757242502491104
  0.60841967660460594  0.61869206019155520  0.62874225481841828  0.63823940220868314
  0.64759485455996124  0.65692532342284693  0.66646491914585737  0.67625116816878850
  0.68639315570389725  0.69707344743073618  0.70792811895790109  0.71809739601120171
  0.72852466872487687  0.73853726924785168  0.74870182080079972  0.75862578433144479
  0.76860306548612833  0.77885941319649288  0.78912798294099007  0.79951293140093194
  0.81014525616897870  0.82057773777100818  0.83171366870180696  0.84252166274544138
  0.85337181063139023  0.86370300903305330  0.87372747892365865  0.88397638814036572
  0.89461945749204852  0.90383446933151357  0.91250289478009250  0.92153738475865909
  0.93101770157888875  0.94071813407197769  0.95030514161872348  0.96022241064057923
  0.97154755069338883  0.98180638320757496  0.99105645992242752  1.00000000000000000
 -0.00253382745828135  0.00973205438140690  0.02062773250196437  0.03033694936964794
  0.04023280467046642  0.04949113348000416  0.05912125335002477  0.07028541175841978
  0.08169512841539774  0.09221446531398197  0.10278504790397799  0.11315832239681924
  0.12370527214686215  0.13336060895526217  0.14296191506318978  0.15318406143262925
  0.16417286673852352  0.17561949635850130  0.18711924017346979  0.19880191593226959
  0.21007711767052500  0.22140294642450345  0.23246055612849939  0.24375127351882536
  0.25523150275658607  0.26632752820551159  0.27675132438319516  0.28704948028849148
  0.29772503592005573  0.30848565084725604  0.32068033659514067  0.33301978500882640
  0.34314782333475324  0.35238032183028944  0.36129346392085532  0.37099961852687335
  0.38076969078125811  0.38995435413504381  0.39937909754036821  0.40919288767363410
  0.41899410723618308  0.42911936736619866  0.43932799596948013  0.44954882813882480
  0.45987133097377930  0.47083975816860979  0.48129386680142977  0.49158816065552935
  0.50221609425981073  0.51304137535852989  0.52483311637933217  0.53682240717294327
  0.54765614796996864  0.55756646073258209  0.56758488464187418  0.57772507853588184
  0.58840003335424529  0.59944666827322890  0.61075760995298078  0.62245569279301405
  0.63410007715732863  0.64584657568507431  0.65755136645253009  0.66877659106340470
  0.67931286830608706  0.68954502632181169  0.69957720053395156  0.70949602927604793
  0.71886491153232457  0.72795163046851807  0.73743171858123302  0.74739074345410084
  0.75763851451087694  0.76788923338806203  0.77842941930223597  0.78865975386460940
  0.79866325339713928  0.80876316852475771  0.81964323217698554  0.83034599544628418
  0.84065899072504469  0.85094300318678140  0.86118471788717255  0.87129705319822492
  0.88201208165031164  0.89312563361618469  0.90373552846677707  0.91339845776125894
  0.92331191854365835  0.93305274866234988  0.94248174859344536  0.95213095686450122
  0.96250132983098702  0.97475884642363297  0.98713066388206128  1.00000000000000000
 -0.00187401056622804  0.00791219895473684  0.01580724921852484  0.02405176058066118
  0.03273277113663425  0.04126033104092075  0.04973008471879489  0.05767412906334925
  0.06620142748290288  0.07502653564908655  0.08549322666803182  0.09719988338204796
  0.10873865773026004  0.11973519955172217  0.12993853456933177  0.14025962179007909
  0.15030022490522538  0.15990197998884756  0.16941373852042196  0.17883138062722073
  0.18870885510637769  0.19761976883498236  0.20640068311594509  0.21562183484928965
  0.22621765632677993  0.23691875372157506  0.24598901213314942  0.25489788674440350
  0.26443361741327431  0.27451297763041776  0.28456938088199207  0.29467013113911300
  0.30518452587104522  0.31617606600360632  0.32746442477694837  0.33878338366638949
  0.35030141470881021  0.36276644240262373  0.37618252648303852  0.38737621962214991
  0.39915315820457370  0.41049938755054333  0.42196955018217791  0.43333518842031121
  0.44490370057309037  0.45601235892061065  0.46631606908619794  0.47611560049617208
  0.48614720979059611  0.49658309215207291  0.50718564271420052  0.51803970115968956
  0.52916464131920260  0.54049561467254359  0.55133046964699373  0.56189686264820804
  0.57174697818472675  0.58239749017839038  0.59326407798941694  0.60361004974440391
  0.61405275963115569  0.62508617573722070  0.63699987038019557  0.64855208650550467
  0.65990640474195117  0.67056726266237698  0.68131742499648751  0.69237582212937809
  0.70307757924193759  0.71359447927068353  0.72402740432696311  0.73476441092578404
  0.74590292991359275  0.75745040172193123  0.76933048257963021  0.78096724590071565
  0.79223016884407294  0.80416262617594425  0.81629429632514505  0.82817284279971171
  0.84103907205750328  0.85373976283959896  0.86610114537537097  0.87797926567455598
  0.88930357792349479  0.90031024945406390  0.91133765279026790  0.92230277587696308
  0.93215783325794355  0.94126436753493070  0.95028092218598392  0.95993910797354554
  0.97044892828573526  0.98059378519906204  0.99022935786034005  1.00000000000000000
 -0.00348775065995690  0.01200314808538755  0.02413560592427052  0.03553180064359231
  0.04717959843864523  0.05921087484870920  0.07064399190463554  0.08173169518254056
  0.09289680188616109  0.10374994958160995  0.11408760072437683  0.12440281727156875
  0.13480215735229151  0.14500584137769199  0.15508209562397732  0.16556325040751052
  0.17686911291619850  0.18809326420770522  0.19833493482935877  0.20796996007775162
  0.21734392566008268  0.22655334177782616  0.23638297171109321  0.24725067792042515
  0.25879576325196080  0.27018066350993891  0.28165948766840287  0.29297296808825768
  0.30426227787830856  0.31453351934563334  0.32372880702268048  0.33275560009232896
  0.34151824393518271  0.35056077435681005  0.35935894048284989  0.36735484677712987
  0.37560936309204063  0.38532754153057247  0.39595214637262860  0.40614477556924472
  0.41558007781331963  0.42453886502414456  0.43338417349609365  0.44246260779281577
  0.45175467748554737  0.46156063894601268  0.47181306680776197  0.48252251554435072
  0.49422617306452926  0.50656878856189780  0.51868990611878518  0.52983244909230109
  0.54116442065103454  0.55183952558225435  0.56383028801143931  0.57440706830526223
  0.58432115095785730  0.59453880967101602  0.60505271668140392  0.61677564095132176
  0.62861235004444460  0.63986483436731767  0.65099644554603420  0.66185237286563003
  0.67228638916986727  0.68245298584801639  0.69307242801697388  0.70508023408755482
  0.71629554717179056  0.72811515621404277  0.73854078201827644  0.74938319993559599
  0.75946558131622532  0.76930075926208352  0.77944660288196155  0.78988154172774250
  0.80033962836937578  0.81070090633276481  0.82026199823238599  0.82964136657308463
  0.83899185007083310  0.84883502024667956  0.85915800101630291  0.86917354728945562
  0.87927105894644497  0.88970065564479428  0.90027444595668316  0.91073861811703571
  0.92119523321341878  0.93250556940319385  0.94383221045235310  0.95433579940522117
  0.96549332933656062  0.97722512958244556  0.98862334666436902  1.00000000000000000
 -0.00285190698110731  0.01085055882518457  0.02220556677377802  0.03398015147046426
  0.04615953454604895  0.05816484743368960  0.07039555426393888  0.08252661276093486
  0.09439265105329753  0.10628432903975070  0.11802460821969982  0.12931444579493531
  0.14019674524542319  0.15101220588151887  0.16221736686289587  0.17433459434783252
  0.18696636811622311  0.19926235927723490  0.21126580142411941  0.22234171541585876
  0.23362408875842566  0.24509274194309411  0.25656374849911451  0.26794555608524312
  0.27810844699587234  0.28691816496049827  0.29599352743159890  0.30560870018804914
  0.31590075758588537  0.32608914977620085  0.33640331683563279  0.34688650293899892
  0.35721735992229459  0.36723696807770645  0.37696835980423699  0.38655555187005886
  0.39649298526043147  0.40722489214670965  0.41811617522025263  0.42835638165072693
  0.43875692873930522  0.44927908828413349  0.45967996123319521  0.46951560789348246
  0.47968728215094208  0.49088396720026994  0.50193397305803711  0.51210215151306693
  0.52156049444661101  0.53056406863602446  0.53971309472943796  0.54881544220394152
  0.55776515398608773  0.56737769362951862  0.57695910191986999  0.58739124488757055
  0.59891456660077314  0.61007827586267227  0.62122112221873582  0.63251826148328050
  0.64345062639802908  0.65351556402342503  0.66361121862730466  0.67376737894458605
  0.68416571310511642  0.69330358533190184  0.70149076657265041  0.71015971264267375
  0.71982979752851139  0.72975183732907101  0.73871155589637527  0.74771681962113312
  0.75739166835991856  0.76768996583692872  0.77803312892901022  0.78822896900935302
  0.79792346436655948  0.80749540845479995  0.81726072222234669  0.82696552156359382
  0.83659970685641172  0.84603425831755341  0.85579215843786527  0.86675097065102147
  0.87809872290307589  0.88942455462056269  0.90019268850671508  0.91037627430570711
  0.92052219563954663  0.93064429271300442  0.94079818699119466  0.95101860054549547
  0.96237486257003180  0.97465259447900787  0.98736398737663533  1.00000000000000000
   1.8314949493369966E-016  -1.0000000000000000     
 F F F F F F F F F F F F F F F F F F F F F F F F F F F F F F F F F F F F F F F F F F F F F F F F F F F F F F F F F F F F F F F F F F F F F F F F F F F F F F F F F F F F F F F F F F F F F F F F F F F F F F F F F F F F F F F F F F F F F F F F F F F F F F F F
  <DiscreteSampler_grid>
  grouped_processes
  1 # 1 for a reference and 2 for a running grid.
  10 # Attribute 'min_bin_probing_points' of the grid.
  1 # Attribute 'grid_mode' of the grid. 1=='default',2=='initialization'
  0.0000000000000000 # Attribute 'small_contrib_threshold' of the grid.
  0.5000000000000000 # Attribute 'damping_power' of the grid.
 # binID   n_entries weight   weight_sqr   abs_weight
    19   10   1.934606719213225E-012   1.210637495930891E-023   1.934606719213225E-012
    22   10   1.103690117620830E-012   3.683012850413163E-024   1.103690117620830E-012
  </DiscreteSampler_grid>
