 -0.00000000254601658  0.00000201123030288  0.00001341789066929  0.00003674720528542
  0.00007254279344276  0.00011866843030417  0.00017627977188987  0.00024735788775006
  0.00033612972317087  0.00042889833327877  0.00052801908341673  0.00063678436926628
  0.00075125490684902  0.00085765324528545  0.00098237305094992  0.00110438416331750
  0.00124978874200891  0.00141073839345997  0.00159031547070918  0.00178037945601726
  0.00197356756620771  0.00216954624496494  0.00237513308296651  0.00259895542533889
  0.00278473710571298  0.00298644640854376  0.00317588637785158  0.00335997767478616
  0.00355067655195636  0.00373406618555422  0.00391033513475548  0.00408471405065712
  0.00424847806375168  0.00441743357705510  0.00459298932073852  0.00474817627083569
  0.00492822295858201  0.00511061583101500  0.00529931604986101  0.00548836998870402
  0.00567816142406090  0.00586732171452840  0.00605313307966817  0.00623510027746277
  0.00641410110109962  0.00659228609320242  0.00677352957827301  0.00695784511842379
  0.00713473149335415  0.00731200414778354  0.00748992392713761  0.00766641534032936
  0.00783258379124034  0.00799454586294610  0.00815794497030710  0.00832115465265979
  0.00850771975000409  0.00872064134231263  0.00893627234021411  0.00913781761015092
  0.00931687313102579  0.00948421014613992  0.00964990866051783  0.00981583013773244
  0.01001011439953694  0.01020037334621906  0.01038292056038425  0.01056168769800311
  0.01075290705305304  0.01095563112570311  0.01118682229103845  0.01143300472883466
  0.01167639325677896  0.01194851867944322  0.01219682654559534  0.01243999914724215
  0.01269303850907475  0.01295851251462324  0.01322891889223286  0.01350629300020341
  0.01381757710756795  0.01416108711922848  0.01452145753242270  0.01492065145584512
  0.01542773392664179  0.01601318670758345  0.01660945182076111  0.01727735635326885
  0.01798675132236758  0.01875264842565479  0.01992142794341734  0.02163782239369226
  0.02393177263366027  0.02921483232192377  0.04774558198370086  1.00000000000000000
  0.00902649727118485  0.01741099583803984  0.02886284182217465  0.03963969318395805
  0.04973981300962149  0.06019072250240799  0.07108176769287966  0.08244076784919430
  0.09466445449310014  0.10759041031303919  0.11996494701442222  0.13074195506428557
  0.14021319511240171  0.14919017814466054  0.15765446571224218  0.16579674405042069
  0.17449853798044362  0.18434514169823987  0.19690146949205434  0.20823276435054305
  0.21741502582130878  0.22609395761990109  0.23539675424108572  0.24485580198154905
  0.25506034908027303  0.26378490501854679  0.27298514275262964  0.28345983842659583
  0.29373320446944767  0.30309406503418218  0.31245045891973000  0.32155499819154992
  0.33019903494625602  0.33895643370259371  0.34716328346238268  0.35815848741625789
  0.37423689386090975  0.38866062544914859  0.40008946079272800  0.40884088394852264
  0.41725154409279358  0.42420587069153526  0.43117923569718752  0.43830941854121569
  0.44578632280173164  0.45338513967866784  0.46177674236953548  0.47014127012678114
  0.47718295294041457  0.48915552902479725  0.50212688782796511  0.51351038682471073
  0.52544820519657709  0.53763527969574576  0.54956122634022131  0.56168407879452398
  0.57381399000405786  0.58631120277857218  0.59946163441257649  0.61324119744792260
  0.62744042770751929  0.64148932803058123  0.65417907994150537  0.66546284001513045
  0.67597198328936803  0.68578191968483293  0.69559644123452613  0.70552443474034976
  0.71623070108050091  0.72609358274539360  0.73778572181073665  0.74933156800914302
  0.76008174095481229  0.77061979774995992  0.78076106161259928  0.79062555297180892
  0.79971807440735321  0.80852625552049717  0.81762385439751295  0.82748342042092204
  0.83792123884697356  0.84838462977576212  0.85966939629620076  0.87119406222561568
  0.88417133639010870  0.89763465838936785  0.91061772801740115  0.92242410124530327
  0.93223654245511522  0.94249001783920783  0.95288421927910838  0.96316800153608029
  0.97288330503643350  0.98180641888122544  0.99137468585368060  1.00000000000000000
 -0.00001869679743934  0.00024647085666066  0.00068224699134557  0.00134318749657539
  0.00225893535983502  0.00340511251731706  0.00478752284867907  0.00655833999673622
  0.00848248899140724  0.01057915239675828  0.01308022036649860  0.01560767164634948
  0.01814965991506981  0.02093350862111385  0.02405103618270786  0.02744167885606844
  0.03110510238836345  0.03521324774664953  0.03969777580171160  0.04365956710882783
  0.04762963310759587  0.05156938106040058  0.05603574441751497  0.06138120686383130
  0.06734575142041069  0.07305368496247859  0.07808501305936244  0.08278041218936805
  0.08778463429454064  0.09299322953845164  0.09864156389778098  0.10451793173096462
  0.11114755334675304  0.11804493672531705  0.12467950784939319  0.13105138443721531
  0.13667069160034664  0.14239230138097544  0.14822329551155028  0.15458056492514907
  0.16124241235776954  0.16706856163448647  0.17297500803800700  0.17933416041069353
  0.18619887157706691  0.19305760308391695  0.20020483507231882  0.20756434127987977
  0.21513026425854351  0.22320300982900701  0.23228924016859784  0.24166121271298169
  0.24958761674550947  0.25724111905482216  0.26529049575220587  0.27388901121342579
  0.28402488682014054  0.29556905899552882  0.30648322618235613  0.31949793138611199
  0.33230709004769327  0.34449139749625562  0.35632050260842696  0.36859722153624391
  0.38114301893714247  0.39435460079669005  0.40774341390813068  0.42097850836463918
  0.43358482005763377  0.44546243782055411  0.45706120049392185  0.46905916269664794
  0.48390139414239297  0.50057154470941079  0.51697311378779243  0.53259610731942386
  0.54776851594926579  0.56347908612429320  0.57988575336039394  0.59695252028122991
  0.61535079792806413  0.63428906898253612  0.65315926950337211  0.67255178145045880
  0.69253865911241652  0.71180415322617696  0.72902069678680548  0.74642458942272838
  0.76471607836401589  0.78489128752412041  0.80758742996964106  0.83306667558574943
  0.86107955608537656  0.90752174950709719  0.95438519377403630  1.00000000000000000
 -0.00172472349387652  0.00741066833477684  0.01598730782704076  0.02690655512998434
  0.03809875958075463  0.04937365565410241  0.05981205329249564  0.07038070554984287
  0.08120777098327558  0.09257443235865796  0.10555090222438010  0.12128367364446124
  0.13367803300927034  0.14439399790216004  0.15441356172820134  0.16470314735263406
  0.17531425651364160  0.18551910057268425  0.19586995423944586  0.20673171668973858
  0.21794013267221046  0.22923568424845459  0.23987484256144948  0.25032436063279090
  0.26126916861567068  0.27216708976500098  0.28376981813614321  0.29475448560409317
  0.30527274816921113  0.31571509959997507  0.32642619693938812  0.33843108010785089
  0.35216812920187324  0.36727248537412083  0.38096555903457824  0.39149794351860157
  0.40211294616996363  0.41300931706721083  0.42400599161416436  0.43173986255425906
  0.44028184267312404  0.44933106166969622  0.45921153927799696  0.47030624468177495
  0.48148957208707344  0.49359121028280761  0.50673055851300774  0.51990638110290710
  0.53154811089309661  0.54221494432371675  0.55267595055596619  0.56248713975885234
  0.57188587553637293  0.58099231248035077  0.59232186397615638  0.60438347347256782
  0.61531255153462516  0.62482218528052968  0.63331826631012711  0.64180688048766976
  0.65015892014108434  0.65772238134728400  0.66572404204438629  0.67445561108857199
  0.68330242146070275  0.69284776537820347  0.70284484114673251  0.71166814610854212
  0.71977849967832219  0.72820787679266752  0.73728969045140746  0.74716942691252597
  0.75678876831091502  0.76670549559000511  0.77703388524711181  0.78713987187373580
  0.79757564383220581  0.80972589736954192  0.82141201321171242  0.83345155768672341
  0.84599228088649880  0.85952515620851089  0.87270514078504979  0.88612762862908767
  0.89751341438205035  0.90635359286160966  0.91458142198549930  0.92323850161316889
  0.93238210162098234  0.94134916130488910  0.94995259194832260  0.95837106345770540
  0.96990558056666465  0.98110111994329308  0.99108357535639280  1.00000000000000000
 -0.00192278403182933  0.00854338166975019  0.01872828266027556  0.02687735543019984
  0.03564737841600596  0.04454803990453877  0.05347604842452541  0.06145653942152433
  0.06886028737969530  0.07597046789317305  0.08479531879792812  0.09657345706722530
  0.10874950858012156  0.12043487210659268  0.13114947751399858  0.14065640523123568
  0.14996998028184910  0.15944773005977500  0.16856449607776433  0.17929132039818529
  0.19053246346273753  0.20207655139972977  0.21205690201232813  0.22205371789167416
  0.23180152228525761  0.24107769840101814  0.25094322499604671  0.26328695475162772
  0.27722838111259185  0.28889225736903351  0.30048297738590335  0.31190613502264308
  0.32304366936670698  0.33446086733177061  0.34711992702023098  0.36095547871177480
  0.37395290955828064  0.38545072914097717  0.39556111607305861  0.40437551448285880
  0.41293947450999696  0.42185566161066546  0.43076470959150720  0.43980977111035480
  0.44882611053626303  0.45782737002414181  0.46840720288385301  0.48122330922564233
  0.49689063985357818  0.51175658356700449  0.52499389803631102  0.53732543648852737
  0.54782869600634165  0.55787561822826370  0.56950712532419767  0.58005560383526888
  0.59060204326303001  0.60149937878143001  0.61193184071746098  0.62140974315569475
  0.63010706279446904  0.63842215937728131  0.64773906656001035  0.65641398861136979
  0.66483085495102068  0.67400038879410995  0.68395043108069209  0.69671064551407746
  0.70995995558706249  0.72033868322455785  0.73058261850440287  0.74023422688631912
  0.75004621558706119  0.75890266167842868  0.76753775238281408  0.77783562284110330
  0.79001508585159708  0.80186079832330892  0.81406206884437982  0.82696343154667906
  0.83865343695006134  0.84867976026098135  0.85840634551054029  0.86858930110001675
  0.87959981719417135  0.89163204887409031  0.90362011656307162  0.91523814012135951
  0.92656437234537847  0.93795640221684806  0.94988072598581130  0.96036846209351645
  0.96988057641098091  0.97909812710196154  0.98961799202827028  1.00000000000000000
 -0.00194641389736460  0.00817257776854021  0.01637465156082346  0.02540589576013457
  0.03540728407068077  0.04684989532096823  0.05853292650545645  0.06858626865307635
  0.07862020494256604  0.08854843791669530  0.09822289176720059  0.10937276320832492
  0.12237469464410250  0.13620007125618733  0.15071448010525532  0.16422015790543087
  0.17450079979437189  0.18286575399480839  0.19102125141811208  0.19857911262580627
  0.20692206616577824  0.21558985352499080  0.22353937093783641  0.23142901233874247
  0.24071613813060641  0.25032251615926637  0.25993104243515647  0.26853625449774837
  0.27834214697975385  0.28865780769581428  0.29882033748111381  0.31054883446643677
  0.32243279850253936  0.33517871661229548  0.34801469653855466  0.35952589251662842
  0.36956387387668732  0.37973856296078140  0.38991883343580153  0.40048886494607994
  0.41165802717941369  0.42520286095754822  0.43879980464229096  0.44997174879537555
  0.45994432754377618  0.46893435348555706  0.47873543202905605  0.48847610080757953
  0.49838077720679380  0.50697179135175474  0.51493372890505063  0.52275112914278699
  0.53049350812393914  0.53767156213259526  0.54498612245010647  0.55271433799305392
  0.56125980658680308  0.57348621267991096  0.58719286431513318  0.59971661266635223
  0.61130478409420030  0.62141300147733425  0.63296751772603543  0.64515582957334894
  0.65702546888912294  0.67043741600108286  0.68481482613082945  0.69601986674555805
  0.70584564433658370  0.71597084673849454  0.72579828279761460  0.73498280090480528
  0.74350206223160298  0.75331352871034474  0.76608781492231737  0.77852419504494874
  0.78852725641980448  0.79978127475747496  0.81126448900488302  0.82093202651404706
  0.83017971680812386  0.83955651470912429  0.84956980505269930  0.86001483734843054
  0.87083147539855044  0.88260666612693173  0.89525924217081687  0.90825676098252461
  0.92146966712031442  0.93415149355738125  0.94619690196313011  0.95663084537839960
  0.96672199923761359  0.97668344765062254  0.98769079820477002  1.00000000000000000
 -0.00341509070849626  0.01419263987192905  0.02581718976935900  0.03464898445786487
  0.04315931462727939  0.05132470192796759  0.05952196791648625  0.06828701510058213
  0.07713426598420235  0.08694161817683567  0.09854910210965469  0.11026321559849024
  0.12180411345726463  0.13311318595999416  0.14486350789727537  0.15746397265598169
  0.17010381170086894  0.18165791302432027  0.19361244545533804  0.20576507241664505
  0.21700975182049295  0.22827757841715449  0.24083885919298906  0.25381524716176912
  0.26575611784219411  0.27626431847784827  0.28597738466529637  0.29596294264503159
  0.30620376364734908  0.31605424865081988  0.32590130795244737  0.33664195548956427
  0.34758327420369906  0.35768248781415918  0.36709935830083562  0.37703352755286385
  0.39009130040648987  0.40210096138003854  0.41341469849923862  0.42459863815422083
  0.43512032811436818  0.44783220903052673  0.46014894973911596  0.47045567080851070
  0.47990693780370186  0.49015212860703761  0.50048186105991976  0.51097323887268364
  0.52111083227562116  0.53173359933501751  0.54243006763573132  0.55413009049371198
  0.56642782869213149  0.57830600049184033  0.58914021652301196  0.60009956037713952
  0.60969108768325309  0.61955512010201752  0.63026613021823252  0.64132111866576536
  0.64966168852246886  0.65703717989696864  0.66423704348539248  0.67169732749491018
  0.67948177282905720  0.68768373332199173  0.69582876762965096  0.70366802769418224
  0.71198199913137294  0.72520728731856043  0.73765339959562826  0.74934805777209379
  0.75982518843707780  0.76982958036058069  0.78038367032357026  0.79111640138747241
  0.80230216327550996  0.81305694597867106  0.82383894085225895  0.83529879856939560
  0.84591710594848324  0.85654179510884110  0.86676275393364111  0.87712625455691440
  0.88929220691401545  0.90111049833771228  0.91334656195369279  0.92395175875304014
  0.93448369195214320  0.94452018618747657  0.95452869400696050  0.96361608790763398
  0.97254054159838177  0.98124003461494691  0.99022961703688184  1.00000000000000000
 -0.00386369926499354  0.01341839153545096  0.02790818859869483  0.04137142334548095
  0.05435421056164024  0.06609807314556786  0.07661077269979102  0.08695273817322292
  0.09731567624032761  0.10752456544777195  0.11743168227021028  0.12783671991951362
  0.13920855311377170  0.14991053667669893  0.15927519293551715  0.16821674925428903
  0.17740345231587196  0.18768409404934980  0.19888895929734018  0.21126769026908421
  0.22278347642823187  0.23188707507238593  0.24094138124777806  0.25119362671452961
  0.26273327193205903  0.27458753521194812  0.28579540908870821  0.29640397245294214
  0.30731777217955070  0.31923249671526510  0.33263757110302578  0.34396373904671029
  0.35499820608019217  0.36664320864242789  0.37951502470963894  0.39435672491514845
  0.40718180692698147  0.41925665520985100  0.43001271375676442  0.43973038945953891
  0.44893175489904535  0.45920918616144302  0.47094304410293908  0.48287052180619933
  0.49498785966421222  0.50827935766996890  0.52164587866069345  0.53394729204148617
  0.54540335488280911  0.55695643664316341  0.56945294128902546  0.58276599002539331
  0.59602111336147434  0.60892527962311049  0.62167858935445985  0.63444864745924412
  0.64753555132728080  0.66103523109505169  0.67305911370319194  0.68249249683806623
  0.69272294019465153  0.70254046177102381  0.71135421634365514  0.71906253536629117
  0.72656922601364593  0.73475794533268524  0.74429383141690442  0.75283129987235287
  0.76087506413275252  0.76884054169368332  0.77746645732316466  0.78652647748339399
  0.79518403723228759  0.80299685571025980  0.80997719692636050  0.81583782555246609
  0.82153719629312771  0.82742934943571544  0.83522877604219548  0.84389708914852868
  0.85285459170677047  0.86198384953803797  0.87101612568677000  0.88232633283357653
  0.89810075410463952  0.91279257993448715  0.92404429951160538  0.93333435389559538
  0.94178116882371121  0.94940437497872809  0.95625782465005638  0.96276122874506209
  0.96968136755543555  0.97766763545574031  0.98754748729240971  1.00000000000000000
   1.4746695391157644E-012  -1.0000000000000000     
 F F F F F F F F F F F F F F F F F F F F F F F F F F F F F F F F F F F F F F F F F F F F F F F F F F F F F F F F F F F F F F F F F F F F F F F F F F F F F F F F F F F F F F F F F F F F F F F F F F F F F F F F F F F F F F F F F F F F F F F F F F F F F F F F
  <DiscreteSampler_grid>
  grouped_processes
  1 # 1 for a reference and 2 for a running grid.
  10 # Attribute 'min_bin_probing_points' of the grid.
  1 # Attribute 'grid_mode' of the grid. 1=='default',2=='initialization'
  0.0000000000000000 # Attribute 'small_contrib_threshold' of the grid.
  0.5000000000000000 # Attribute 'damping_power' of the grid.
 # binID   n_entries weight   weight_sqr   abs_weight
    25   10   1.069911613052192E-007   2.403321142228895E-014   1.069911613052192E-007
    43   10   1.002929863890617E-007   3.057480690619654E-014   1.002929863890617E-007
  </DiscreteSampler_grid>
