 -0.00000000628061464  0.00000288430826752  0.00002024736031554  0.00005509904857806
  0.00010632955927308  0.00017279425829193  0.00025582184101211  0.00035133169168363
  0.00045945582953033  0.00057441853921948  0.00069726622821184  0.00083042427447794
  0.00096697951487552  0.00112563332541571  0.00129016988631610  0.00146483423748753
  0.00164148432545408  0.00182416215272164  0.00200964269082994  0.00219554751319623
  0.00239046110283690  0.00259584730250699  0.00280099628928613  0.00301192726738120
  0.00323065117108516  0.00344713774477717  0.00366021071069693  0.00387399371545979
  0.00411478942719141  0.00435309908953086  0.00459091694641232  0.00481987069850535
  0.00504143536415622  0.00526344403522452  0.00548621552035096  0.00570782754838357
  0.00593353479098154  0.00615975933983036  0.00638873146273152  0.00662999059588275
  0.00687837746992473  0.00712115857152151  0.00736667193419763  0.00761142664062218
  0.00785427905980764  0.00809377427246298  0.00833007804828570  0.00857585675836115
  0.00884762570424375  0.00911121843304226  0.00937482114645550  0.00963722806819190
  0.00989651870244565  0.01015154955733690  0.01040245800580655  0.01065182798112975
  0.01089983903000465  0.01116104834183780  0.01144624299495622  0.01178144881693558
  0.01212464936799116  0.01248208559426965  0.01286562117034386  0.01338376776611414
  0.01418135614182611  0.01558544251775337  0.01715027175892788  0.01836603416101069
  0.01941835889348466  0.02046017822688946  0.02143756147855696  0.02240024229508886
  0.02333852570806374  0.02427247607851021  0.02524217323028117  0.02620408118956763
  0.02716473645729472  0.02813541936205231  0.02912276274747533  0.03011405848170513
  0.03113359513782653  0.03227966158406796  0.03350121864570141  0.03484737190821236
  0.03627177313374402  0.03776918584534573  0.03933187802865297  0.04101548513345501
  0.04305018324868860  0.04539063968280187  0.04807346584661157  0.05124376168973092
  0.05598118640856915  0.06771522951855578  0.11605887470932653  1.00000000000000000
  0.00942923713823022  0.01641909543290133  0.02619590599711218  0.03653837530603246
  0.04680648720727237  0.05800669178410670  0.06898499324540040  0.07931103644666671
  0.09022766068990179  0.10201384749891847  0.11343674306490550  0.12499007635639496
  0.13579250545005628  0.14698582575742752  0.15718206257735085  0.16772264431499845
  0.17820862780428220  0.18837245396940391  0.19858603197336458  0.20871962058811275
  0.21818245101121730  0.22809219207468898  0.23760475546564935  0.24748280632146058
  0.25702503908574986  0.26673329328721090  0.27692584659636610  0.28762185591058298
  0.29865725742398569  0.31021827923192841  0.32083825491972562  0.33095665802076879
  0.34059390020290181  0.34993496798472351  0.35937665795725421  0.36910298216151632
  0.37904308051379515  0.38910395629607314  0.39943900283576367  0.40998610940593883
  0.42036120808803956  0.43042460788682829  0.44074623678844893  0.45187748620642737
  0.46236043159145523  0.47229080054961087  0.48294402238990125  0.49367528983393660
  0.50434909615704449  0.51467299642890874  0.52489145793394121  0.53522139494371834
  0.54552639389596513  0.55584136534221784  0.56599464656896814  0.57576866030344087
  0.58547461626914199  0.59551436066785401  0.60598886930179496  0.61678555882632891
  0.62756223349207751  0.63814973580084089  0.64875495364792923  0.65964692272387326
  0.67032239662686710  0.68065690056273798  0.69107091251094199  0.70166987106504741
  0.71254209860082340  0.72356446531025054  0.73421301971401642  0.74435468440983055
  0.75450286710863490  0.76472276177487963  0.77481080968141869  0.78480825292242684
  0.79486907656935846  0.80507476059325112  0.81499895442147507  0.82476870485579412
  0.83453987111033823  0.84418263463416221  0.85394780085876254  0.86419055732745720
  0.87478958810377294  0.88553039898223784  0.89620315183373955  0.90703228594499630
  0.91806803772012802  0.92941236882231248  0.94108924777602432  0.95271391424168916
  0.96419102696286996  0.97537443956547332  0.98722848273220787  1.00000000000000000
 -0.00002047815973794  0.00024645791883853  0.00073606584219591  0.00151200141065814
  0.00256528312878257  0.00394127212265488  0.00557621969573453  0.00738899923882312
  0.00940503454339064  0.01148169710539245  0.01390673168225106  0.01666572574452531
  0.01961899896387076  0.02267640094743402  0.02596888599296155  0.02959754861290023
  0.03351543012193831  0.03752101451021422  0.04156927378718493  0.04571342713204879
  0.05005144968532641  0.05445251820979544  0.05878372424875314  0.06316356122262694
  0.06773125335827829  0.07252490902068461  0.07771333288292467  0.08308549039002641
  0.08841329230957762  0.09374706305191960  0.09917587886371561  0.10485318259274433
  0.11066356492841686  0.11650449444868878  0.12272457142183577  0.12924747195980948
  0.13596528244535705  0.14287613551684705  0.14979546842027158  0.15670716890566663
  0.16384799161642960  0.17128854116101125  0.17855567862749008  0.18576402975456166
  0.19317964952115518  0.20072900010845546  0.20924428674548681  0.21800629162964216
  0.22664184696906220  0.23489805934531341  0.24301528398712022  0.25195990317011324
  0.26203002565829958  0.27203650993698819  0.28210456634520170  0.29236298398316840
  0.30293405597991779  0.31499080507474714  0.32794287975752168  0.34090328047375806
  0.35328189338604093  0.36501387133773133  0.37710468650892598  0.38950856605311301
  0.40244485945350605  0.41576360962567865  0.42907912795489983  0.44214795104068588
  0.45481856506712420  0.46702123147158225  0.48026315842673278  0.49360122177646504
  0.50692956168510017  0.52065431956992692  0.53491767305333504  0.54968958712384086
  0.56481143003712919  0.58008784381923328  0.59616285532396129  0.61338172292766735
  0.63104877756902000  0.64865539493017998  0.66640663425179791  0.68467072786726257
  0.70273868422755914  0.72193072929607693  0.74206880714332002  0.76221648055824254
  0.78241790977549064  0.80285604114730313  0.82317251763234445  0.84335054689229727
  0.86340817317007867  0.88224498341257496  0.89604108669374727  1.00000000000000000
 -0.00293740958997687  0.01068574556027969  0.02259425198692299  0.03492215297997524
  0.04720892749529852  0.05890978114291747  0.07076925246045007  0.08237928061533550
  0.09366882434129131  0.10473232477112361  0.11617246564049329  0.12731874479522251
  0.13814954345563268  0.14933432560003942  0.16060077203324710  0.17185182162350462
  0.18314085754183307  0.19472686113007828  0.20677704411634978  0.21745613023244761
  0.22770369566367590  0.23764956460910905  0.24771076863576197  0.25765773314329860
  0.26765870050702417  0.27823282562675733  0.28949152882872775  0.30057863998940970
  0.31183935130391638  0.32290639374566232  0.33399882692228056  0.34522646368470566
  0.35621404418454505  0.36665729206259923  0.37690867718386367  0.38693263627536589
  0.39707249454138116  0.40680932023887290  0.41672316081538419  0.42689351674745757
  0.43725727492296795  0.44796621844144818  0.45906108637290116  0.47120654653336780
  0.48305908023072336  0.49335659581964819  0.50340347621045856  0.51338490679923010
  0.52326700747363442  0.53334479728897299  0.54327039944021882  0.55344805228645333
  0.56359758409383487  0.57416610601169460  0.58472363077036704  0.59454342560184337
  0.60434779183458176  0.61476562549800529  0.62550617645368745  0.63647541872340530
  0.64760222963700809  0.65912788527254551  0.67065223135091212  0.68153989059983144
  0.69188805538933207  0.70068663954313593  0.70994992027692871  0.71942474661213252
  0.72926291906327390  0.73907373990980219  0.74907431920419665  0.75952023637640509
  0.76999865432043690  0.77990459874053530  0.78959329038758386  0.79890712548265919
  0.80761528829188811  0.81635810890648852  0.82560213115926673  0.83520053274834705
  0.84482007823164806  0.85407760678172906  0.86338442275351179  0.87288325723466365
  0.88266510419015798  0.89248307730746390  0.90228324683440120  0.91210661549956373
  0.92205062707589491  0.93224169635474408  0.94284810267040853  0.95354163549216919
  0.96441714119829480  0.97570751055486427  0.98721226028225806  1.00000000000000000
 -0.00257161264337556  0.00968396950706346  0.01965101977696691  0.03014492331761001
  0.04050010546195341  0.05185572685228255  0.06300065557715002  0.07450897518520223
  0.08566742288799031  0.09679080389405757  0.10745974432119092  0.11760959268413490
  0.12772744628108504  0.13790470232833085  0.14829377220351972  0.15865394802380045
  0.16876075872572766  0.17861281677193461  0.18870086517850199  0.19888555583779446
  0.20865085265259922  0.21771167380449311  0.22655769361502412  0.23595218842301638
  0.24549000457181921  0.25528257003490534  0.26572085208466656  0.27616669325858700
  0.28828308399477376  0.29850304843020914  0.30988461427275699  0.32146075574928568
  0.33229080461365446  0.34284375314431964  0.35322918826056943  0.36569642116505924
  0.37747604184251371  0.38884267806407002  0.40037107806906463  0.41196527393154220
  0.42334189955603463  0.43436569967923444  0.44502344497823781  0.45538554768544232
  0.46535977784032728  0.47507118257317493  0.48460119262551588  0.49385401252627703
  0.50296752831281411  0.51219970222038391  0.52236767779378102  0.53342256482347383
  0.54456966019344455  0.55550684988148324  0.56614808393032123  0.57720792003105703
  0.58757208815241702  0.59784851713529674  0.60874780114350757  0.62039444496782203
  0.63136381065022806  0.64151001208790437  0.65181304528733119  0.66220735781946016
  0.67248565889598755  0.68258696882453196  0.69249659647998218  0.70222758237943650
  0.71201962786359851  0.72156824577826539  0.73073168031704661  0.73957144635236249
  0.74892063802310849  0.75997042937617920  0.77124961367659306  0.78100173215564583
  0.79050248205935725  0.80081638845644898  0.81156889082300365  0.82222220526069545
  0.83306422324116680  0.84463829667747159  0.85654323157030576  0.86812329337090965
  0.87907864344048248  0.88914605930163237  0.89896736367055219  0.90882973444923154
  0.91875796841988056  0.92866886203529131  0.93881838636000692  0.94977494560962683
  0.96150909018071595  0.97345508090901267  0.98606695148292101  1.00000000000000000
 -0.00198527966552312  0.00772137751420458  0.01677665686296152  0.02639415416331757
  0.03635311357987743  0.04624508737609019  0.05650544671212993  0.06689255150117593
  0.07732877250133322  0.08777591339792913  0.09829723824887471  0.10914546306059306
  0.12060542685977679  0.13255446295334455  0.14507310679252974  0.15766472580737168
  0.16921302117348835  0.17969310709625813  0.18968878027154631  0.20016088504615231
  0.21146492688569149  0.22337484244984657  0.23479850248959688  0.24586786870670971
  0.25764362711416505  0.26958214346675907  0.28102983751475807  0.29243256932187695
  0.30383644862297443  0.31475805293931092  0.32512201577141020  0.33561648194521765
  0.34662991811181304  0.35738443998600733  0.36768085590564820  0.37781196929023059
  0.38784605565749553  0.39778643589953921  0.40771663030275412  0.41770092676437920
  0.42761491908690402  0.43781017672497446  0.44829377166335177  0.45883847360376850
  0.46882926068254105  0.47888295548130566  0.48955136366754998  0.50073636522944520
  0.51198864632402863  0.52345691730729771  0.53480513261839546  0.54646333703867778
  0.55825525471010173  0.56990197568740875  0.58153166359594211  0.59308613037944580
  0.60435175277699482  0.61503947481509180  0.62549728365997170  0.63588256201641435
  0.64617890346213436  0.65600426402352163  0.66562056907574352  0.67562302022531950
  0.68554605169111971  0.69462818852619657  0.70329165081561518  0.71267496317026635
  0.72247199727736211  0.73182304736765413  0.74043876636393291  0.74897365876006161
  0.75840769715323475  0.76828835218457048  0.77826906528578543  0.78837650234993317
  0.79859053568411820  0.80899164319238925  0.81944155599812607  0.82994701490809775
  0.83963236366165805  0.84894561699593374  0.85823829532759033  0.86790030471598245
  0.87754873087350516  0.88772425962853252  0.89845177589428604  0.91027326809057163
  0.92125533359536360  0.93114908060352930  0.94132268571139111  0.95205915098741922
  0.96366370018830660  0.97583331944611940  0.98782255953944942  1.00000000000000000
 -0.00234735217869913  0.00900797564110946  0.01853703028444995  0.02874694374165231
  0.03875699173110286  0.04994310226281509  0.06213850367527375  0.07428853584815866
  0.08622967304674188  0.09805586779596699  0.10835321439573577  0.11820704825589957
  0.12821938711340364  0.13857648579311066  0.14878372424767750  0.15897669415012489
  0.16929819148583708  0.17942959676190118  0.18937706103509264  0.19927830190516746
  0.20938590074485827  0.21978087154333806  0.23051945638014740  0.24124166909117220
  0.25161475273639217  0.26166786299436695  0.27182893601291214  0.28278337227538985
  0.29347974347163486  0.30386859320407517  0.31442928935976505  0.32486011409111176
  0.33523066679877478  0.34532244132685680  0.35545086793295722  0.36534251587985356
  0.37530509923115529  0.38534911866340582  0.39575071048601723  0.40613169860487597
  0.41664356514727408  0.42752309977533176  0.43892958456667380  0.45135808660464438
  0.46320838755355098  0.47401216522730377  0.48429617813888548  0.49475541282862306
  0.50499216145658687  0.51538892021877303  0.52623849830480873  0.53707404901553046
  0.54784933346293729  0.55858534789002445  0.56939681111420914  0.58020333759618126
  0.59212791768057993  0.60427409062217818  0.61624401665428186  0.62785446981506010
  0.63941720878961916  0.65102412866624459  0.66253820474738956  0.67388370219770855
  0.68495478509000618  0.69614725672582678  0.70718805452961098  0.71787642664285845
  0.72807703070611207  0.73874637735227522  0.74947468466904610  0.76023139313228405
  0.77091404089677462  0.78154815429931257  0.79212412426251666  0.80254986283585672
  0.81279143407811960  0.82292244910695822  0.83312440915531505  0.84326934489554295
  0.85309074609153857  0.86258315596722146  0.87197513289397111  0.88182758410268158
  0.89180216146974645  0.90161083185665114  0.91094491949823053  0.92013023560864904
  0.92925059468939808  0.93843641698257840  0.94752417161241687  0.95647390879181060
  0.96669073039620657  0.97692346886742087  0.98847733375746083  1.00000000000000000
 -0.00227018332116395  0.00850420433070323  0.01766641380776473  0.02743685195682095
  0.03762686752449369  0.04803035495384296  0.05881079043081839  0.06960729255787602
  0.08068141911870615  0.09137222524911891  0.10164617654255491  0.11158605384587900
  0.12139660508784209  0.13154438848271371  0.14142402649124064  0.15117413081414244
  0.16097804771343080  0.17130319168280320  0.18185526072054370  0.19276773807494790
  0.20386945489980124  0.21483850261522269  0.22570588977831196  0.23656063783819581
  0.24763179687469486  0.25888355293485321  0.26987099048777446  0.28056394511226868
  0.29113111408871417  0.30170586084259488  0.31247850218767759  0.32337668071476761
  0.33413069439985155  0.34487641591203344  0.35540014957829130  0.36542920205853768
  0.37581044710809897  0.38552343918649817  0.39533117350293823  0.40510243908758414
  0.41544603809303249  0.42648503618661976  0.43771238501909676  0.44837111518376382
  0.45861837690138169  0.46845865120393410  0.47843065516737904  0.48851036984808693
  0.49823409137982505  0.50886788655454118  0.51959586209797226  0.53019596325987239
  0.54053163736761278  0.55133795205143910  0.56219365852495873  0.57247274618856903
  0.58284856470392932  0.59422489296197589  0.60562854808576139  0.61629275220051949
  0.62679709863464772  0.63798043440604124  0.64918472054940923  0.66012888884442489
  0.67089328622031597  0.68153571937074020  0.69211845641568537  0.70288472743529207
  0.71366320205766376  0.72415271554714633  0.73442556343125676  0.74415150225693749
  0.75380885029907241  0.76316985270083071  0.77320966561468840  0.78397891864758606
  0.79445461439050458  0.80470467630860332  0.81494488298864987  0.82548317242511404
  0.83592123300368704  0.84608874174795679  0.85611769259258086  0.86637660408190054
  0.87719584723750288  0.88850809012160692  0.90000310405817374  0.91132093650383872
  0.92254925047398284  0.93385082879982650  0.94445807899480705  0.95511384416226108
  0.96596668938738550  0.97737575855718095  0.98790120787919156  1.00000000000000000
   3.3182576623436555E-016  -1.0000000000000000     
 F F F F F F F F F F F F F F F F F F F F F F F F F F F F F F F F F F F F F F F F F F F F F F F F F F F F F F F F F F F F F F F F F F F F F F F F F F F F F F F F F F F F F F F F F F F F F F F F F F F F F F F F F F F F F F F F F F F F F F F F F F F F F F F F
  <DiscreteSampler_grid>
  grouped_processes
  1 # 1 for a reference and 2 for a running grid.
  10 # Attribute 'min_bin_probing_points' of the grid.
  1 # Attribute 'grid_mode' of the grid. 1=='default',2=='initialization'
  0.0000000000000000 # Attribute 'small_contrib_threshold' of the grid.
  0.5000000000000000 # Attribute 'damping_power' of the grid.
 # binID   n_entries weight   weight_sqr   abs_weight
    25   10   8.962142287679474E-013   1.761244034023953E-024   8.962142287679474E-013
    28   10   1.854719315049919E-012   5.905724808934773E-024   1.854719315049919E-012
  </DiscreteSampler_grid>
