 -0.00000000450983087  0.00000362891387278  0.00002649463360325  0.00007261781082590
  0.00014266291872647  0.00024075675111523  0.00035407963119490  0.00048363228875319
  0.00063037120718462  0.00079981738752264  0.00098780973272194  0.00117322354165822
  0.00135198134103933  0.00153829005265295  0.00174908352937596  0.00197042089137455
  0.00220320263347916  0.00244118874138418  0.00268659038881268  0.00295933197639485
  0.00325394536766854  0.00355495621890723  0.00387775267492754  0.00420575538909323
  0.00452611177209473  0.00483942825467672  0.00514580729033662  0.00544628425821108
  0.00574536803623846  0.00603858011449263  0.00633012634441517  0.00662729220489694
  0.00692582376566540  0.00723333338991421  0.00753763654907807  0.00784321242234991
  0.00814079011572065  0.00842956359777312  0.00871966813328119  0.00900942106217681
  0.00930290584537258  0.00959833045941949  0.00989789510521972  0.01020416793928745
  0.01050877324148141  0.01080969285449527  0.01113309684975296  0.01147397576578042
  0.01183245237242791  0.01219017628821491  0.01254345450803472  0.01289678137895538
  0.01325404819388083  0.01361619760095737  0.01398133209728586  0.01434202794158420
  0.01473063486991328  0.01513724582012127  0.01556136832503094  0.01599559525323414
  0.01642828271179460  0.01686924456012312  0.01732734937128751  0.01779873608784418
  0.01827149604584489  0.01875491742186849  0.01925165876019859  0.01977055827598015
  0.02043902845493186  0.02109659387793961  0.02176657123033999  0.02244574638847276
  0.02311565899634472  0.02379442217935498  0.02444395737090635  0.02511725998135397
  0.02584872818170863  0.02664417893563610  0.02751222570181091  0.02842072207397470
  0.02939231921194477  0.03042501465981523  0.03148592319069610  0.03252207288448766
  0.03372919269428846  0.03502223157127770  0.03659930968157703  0.03845041336986689
  0.04041274582342519  0.04253188515440107  0.04496148528373906  0.04880564879655720
  0.05380787326543418  0.06372389396941579  0.11583579312887410  1.00000000000000000
  0.00948423145612039  0.01615002850202000  0.02582127671708493  0.03623310484985759
  0.04618056981781508  0.05600466147795154  0.06626841048645513  0.07650750009378435
  0.08645198272244137  0.09596406594162926  0.10548414226948309  0.11473069762389870
  0.12382958924039611  0.13322546625893830  0.14309884751127636  0.15307105563727572
  0.16284761676478995  0.17277907396925701  0.18263503092181960  0.19230853860342872
  0.20158841421901677  0.21116850887590047  0.22116723444951003  0.23147454954596894
  0.24244905736472860  0.25358461938520138  0.26471037010019355  0.27617738226679917
  0.28777869479392487  0.29929287472614019  0.31112525949096426  0.32403010796295106
  0.33686287507509916  0.34698535552291687  0.35717253149741268  0.36769201832976200
  0.37874689620002544  0.38885008320173875  0.39882558267263540  0.40944168618586241
  0.42006483009334289  0.43049318218426874  0.44150390921816768  0.45290611971125150
  0.46377763745697809  0.47358681340815795  0.48433840376348353  0.49589362883536253
  0.50714380543166104  0.51794853787134554  0.53093688106120407  0.54528045012515780
  0.55811520546800308  0.57087474837755503  0.58300378584434542  0.59423702332147421
  0.60529618208139424  0.61652767615969239  0.62724628064512034  0.63723905074191012
  0.64725495035266423  0.65775876472754469  0.66855966270340927  0.67904357064321197
  0.68926299762743826  0.69858706448142505  0.70763437681562391  0.71667781419544707
  0.72563153738917718  0.73460753544737656  0.74413465618677554  0.75409567402048838
  0.76468930051990669  0.77507423316732660  0.78543266551398705  0.79571134641499830
  0.80612022203263523  0.81687010634228108  0.82764239120179406  0.83813280927838563
  0.84869441154045733  0.85888191288044957  0.86795598344815705  0.87630652303045087
  0.88483817881661486  0.89353097835499706  0.90232623594474048  0.91093323329561904
  0.92018395846200207  0.93079408635061445  0.94170530821243625  0.95301539252802125
  0.96482126993384165  0.97664267659710491  0.98825068728393572  1.00000000000000000
 -0.00002169166871016  0.00026213810694253  0.00074178683548516  0.00151304195204527
  0.00249856858834430  0.00375309125937678  0.00520006052168539  0.00682704215956785
  0.00865314584459535  0.01082683728548133  0.01309934073499974  0.01560150966830690
  0.01846796156618008  0.02141163905901228  0.02458985488006358  0.02817884678894209
  0.03170752419316571  0.03512375170336831  0.03860393585137901  0.04248199951320861
  0.04679265031487275  0.05135733482910063  0.05601503847858666  0.06058947963052276
  0.06529847395298941  0.07015938893936190  0.07516886896169886  0.08042087130179963
  0.08604564356687623  0.09196656215662598  0.09800974549603736  0.10412705769512383
  0.11045071406532508  0.11702873069736242  0.12379216549040989  0.13098037284979239
  0.13910026117664870  0.14695166837262350  0.15417174496769245  0.16088699650053725
  0.16799229420272216  0.17539884424412897  0.18303210770721606  0.19053618575374417
  0.19787843785834217  0.20538671270853529  0.21328191737395905  0.22131512614959811
  0.23018823935780028  0.23898692871593213  0.24807082827397015  0.25785481642155200
  0.26819795110097727  0.27881104874040119  0.28954640858941944  0.30053849373062669
  0.31176881951170854  0.32293159281629302  0.33410938481268176  0.34580336260747052
  0.35825470751788985  0.37115685160731743  0.38433653759671971  0.39932865643420190
  0.41438087600408546  0.42905218758272834  0.44325471004606182  0.45764990495079100
  0.47168644669526738  0.48595143365379168  0.50045300560920347  0.51508109957730674
  0.52961881220086804  0.54274778303812632  0.55610514902733599  0.57009818720879057
  0.58470901464606706  0.60037650890256455  0.61611226548890430  0.63109162904570526
  0.64610093991058060  0.66162394431457960  0.67786656585173566  0.69478141893830869
  0.71074550065188424  0.72728472604356942  0.74494980744426209  0.76288565579378653
  0.78001591106453172  0.79789713311488064  0.81707285319971312  0.83754549449353766
  0.85902868462809401  0.87994123825874937  0.89687687742518996  1.00000000000000000
 -0.00224551622813472  0.00930449739037476  0.01840670726909150  0.02775759373841277
  0.03668981160907418  0.04639102690922887  0.05708963423465224  0.06739800839813119
  0.07730640642353316  0.08805923719851767  0.09946250415583832  0.11070964479194310
  0.12266670564388482  0.13635462700710393  0.15099792397515993  0.16503475460696335
  0.17888970227390036  0.19230942169784995  0.20473989248078586  0.21610434588868788
  0.22668919577663912  0.23688026395330644  0.24681322628661523  0.25663739651089934
  0.26652656562123112  0.27648388925489820  0.28661437290364206  0.29680143571314105
  0.30710489689510301  0.31783363102924089  0.32903194794019297  0.34060984566469021
  0.35179825473409537  0.36203650178638563  0.37163815586139065  0.38059643781578900
  0.38893080286670506  0.39738648383629943  0.40613026006998021  0.41497300740315479
  0.42438329277010689  0.43330559667001056  0.44260734786607359  0.45380675938203002
  0.46432024128375099  0.47421692725300790  0.48366946885484902  0.49338647376399430
  0.50304656017413807  0.51366322576711876  0.52376739628501379  0.53460299084259510
  0.54483459354868602  0.55484754546561232  0.56472028258885687  0.57483662358196108
  0.58503885307971970  0.59615630312180490  0.60777742815126923  0.61878955018382986
  0.62912682343600224  0.63942892977057764  0.64996377928182547  0.66110648213978318
  0.67200163182593298  0.68283099140144354  0.69340432515558326  0.70306921647111364
  0.71341169021425765  0.72358037303512168  0.73396500784107721  0.74483622912396108
  0.75511351446251873  0.76621222612622186  0.77710153334008003  0.78863779657214250
  0.79995726096146291  0.81118462639926947  0.82229159085749270  0.83321353990938796
  0.84300759105613510  0.85300872385565851  0.86353146551510918  0.87471697988501451
  0.88590493066097276  0.89695070089063644  0.90802123431849247  0.91833031567608736
  0.92765489407101975  0.93685563342197131  0.94629230737088643  0.95643929621927759
  0.96750286839727151  0.97810706979683126  0.98931612572227268  1.00000000000000000
 -0.00238261698270575  0.00911440584956534  0.01907045257975193  0.02881990846745871
  0.03956135864710335  0.05055625443060620  0.06167490600930107  0.07186116621073518
  0.08234728960938385  0.09225758177485822  0.10223034232450624  0.11155566917206883
  0.12114366861574262  0.13091786601255928  0.14084616699482325  0.15068498038831168
  0.16084464617582536  0.17051716079522636  0.18017233102970262  0.18956513566914882
  0.19889049128939043  0.20818569169639403  0.21684282040223044  0.22535978407843799
  0.23420305655059440  0.24350084293995747  0.25279703071770943  0.26265857458363207
  0.27300399182940388  0.28378820598069587  0.29452998846210399  0.30527983443352930
  0.31634111001825443  0.32762617757741286  0.33886791136706107  0.34982897931106144
  0.36067148090099654  0.37146079472053406  0.38229402582500721  0.39275297652616220
  0.40278226878083079  0.41177466951574992  0.42100704962702529  0.43082938367117013
  0.44136641706213692  0.45178846608808249  0.46266879181014642  0.47421015887887508
  0.48608638920474867  0.49765681408821272  0.50822556375900596  0.51867380810018804
  0.52948032690955260  0.54053872992100760  0.55129477648131808  0.56138927078186651
  0.57137142539491292  0.58146827608032059  0.59242156128035062  0.60428965579575089
  0.61697217605350307  0.62930502263114263  0.64047179632610673  0.65158601037726327
  0.66234706069960281  0.67323001384827319  0.68415154172025761  0.69606095800636381
  0.70868328681890580  0.72190977330577943  0.73492174715473702  0.74761012437856367
  0.75913693676049177  0.77012178547657262  0.78033425599507589  0.79016437626396108
  0.80003018211449939  0.81009799045560227  0.82033987759581073  0.83096696973329631
  0.84195456951955250  0.85313589733777750  0.86464018621305128  0.87610322347160274
  0.88772018459772972  0.89893294921279143  0.91011722058134814  0.92119772772972097
  0.93211777629276360  0.94242412759013461  0.95194504351792908  0.96105010227735832
  0.97031207740691061  0.98008466340613043  0.99016354137887097  1.00000000000000000
 -0.00282908916877844  0.00964497688026192  0.02155723767657569  0.03346554865090809
  0.04507749751479689  0.05571721878015432  0.06590350772717621  0.07548934683922309
  0.08520428483355820  0.09529223495626646  0.10601482433154197  0.11740664943383862
  0.12890448919534894  0.14025779404495559  0.15078801974326342  0.16087865421579922
  0.17137116240374334  0.18242304360025291  0.19413201764479518  0.20633650436684137
  0.21898877600872463  0.23179630807570023  0.24466266106526335  0.25654433215649264
  0.26735087013433839  0.27817037176536630  0.28911383189822898  0.30012440540602003
  0.31118641205671682  0.32179750309969657  0.33214236523988883  0.34235697892472955
  0.35235121800918245  0.36188788686143358  0.37095132212972343  0.38084674351736825
  0.39134623540659286  0.40218474667789195  0.41387102965963068  0.42542945715076541
  0.43706481395973829  0.44766561513169317  0.45772781960652292  0.46726065511130338
  0.47639460270384870  0.48559541983103410  0.49496243420973540  0.50441222072234315
  0.51412953590480004  0.52412364279341628  0.53409388004224934  0.54379120912244416
  0.55316196376937354  0.56253488738491830  0.57217156290211291  0.58192969053831622
  0.59215280562079065  0.60262997849205169  0.61247695734423302  0.62197320500325382
  0.63141358413809079  0.64118708264738766  0.65047900963284278  0.65898421010494945
  0.66763788662795620  0.67637383876209101  0.68548427927079436  0.69531229790284288
  0.70555951071494716  0.71651996352664704  0.72770945666753895  0.74020898982397143
  0.75259591837897077  0.76509127877253780  0.77609222921700438  0.78616192378423333
  0.79629086593469678  0.80664823850722023  0.81676866921728708  0.82646889457776695
  0.83637290243564177  0.84682347016557891  0.85749089601877126  0.86810476433959372
  0.87870727779884117  0.88927666357715174  0.89980516534184685  0.91052450384708872
  0.92102432240016818  0.93134723058910807  0.94173903668833447  0.95233639237612489
  0.96325716213506052  0.97477979123851921  0.98702156950517150  1.00000000000000000
 -0.00187612380761481  0.00836071830689932  0.01694280202955698  0.02614430317203763
  0.03608665603848591  0.04605254985939403  0.05625202706193622  0.06638443167797956
  0.07646592998323559  0.08656041771112792  0.09654666170544876  0.10655008054684460
  0.11657145248702608  0.12702804069573001  0.13835214935847034  0.14971764831981949
  0.16055457288031996  0.17130577070676622  0.18220655389499771  0.19307527301799934
  0.20380096087411848  0.21502280272471527  0.22639627445604024  0.23741525604678176
  0.24822355633426865  0.25905532126004799  0.27022806964256058  0.28195126937442166
  0.29331622975357979  0.30313511662969356  0.31311703134824337  0.32321721960342803
  0.33324341420446496  0.34278511854035243  0.35240410040074899  0.36327454151151728
  0.37470088714323135  0.38583374191355713  0.39693174519261148  0.40830638573403139
  0.42009019965154298  0.43206725758215225  0.44279907118736211  0.45281806317327578
  0.46292437469462644  0.47277390614310066  0.48287074593120677  0.49341107006325369
  0.50506796256448994  0.51751427908435699  0.52895795881919727  0.53915439299705026
  0.54934417621171472  0.55908809339335308  0.56901573118706383  0.57922555391980979
  0.58984566211341516  0.60092497909552245  0.61176476995586238  0.62265792429123190
  0.63368068240760189  0.64448259064283575  0.65530301472980979  0.66657250548947122
  0.67826246136954726  0.69001154504864304  0.70077190747403761  0.71191654028949325
  0.72299835075704577  0.73374368648005406  0.74343930567429262  0.75396192572334586
  0.76459340603889425  0.77514210846846465  0.78535694126863920  0.79607043268763000
  0.80652500539019800  0.81631826123425943  0.82544481726841923  0.83502066144160103
  0.84497234545628486  0.85532043005205027  0.86553352372759718  0.87576120173549443
  0.88633369394666928  0.89751447067166357  0.90915256034038561  0.92069522676759907
  0.93188714625606495  0.94236203219989012  0.95213455392761626  0.96186373642970213
  0.97170243050387761  0.98143352223234770  0.99090013357240636  1.00000000000000000
 -0.00270566155150098  0.01004516386758699  0.02077658441895052  0.03178956410868435
  0.04260765689204853  0.05298079685690736  0.06318524769950958  0.07387340952369853
  0.08519869608225397  0.09689994637388823  0.10833735443226676  0.11946903470544679
  0.12941485686520601  0.13863447697439565  0.14757665811437171  0.15675080009785014
  0.16648939609682981  0.17662216543742026  0.18679565237894163  0.19690176838276313
  0.20701991134213446  0.21765543898424958  0.22869758062467677  0.23973660780090117
  0.25053633835272870  0.26153262321039467  0.27256844906213645  0.28386500776348633
  0.29513368415685787  0.30665971976573519  0.31855845073889272  0.33087605079932608
  0.34242655201028915  0.35364078047975789  0.36590902079233939  0.37871875295013496
  0.39087014169218626  0.40268541260907881  0.41433599980004199  0.42509763751762830
  0.43585273269882285  0.44559520555462862  0.45522447584986730  0.46479313612140999
  0.47417267698621801  0.48371409845015340  0.49310617498399406  0.50252271310977981
  0.51238520081104533  0.52334364733630911  0.53603456008202355  0.54887084128237229
  0.56007417148301208  0.57192280615823277  0.58370205952715892  0.59525316599701972
  0.60607850269227337  0.61628082495997083  0.62593593641046019  0.63535563943360507
  0.64477553614383865  0.65413406128458895  0.66311001975013362  0.67245302648949168
  0.68260658999954982  0.69293723290976295  0.70318027265614202  0.71342176800132084
  0.72353432578660559  0.73346499933790399  0.74308115181085554  0.75337419277795392
  0.76426970608904321  0.77445457916233207  0.78352197405337753  0.79214319753668327
  0.80047533598534859  0.80900248858006996  0.81794264114387594  0.82617377982605045
  0.83440712440536735  0.84312107211135390  0.85224514341452906  0.86285434149865647
  0.87514610726535524  0.88639657313337916  0.89760141822460182  0.90856769745251187
  0.91996959019624092  0.93118633838340681  0.94240208390179225  0.95422023376527532
  0.96573812189756725  0.97675668021184836  0.98816567794896393  1.00000000000000000
   2.9548022798840501E-014  -1.0000000000000000     
 F F F F F F F F F F F F F F F F F F F F F F F F F F F F F F F F F F F F F F F F F F F F F F F F F F F F F F F F F F F F F F F F F F F F F F F F F F F F F F F F F F F F F F F F F F F F F F F F F F F F F F F F F F F F F F F F F F F F F F F F F F F F F F F F
  <DiscreteSampler_grid>
  grouped_processes
  1 # 1 for a reference and 2 for a running grid.
  10 # Attribute 'min_bin_probing_points' of the grid.
  1 # Attribute 'grid_mode' of the grid. 1=='default',2=='initialization'
  0.0000000000000000 # Attribute 'small_contrib_threshold' of the grid.
  0.5000000000000000 # Attribute 'damping_power' of the grid.
 # binID   n_entries weight   weight_sqr   abs_weight
    25   10   2.780018199200484E-009   2.273468095770573E-017   2.780018199200484E-009
    43   10   2.187782023352063E-009   1.417644291398298E-017   2.187782023352063E-009
  </DiscreteSampler_grid>
