 -0.00000000441178577  0.00000307363808494  0.00002416732174834  0.00007079218239146
  0.00014641395860334  0.00024703501253312  0.00035527483939770  0.00046404586157521
  0.00060585499219656  0.00075974413278034  0.00090662239088631  0.00108741719687245
  0.00127219536801826  0.00145731013188458  0.00165393485578943  0.00187650771045718
  0.00212388288513756  0.00238829708395925  0.00263946844790842  0.00289735501381288
  0.00319938843990301  0.00350731950417267  0.00379469740183622  0.00408722242778193
  0.00437401132224278  0.00466228350890853  0.00498699872003075  0.00532397389057599
  0.00566008034415169  0.00598314581288115  0.00630370106067958  0.00660148256012602
  0.00688459781250506  0.00716861085642114  0.00745226828703648  0.00773217478842658
  0.00801652673011087  0.00829952995356581  0.00859950450430028  0.00893064540498184
  0.00926721455050358  0.00959147543185079  0.00992105646367342  0.01024537837184495
  0.01057917517679690  0.01093510701672174  0.01130407957165108  0.01167918005195710
  0.01206919423054664  0.01246928490758522  0.01290238234498219  0.01334302625079608
  0.01378171431540127  0.01421861022575024  0.01466336653659514  0.01513140679386086
  0.01563864414626748  0.01614635453292252  0.01656900165617151  0.01694847847205443
  0.01731266479330508  0.01768015595631885  0.01806633794829625  0.01849965058087979
  0.01896618875043026  0.01946181367387549  0.02002783215079534  0.02066273235690121
  0.02130505562907963  0.02191667892727150  0.02251695801891082  0.02311695102245569
  0.02372794131108752  0.02435908853412785  0.02502664845407216  0.02579864716431644
  0.02674533422333945  0.02772530731762061  0.02863391356110270  0.02955024126881073
  0.03043431123308081  0.03131458136571810  0.03220667186591984  0.03311931313519602
  0.03416094590350850  0.03568902069316909  0.03733310290289172  0.03908692067393351
  0.04097242895217796  0.04306050053358090  0.04543404943057807  0.04914186973321367
  0.05397259082816280  0.06505265287209724  0.11646637184386380  1.00000000000000000
  0.00911527519697694  0.01769109494954411  0.02932673939082836  0.04042999241280740
  0.04960464213502474  0.05920425292038942  0.06823923601209624  0.07706014055375625
  0.08530201428906663  0.09416874734093653  0.10311679211991590  0.11145744283946170
  0.11906170752740072  0.12685205889259499  0.13545977799376827  0.14476811783534566
  0.15355334047880254  0.16252377620651789  0.17315819730105245  0.18892112811423689
  0.20468788707383226  0.21985137053148754  0.23500304385257928  0.24947582117853631
  0.26367938387888312  0.27801128477327153  0.29277060177100722  0.30317066533301812
  0.31532825111496970  0.32758606066313867  0.33698483002398644  0.34477098414544483
  0.35282437062018962  0.36192719570448223  0.37170032908754386  0.38092942214643927
  0.38948279971272692  0.39957727225407930  0.41119820604923213  0.42273434374655727
  0.43375605805764905  0.44482004430261646  0.45487369016612805  0.46372579771546552
  0.47192921361183843  0.48069469988034408  0.49028476312263364  0.50009975894764991
  0.51253267690510307  0.52639044609170482  0.53915632818602566  0.55123897972780345
  0.56267243474507889  0.57359060850735499  0.58524352736474350  0.59736111797186420
  0.60976902894677376  0.62070485276207821  0.63026161107592715  0.63896539992916801
  0.64745721697629188  0.65812359095150774  0.66964605893264595  0.68191529697625630
  0.69372068620544969  0.70480884763422236  0.71381397082287967  0.72276753650468473
  0.73189116813697641  0.74016038359791680  0.74838405405687392  0.75526044761144506
  0.76321587373887489  0.77118813319953439  0.77958021910616948  0.78737614408280376
  0.79510839724817095  0.80327600790727560  0.81204727545512900  0.82360947848277943
  0.83222995996890070  0.83966748483181486  0.84678304478566213  0.85520048343974764
  0.86482326133148368  0.87528325325681122  0.88525476432067007  0.89526353486331467
  0.90502939949795558  0.91508727185661320  0.92551802788388426  0.93776611833164847
  0.95167854393863172  0.96655326200998415  0.98258036173577179  1.00000000000000000
 -0.00002181021282671  0.00024446530928101  0.00070037332879296  0.00144932702820595
  0.00247298844369980  0.00369127642257602  0.00526148696524336  0.00688179438284676
  0.00920692630018948  0.01147441564999563  0.01401778852662962  0.01654417375453256
  0.01966359402961583  0.02279799148831040  0.02604195739042293  0.02914231683920690
  0.03197243459384247  0.03489662128234291  0.03822563012129077  0.04227658710500468
  0.04665791287630928  0.05072365836050335  0.05487751064393597  0.05921614203367969
  0.06420787423053662  0.06946338008933495  0.07324201203346503  0.07694191879954408
  0.08085787111644771  0.08497695952712286  0.08917173806809497  0.09285433281645997
  0.09689608670527590  0.10155326218567849  0.10651465300727207  0.11175129329848138
  0.11730709733024572  0.12411775318376791  0.13131385141758664  0.13823887318100728
  0.14424699860269954  0.14959660488092977  0.15479504776622421  0.16003537239442359
  0.16574127590926505  0.17224372918325070  0.17869742182222501  0.18648890308949492
  0.19493106862443219  0.20412165517464853  0.21456856084343562  0.22762914695448905
  0.24137896924484070  0.25490416478643996  0.26779052402976083  0.27964618347633402
  0.28823331399722862  0.29724154644369916  0.30681928126388369  0.31660615715350704
  0.32624842785874808  0.33554360720112003  0.34467386195351390  0.35384828306298649
  0.36301672806130220  0.37278857593049691  0.38371295516152093  0.39549317221054187
  0.40790724749738028  0.42013724060533791  0.43385706880354558  0.44765262711547921
  0.46027360569971981  0.47341822880169010  0.48730248545241006  0.50165711228924481
  0.51690617390726301  0.53370359855614569  0.55142171546701635  0.56998696976715713
  0.58991776252125550  0.60981041907196820  0.62826945764722641  0.64722860949077754
  0.66956296492388423  0.69166077028876205  0.71345378888355360  0.73532264106390199
  0.75818348488917253  0.77994193647617782  0.80210113381132664  0.82498198020345748
  0.84825290820817856  0.87182481626389008  0.89777915637452155  1.00000000000000000
 -0.00255546025451509  0.01177201747850213  0.02189388836095951  0.03150085379388506
  0.04289955573089552  0.05863878568808906  0.07022304432279029  0.07822257757154573
  0.08614193681855263  0.09474787305987524  0.10329606746518689  0.11231017955561806
  0.12098784036335525  0.13189564582328850  0.14399949747935412  0.15400915422121608
  0.16372703147513298  0.17363150773216038  0.18241369368435062  0.19054131795085910
  0.19914871948046539  0.20855191267274556  0.21850597607697647  0.22874790735769571
  0.23862037281682538  0.24821665252581565  0.25771237752748083  0.26797015204847613
  0.28034872346792550  0.29374382212057587  0.30724497824780683  0.32082116525403570
  0.33441067630347543  0.34675244049880294  0.35725480682023897  0.36683761676522025
  0.37619442174626044  0.38644538650552335  0.39741605874025865  0.40945597714995907
  0.42252567169885807  0.43742711919873628  0.44974867196371393  0.46131318676910321
  0.47124839893484488  0.48144187845522185  0.49217994180444152  0.50393282161283770
  0.51668679899194436  0.52999057572465957  0.54462261192660177  0.55853192571222066
  0.56821394178212514  0.57564801580313929  0.58244498406161560  0.58975470010303899
  0.59792127681262108  0.60719194212776417  0.61664994526753258  0.62647779858187791
  0.63726353095480026  0.64793316625262931  0.65790739470888437  0.66770611191624796
  0.67744236847436246  0.68702116304330307  0.69686781097358330  0.70651199592070024
  0.71645204493074177  0.72598124741434278  0.73594242247638075  0.74598053746052739
  0.75560166580268595  0.76504015406331594  0.77408274497019336  0.78296697037813268
  0.79151749082829770  0.80091691153759059  0.80978523267110081  0.82008506178656360
  0.83068366798409887  0.84147562095991058  0.85321726940805953  0.86659478380603594
  0.87867024859020693  0.88866220685184494  0.89784423186049411  0.90696877395945896
  0.91570002873741851  0.92553284832805105  0.93542524602018473  0.94876144795150974
  0.96209231765104686  0.97413841409443369  0.98632812119349611  1.00000000000000000
 -0.00241998236730125  0.01064667306390637  0.02229243190380887  0.03379476047655593
  0.04484199879258711  0.05510377707039072  0.06611802782101726  0.07797276165006617
  0.08706702813446798  0.09506618479669415  0.10316712106045603  0.11180768524440281
  0.11997758726805451  0.12823025468252716  0.13639282261832997  0.14529982640391917
  0.15557356429210412  0.16575014987046219  0.17523783550590719  0.18501809888563517
  0.19569212901473584  0.20709979245922219  0.21809917207197307  0.22736622401842163
  0.23585435037706617  0.24388958941862507  0.25271171573081835  0.26265339029630963
  0.27373740798003776  0.28564621754339697  0.29718144759766008  0.30879794883485523
  0.31962312232887979  0.33099540013544215  0.34327784480730772  0.35497454300950132
  0.36635130160779583  0.37763448756212875  0.38919653983286429  0.40022852338907983
  0.41148102039534890  0.42444830625719182  0.43918014912861253  0.45369848245983302
  0.46537499022633327  0.47533912819705104  0.48573122630405158  0.49560376679261114
  0.50548427210043356  0.51576649282382625  0.52607366500608088  0.53606636912653893
  0.54513728989940757  0.55337107092767501  0.56378793712570563  0.57406242204453450
  0.58350318869504136  0.59216916910206452  0.60114377604554858  0.61013300230406942
  0.61912995797176529  0.62771376896411191  0.63616303296379029  0.64475750895554085
  0.65353801524895605  0.66253526025831555  0.67277833510734708  0.68401522401802684
  0.69534319227826291  0.70663229497954050  0.71851130190029233  0.73118998481248865
  0.74352454422731618  0.75631013763865040  0.76900610791763346  0.78056228447766540
  0.79193769515392409  0.80278539214885403  0.81386945916391173  0.82346476786395784
  0.83317324022994177  0.84286808936270086  0.85270263135078261  0.86294287417742854
  0.87334402837798319  0.88452563209103041  0.89668452329855708  0.91157327176613590
  0.92589024849522505  0.93885033999230916  0.95058079936390605  0.96005204199232230
  0.96975867288576101  0.98011800549556183  0.99008320600251098  1.00000000000000000
 -0.00223071939292890  0.01018559122445187  0.01972533769769416  0.02989204657554192
  0.04026374206869825  0.05287834353568342  0.06500447858469872  0.07461460774377694
  0.08334073750130881  0.09250118212811742  0.10228580511768841  0.11401321097919694
  0.12519811806993261  0.13621667472029222  0.14630697423449993  0.15532834312379781
  0.16417040663754076  0.17354273136903714  0.18301895842497290  0.19482546798093692
  0.20640134674818902  0.21843327527277495  0.23189063731012965  0.24668567367266281
  0.26231874195659360  0.27614673783271310  0.28863966420690179  0.30112727083737129
  0.31360449521328687  0.32475347394824228  0.33414696804534028  0.34342834167748526
  0.35297777048229284  0.36279858276772625  0.37105313789723920  0.38147461267890953
  0.39438492168495942  0.40739255178793127  0.41913490648499507  0.42873163922279872
  0.43779474374927174  0.44612911424865997  0.45417824467571632  0.46217924091197088
  0.47018226246295658  0.47812514933850525  0.48891226676753746  0.50014284405245435
  0.51076008411489271  0.52019439264167444  0.52923526085776995  0.53816151820383118
  0.54728543875470126  0.55707328373742027  0.56720105669357723  0.57906787876381982
  0.58986324727947859  0.60389263233509360  0.62217769502206510  0.63781248715380245
  0.65015399892799330  0.66117692928512195  0.67180600702581106  0.68265764545738661
  0.69189006002807429  0.70030776847186638  0.70914085472299138  0.71815298509796954
  0.72710758273695453  0.73623119396902736  0.74568314757229892  0.75746627084103857
  0.77007149141139841  0.78085989528020294  0.79133417577038923  0.80254553554251029
  0.81300077861392372  0.82181585320783301  0.83043209143593766  0.83964343952460485
  0.84927025920601440  0.85903020177186995  0.86797600720559298  0.87669322596224331
  0.88596227065389854  0.89648337181146442  0.90884328181835050  0.91997557475365288
  0.92945284118444493  0.93844158616662277  0.95004248177609962  0.95938490360020834
  0.96751677590363305  0.97629857926816555  0.98692729000505641  1.00000000000000000
 -0.00134113070130895  0.00860712466064559  0.01725164098865272  0.02520143656616520
  0.03322294260147308  0.04221557169988482  0.05110687597902342  0.05841911181675141
  0.06529802422636863  0.07284241811522076  0.08107876695442331  0.09190499647316364
  0.10433728959681042  0.11488591476477751  0.12643036679178410  0.13826594914566975
  0.15424994083484059  0.16972525805068508  0.18390379783822566  0.19423891163186285
  0.20320049831076181  0.21314057844088213  0.22309345644324097  0.23259646928535177
  0.24090146804471393  0.24917024773153620  0.25798425024969818  0.26776852347409202
  0.27687040739767793  0.28517688098474669  0.29422806648731836  0.30577888475445969
  0.31779493712031520  0.33026194100572037  0.34236642666367723  0.35288706674286630
  0.36260828946615098  0.37202553897762697  0.38235902265004890  0.39311163565240342
  0.40421760291376674  0.41540497827338368  0.42674952391875520  0.43799940500467505
  0.44839526495887383  0.45875786431811982  0.46964077168481894  0.48164391258097006
  0.49442205685128471  0.50768660954973321  0.52013436634576748  0.53151828868886242
  0.54303674399824431  0.55406491514035305  0.56699502006312152  0.57946445715096406
  0.59111043757682047  0.60260318985483818  0.61391621201158142  0.62405252382638177
  0.63224595615851087  0.63990357560997613  0.64791834886550503  0.65642238936145969
  0.66562061340683409  0.67643592468992808  0.68676425864359414  0.69845821296283728
  0.71104566918957834  0.72480997714815565  0.73934277707264462  0.75242395589836031
  0.76546446483017594  0.77612895075028354  0.78563807678337017  0.79493357645147533
  0.80436136476496756  0.81349863112400145  0.82214333837070619  0.83037065631911866
  0.83908551527922670  0.84810982507784205  0.85683605306010935  0.86590068893219718
  0.87679428353919842  0.89058290814671470  0.90540645918525464  0.91919826313336706
  0.93146686333161288  0.94282612409576527  0.95366960093253139  0.96314783774011992
  0.97265637436315155  0.98159966991000891  0.99106793656407399  1.00000000000000000
 -0.00205333483647320  0.00966275680884434  0.01973620487801909  0.03006419503584741
  0.03988908413810451  0.04933711786606882  0.05826324790717880  0.06698523976684997
  0.07581820713134747  0.08465602495456574  0.09311507606632835  0.10160384793501738
  0.11069792728187319  0.12046191778730571  0.13065402418868785  0.14138330189878709
  0.15277895528542915  0.16453727812841329  0.17540679323388436  0.18573001574128106
  0.19662324448663823  0.20923597760364582  0.22185813459786471  0.23248324195085146
  0.24166747570493913  0.25041420435595130  0.26045990446384415  0.27060908730594374
  0.28018663176120068  0.28933153564874098  0.29843611197347225  0.30727893109366827
  0.31581006879703477  0.32478027345197863  0.33503310899219491  0.34756051976079755
  0.35765325954877308  0.36569803315957927  0.37392405517853333  0.38196418710054608
  0.38988290657160596  0.39835141201425306  0.40719523767981358  0.41598753813816863
  0.42533844389101949  0.43452270212406052  0.44352851459401432  0.45364730779623946
  0.46608793740509707  0.48090196001470625  0.49441689802624783  0.50707209884770266
  0.51826773558342110  0.52913929401144510  0.53922544151954921  0.54923109630267530
  0.55909274240381257  0.56833360254072640  0.57787327600975269  0.58795528134739283
  0.59855202551171982  0.60826182555112940  0.61718474210977103  0.62668040850836870
  0.63734136976362676  0.64810428822241506  0.65764952512484309  0.66642120493115009
  0.67552283719639283  0.68494928108276754  0.69486312766909075  0.70488319873946148
  0.71614054093959045  0.72872321092566472  0.74176152905206150  0.75568530161576664
  0.76786925527458993  0.78069046007272624  0.79365929117234635  0.80715277033779820
  0.81962522568833474  0.83071547902602383  0.84115970341879220  0.85188540195069151
  0.86331653781763507  0.87372862668148077  0.88295020421645054  0.89243869643562512
  0.90367530209524161  0.91745184608127317  0.93232746051886806  0.94654704113999899
  0.96005433793155570  0.97282914344678373  0.98639706968661522  1.00000000000000000
   2.7185856739268378E-015  -1.0000000000000000     
 F F F F F F F F F F F F F F F F F F F F F F F F F F F F F F F F F F F F F F F F F F F F F F F F F F F F F F F F F F F F F F F F F F F F F F F F F F F F F F F F F F F F F F F F F F F F F F F F F F F F F F F F F F F F F F F F F F F F F F F F F F F F F F F F
  <DiscreteSampler_grid>
  grouped_processes
  1 # 1 for a reference and 2 for a running grid.
  10 # Attribute 'min_bin_probing_points' of the grid.
  1 # Attribute 'grid_mode' of the grid. 1=='default',2=='initialization'
  0.0000000000000000 # Attribute 'small_contrib_threshold' of the grid.
  0.5000000000000000 # Attribute 'damping_power' of the grid.
 # binID   n_entries weight   weight_sqr   abs_weight
    19   10   7.155362355281647E-013   1.705111625579190E-024   7.155362355281647E-013
    37   10   3.265793230970152E-013   2.900362820056297E-025   3.265793230970152E-013
  </DiscreteSampler_grid>
