 -0.00000000335231724  0.00000132911557075  0.00001035885027887  0.00002667051433662
  0.00005228119815172  0.00008908853837735  0.00012783805570818  0.00017127330127611
  0.00022101439151408  0.00027464610504455  0.00032787449580940  0.00038303722517320
  0.00044053660094150  0.00050579058722638  0.00057620560487410  0.00064891863695204
  0.00072737189167007  0.00080885030251666  0.00088794947646800  0.00096474850150547
  0.00104480642065944  0.00113218420554014  0.00121771472002299  0.00130203050595791
  0.00139949083964597  0.00149746526941530  0.00158922744565732  0.00167397765989475
  0.00175802728762494  0.00184519776223423  0.00193572124159448  0.00202597871072740
  0.00212359426109278  0.00222669295627891  0.00232923613359510  0.00243923498086080
  0.00253912526046929  0.00263865149128689  0.00273845967072980  0.00283756526219251
  0.00293803124950068  0.00304205494668196  0.00314974997668572  0.00324968291614803
  0.00335100739798062  0.00345252289567604  0.00355361303057750  0.00365496269859259
  0.00375522789446847  0.00385418389002593  0.00395645521256076  0.00406243312540633
  0.00417015423786909  0.00427068620089844  0.00437714865439774  0.00448070994837504
  0.00458745982521005  0.00469541897037831  0.00480544226983048  0.00491303294220951
  0.00502490963384341  0.00514747879636622  0.00526484908942402  0.00538410630816016
  0.00550230518282640  0.00561987169153639  0.00574177198821809  0.00586655106314322
  0.00599587037337570  0.00611790926721736  0.00624481640737494  0.00637881358807012
  0.00652628552419846  0.00670045399206443  0.00686703541638232  0.00702657981758893
  0.00717938811540395  0.00732872020462882  0.00747636866509046  0.00762305364951079
  0.00777849465977600  0.00793135552176922  0.00808154771673657  0.00822893376322327
  0.00838932511690670  0.00856045010288455  0.00877874622877381  0.00903235707118641
  0.00928508742838853  0.00954292572591428  0.00984454433616175  0.01018101750233339
  0.01057647743769383  0.01120588212934722  0.01215725598665347  1.00000000000000000
  0.00988089473869751  0.01518635463757270  0.02513857978302292  0.03646796598838371
  0.04659411441125184  0.05576022893028511  0.06558186675050978  0.07636302834832906
  0.08806236065821101  0.09928390948952304  0.11092223801852728  0.12325424172723914
  0.13578388559962623  0.14822338644674804  0.15824755910327648  0.16757417226132326
  0.17676875993439056  0.18676388486720000  0.19638250813747060  0.20555871879465532
  0.21528180542047895  0.22619374175647475  0.23808783838378145  0.24990398092975044
  0.26103033427053030  0.27239908611481167  0.28314367964651949  0.29315440451944691
  0.30250595673934016  0.31176510937027929  0.32008343551346513  0.32804899030517159
  0.33556131060158645  0.34375221767085912  0.35191342768278683  0.35923952156704669
  0.36563186181177348  0.37172898676289662  0.37901867217303559  0.38792872487009938
  0.39708639306728194  0.40725252906453108  0.41816062599563214  0.43217411434218717
  0.44547160585680584  0.45920664083532209  0.47280269329195856  0.48694740697257155
  0.50084935329061175  0.51378671845705359  0.52540482564242308  0.53615122213731026
  0.54667602630822609  0.55605973756179383  0.56554425633066840  0.57605181567715069
  0.58573432550820859  0.59537738496786141  0.60483522028717707  0.61443730858665324
  0.62384890870073462  0.63296541199507839  0.64172560848485316  0.65008022959869016
  0.65944967154539558  0.66962756868356077  0.67989362205205506  0.69291793806324198
  0.70713814473109926  0.72495026646228133  0.73635539477233558  0.74607887181835142
  0.75559610856742621  0.76503531251077928  0.77419468215403697  0.78331448682432669
  0.79357915028059955  0.80631826967213549  0.81804369971934965  0.82886158481785477
  0.83931339530536142  0.85059144092885774  0.86392287377533639  0.87806193602052418
  0.89409505658199884  0.90529298029129945  0.91719063262520806  0.92904557385617648
  0.93942193480747327  0.94821153597015406  0.95648158416758311  0.96519307456487813
  0.97464602706756231  0.98442382790098470  0.99056668151741456  1.00000000000000000
 -0.00185208624688530  0.00616124772474832  0.01457730485190591  0.02288402344574711
  0.02956228070437358  0.03676981522343360  0.04349448521718269  0.05068021635083717
  0.05816407847127857  0.06535089534392285  0.07201935868520781  0.07863412834721469
  0.08561270736750556  0.09349484259883718  0.10146697758617293  0.10939516613959621
  0.11752999103217930  0.12594280925636739  0.13491399693823161  0.14373079103731462
  0.15201144026923613  0.16039742659670392  0.16945604952835391  0.17932700080420491
  0.18897376849058847  0.19809972491657066  0.20721717400323028  0.21647477848231683
  0.22688839718663487  0.23832729505988021  0.24963559253958234  0.26067415283416556
  0.27085892120450716  0.28028313859520254  0.28956322795379974  0.29795467289884081
  0.30687593667529911  0.31614914318016785  0.32536845276646620  0.33446315470074806
  0.34334615711847766  0.35325591456622824  0.36600528846504693  0.38023774132868271
  0.39277005304520085  0.40456634040968764  0.41545751399893743  0.42473250705318633
  0.43432761281447291  0.44354275367872548  0.45300141171980396  0.46257301307059373
  0.47190173886172121  0.48164186807184789  0.49070952353960290  0.49884771265049227
  0.50810990240500153  0.51814453655391246  0.52819104474142176  0.53777217840622493
  0.54775978821292481  0.55784952027534351  0.56822368325744099  0.57874010917729612
  0.59071685715657807  0.60252047001317532  0.61441975078870548  0.62673225488117312
  0.63911884372652805  0.65298213068352040  0.66641321085986549  0.67841257108731179
  0.68952841054267988  0.70215897551023854  0.71327836217613250  0.72552843429177327
  0.73878518851167208  0.75103754124937483  0.76148835599417608  0.77256948966858818
  0.78531814643114040  0.79823393130165821  0.81130333045968150  0.82462728282889497
  0.83720833008658713  0.84910407940584032  0.86130531779453723  0.87355651811190960
  0.88658181125435509  0.90027014638489056  0.91377925755354950  0.92998784060500705
  0.94903883410311585  0.96744079958587226  0.98298905591577290  1.00000000000000000
 -0.00224562025974228  0.00993791189555250  0.02006560582411336  0.03155929421479292
  0.04344717489517241  0.05758662855218451  0.07071852501698415  0.08062098706858165
  0.09008228868568985  0.09867906083672957  0.10847442776042830  0.11819841323599975
  0.12981889022149989  0.14358688798357119  0.15828711824468078  0.17074013906552310
  0.18184212203055813  0.19268035719120241  0.20482393156790671  0.21491790261354782
  0.22297384735998113  0.23050589136574892  0.23840446709641563  0.24729680881349872
  0.25536652459815246  0.26330679718665784  0.27240330089731057  0.28125689338119275
  0.28885841922118022  0.29721907830395855  0.30805151289356980  0.32036552150697173
  0.33165814167945962  0.34010511581414105  0.34845999134203320  0.35797572521011400
  0.36761516290534157  0.37704050306655562  0.38626135061706374  0.39731777254494011
  0.41138214335402928  0.42329925164240861  0.43289396009873377  0.44220094042295882
  0.45170000189982518  0.46155858497691227  0.47058338782438724  0.47950838802152407
  0.48974750713361859  0.50144577212448516  0.51252816443822302  0.52337937754532970
  0.53451926120669191  0.54588334166139463  0.55581556050031766  0.56449203391782821
  0.57306842484788667  0.58311239508809909  0.59559585425239736  0.60724685637790599
  0.61640368635482479  0.62512329881387796  0.63534040715377593  0.64536380241204783
  0.65663949833371915  0.66887551192582795  0.68150735982073796  0.69412398247205109
  0.70599770086190661  0.71726361590953025  0.72954807489631879  0.74244522532072155
  0.75466105272834183  0.76564620720451448  0.77542338394237498  0.78435296876113925
  0.79315406984187653  0.80197828195644094  0.81157400738092900  0.82204747967766734
  0.83204166571655580  0.84270206118457558  0.85429674069658501  0.86695682635715288
  0.88017292913801548  0.89263813107047052  0.90362832290232997  0.91371663574090201
  0.92336969913694422  0.93284129547756334  0.94254576357657893  0.95262948155292770
  0.96317070425937779  0.97445113193261734  0.98687542080346746  1.00000000000000000
 -0.00245087536702903  0.00987117514129624  0.02043474487271461  0.03067441082345740
  0.04055206999649934  0.05011831538425537  0.06003958397585808  0.07125776581876904
  0.08318539160463995  0.09523636705204015  0.10735940302013600  0.11834388487899233
  0.12865601354993000  0.13898454935769916  0.14936771983922545  0.15929135633159955
  0.16927995887241842  0.18039715342694204  0.19197916979520435  0.20242065306386678
  0.21352343798632892  0.22490123075698884  0.23622163971186164  0.24769694156806735
  0.26178258743605165  0.27700579442179352  0.29009554170790092  0.30067485915464143
  0.31041273719267387  0.32046755240660402  0.33058287143316029  0.34011458374707743
  0.34949645670099078  0.36028980012471556  0.37383931307614349  0.38858928168265350
  0.40176448357548550  0.41318844573818331  0.42482036055665401  0.43801529951769902
  0.45177185932891278  0.46360991204280561  0.47294751918921041  0.48208655808481610
  0.49043991667814196  0.49988152899705535  0.50895926290965143  0.51795195693129736
  0.52659900589844799  0.53471196686172806  0.54401835708434065  0.55367250687555492
  0.56455171107247915  0.57567790150974096  0.58611393078826979  0.59556178192746734
  0.60472059303022752  0.61302048096328376  0.62343984676201558  0.63373207028758527
  0.64428371490288416  0.65371543787645880  0.66248472021341709  0.67060004953600771
  0.67890324746260200  0.68736862563157042  0.69618289642989495  0.70508641279777229
  0.71376902131722109  0.72253855883920748  0.73167208686488805  0.74069242852693185
  0.74899628787081229  0.75702351171841942  0.76556105649127726  0.77589287262561024
  0.78992948221626869  0.80345011416267298  0.81535651174261592  0.82554990824006880
  0.83540820369944147  0.84531290079583199  0.85572584267414331  0.86722310187596519
  0.87927524002718549  0.89254898251570924  0.90868953351826587  0.92340077743564553
  0.93535914629496253  0.94542676968451789  0.95469181376957446  0.96361256279645668
  0.97231008164451072  0.98114600864286883  0.99027003668991953  1.00000000000000000
 -0.00464381117556153  0.01278922951335498  0.02663598220741521  0.03906930249434465
  0.05231277756592115  0.06604680013665488  0.07822390177326863  0.08904525426628145
  0.09890799857258017  0.10833881821593652  0.11735370260816581  0.12715650641204987
  0.13808737488040351  0.14904104233588489  0.15834552405145294  0.16662153803507176
  0.17504705906263851  0.18338691500096921  0.19234141358084431  0.20088976267775357
  0.20832503258417093  0.21593728753299790  0.22447187982902481  0.23492606046340520
  0.24500469556069196  0.25486240751337175  0.26507750103821209  0.27632206754208394
  0.28717445720048523  0.29727656431383304  0.30705696610439703  0.31706628458665254
  0.32747728579035079  0.33641709577391643  0.34480520276768900  0.35325560576305559
  0.36150884483969103  0.36981619479290917  0.37907659666794569  0.38900700047070413
  0.39980403615011711  0.41157351451979635  0.42278234532926917  0.43359673978015900
  0.44394414631451679  0.45452040688997702  0.46615594625590978  0.47783435017919362
  0.49016812026042800  0.50305408061997881  0.51675920202182335  0.52977588776368423
  0.54054392825523234  0.55057728243682935  0.56106786180320134  0.57275973542976011
  0.58471752048465886  0.59579012119326236  0.60606206508744631  0.61641542745464417
  0.62720111276670243  0.63867511519529008  0.65116680539813421  0.66516408024353768
  0.67987444607996195  0.69312685874535174  0.70429176335021093  0.71508130782236123
  0.72561238691571350  0.73589138212591443  0.74575201891995957  0.75543490448827022
  0.76472870386143044  0.77418450123732174  0.78309074385387789  0.79175809356453608
  0.79932566184021969  0.80683657613618220  0.81494616810124343  0.82397588012645206
  0.83267306729720836  0.84180702876368030  0.85047378921130434  0.86046262280151309
  0.87172532919078649  0.88249236279555554  0.89321757298085758  0.90419061395364331
  0.91591518727019616  0.92948769814630716  0.94327620802044843  0.95609386805117968
  0.96840768940439637  0.98021560554905740  0.99053551823396579  1.00000000000000000
 -0.00071958517609249  0.00363702981642408  0.00806531325338928  0.01269930769928659
  0.01785916383261335  0.02314576223915959  0.02860464478560520  0.03401060844083401
  0.03985192140008573  0.04650697521590855  0.05362089639863273  0.06016522782374472
  0.06671773897811452  0.07364796172771615  0.08066157825085894  0.08756936540568172
  0.09438657514088630  0.10160699159455799  0.10898344738495068  0.11620466116141644
  0.12328185376900110  0.13089923190678970  0.13900052920355377  0.14731613030051094
  0.15875896353060040  0.16997805214783809  0.17869193952158813  0.18930445096505019
  0.20007984995272324  0.21063776973717208  0.22087228268296899  0.23132861062405630
  0.24267468368181136  0.25436989276558702  0.26612071708345963  0.27747144208703189
  0.28822832283175898  0.29904231315625807  0.31065193238188554  0.32417170941313983
  0.33918004411282726  0.35429375635611199  0.37081135445900143  0.38981011283789407
  0.41069248336714237  0.42959194957417607  0.44690665527806345  0.46410050966770300
  0.48284168873818556  0.50555109756344496  0.52796535866517535  0.54794466596543356
  0.56567966326944119  0.58482912757547800  0.60303912110855151  0.62081874594033404
  0.63684331144091078  0.65218723751262075  0.66661668106616589  0.68030119560693636
  0.69533373054262892  0.71206736812025195  0.72840251441899195  0.74247368016779347
  0.75499861189266293  0.76616138412793855  0.77585074771473639  0.78467883695559559
  0.79352179315930393  0.80260868683131870  0.81191980710909117  0.82007687206398872
  0.82831489661340740  0.83648836891510980  0.84367129663164742  0.85004090393874265
  0.85712979813928369  0.86482718223359334  0.87307129782060955  0.88096037350003364
  0.88823450845594298  0.89513970902859485  0.90347148931535759  0.91175586628653438
  0.91944343115775884  0.92620108638507437  0.93288442775043179  0.93954146695489571
  0.94629114292926819  0.95444073397393026  0.96255580453029665  0.97031099244017682
  0.97803919788080318  0.98561702076667135  0.99296653913746014  1.00000000000000000
 -0.00346535729352837  0.01253200540542054  0.02556217362091097  0.03537285650497892
  0.04527375171658657  0.05486786979906031  0.06466786434709719  0.07481433328180401
  0.08460752700625200  0.09504597817112670  0.10609861400233170  0.11820189115322498
  0.12945203069629097  0.13898761393951345  0.14764304480568807  0.15652862991190197
  0.16567971473019458  0.17415370303815392  0.18184141753138869  0.18930611375725320
  0.19734757505609946  0.20593638351991289  0.21475236695875827  0.22366801597272612
  0.23282667797066767  0.24367989390879979  0.25630607101009689  0.27055172964829521
  0.28506760286870092  0.29743107592693679  0.30744968368237402  0.31659477612322462
  0.32475321024064785  0.33345759089933025  0.34072963444569609  0.34886276019825074
  0.35821796631737957  0.36948333069996447  0.38067977893164889  0.39189225446067610
  0.40305868506264902  0.41564550924998495  0.42755062117383064  0.43915662062281385
  0.44918397474911642  0.45827726906706501  0.46763758647985476  0.47718507768959323
  0.48909399048653235  0.50092251870143512  0.51412587798501941  0.52686022720896331
  0.53966712159740349  0.55086839131357779  0.56145053038823656  0.57285757046522667
  0.58450763490751545  0.59523853041930652  0.60521139761631770  0.61544293735522193
  0.62673215330543142  0.63816296918275706  0.64903860662391166  0.66003437030723655
  0.67145284226802482  0.68385929457659211  0.69631376052127392  0.70768502501795083
  0.71806072955475797  0.72839530039572253  0.73940353021768257  0.75033562819038413
  0.76093129359057221  0.77084814365042353  0.78154207864399883  0.79429656485336952
  0.80786126081369058  0.82118611106480066  0.83366438897460404  0.84416092588161940
  0.85341691705280431  0.86152173885609484  0.86990295756829217  0.87833657968624212
  0.88624193345695867  0.89437142049504870  0.90377801662623214  0.91351530133647085
  0.92327993755983351  0.93292899036981469  0.94312745364461059  0.95406706492121940
  0.96517612069176728  0.97631863206141645  0.98763575782230972  1.00000000000000000
   1.3687831691894013E-011  -1.0000000000000000     
 F F F F F F F F F F F F F F F F F F F F F F F F F F F F F F F F F F F F F F F F F F F F F F F F F F F F F F F F F F F F F F F F F F F F F F F F F F F F F F F F F F F F F F F F F F F F F F F F F F F F F F F F F F F F F F F F F F F F F F F F F F F F F F F F
  <DiscreteSampler_grid>
  grouped_processes
  1 # 1 for a reference and 2 for a running grid.
  10 # Attribute 'min_bin_probing_points' of the grid.
  1 # Attribute 'grid_mode' of the grid. 1=='default',2=='initialization'
  0.0000000000000000 # Attribute 'small_contrib_threshold' of the grid.
  0.5000000000000000 # Attribute 'damping_power' of the grid.
 # binID   n_entries weight   weight_sqr   abs_weight
    19   10   1.011230282669570E-005   3.648815673709573E-010   1.011230282669570E-005
    22   10   9.132473491304414E-006   2.599201921153595E-010   9.132473491304414E-006
    25   10   4.870527531616420E-006   9.528198745936864E-011   4.870527531616420E-006
    28   10   3.788452959255406E-006   4.432501729497296E-011   3.788452959255406E-006
  </DiscreteSampler_grid>
