 -0.00000001691777324  0.00000996200769806  0.00007003063754095  0.00019201817999583
  0.00037759203864734  0.00064399192029655  0.00094509916320041  0.00127744472271016
  0.00165590689960913  0.00210477092163193  0.00258714141825934  0.00309141897711957
  0.00359241685148486  0.00413730201961959  0.00469931990058702  0.00531191622149362
  0.00593707995290248  0.00657625823175136  0.00724217240506861  0.00789956485111448
  0.00860805877522696  0.00933405475615280  0.01007109953765466  0.01081140879335278
  0.01165116183190105  0.01273169125543846  0.01416914426743367  0.01645508213920286
  0.01892495849617567  0.02100468499566679  0.02285905314302887  0.02463716636796047
  0.02643005113737808  0.02824358309510666  0.03005530324155917  0.03187130684542004
  0.03370599387740425  0.03556836075214907  0.03738806809170289  0.03920209802194325
  0.04097869526829586  0.04283408247736345  0.04469691020727935  0.04658824552643432
  0.04853296849695896  0.05053451292356668  0.05258802372471500  0.05467950758368391
  0.05677663177573399  0.05885174816181624  0.06091778908484701  0.06301632333191592
  0.06525887282947548  0.06758595914552586  0.06997816816892223  0.07251493048075898
  0.07523563879879061  0.07782918842318771  0.08046259545433446  0.08313242427916738
  0.08579748014400859  0.08847784485235646  0.09116709404289976  0.09385087782754074
  0.09700424803562854  0.10022103709237978  0.10344717904295979  0.10670157287836492
  0.10997432339514197  0.11323187846864498  0.11657041416366358  0.12028304318915584
  0.12441758682638586  0.12874431784773580  0.13310220949147578  0.13751493866088416
  0.14203560478351798  0.14662973997704609  0.15143987850333016  0.15663767534049641
  0.16231938667697179  0.16846688440747501  0.17487814124813442  0.18155882012001642
  0.18870381834865146  0.19637953658499457  0.20512917327370503  0.21525231468675127
  0.22655701677337439  0.23884134241372657  0.25244905857641214  0.27120228604783303
  0.30351571222927209  0.36538818151348590  0.63321300876734166  1.00000000000000000
  0.00969473973130444  0.01516646179334101  0.02377448936391010  0.03485716409714690
  0.04577666622337652  0.05718873645506635  0.06890839963071646  0.08120913806021104
  0.09309414388403128  0.10492250228305028  0.11598580760580866  0.12688970698652144
  0.13706365743205023  0.14710664605064219  0.15701772269193967  0.16740961266350979
  0.17753920586861327  0.18773640306983119  0.19787262415314799  0.20789165775308688
  0.21854695263842572  0.22946278960213204  0.24167300736629435  0.25350008660256612
  0.26432792427623902  0.27475040187798894  0.28536659670872194  0.29628975158922227
  0.30708187007116172  0.31755365904226407  0.32763889564925897  0.33750618547658212
  0.34733417226900781  0.35721451440997143  0.36700168075775741  0.37685085769363286
  0.38673594900526176  0.39683046792431131  0.40727843763723920  0.41782972948797947
  0.42831323077110878  0.43855076948239113  0.44873938229175347  0.45903590335380806
  0.46996667497005984  0.48067077261726415  0.49093419705152502  0.50122541042752100
  0.51190121928851873  0.52270648233003536  0.53318462709437020  0.54367912585035605
  0.55405869178120237  0.56450466457943060  0.57473594430584563  0.58551044359295168
  0.59610930618874935  0.60660547485442640  0.61696005181742886  0.62728077199090970
  0.63792998681095570  0.64873851542726979  0.65989453773638251  0.67032391619324383
  0.68019362506422842  0.69009686119389324  0.70019582525139501  0.71039132088179724
  0.72062594755546028  0.73093972803649343  0.74146508873483741  0.75197468617601992
  0.76237152302625533  0.77281285952798684  0.78300810841462420  0.79307269211747511
  0.80363453484911074  0.81391841296161138  0.82416751124198684  0.83405023863881889
  0.84418349435752316  0.85441742972146195  0.86485094035458487  0.87494108166056839
  0.88517078292758189  0.89533218174508011  0.90576104683015668  0.91625358482005614
  0.92707805951296585  0.93772084714487292  0.94825781809922827  0.95887943242735407
  0.96938364365033602  0.97939239245466991  0.98954891546736834  1.00000000000000000
 -0.00001846332756011  0.00019703816784723  0.00052070004077959  0.00101605041802452
  0.00169300907128014  0.00251317284843927  0.00347837940245505  0.00469327260732806
  0.00600321028922723  0.00744911197898372  0.00903645037176538  0.01075224068102320
  0.01268093340972898  0.01479220404109813  0.01688704671979388  0.01918147393576851
  0.02156249757954277  0.02408102362463440  0.02678685806512936  0.02967792400898172
  0.03268310484607657  0.03566898750570671  0.03861785021213413  0.04172540660301660
  0.04496468875729530  0.04842583337855353  0.05182803099877103  0.05509129833978475
  0.05833185463227867  0.06159608086994185  0.06497142161167793  0.06841407108621551
  0.07186436646922217  0.07531106355836281  0.07878817685716802  0.08222868128048792
  0.08569166472269740  0.08926748376019429  0.09304117290772911  0.09713092534581971
  0.10139845727555602  0.10572003358122992  0.11005500938284758  0.11446997230531410
  0.11907150796078332  0.12377198701219497  0.12857819912492438  0.13341479295753741
  0.13825357283769635  0.14298282250660424  0.14794667720015836  0.15322518573732530
  0.15857535004758777  0.16394307020998375  0.16950456409471024  0.17490633469244715
  0.18042990179305868  0.18596317034083404  0.19164731000186247  0.19733156754844008
  0.20292645562854694  0.20846114011510739  0.21398923471754150  0.21969936880213475
  0.22561329989438633  0.23155461041586251  0.23734108639587556  0.24294829836536927
  0.24849438103863938  0.25416165321532797  0.26011867461238330  0.26606473921658402
  0.27199686463845230  0.27797309639958789  0.28407301548546876  0.29032360931557344
  0.29667418053429678  0.30301224732995069  0.30950135712373628  0.31598691809877377
  0.32248628473152774  0.32898913107465710  0.33546969373794205  0.34232069905631241
  0.34933496924335755  0.35637559069012137  0.36314463283812254  0.36958105302244809
  0.37593719821237370  0.38257135478694893  0.38935240064765181  0.39643002048756731
  0.40310429826198435  0.40839676092943838  0.41171715439374407  1.00000000000000000
 -0.00293046610026472  0.01173080836882425  0.02349829744149091  0.03542506719198674
  0.04871098281128875  0.06223366718959850  0.07388632153279673  0.08410353164477916
  0.09394832277270697  0.10411651143061879  0.11437450246780868  0.12449118003139979
  0.13497230963216977  0.14559252300453379  0.15686072694496664  0.16838780104365303
  0.17979712096965808  0.19138098468082465  0.20274315941627558  0.21354147327803047
  0.22377278998728059  0.23447689044529052  0.24627345215266938  0.25767831741062863
  0.26895465427123416  0.27964629428456178  0.29033041473054122  0.30064679866673016
  0.31107432748857694  0.32123368346182857  0.33140370563215510  0.34135360445928031
  0.35140930335910620  0.36196891853383911  0.37286740889234704  0.38347691341329859
  0.39374356983524245  0.40459023902121050  0.41587102765583089  0.42734155093630477
  0.43880112752164774  0.45151660305333430  0.46318228350497098  0.47396905215066742
  0.48417363717165279  0.49443263122434361  0.50413974731280020  0.51318613181365547
  0.52207472890959861  0.53121866009959584  0.54093742764661978  0.55079488401603438
  0.56052660878570015  0.57076430070060691  0.58144837035640651  0.59206252141424076
  0.60231358990774297  0.61216915388836257  0.62209103274139066  0.63240411771577798
  0.64322437934689636  0.65450098295714032  0.66544489633284631  0.67612663897541758
  0.68659715473624550  0.69710389860389721  0.70777328284037455  0.71838517490331411
  0.72903056791100118  0.73983260468528655  0.75081340044218436  0.76169768824739736
  0.77213485516362035  0.78203574344254223  0.79191415515233499  0.80205550693100647
  0.81264657521989925  0.82329291629488932  0.83398878417880595  0.84408674537114969
  0.85445721659747731  0.86403425583373850  0.87382223113512603  0.88314650436822517
  0.89243457165590301  0.90204073932238504  0.91221108139559537  0.92226974225663638
  0.93247282779619989  0.94281816387222028  0.95347293681247891  0.96351123489338042
  0.97278609977788566  0.98181833941338159  0.99090672529291157  1.00000000000000000
 -0.00246248591371151  0.00980619587542361  0.02003512073175159  0.03103597766774966
  0.04218978706661455  0.05349390678435011  0.06546191650237594  0.07817207417541987
  0.09011915146058021  0.10128641733282912  0.11209423746453130  0.12203633844539973
  0.13135616311966519  0.14030991182290453  0.14998119549853703  0.15963534109696326
  0.16929078307246012  0.17909806546518944  0.18914857777633026  0.20007713990316886
  0.21114446719591670  0.22231619183121090  0.23294303639255512  0.24308826714821347
  0.25354509010272164  0.26455426747369126  0.27501659057824290  0.28472741931090434
  0.29434090918686040  0.30427146247784870  0.31413615776119058  0.32417924014667443
  0.33439457982921628  0.34501298793610874  0.35585302609955988  0.36688326005383287
  0.37775526575695423  0.38801204730991745  0.39830001394770181  0.40882987271686966
  0.41947755742345672  0.43002709189021626  0.44030649279822598  0.45075086773953477
  0.46111206943042765  0.47188957325015457  0.48253494027631488  0.49277137435497531
  0.50263503729795167  0.51217392101782511  0.52180305756747958  0.53146465296859668
  0.54110839502156216  0.55102847588088066  0.56118172999729177  0.57184947174756218
  0.58329260959196838  0.59551727311979097  0.60798432104551381  0.61987126265647885
  0.63152506619425897  0.64284337016886650  0.65432704102895767  0.66555721242207055
  0.67547738858660400  0.68531620323350251  0.69511970638333986  0.70496632703501139
  0.71483175305950808  0.72459071231557381  0.73508394290095513  0.74593484475981664
  0.75660439335748264  0.76723886674768849  0.77805629982097113  0.78858554328692798
  0.79838361317773643  0.80791956165348622  0.81763762085406899  0.82761515836293598
  0.83782251312054112  0.84812474683211569  0.85831295745718350  0.86902021066476909
  0.87988256348544580  0.89103303552645086  0.90182406653556857  0.91199605131013561
  0.92243063116062896  0.93363593095141040  0.94480700717741128  0.95596845184914203
  0.96736349510516173  0.97875590949616609  0.98949828234821635  1.00000000000000000
 -0.00181243432122212  0.00784212580402257  0.01631805615076787  0.02536445321442058
  0.03504269349873981  0.04513365452731561  0.05547037963822835  0.06609136392042191
  0.07947889358653425  0.09134808302233852  0.10232635733245425  0.11430462504394184
  0.12583851306869326  0.13692017142429283  0.14808743419266682  0.16004731331539540
  0.17114793288453747  0.18190668036471305  0.19304439069023965  0.20457347437811838
  0.21592289283817725  0.22705322372256223  0.23829106825707125  0.24966879479686135
  0.26030017677355877  0.27059205269912734  0.28086278132226672  0.29100280807117196
  0.30104065319900236  0.31107130576044717  0.32105580868051070  0.33087049113835448
  0.34049514229918942  0.35072862250102960  0.36180147203672880  0.37285328781390092
  0.38406703806752218  0.39526765185293472  0.40652100515835632  0.41761646868182895
  0.42860172750944298  0.43927608496781428  0.44907005046333698  0.45880227747686358
  0.46840951679921528  0.47799202898296567  0.48796944485268529  0.49839416163785821
  0.50926749331568866  0.52012058002129757  0.52995666127625196  0.53954373455578364
  0.54938147334374821  0.55939352031293721  0.56970347444234504  0.58008825025285848
  0.59055144028326290  0.60108727732932321  0.61150140435443767  0.62172833271587769
  0.63159294211346961  0.64116639999900404  0.65106914535098892  0.66146103712572257
  0.67206901636198380  0.68242299591768141  0.69274644461535562  0.70341470334504674
  0.71515905464433971  0.72729235134999104  0.73824403962850937  0.74845188800390183
  0.75863289173375126  0.76928829012993460  0.78031977354445425  0.79133036512160637
  0.80250329331949832  0.81336881949876971  0.82366443618050778  0.83403970986930120
  0.84476105386309630  0.85536188754582154  0.86567046782508272  0.87584859472444099
  0.88605927541030505  0.89617041188460800  0.90651618717436044  0.91671031596568209
  0.92657614505353181  0.93636282416223571  0.94622950180557885  0.95688191869291528
  0.96737919582472010  0.97843853846908069  0.98920284284766036  1.00000000000000000
 -0.00207851178414838  0.00863140657574327  0.01775566700084341  0.02792715550582355
  0.03852509512899378  0.04944210492256365  0.06033014043167699  0.07054453255711628
  0.08063564428806455  0.09087306132340806  0.10126171595860894  0.11182806567615744
  0.12234083034761345  0.13255819690234613  0.14283819198490669  0.15320604962179760
  0.16331263186482123  0.17286900635738503  0.18219223498909509  0.19188636439696471
  0.20213826754220224  0.21288794725832841  0.22402180935279489  0.23512862378422539
  0.24575200534974223  0.25644650184980239  0.26650863551134085  0.27606070178190256
  0.28528905191972692  0.29429195340021369  0.30311452711245551  0.31229168633926807
  0.32205691709086415  0.33201682219732043  0.34204722445785812  0.35297001260245603
  0.36552398365412736  0.37857383615784918  0.39083543870855497  0.40259358052552613
  0.41412407695947606  0.42574726180564776  0.43717058587664548  0.44822011249084082
  0.45906952614961100  0.46966869333914296  0.48018100704980982  0.48990107397666960
  0.49918694539671132  0.50840248860696391  0.51762965618574908  0.52718087485847898
  0.53706205556277620  0.54690119020027961  0.55670488146037156  0.56707249544927185
  0.57841191851084905  0.58993969296009430  0.60139574715968269  0.61291014812446976
  0.62410186132870282  0.63450844645515403  0.64471841978068689  0.65515296684653967
  0.66576318368357401  0.67668945447204387  0.68787663347490069  0.69895604553445145
  0.71029482194582649  0.72166929692217818  0.73275895657281909  0.74299503063322547
  0.75361013895671480  0.76507694571307006  0.77666304395988639  0.78828497103906858
  0.80038663646539576  0.81267541076296002  0.82332408235528998  0.83329119820363262
  0.84283811021683019  0.85237629378285129  0.86193575242094389  0.87174817874718380
  0.88201977821090227  0.89243209806445678  0.90256234475624919  0.91270845481794305
  0.92295172255598101  0.93306690732738284  0.94420481989665528  0.95559584618909177
  0.96676924713300605  0.97743086602348705  0.98850778851778609  1.00000000000000000
 -0.00237633404120002  0.00881161305676358  0.01832723370066466  0.02810160306117127
  0.03781318129782917  0.04754287205186895  0.05747490504291863  0.06712806023001221
  0.07665632483557530  0.08602598773356795  0.09550787078526145  0.10518821867579631
  0.11477654521461129  0.12419558694813479  0.13368216081603446  0.14329185410524081
  0.15407255308232823  0.16571003862521072  0.17727613080475493  0.18852697203847049
  0.19953898889152571  0.21051513997716137  0.22153931992144163  0.23261685202087920
  0.24344461166966611  0.25426192430016892  0.26475954859643891  0.27533244145875119
  0.28556446504415256  0.29588423831438160  0.30582259845077386  0.31544133285807474
  0.32482755241714228  0.33432190184461369  0.34441060752710162  0.35532593459568973
  0.36701317462076533  0.37852821299147926  0.38914624330163006  0.39898647145143024
  0.40804755248985697  0.41723405861052676  0.42675663410933312  0.43665624534540315
  0.44710142532914993  0.45769628189647843  0.46860423766390946  0.47938133075094314
  0.48952950318866439  0.49962552247158604  0.51003771922658592  0.52088773907290120
  0.53175276968512819  0.54247525856248802  0.55301127597192512  0.56360294860339477
  0.57415848465982322  0.58402759906073254  0.59321828041070535  0.60235386321593376
  0.61160431614218802  0.62081067129254974  0.63029380099182297  0.63995348711939548
  0.64992348980167491  0.65993272522213098  0.66962602156311279  0.68062715900224191
  0.69137338960709582  0.70288426115427582  0.71498939540613260  0.72706637058281631
  0.73962866698539897  0.75160311871215790  0.76322909833355024  0.77517868468291939
  0.78739594669061785  0.79953971116553724  0.81199307979246960  0.82504551379165059
  0.83764634064699162  0.84905776268794919  0.86001727299546438  0.87098785211073415
  0.88193728176333597  0.89332848154640265  0.90504946596458802  0.91694201796919650
  0.92839845019058997  0.93998242744733762  0.95141726768875745  0.96199419923991369
  0.97149075011615216  0.98097726145224817  0.99022995987157880  1.00000000000000000
   1.5188919093852440E-016  -1.0000000000000000     
 F F F F F F F F F F F F F F F F F F F F F F F F F F F F F F F F F F F F F F F F F F F F F F F F F F F F F F F F F F F F F F F F F F F F F F F F F F F F F F F F F F F F F F F F F F F F F F F F F F F F F F F F F F F F F F F F F F F F F F F F F F F F F F F F
  <DiscreteSampler_grid>
  grouped_processes
  1 # 1 for a reference and 2 for a running grid.
  10 # Attribute 'min_bin_probing_points' of the grid.
  1 # Attribute 'grid_mode' of the grid. 1=='default',2=='initialization'
  0.0000000000000000 # Attribute 'small_contrib_threshold' of the grid.
  0.5000000000000000 # Attribute 'damping_power' of the grid.
 # binID   n_entries weight   weight_sqr   abs_weight
    25   10   6.354107045595898E-013   6.641648007777304E-025   6.354107045595898E-013
    28   10   8.732742896006533E-013   1.548775325743770E-024   8.732742896006533E-013
  </DiscreteSampler_grid>
