 -0.00000001538686285  0.00001602417001747  0.00012132272750935  0.00034766251194878
  0.00069442827070758  0.00115645785314618  0.00170902610312075  0.00236120333160917
  0.00314509553671164  0.00405477373553286  0.00511286735776941  0.00635235879101069
  0.00796075918684735  0.01005040330736610  0.01205817052704585  0.01302487704813207
  0.01371786052483655  0.01430935592808508  0.01484460356394815  0.01537844683239848
  0.01591420551242312  0.01645431278478039  0.01700568457999834  0.01758052932962179
  0.01817325104102180  0.01878651815140826  0.01944348357276279  0.02011788657282402
  0.02080282908933642  0.02149914689968950  0.02220356741523346  0.02290435514877047
  0.02360983007486602  0.02432349070753675  0.02512164405934211  0.02598406254281726
  0.02686751488629666  0.02776280205781990  0.02866705638700141  0.02957035761870598
  0.03048109279428169  0.03140403288966984  0.03234536773437006  0.03335575050776937
  0.03439498533960906  0.03544171545045997  0.03650343772703600  0.03759543007029180
  0.03869410186564684  0.03980000647873996  0.04090890268386468  0.04205974177376880
  0.04327227619720331  0.04453573723647027  0.04581452764585946  0.04708367394337074
  0.04837462686865885  0.04969594529778795  0.05103675089442444  0.05237541979521353
  0.05374207934116136  0.05523403404729871  0.05677104497680074  0.05829907190486524
  0.05981769185576973  0.06134070395331768  0.06287132441405593  0.06443096197980949
  0.06603171143462566  0.06765693147462784  0.06931588061819927  0.07111611912136166
  0.07324327532777472  0.07539122298037672  0.07753639226201198  0.07970195894954418
  0.08186684698762324  0.08410087164665003  0.08638374609314585  0.08874674562933975
  0.09137889611755511  0.09432051731309961  0.09749433820417083  0.10089700442844286
  0.10439980564037510  0.10805659219124478  0.11189204398853148  0.11625018516730856
  0.12139849948072626  0.12787940804614364  0.13658180538370732  0.14663282624273569
  0.16258495096685521  0.19750622653440630  0.31907628612924427  1.00000000000000000
  0.00939127466479194  0.01627249179782175  0.02620650966099674  0.03671933625032177
  0.04663429363678831  0.05641169037633582  0.06678365586458757  0.07786245702687294
  0.08899093658262959  0.09997546513559359  0.11100237690064156  0.12236740193273166
  0.13342563738491747  0.14460209597952581  0.15554881431823017  0.16619096199725988
  0.17573179634799727  0.18477623571310875  0.19401386848094249  0.20328082088036936
  0.21270705995643044  0.22226355683023127  0.23244064937190595  0.24325317177134423
  0.25410173065544844  0.26511173932745286  0.27594757828258315  0.28658882152833642
  0.29696140344825162  0.30681009713614255  0.31659912425817310  0.32614433443101237
  0.33573789748806615  0.34536202650913461  0.35509002361405667  0.36504001414143350
  0.37540840740704012  0.38640019691329802  0.39750979694308913  0.40837520301580105
  0.41900581359261363  0.42940386107775053  0.43947529995340151  0.44906876731818762
  0.45865445424448059  0.46808621131532557  0.47717633075230548  0.48667375596379941
  0.49629139706183789  0.50709434124549135  0.51805883626710547  0.52928125767471901
  0.54074637619845745  0.55127739347526550  0.56176805186228540  0.57244926698730891
  0.58352469943125751  0.59459358521597938  0.60590691150722797  0.61751890947210575
  0.62895369517217525  0.63985905902124007  0.65057579555541623  0.66101242690372453
  0.67130514412288067  0.68182244349666610  0.69296048642686603  0.70467468649093912
  0.71592322479183734  0.72662052496678475  0.73740067115317409  0.74810363678634628
  0.75867576166160156  0.76885596746517171  0.77923831851841241  0.78997281154970866
  0.80083673831305757  0.81181087358062198  0.82180415893602632  0.83168909534689250
  0.84123677489671800  0.85044278995064748  0.85965200740374281  0.86913420711452594
  0.87922397403343122  0.88992126777069291  0.90073348049376134  0.91153467870355398
  0.92217664864758175  0.93260998256562877  0.94303951961655363  0.95344632940593743
  0.96417785309103399  0.97533292663304694  0.98680468305753866  1.00000000000000000
 -0.00002072955265527  0.00024183441797337  0.00069100556939809  0.00139573949587559
  0.00235814885939160  0.00354319251439122  0.00492703643059792  0.00660926416021135
  0.00856387513731765  0.01076395281624788  0.01302964603748679  0.01557841858290784
  0.01820220126684421  0.02091016036005270  0.02374922922704879  0.02671150850224443
  0.02973744387783477  0.03305629039541463  0.03674574523710866  0.04067516447045218
  0.04468430185621559  0.04862544400156229  0.05285658096994643  0.05719976415112776
  0.06142989425897263  0.06596635739336194  0.07076481856667105  0.07587079563430915
  0.08096681541010524  0.08595668089099164  0.09090278253899219  0.09590631023830121
  0.10092771517616111  0.10615648152080809  0.11155635206480115  0.11728534360258022
  0.12333962493965735  0.12965921751755910  0.13667337882694408  0.14390766991082118
  0.15086948308044684  0.15780191221101986  0.16473093227882735  0.17179337896532881
  0.17898753966063474  0.18577003320479107  0.19246885567769734  0.19924161126858600
  0.20638085639809409  0.21373963158852186  0.22125507707542202  0.22891995417946928
  0.23663543337487000  0.24445665368051289  0.25269733009589651  0.26122705706065030
  0.26970627161138949  0.27849625052257387  0.28765100162411844  0.29703822973749511
  0.30673233115042126  0.31651963413031486  0.32634792596444245  0.33622854067849650
  0.34626287759142760  0.35653403585871890  0.36670266873713880  0.37701310223896511
  0.38770647998780844  0.39883211592508117  0.41011556675514133  0.42143477705667876
  0.43311186175904937  0.44522661381887296  0.45681838413245029  0.46864711942063320
  0.48099016398952343  0.49374078448872144  0.50620438694167669  0.51855059704227979
  0.53108119131269160  0.54377244008149483  0.55656838145335241  0.56939000850859267
  0.58195674127486863  0.59538778730271635  0.60886734308599499  0.62202312030196971
  0.63476226708035000  0.64761656200660889  0.66063321605360670  0.67430869494251511
  0.68798664464904957  0.69784987140661070  0.70045648749165590  1.00000000000000000
 -0.00225689762000704  0.00933626753870453  0.01936187153760709  0.02979022088413095
  0.04029647225196720  0.05222359413948671  0.06460353618418654  0.07589926551594270
  0.08686177088226467  0.09758377053215549  0.10808946973902547  0.11878092321299404
  0.13038639059640827  0.14231655750817446  0.15412435502910446  0.16581735974722039
  0.17690105224826411  0.18759338544590554  0.19827181755151932  0.20911285397095361
  0.21991003983061033  0.23102714123615500  0.24283943263212035  0.25426421831943885
  0.26500912219986417  0.27522634587678940  0.28528289741734630  0.29544234571549771
  0.30578139725477621  0.31638041190942917  0.32722091660990105  0.33801503946088118
  0.34879005478164588  0.35944343909596893  0.37016716575687947  0.38104508682978538
  0.39191010452120834  0.40224842246596104  0.41224858290266497  0.42228682039334475
  0.43252599622809790  0.44226323446416210  0.45150905032160521  0.46084702767188007
  0.47092210751522051  0.48104941776154930  0.49061836918686941  0.50024843365572802
  0.50996316006354980  0.51987932495228806  0.53036898265144805  0.54149868364473297
  0.55280873873449132  0.56417105360741115  0.57494447944616400  0.58575833363297003
  0.59624599984805560  0.60695513991734773  0.61771945950672436  0.62861828542028775
  0.63945895541064113  0.65037066590261516  0.66134447507431204  0.67218263924221200
  0.68297134239227142  0.69407533021619183  0.70566610178322509  0.71657784816808157
  0.72680461477223091  0.73692305258604573  0.74695569042250998  0.75695711294515577
  0.76692262945819756  0.77699134481118548  0.78713478858622787  0.79715182856987399
  0.80697131130189903  0.81703159028707484  0.82743452617912305  0.83771149267895872
  0.84794245268043966  0.85854816224492636  0.86937868480580882  0.87990784306873826
  0.88986549163649031  0.89993384597945947  0.91050900105849464  0.92144816410802255
  0.93297301072558925  0.94362817668650123  0.95328095342452690  0.96277986540197125
  0.97215493757319427  0.98144225503808225  0.99048492163412194  1.00000000000000000
 -0.00238619200792293  0.00878484358020188  0.01880977483276127  0.02898502401816011
  0.03964350988715096  0.05027903481305311  0.06078102077464537  0.07050354669919923
  0.07984451849730589  0.08903201186086065  0.09817864002499939  0.10772464923345118
  0.11732511812730986  0.12697365438967340  0.13717891147248795  0.14763360054416694
  0.15874285672303390  0.17025927024426757  0.18169751609100143  0.19235061293305661
  0.20227361036468583  0.21202573566035152  0.22188836800246983  0.23181400614389669
  0.24141390432638021  0.25086025864514450  0.26037755094711768  0.26992490754306531
  0.27980858765814687  0.29035654142322836  0.30177491913848475  0.31314457671758050
  0.32427597994621532  0.33503933736788299  0.34556569375475849  0.35590027650231093
  0.36609682261729148  0.37630820796939285  0.38626831234984643  0.39615424367112939
  0.40631432826939667  0.41657899466841625  0.42676315702309187  0.43733610308574628
  0.44876965205617736  0.46068355918088955  0.47255427553691087  0.48419672492772414
  0.49561757833254366  0.50707887163897702  0.51865251992708294  0.52987546892929960
  0.54051285331772869  0.55090612330149280  0.56096227937506471  0.57108027714676446
  0.58178660910102065  0.59288292224932082  0.60370275688180874  0.61412262701322562
  0.62436516508779705  0.63434465880916213  0.64415097620765793  0.65404786343086396
  0.66376669330428562  0.67338806779514215  0.68282315611655020  0.69278355402095015
  0.70326617604959585  0.71366098015988833  0.72409900867912580  0.73450427538247265
  0.74477694316012466  0.75526017457425754  0.76587010217707341  0.77667843941558956
  0.78740968158898961  0.79812576289021742  0.80861562995963721  0.81901009301672800
  0.82940928990106055  0.83993182507960007  0.85061140488987430  0.86142267383023474
  0.87243024817153236  0.88345714314861234  0.89441517946144167  0.90547873864432571
  0.91654776486201461  0.92766398718669685  0.93901571429908215  0.95092055245886276
  0.96292471598121065  0.97519185818142717  0.98744327321408609  1.00000000000000000
 -0.00262360676681837  0.00913737011288354  0.02032740247550477  0.03202437427949396
  0.04366767520066084  0.05472884028602962  0.06503695009540805  0.07507352306708308
  0.08487195333129317  0.09443903376524096  0.10372403240565128  0.11388392658661663
  0.12387479595547585  0.13472805793594403  0.14586222133917873  0.15679019707615702
  0.16752794086291525  0.17761470714547872  0.18761734926740162  0.19769430201533739
  0.20788394969568491  0.21872703273852329  0.22968961670296401  0.24134193907676468
  0.25273341445689718  0.26389265419604818  0.27526433799850608  0.28731955098533524
  0.29925758081988263  0.31126892823024349  0.32346241239295814  0.33484137125582636
  0.34494767016039174  0.35475377870977637  0.36453518657726347  0.37419525418156269
  0.38370087966187683  0.39305183812659572  0.40288257567957242  0.41275746798349500
  0.42290338098643698  0.43300164909626093  0.44281244938093739  0.45221337537298106
  0.46162976709862874  0.47101778018744545  0.48038707813807752  0.48955999290866814
  0.49882770513035241  0.50862464086198578  0.51880730590862512  0.52923300279269669
  0.54010969915133056  0.55111636512104500  0.56186587613431438  0.57192313184262866
  0.58190636724049261  0.59219862489255415  0.60232893776936702  0.61198262140775950
  0.62149445471253573  0.63110193875643961  0.64095920362340608  0.65112020682539329
  0.66146852311163484  0.67212505949538282  0.68306993190226251  0.69385947635378598
  0.70435607049522508  0.71475434942964200  0.72524911000514403  0.73623170496969825
  0.74735407597410974  0.75866513104500233  0.77027916230180360  0.78175111903067485
  0.79328110577018485  0.80508516010604492  0.81641863599083364  0.82729436519072996
  0.83854242354545894  0.85008122328563585  0.86162535439868970  0.87302882845386698
  0.88407890395189404  0.89495932969425385  0.90609371229066860  0.91758592842300279
  0.92857443028699072  0.93891763115696858  0.94879725287631067  0.95871407990847080
  0.96870822876918172  0.97860936842426749  0.98939896114632864  1.00000000000000000
 -0.00273711564203462  0.00969271771184006  0.02001870144736589  0.03096363836322989
  0.04181234450000637  0.05225554746977867  0.06225139746043680  0.07279285127866657
  0.08361637514769882  0.09461359697639897  0.10527743607375775  0.11563948113717240
  0.12600539788746373  0.13684656039186757  0.14802626291981913  0.15930842564594377
  0.17115999534336812  0.18330062065190961  0.19443058710088137  0.20507939831964520
  0.21607768317841106  0.22716170849931988  0.23781566605568660  0.24812493115546841
  0.25833099391278758  0.26837476442599101  0.27828723602857963  0.28805475300793537
  0.29794736761628143  0.30800954361341870  0.31847328492233684  0.32959495654392945
  0.34087770971036990  0.35223458796789009  0.36325626280353773  0.37392078761952324
  0.38419346806748195  0.39422998662290193  0.40417912540318246  0.41421948626157890
  0.42389502172493160  0.43321762947845383  0.44287582469231912  0.45261524738410874
  0.46238956141838156  0.47213845535704724  0.48183181492280858  0.49206361335535864
  0.50207042481216357  0.51168251596621228  0.52125921981222145  0.53095672981938635
  0.54076690001486849  0.55060328512581014  0.56034298580522879  0.57053881356133695
  0.58181187346564489  0.59357966778489357  0.60587365755170097  0.61806366340556651
  0.63006413735980915  0.64220866792543552  0.65427270577128160  0.66615516791060470
  0.67785081422086801  0.68909765439440329  0.70028794274508843  0.71097941450476154
  0.72068208531012479  0.73061329059451985  0.74083757701977893  0.75105283381288956
  0.76124551189894218  0.77175755424623305  0.78249247537294186  0.79345989646488535
  0.80494807748559827  0.81629835063716438  0.82724900398038537  0.83826880437471618
  0.84927866783464523  0.85998807279692702  0.87063669422690515  0.88215919784431196
  0.89386331775540051  0.90407587548353796  0.91338511120643551  0.92294122909225240
  0.93258269949137917  0.94199542947513515  0.95106467452404808  0.96030185885153763
  0.97046289335473512  0.98044535956212864  0.99029592354131146  1.00000000000000000
 -0.00246334835309360  0.00927122408440106  0.01951402396932266  0.02962425555428365
  0.03983644069395842  0.04981104106014825  0.05985552511782726  0.07000605366974533
  0.07988220699143210  0.09021790581059232  0.10035853897102176  0.11061418204595205
  0.12091525192482414  0.13187676783763061  0.14358885269049745  0.15626771240066128
  0.16898903746737098  0.18100832774875417  0.19214078484384026  0.20255683455172410
  0.21322909728198125  0.22353776196975836  0.23360856573452443  0.24337515621765282
  0.25376185752144287  0.26412998481080396  0.27518037118533561  0.28719399819906410
  0.30007332708652029  0.31282543861337769  0.32438873014683139  0.33548160661263365
  0.34659806716716296  0.35722597976925163  0.36742191325919732  0.37774921849356330
  0.38832483278532304  0.39859637197962966  0.40816136726933744  0.41740598609163387
  0.42686683183233159  0.43666902025557941  0.44686225901610288  0.45707493166536700
  0.46737685832379977  0.47779290416326714  0.48818313048155049  0.49845572746835021
  0.50818961132062390  0.51801102166485868  0.52822254618817222  0.53836611106006560
  0.54764259267327575  0.55684553913457702  0.56618453066810615  0.57607457487366420
  0.58539468679089290  0.59404151032790187  0.60264839421325400  0.61148513708418262
  0.62054460947620793  0.62986206173529224  0.63911689810354777  0.64836399131339173
  0.65811302608067745  0.66833497832105682  0.67864007139494442  0.68906322405806442
  0.69981506296836027  0.71075705260788102  0.72144927172354845  0.73251742403800968
  0.74427758564574942  0.75587481105616372  0.76691164863661709  0.77744625876219398
  0.78787956900522993  0.79853676713794830  0.80921070712039833  0.82019462998850046
  0.83142056088748473  0.84296677619746430  0.85518340301607176  0.86770964443584975
  0.87966952594879311  0.89066619693461502  0.90172558516131196  0.91266446565932879
  0.92333492653686422  0.93420645078849807  0.94532703785885641  0.95678874182514795
  0.96799790059194069  0.97893624418814040  0.98959442667196984  1.00000000000000000
   3.4687065419126632E-015  -1.0000000000000000     
 F F F F F F F F F F F F F F F F F F F F F F F F F F F F F F F F F F F F F F F F F F F F F F F F F F F F F F F F F F F F F F F F F F F F F F F F F F F F F F F F F F F F F F F F F F F F F F F F F F F F F F F F F F F F F F F F F F F F F F F F F F F F F F F F
  <DiscreteSampler_grid>
  grouped_processes
  1 # 1 for a reference and 2 for a running grid.
  10 # Attribute 'min_bin_probing_points' of the grid.
  1 # Attribute 'grid_mode' of the grid. 1=='default',2=='initialization'
  0.0000000000000000 # Attribute 'small_contrib_threshold' of the grid.
  0.5000000000000000 # Attribute 'damping_power' of the grid.
 # binID   n_entries weight   weight_sqr   abs_weight
    19   10   2.150678747020317E-011   1.095159473539070E-021   2.150678747020317E-011
    22   10   3.226440460760321E-011   2.514230536211243E-021   3.226440460760321E-011
  </DiscreteSampler_grid>
