 -0.00000000648561168  0.00000269327735191  0.00002000184635608  0.00005503099071191
  0.00011060212840910  0.00018074709183977  0.00026832965738165  0.00036953585253180
  0.00047780437417800  0.00059447319505350  0.00072189422359348  0.00086250095812988
  0.00101194557596407  0.00116960799925746  0.00133990611644617  0.00152049554272673
  0.00170289590240412  0.00189561650938684  0.00208954019257672  0.00228555748366198
  0.00249061207958326  0.00269652096519950  0.00290118442472295  0.00313142665156731
  0.00335952691588258  0.00357668669441581  0.00378716784943276  0.00401074714535115
  0.00424165044040187  0.00447438887280613  0.00470585826269268  0.00493787039220921
  0.00517289828044207  0.00540710524400954  0.00564158869552221  0.00587967803823255
  0.00611656675726875  0.00635411029053786  0.00658949382305512  0.00683104674274028
  0.00707916580374947  0.00733097799319725  0.00758418051778937  0.00783671465503363
  0.00807677544576801  0.00831726913778563  0.00855815320135708  0.00880669055311017
  0.00905901959577384  0.00931054668540618  0.00955939002194519  0.00980624401874948
  0.01004902829649595  0.01028826999457295  0.01052594502235349  0.01076380617008907
  0.01100489248849001  0.01127433077810414  0.01157162724463471  0.01188400961003623
  0.01220618274623467  0.01254063904490398  0.01293760203276151  0.01340291145848158
  0.01406371314943257  0.01529580081732431  0.01689738329041315  0.01802199821326343
  0.01901964438343710  0.02003086170894022  0.02102293601879689  0.02197975457270101
  0.02292056931416317  0.02384843856269324  0.02480394490347663  0.02581625286194643
  0.02683946982574696  0.02786584924675685  0.02890566054140884  0.02996039152270329
  0.03100896204507009  0.03210419021137294  0.03338221487061525  0.03471810246084069
  0.03608274399585878  0.03750792287229111  0.03902259268365815  0.04068840244246710
  0.04269420393992048  0.04522510665874686  0.04808393939579000  0.05139710580253781
  0.05634504125641995  0.06807638098641501  0.11541715513141304  1.00000000000000000
  0.00969017286268435  0.01550289398982690  0.02457884061790803  0.03462287055188272
  0.04464645894977071  0.05488527307797272  0.06533720264958462  0.07634220808628729
  0.08794991396111171  0.09989124815530169  0.11124326743885786  0.12204127463381101
  0.13226303177225304  0.14206636568334255  0.15201435968957178  0.16199216528992538
  0.17262030042198251  0.18316994763311653  0.19424260239151364  0.20576078935685804
  0.21701440233890260  0.22819486374783746  0.23857471921482637  0.24863195491472073
  0.25851457520972071  0.26843008519763267  0.27840409538281613  0.28824830352604253
  0.29852708694669861  0.30914397369742463  0.32020082703602809  0.33141257636983867
  0.34178400545070226  0.35235659449402706  0.36240206016454235  0.37247371864743534
  0.38278201864473077  0.39292701007777203  0.40287560494913421  0.41295386788755689
  0.42261702731475820  0.43264992420275494  0.44253744500128050  0.45226530658594000
  0.46226698621452506  0.47259268757546552  0.48351367490176089  0.49503165933198701
  0.50573938372089755  0.51586165178875332  0.52607370611849247  0.53675404347964872
  0.54716275531783265  0.55795608519679440  0.56852051598396913  0.57891506875032828
  0.58886754936927743  0.59892606458184361  0.60932724969127805  0.61964096520913536
  0.62980500140719820  0.64022465186727529  0.65002200874388461  0.65973948658900217
  0.66946548083891388  0.67954550043517936  0.68942544940433892  0.69849192708638752
  0.70754861716765927  0.71713118375758067  0.72719313243986605  0.73713312614683668
  0.74670502368028568  0.75656981581911342  0.76665482448603983  0.77654083364875559
  0.78617259243041004  0.79676265069085506  0.80756250845111621  0.81807487940349888
  0.82831589424853869  0.83935220200460547  0.85107688506101120  0.86288459341103185
  0.87444543383938711  0.88490671119024067  0.89516900893477214  0.90557170990054525
  0.91625142931833725  0.92730065455546451  0.93871220416367829  0.95070714212283736
  0.96307258103531135  0.97537566292483224  0.98772006377825028  1.00000000000000000
 -0.00002228497540226  0.00026806488545050  0.00076590222313854  0.00156021504494323
  0.00264312961088271  0.00408808553888132  0.00566400923862463  0.00757907497945477
  0.00978492155150069  0.01230123024035750  0.01488039498263108  0.01757111560829515
  0.02044756276901485  0.02362288378086393  0.02699737435057964  0.03032072955433510
  0.03365041385224488  0.03733001900460810  0.04124526597671048  0.04561615374548360
  0.05024368742896165  0.05520649006085955  0.06022664806470098  0.06516208177248931
  0.07002288655237103  0.07483364563526207  0.07977482691951590  0.08491966821386064
  0.09013561313566787  0.09559695135811638  0.10130825900460914  0.10719023132042524
  0.11340924191579882  0.11962886612778335  0.12586263522568897  0.13230818010542897
  0.13892312448846814  0.14566487885143509  0.15266343891270920  0.15950569338798193
  0.16664529236260509  0.17393713570876088  0.18117790986925547  0.18866789328871697
  0.19642287920258245  0.20458959565469598  0.21305216572860203  0.22162728019628963
  0.23051026911349165  0.23981088125694386  0.24921882168114343  0.25879050599916981
  0.26854816933204889  0.27838057409460421  0.28866086974250038  0.29932510976564169
  0.31064107720454587  0.32234994260722499  0.33413622617335492  0.34603174054239416
  0.35768374063752617  0.36934578282632891  0.38110028884182290  0.39297955274788565
  0.40487148544474388  0.41679304599794847  0.42907336496535980  0.44200162657088504
  0.45499705487402098  0.46822287558644465  0.48238169517051555  0.49711629676722885
  0.51222566687997628  0.52761964421921248  0.54325418895746669  0.55899024921926033
  0.57495134674997095  0.59159521279587335  0.60842938957876480  0.62499461720422345
  0.64137486055897597  0.65808636033960166  0.67532534528650112  0.69280455583759037
  0.71021895892481390  0.72824620738850987  0.74705650630259013  0.76622033765680508
  0.78526898787150323  0.80453196904988722  0.82384288514049808  0.84345716009065108
  0.86330054070995699  0.88204013355659183  0.89614899694686667  1.00000000000000000
 -0.00235704110786250  0.00930957227821616  0.01955347831473646  0.03110626411911000
  0.04224935377278154  0.05489387363117487  0.06705318561104683  0.08037314787411590
  0.09381240377283863  0.10727703137544907  0.12065530882896108  0.13232464262054439
  0.14360485985525917  0.15455431295310290  0.16547667017350165  0.17623126295922883
  0.18629885755431652  0.19646024628931513  0.20657054666424637  0.21601076725758911
  0.22579543430737239  0.23604217250681175  0.24672003497900052  0.25803653433336365
  0.26946674216935407  0.28074009482451506  0.29190053346253514  0.30213183965046747
  0.31272306756215051  0.32313515186794234  0.33304748522620714  0.34324640362646103
  0.35305939098903050  0.36358340625423602  0.37389121939198744  0.38508411943388038
  0.39631166749777119  0.40674350774942220  0.41732180146434300  0.42751552173305668
  0.43754728992742559  0.44748634113574859  0.45768741756867992  0.46847312279400632
  0.47946926305812110  0.49106714576446214  0.50307908512902400  0.51427890248786012
  0.52501784533316420  0.53558672217924719  0.54583176835503189  0.55589414701352302
  0.56556277348782458  0.57543606043293016  0.58495692000454702  0.59417604173551009
  0.60400573052356921  0.61467231084731355  0.62542964099049103  0.63606430484754117
  0.64656028978788593  0.65789841908513924  0.66952787159065663  0.68095700368226908
  0.69133952643474006  0.70064603893555444  0.71008694867232969  0.71965537925789280
  0.72908871621648141  0.73796411362895342  0.74654024308099343  0.75573500371200697
  0.76545453187074897  0.77518687689095966  0.78490767369138681  0.79463920409497879
  0.80491292733256181  0.81500455777929770  0.82474826698987358  0.83441350402858094
  0.84436911651382363  0.85416036695792175  0.86380168062058260  0.87344617501145683
  0.88341890948726143  0.89357027305815329  0.90346991872812377  0.91359936609791514
  0.92457053760415919  0.93627585565408233  0.94817690118848275  0.95941613995098907
  0.96972350794826911  0.97978012439702977  0.98958119271241041  1.00000000000000000
 -0.00244927335940954  0.01003711838190700  0.01995560131421470  0.02999080436491647
  0.04006008070706284  0.05072643888852622  0.06091638001092805  0.07139807961201469
  0.08175488866136578  0.09199393404291682  0.10271746920371713  0.11342728701522743
  0.12465169480301562  0.13515289451333726  0.14551809975391375  0.15588679145425699
  0.16617182804077912  0.17608742671045594  0.18583387784833444  0.19573673618631215
  0.20565682089321533  0.21584532486793798  0.22644982143111933  0.23796863950779831
  0.24925114269856341  0.26006595191378501  0.27017243395967189  0.28165177625926574
  0.29296949549817403  0.30427026948178093  0.31510741893495420  0.32568415344922491
  0.33617637099120878  0.34676180651931227  0.35765449418383327  0.36838135245629122
  0.37875854248297397  0.38874593019889137  0.39888232908895366  0.40890124707910852
  0.41898029679436233  0.42911074194185583  0.43940074311986999  0.45006233886136704
  0.46057135483109213  0.47066862636192325  0.48064674797189050  0.49106379599430217
  0.50146316314085315  0.51198872963909037  0.52201383118664246  0.53177425950585977
  0.54182533035237879  0.55235241574946647  0.56329387151005228  0.57372670338015230
  0.58408120787823736  0.59459294012986585  0.60510353759940472  0.61516243705983775
  0.62489342663176140  0.63441851506052238  0.64418613203154929  0.65444380223847232
  0.66494264572197204  0.67555804564129029  0.68597229890418376  0.69680540250821965
  0.70780150933711761  0.71922735486962841  0.73086350297736125  0.74202282995334756
  0.75300026048564495  0.76270514981464854  0.77261656339648399  0.78298036383558856
  0.79320330054608001  0.80331840818453215  0.81334425367674945  0.82409709053794622
  0.83469755974752535  0.84530517620430767  0.85598905574879602  0.86696589155742876
  0.87799109145627785  0.88909960469599436  0.89994569527111457  0.91014554713299678
  0.92064190652004885  0.93115621227757350  0.94178554514457180  0.95250581606549889
  0.96349278957177398  0.97524662817174534  0.98701833796659022  1.00000000000000000
 -0.00353957022745529  0.01163915094580238  0.02290032183592838  0.03284460021040510
  0.04220305103879840  0.05140724438231712  0.06078102331832298  0.07006390433065261
  0.07906584903013057  0.08816976290052203  0.09747297402155859  0.10686973577475310
  0.11665616618893522  0.12632609462083455  0.13637342874781599  0.14630533977499960
  0.15643337476910146  0.16667611092762008  0.17722274752575670  0.18757453184640710
  0.19743158329659555  0.20722109824154411  0.21663260769968778  0.22592158923547498
  0.23551385605854869  0.24544741746920229  0.25567880084488215  0.26595921203296724
  0.27645549386096158  0.28739728264413711  0.29906264934182730  0.31098219097673635
  0.32228102260021330  0.33300854662142043  0.34380036495038596  0.35458924732606600
  0.36520054349807524  0.37605493569806259  0.38740112194857146  0.39819025512628581
  0.40801891453802214  0.41796697183386528  0.42829163601642389  0.43844600760528674
  0.44833736095452881  0.45847399731299682  0.46896224627750110  0.47954786120263521
  0.49027982550616894  0.50111540180406200  0.51170207020947700  0.52218624413812764
  0.53303698742940275  0.54422768765631957  0.55526530622736425  0.56603994729034801
  0.57654858501387962  0.58722363764495300  0.59836675688549390  0.60896981684808316
  0.61885758648399425  0.62883201016637802  0.63946036038281828  0.65019535667719475
  0.66085555761170223  0.67221197892767426  0.68448001166612726  0.69648967562774289
  0.70812627047527388  0.71914246742152022  0.72993032808814740  0.74097628942539484
  0.75196201333117985  0.76281039895495328  0.77365752074154759  0.78575912298514528
  0.79768060783197914  0.80929505567960636  0.82022229120034296  0.83058654058034520
  0.84071096417313840  0.85087201198306173  0.86090435766673012  0.87123802452417443
  0.88180932014160152  0.89288046256186948  0.90392853040761834  0.91421208515536245
  0.92460701030072101  0.93534402912649983  0.94648211399603943  0.95700410245190803
  0.96719878582384633  0.97746968469557827  0.98855845634831663  1.00000000000000000
 -0.00236119351688237  0.00939823380332926  0.01939132658589096  0.03116684673140888
  0.04251671587720884  0.05326278549456354  0.06391633528790608  0.07407156357980435
  0.08431539032503557  0.09473697586085462  0.10508448993202195  0.11484348530083720
  0.12423835124532030  0.13378913303581308  0.14366478191771237  0.15371300081341654
  0.16358042705431949  0.17335464544711421  0.18309116534426131  0.19290012650034330
  0.20290891209083603  0.21285283974340147  0.22245821799845208  0.23194838124023312
  0.24158520332765104  0.25174267834937986  0.26203647487961124  0.27238369208944807
  0.28294632255859287  0.29356775795353363  0.30407046261661536  0.31461848007451654
  0.32462192710920773  0.33457188273714322  0.34440361817810422  0.35489673854914844
  0.36566506638705726  0.37661805713867469  0.38821467026358353  0.39990693150201534
  0.41138505427793359  0.42245327203093413  0.43316736560667618  0.44383299772624740
  0.45446035135656082  0.46529209341371242  0.47631627693851369  0.48725276886914543
  0.49782973570067235  0.50852744042338827  0.51917759569931954  0.52955593581114158
  0.54015581307589999  0.55105608430403119  0.56185937365256000  0.57246089716552351
  0.58316553307508412  0.59491423397590060  0.60671863187796615  0.61802335354244664
  0.62901504551969822  0.63982033464275367  0.65093064008632351  0.66203466864890115
  0.67296257831059647  0.68366686266231669  0.69420659793793460  0.70474976038875037
  0.71532674189789336  0.72597202456474574  0.73631446378402499  0.74689328565307012
  0.75730452256859671  0.76763559725170905  0.77714913857823720  0.78628168522325881
  0.79544388629516649  0.80469874007299269  0.81457399849152134  0.82495709671991568
  0.83522943691553164  0.84537597809973686  0.85581274691865183  0.86679078601681936
  0.87783126432817804  0.88851721929693372  0.89896311737420020  0.90935311060222768
  0.91982045575866611  0.93050705938569522  0.94159919853087104  0.95364592825531458
  0.96584505305641066  0.97759428055563358  0.98896201023491304  1.00000000000000000
 -0.00245966093501151  0.01043573418663001  0.02080758593996839  0.03104367776043689
  0.04076310084301189  0.05118649378621492  0.06173455759997201  0.07217503557129140
  0.08258768074735633  0.09293815477971393  0.10322820048067348  0.11306951938421866
  0.12281343279270623  0.13256882680819154  0.14255119654137349  0.15276508489516197
  0.16307941463216763  0.17338882036788353  0.18357440254787274  0.19340392009140783
  0.20301091236657817  0.21274585423694059  0.22247674225196842  0.23196790670299497
  0.24135317581897694  0.25103856197235608  0.26159559826454093  0.27256776697391299
  0.28419621244645893  0.29568864827721458  0.30665125778222280  0.31632480987348621
  0.32522925353910365  0.33409833696178665  0.34281564765411177  0.35181833793422118
  0.36112735431607768  0.37047600710848755  0.38011823963297242  0.38948670344695480
  0.39854105479219248  0.40784225235994637  0.41739697058392927  0.42760265326834440
  0.43795909263124333  0.44901167403585501  0.46056978713534957  0.47288285907195643
  0.48521048782920884  0.49723378179409511  0.50838847488362060  0.51923132188272347
  0.52980460914617933  0.54061089020262187  0.55149405618231850  0.56242377018547751
  0.57368794000968837  0.58470010317709786  0.59517534260247040  0.60553684461493273
  0.61631964649945126  0.62785713304399271  0.63959587304757037  0.65147892575613031
  0.66368353845562056  0.67623858561954864  0.68859979586987319  0.70013812060690939
  0.71125837159729777  0.72236950019424839  0.73302769484276198  0.74238324328532468
  0.75219949450992063  0.76201477868928658  0.77193371652621301  0.78190363452710643
  0.79185307395297611  0.80174889708139285  0.81175353850901510  0.82221920542750437
  0.83317167836599160  0.84453508489980267  0.85610674571904832  0.86775505262362873
  0.87929532266271826  0.89073538340020864  0.90206521346296853  0.91325688148484152
  0.92435380798167277  0.93567168645925858  0.94674396416202478  0.95833516359918480
  0.96835653034533509  0.97958548305094473  0.98958336336290065  1.00000000000000000
   3.3195652502882893E-016  -1.0000000000000000     
 F F F F F F F F F F F F F F F F F F F F F F F F F F F F F F F F F F F F F F F F F F F F F F F F F F F F F F F F F F F F F F F F F F F F F F F F F F F F F F F F F F F F F F F F F F F F F F F F F F F F F F F F F F F F F F F F F F F F F F F F F F F F F F F F
  <DiscreteSampler_grid>
  grouped_processes
  1 # 1 for a reference and 2 for a running grid.
  10 # Attribute 'min_bin_probing_points' of the grid.
  1 # Attribute 'grid_mode' of the grid. 1=='default',2=='initialization'
  0.0000000000000000 # Attribute 'small_contrib_threshold' of the grid.
  0.5000000000000000 # Attribute 'damping_power' of the grid.
 # binID   n_entries weight   weight_sqr   abs_weight
    25   10   9.671869771553228E-013   2.864558228031870E-024   9.671869771553228E-013
    28   10   8.544463228584007E-013   2.110324553311970E-024   8.544463228584007E-013
  </DiscreteSampler_grid>
