 -0.00000000297893586  0.00000196432554852  0.00001442368917017  0.00003917388419698
  0.00007757828597239  0.00012801525417262  0.00019082589122945  0.00026188837640811
  0.00033942273908424  0.00042168963548682  0.00051165743125883  0.00061125055734676
  0.00071887513427347  0.00082840781676539  0.00094550028051024  0.00107054694492033
  0.00119888858185652  0.00133240113642711  0.00146695837247065  0.00160569970568646
  0.00174825411631621  0.00188895190774705  0.00203259003036848  0.00218638236569440
  0.00234665167887780  0.00251269951110204  0.00267391539549105  0.00285173867462559
  0.00302508013309552  0.00319477318357149  0.00336241846785438  0.00353258113969770
  0.00371447082526370  0.00390484290022028  0.00409562946595297  0.00428352872794862
  0.00446627333023046  0.00464751893827141  0.00483236482297495  0.00502486252842078
  0.00522159078312512  0.00542120016319372  0.00562146318530585  0.00581961697572749
  0.00601438375765221  0.00620783247012392  0.00640056304049449  0.00659867658134406
  0.00679900191127404  0.00700058433153328  0.00720222737397599  0.00740211018147930
  0.00759853041639650  0.00779549754105489  0.00798873537860625  0.00817937371633830
  0.00837241419188179  0.00857003864321970  0.00876624171344784  0.00896359552955619
  0.00915236126367895  0.00933408212840374  0.00951124201680548  0.00969222395437326
  0.00987724841218613  0.01006850452439675  0.01026818069784895  0.01047044831416602
  0.01067573506136453  0.01088602904889766  0.01110012898701234  0.01131990549339521
  0.01157186667954002  0.01183633955328965  0.01211123966975718  0.01239340667443996
  0.01267702435405408  0.01296532037703055  0.01325579835509389  0.01355541828974199
  0.01386529291528345  0.01419208356630737  0.01454678025003446  0.01492223343941930
  0.01552478455214061  0.01613590463389643  0.01679538425145775  0.01753043783753204
  0.01831251036185666  0.01925939800047113  0.02057579062511150  0.02241391533010814
  0.02484965704253177  0.03261503277418643  0.05037381053380141  1.00000000000000000
  0.00961764819074833  0.01586658909848718  0.02486215767093879  0.03536694052595985
  0.04527928983403074  0.05501183988309877  0.06521273206699965  0.07577200519230141
  0.08633982002888987  0.09732109507052829  0.10841367441743639  0.11902260706762866
  0.12909993351086888  0.13906296147269190  0.14906709161178214  0.15885383923633956
  0.16886650864892047  0.17980693011687210  0.19102667940525131  0.20233613526450703
  0.21354670261222011  0.22471783116033447  0.23506419637486295  0.24530921855926341
  0.25593204693311955  0.26688031307187993  0.27791351077938753  0.28897896955836999
  0.30027845598479030  0.31113942299382058  0.32145629280352694  0.33148509958643607
  0.34140468901647125  0.35167153916958332  0.36252427017575628  0.37387947102704577
  0.38546196990610360  0.39680417892585412  0.40807861088258063  0.41954775773274716
  0.43127629270913242  0.44328183946127181  0.45544691051061476  0.46752494385927573
  0.47951713488307418  0.49171143051328781  0.50330024590067735  0.51529832596076708
  0.52731383346616489  0.54002969239380749  0.54923743744814491  0.55798768795516196
  0.56709289594370182  0.57678958294205585  0.58612418344427286  0.59466491341501793
  0.60295897637621432  0.61265427496175484  0.62287255140396980  0.63260731328206599
  0.64253759428829282  0.65326195672255682  0.66435358555509338  0.67595543385573720
  0.68713434878292856  0.69778261810395670  0.70800679817235912  0.71911209388961950
  0.72992388837404709  0.74072717889339512  0.75132008704098907  0.76166397334741232
  0.77139451413930882  0.78055674530704100  0.78978553030092757  0.79925683499795430
  0.80919045100750209  0.81938310115378055  0.82961132679427863  0.83998328398886934
  0.85094639185765020  0.86155413217151078  0.87159487613575959  0.88103582092117305
  0.89047864352407169  0.90010829955047100  0.90997297897890062  0.91992570838693011
  0.92940899284650380  0.93867418806646086  0.94865478088772981  0.95851604982955996
  0.96870691407791187  0.97908032553113544  0.98947752875555794  1.00000000000000000
 -0.00227552572036787  0.00884552679613178  0.01871267264488661  0.02960017845050026
  0.04101548412221077  0.05168306235251510  0.06173835892462939  0.07321202117188752
  0.08448571622407826  0.09574995670598202  0.10670248766191526  0.11810661766131285
  0.12942579333982560  0.14065456672793497  0.15167887616330700  0.16226903929315445
  0.17323803311725258  0.18473248968592315  0.19542903077451781  0.20616743429171022
  0.21706419205892027  0.22812300780487071  0.23841010327428805  0.24862126954933964
  0.25885165646613756  0.26917650556557615  0.27950996155526203  0.28995486419339672
  0.30042186433729051  0.31054426545750308  0.32063856627018211  0.33081072588699728
  0.34150060486922018  0.35219785222025668  0.36265867935436463  0.37318414021125257
  0.38397687623273036  0.39560350821587020  0.40806842661533982  0.42044663861880321
  0.43186347764403377  0.44220428264996314  0.45205583635033714  0.46174645231712180
  0.47118846428194971  0.48061872354976726  0.48999125011897882  0.49950655038912573
  0.50920437141398933  0.51906610258001062  0.52914182124414677  0.53958923133359193
  0.55023096585242004  0.56065237748107077  0.57104900217459531  0.58135274669259596
  0.59182581044437610  0.60173571344040155  0.61121026612957341  0.62042317197833541
  0.63023921801677429  0.64058827735157009  0.65214340054488074  0.66359210733211405
  0.67467379976700814  0.68539383721256053  0.69607786153456896  0.70664121541006020
  0.71717856112204492  0.72759572452185139  0.73800378712130243  0.74885835607476048
  0.75929309871835449  0.77049386334805303  0.78169064158829582  0.79359893455992569
  0.80233579690623236  0.81142371486913789  0.82080817584072097  0.83067468661359289
  0.84052600842278691  0.85007484343411566  0.86101919410486349  0.87343503355318075
  0.88360968777852988  0.89367797207893795  0.90380364877950670  0.91465672736074077
  0.92546319489262896  0.93631022961952148  0.94675148272172494  0.95735796789782046
  0.96807220788927040  0.97911023413558673  0.98977899756967092  1.00000000000000000
 -0.00281477998263648  0.00974034052151590  0.02064342698337171  0.03150520249321691
  0.04311615216581605  0.05465633591830776  0.06551376401680199  0.07567632169555152
  0.08611741260224674  0.09662346917736246  0.10728035315633132  0.11784727896310844
  0.12820402036824591  0.13812602982823910  0.14800577494209402  0.15765751826198290
  0.16681923578324404  0.17603298174811180  0.18513464029669643  0.19470237899484202
  0.20457974120549627  0.21459905573981655  0.22486408532046712  0.23508926204439112
  0.24504969601807056  0.25499831798163530  0.26533354435655093  0.27588974018494766
  0.28650962101946187  0.29713272814845432  0.30756248053100815  0.31786243203420250
  0.32865186054621670  0.34012276679032377  0.35170391864329087  0.36305427337704455
  0.37483630578352539  0.38753701769111060  0.40039560326040774  0.41261777295905661
  0.42392763969291264  0.43449572057870561  0.44500145793905366  0.45547937878043271
  0.46558136562201141  0.47562791658669124  0.48625724275642063  0.49806366605077546
  0.51003947394926619  0.52182956619977228  0.53481515977680028  0.54655346187475562
  0.55773830424443827  0.56868100168033231  0.57907617957074942  0.58913534498174813
  0.59891616047346907  0.60923652053779309  0.62023563789502401  0.63084692045745805
  0.64120765823948112  0.65138637960063694  0.66176633868951085  0.67235952933393683
  0.68313775399687493  0.69407775380470671  0.70645090023061774  0.71529875347184624
  0.72447783722739412  0.73378381915774982  0.74308863151521887  0.75219391519235668
  0.76093920409952109  0.77002080149780450  0.78031115910112514  0.79106002027692901
  0.80150105649881342  0.81208142539511374  0.82293546079358815  0.83384506884951892
  0.84455233401626750  0.85563632271290069  0.86717320453279811  0.87831260995684657
  0.88853309097303501  0.89885691859291372  0.90922124147044281  0.91971153506674386
  0.93019209656419444  0.94076474626247086  0.95161273307741023  0.96192800904774645
  0.97184034331992530  0.98127710202466090  0.99052654051046729  1.00000000000000000
 -0.00203798824324358  0.00815300914150511  0.01735509592276082  0.02731941685739815
  0.03789094840689061  0.04883344003806114  0.06007506971489148  0.07068407435156265
  0.08105841698352932  0.09124740375088146  0.10097586241235018  0.11043761401988972
  0.11958362716926786  0.12953387585482595  0.14062251623273592  0.15148023633537780
  0.16235751216422023  0.17280853551484496  0.18378565492907134  0.19453421431042775
  0.20482711016828817  0.21486061134386791  0.22481924333787209  0.23556294764899571
  0.24627948383928358  0.25654141246464612  0.26652909634580402  0.27598730239025154
  0.28502371515651753  0.29405689336184337  0.30322969397583549  0.31283623950082395
  0.32278429728114100  0.33330732794151718  0.34463521520156709  0.35614471987577206
  0.36730555207328602  0.37811620562257092  0.38831357936363836  0.39845507954537174
  0.40866922878022138  0.41866771571448957  0.42839706322900001  0.43883139222090572
  0.45008009484246114  0.46129489008549834  0.47209175466407582  0.48346642275193591
  0.49528532604468872  0.50649135071810802  0.51703856642099366  0.52781486902348329
  0.53911307235389028  0.55072286267101511  0.56203488119286715  0.57327356405521523
  0.58463940000009063  0.59627220864982133  0.60794714276668016  0.61914198574724533
  0.63061761123053084  0.64260763001209353  0.65490319937514785  0.66722757848190484
  0.67927858270788188  0.69090499249801773  0.70210814699956492  0.71313697270947074
  0.72369275306663161  0.73372319606524705  0.74379838872227166  0.75425783917748501
  0.76525854264589255  0.77568708835164313  0.78507998155093139  0.79383494441737545
  0.80215072289139500  0.81080276195051215  0.81999076529168025  0.82915930785469216
  0.83896314091296209  0.84989778004701610  0.86167854460439963  0.87393930862036662
  0.88553720335037411  0.89700471245608271  0.90878385899838776  0.92030739733714284
  0.93140046915625252  0.94201645293669045  0.95236975557729198  0.96211869889086588
  0.97146440353837638  0.98113186977113787  0.99064355109530722  1.00000000000000000
 -0.00245032422536563  0.00955469861212988  0.01931503034288450  0.02981793364551267
  0.04021204993122787  0.05061038573139155  0.06146141113963011  0.07256297736011030
  0.08367016468704874  0.09383173041594374  0.10411468412641595  0.11473638757800642
  0.12514555901852606  0.13470013074400744  0.14423052838107883  0.15395776539225287
  0.16332686365167309  0.17271698125963811  0.18243809982472206  0.19247352746392202
  0.20261167349303649  0.21261629325068357  0.22269453009047030  0.23277033810361972
  0.24270230516879937  0.25292602323933244  0.26385187922035275  0.27462399070118454
  0.28469622021300772  0.29447205807768506  0.30438730179124257  0.31442404519927009
  0.32418612296932092  0.33390152267968148  0.34420190742332957  0.35522223954748089
  0.36675108050255772  0.37755943963172467  0.38716943838031931  0.39674515326625548
  0.40638476568411830  0.41572090306667986  0.42525730178663979  0.43399745839120707
  0.44486850592444738  0.45622566356613548  0.46827481933069948  0.48026443994705281
  0.49233867847789786  0.50459314948639356  0.51690437040793247  0.52960987392323544
  0.54260861991574794  0.55545124825780301  0.56719356751194516  0.57766505111952005
  0.58772497172751836  0.59781564536205278  0.60791820753833370  0.61813514426865934
  0.62910266427337846  0.64130930425081567  0.65375172836378537  0.66566767025978690
  0.67795656691453043  0.69030156935360520  0.70084240858012581  0.71126932825776468
  0.72178570705636746  0.73201157887008472  0.74219639621274947  0.75241150881643071
  0.76294798923983875  0.77303874850564924  0.78267890110989835  0.79216720550714326
  0.80130757205884817  0.81039387734635526  0.82004133027570014  0.82950834679225482
  0.83942679826626043  0.84955137129872960  0.86111430336834482  0.87285902207367760
  0.88465646700363609  0.89589108004861828  0.90692992730041722  0.91811541506845318
  0.92961427857077661  0.94013709088814856  0.94990696463412794  0.95917603290885090
  0.96867758725012165  0.97877508826320658  0.98953819469811011  1.00000000000000000
 -0.00191956176323419  0.00593266810464890  0.01306260397520926  0.02005488031708748
  0.02695177564830624  0.03370680710482887  0.04037335593687034  0.04708151520214545
  0.05397029824171232  0.06114119004783054  0.06792925695647553  0.07477006895042133
  0.08188011898733269  0.08911164289749637  0.09667412697694409  0.10465660560431393
  0.11270390673426298  0.12057409249061708  0.12843844584444780  0.13663091654555359
  0.14505589057830709  0.15330755750812045  0.16164474293110670  0.17038721922437616
  0.17941915133017913  0.18882457844540235  0.19871785821173610  0.20949156275652037
  0.22133066969024942  0.23354053821459858  0.24569406949505043  0.25789278849612585
  0.26995773161248654  0.28211516756070887  0.29434214452144253  0.30664575630408863
  0.31952878576731192  0.33325494748935036  0.34784391184595359  0.36330880578843072
  0.37854859898876458  0.39411810550813392  0.41061404573249327  0.42798190266374669
  0.44613872823016254  0.46421693292653166  0.48198357094659972  0.50029244447820209
  0.51931678148988447  0.53881712452772401  0.55735760893087538  0.57504555723627504
  0.59183086340141777  0.60791866207122436  0.62383914829727871  0.63885554647462961
  0.65415418155066651  0.66959580377498606  0.68412562265261623  0.69933871047197693
  0.71339980400076353  0.72606651686695300  0.73849042033472112  0.75125623532111752
  0.76296850942253613  0.77423067637737608  0.78455794580757210  0.79485476603875749
  0.80466047788790362  0.81449531129940189  0.82380441310894315  0.83299934341891035
  0.84201566348396140  0.85118009652028193  0.86011284796657539  0.86853140121627437
  0.87677437230934008  0.88519433279689408  0.89340059722615850  0.90131656093859081
  0.90901258921073314  0.91656171274407194  0.92404971620622889  0.93147994379665189
  0.93812101612575682  0.94388710066696468  0.94966647889986378  0.95563712032634796
  0.96156442968863054  0.96732235913759268  0.97295130535538377  0.97848443150371556
  0.98384899291459582  0.98915114114302349  0.99459652667671516  1.00000000000000000
 -0.00281070327825184  0.00996241643681025  0.02077802871459010  0.03139836371404359
  0.04180361629136382  0.05206925653080713  0.06263239634705957  0.07316786295930497
  0.08326572599624506  0.09253812908719258  0.10150228797953022  0.11084041293153375
  0.12028112251408794  0.12996208446819521  0.14023553850265782  0.15093205732770681
  0.16152697855212633  0.17191003596395188  0.18242197900714494  0.19310175912689412
  0.20387228254074310  0.21438375877256355  0.22480218338033095  0.23550996657527137
  0.24655447151703289  0.25783709333644994  0.26925795010554043  0.28117545799379190
  0.29328537611992417  0.30543827713747335  0.31775390722122360  0.33020245378159990
  0.34213119009915216  0.35367127382643337  0.36493914845690284  0.37653688268915586
  0.38824657607610463  0.39927486926003708  0.40956830863485283  0.42027183032323234
  0.43133580045151731  0.44235196923295961  0.45286715664044441  0.46370230508927057
  0.47481876857466182  0.48583023800632991  0.49684044959048329  0.50726827778565498
  0.51717486548026603  0.52712376397638327  0.53723454899271028  0.54773008640751697
  0.55868167707460081  0.56942167260504872  0.57981968236565873  0.58992954348910187
  0.60005698018352616  0.61001372700447321  0.61973427775889367  0.63011702748371912
  0.64113171313517547  0.65212949038000212  0.66266431460980824  0.67295440994523825
  0.68339038567363108  0.69432431473120748  0.70577340272887923  0.71747751249310432
  0.72892890981803438  0.73962190766018898  0.74977776471247271  0.75994053243463311
  0.77029132086485907  0.78065602307135551  0.79108614990217885  0.80212750862649917
  0.81360896582776809  0.82524442953849086  0.83634909219866027  0.84640000310858166
  0.85598839801750237  0.86551966050381712  0.87477178948124834  0.88374258664080441
  0.89218972716757783  0.90217713553537215  0.91286971134824357  0.92298146747840004
  0.93271606266539020  0.94240745121031844  0.95241746713641540  0.96198529164446733
  0.97119127223174873  0.98048110997202820  0.99025281791017006  1.00000000000000000
   3.2532342068839261E-014  -1.0000000000000000     
 F F F F F F F F F F F F F F F F F F F F F F F F F F F F F F F F F F F F F F F F F F F F F F F F F F F F F F F F F F F F F F F F F F F F F F F F F F F F F F F F F F F F F F F F F F F F F F F F F F F F F F F F F F F F F F F F F F F F F F F F F F F F F F F F
  <DiscreteSampler_grid>
  grouped_processes
  1 # 1 for a reference and 2 for a running grid.
  10 # Attribute 'min_bin_probing_points' of the grid.
  1 # Attribute 'grid_mode' of the grid. 1=='default',2=='initialization'
  0.0000000000000000 # Attribute 'small_contrib_threshold' of the grid.
  0.5000000000000000 # Attribute 'damping_power' of the grid.
 # binID   n_entries weight   weight_sqr   abs_weight
    19   10   4.716597734089594E-009   5.988549493308272E-017   4.716597734089594E-009
    25   10   4.479871738500877E-009   5.611056072109700E-017   4.479871738500877E-009
    37   10   4.518561752033901E-009   5.206889598198221E-017   4.518561752033901E-009
    43   10   9.442767906213497E-009   3.308034778358212E-016   9.442767906213497E-009
  </DiscreteSampler_grid>
