 -0.00000000575933594  0.00000269326503896  0.00001777656164276  0.00004704729045077
  0.00009686504992755  0.00016088538404794  0.00023967004206966  0.00032613565153555
  0.00042750256860396  0.00053569178669439  0.00064961474735425  0.00076449388264265
  0.00088120176328467  0.00099579805214874  0.00112501659322641  0.00127408325087169
  0.00143213485375218  0.00159526990195967  0.00176788813436898  0.00195316299284115
  0.00213662142953121  0.00232253664006449  0.00252038649175383  0.00271356918076578
  0.00290195279950760  0.00309884236381779  0.00330964590221382  0.00352460977571055
  0.00373943809573194  0.00397199485297784  0.00420551167227831  0.00445212579042772
  0.00466386166512438  0.00488145753850978  0.00509621689544087  0.00532932507365625
  0.00557122776640527  0.00581467862854138  0.00607391460381605  0.00635565922128068
  0.00664211580993156  0.00691473953640022  0.00716435369502279  0.00738320722341854
  0.00759565019192008  0.00780971948851938  0.00802992590580369  0.00825454563894992
  0.00849659870600149  0.00875311763986297  0.00900527394370407  0.00924718759225228
  0.00948113723298549  0.00970635044632847  0.00992618758078126  0.01014510354014627
  0.01035546775623598  0.01056310792537071  0.01078410233457168  0.01103232087711505
  0.01129538373778921  0.01156299349876083  0.01183015735387152  0.01211014820415525
  0.01243389116885004  0.01279045536997537  0.01316909181011047  0.01368194252446015
  0.01462326523112992  0.01626380035618032  0.01753203187591924  0.01864641393416770
  0.01986251497711280  0.02113986075474866  0.02241282214113478  0.02367723759412236
  0.02490564430381137  0.02614521224620356  0.02739014119427473  0.02861101275575953
  0.02992258040799857  0.03128579870144051  0.03273897252536440  0.03431143983007909
  0.03600168457398689  0.03764307611660570  0.03950262753350135  0.04151653319729551
  0.04397587249020513  0.04681422317391205  0.05002754693522694  0.05395702189902171
  0.05929356503376562  0.07006042213580567  0.11502779173935254  1.00000000000000000
  0.00878202869140594  0.01984460523253530  0.03578668242472979  0.05002858948438547
  0.06324715283806803  0.07499385192852495  0.08450418680106418  0.09308197179051947
  0.10248101948778301  0.11326177841535422  0.12446851048555085  0.13538675200595823
  0.14655934149175595  0.15782575373140259  0.16894873303209831  0.17967888532845441
  0.19012778123845153  0.20038713253060347  0.21083713452897992  0.22036875427579664
  0.23029030516554461  0.24085029729958862  0.25071516877283834  0.25935272139396254
  0.26850055435345410  0.27863007815379609  0.28834285716272784  0.29803655649190314
  0.30750574312826345  0.31659397639001374  0.32533503266972086  0.33394637428867258
  0.34284845736099240  0.35233970058074909  0.36239191228231799  0.37283084561715785
  0.38436810106697833  0.39739028444139612  0.41088464842016226  0.42295692300013132
  0.43483034479185012  0.44691371654573686  0.45924957624207630  0.47027342691764340
  0.48100884815823930  0.49183084167150365  0.50328489250927588  0.51535310752628871
  0.52740756959491930  0.53846491027613930  0.54748670314669545  0.55631407270463351
  0.56549655174809021  0.57557644352503157  0.58602486521976138  0.59488565919320124
  0.60391801482733554  0.61395693680934649  0.62449411682456057  0.63462578771302913
  0.64401839478916389  0.65382304793218704  0.66458923210942544  0.67548938738740583
  0.68627657545362775  0.69759923222413867  0.70919438768713450  0.72104450016616606
  0.73278157834359736  0.74490344870078640  0.75650644433396763  0.76790147733026182
  0.77921321772957786  0.79068207091235276  0.80123238477092218  0.81213221416594283
  0.82374081000081845  0.83415099709819973  0.84351828239203386  0.85142348678155999
  0.86019190346982599  0.86910869018335102  0.87787845757685490  0.88737552909949469
  0.89756550819141490  0.90877574181918364  0.91909240353070476  0.92756977908064220
  0.93677849738205798  0.94613175816710848  0.95498868132605375  0.96357889495235705
  0.97189669853153116  0.98107889999465536  0.99135251567160754  1.00000000000000000
 -0.00222463632340401  0.00995500346732916  0.01867745518578486  0.02811574709427439
  0.03725318057435073  0.04562752736161898  0.05324751776413778  0.06077537600204999
  0.06924149089998267  0.07804475257168021  0.08654576347226874  0.09513471621305210
  0.10330648605069309  0.11150571529824058  0.11908835551505961  0.12768508169296144
  0.13788050194560694  0.14848498085715228  0.15763052773970532  0.16725670832135800
  0.17697326454923976  0.18716447011154158  0.19705619936076110  0.20750679246336665
  0.21885854247854097  0.23146390947535586  0.24485962117790280  0.25492049499863650
  0.26209143045642219  0.26868760125660657  0.27501713564663027  0.28154132611115834
  0.28897849407204118  0.29614572538523121  0.30326011904688138  0.31055672029404008
  0.31851308757215513  0.32544832962971776  0.33202807260205963  0.33821733525340203
  0.34545157061854775  0.35255525754056360  0.36069281855528601  0.36867562604516785
  0.37678640849591777  0.38632745619638237  0.39636194034195987  0.40699063693125276
  0.41799569801638969  0.42882945244103199  0.43965178002204491  0.44931187562748154
  0.45852189805072208  0.46728141558867692  0.47637423778114368  0.48491788949219766
  0.49262585009215343  0.50056250695590043  0.50875916813117406  0.51777072718164074
  0.52725058933784186  0.53732444738860796  0.54886248342113408  0.56199112803246121
  0.57470604761679100  0.58725712069811575  0.60035283533216310  0.61337504967627621
  0.62596834494515363  0.63899038667652697  0.65299266135293144  0.66829282294404846
  0.68481486517776702  0.69957945433729640  0.71477068981141800  0.72739206740879725
  0.74065777120487253  0.75526785302535859  0.76841406544247703  0.78228871713507508
  0.79784947910925785  0.81391645404733970  0.82864537058599996  0.84120452954018443
  0.85246924574832472  0.86393611227031009  0.87633846460538700  0.88896408004283434
  0.90199630516686957  0.91565972100094017  0.93053669850122367  0.94469770622020133
  0.95802370809731352  0.97090950560597578  0.98483612965755041  1.00000000000000000
 -0.00342937489409930  0.01150502470603158  0.02322854865714365  0.03411933372558002
  0.04447334043606400  0.05453013937788424  0.06527885710874270  0.07638379885346525
  0.08781102363360424  0.09957390645024621  0.11097021049514862  0.12176805464576278
  0.13219456508967650  0.14237794488206504  0.15428290085329810  0.16580032064534864
  0.17601897204593359  0.18503477212325622  0.19502687598476529  0.20561643089930193
  0.21582156348271239  0.22630522010645476  0.23865118889247292  0.25209044584827778
  0.26411685565829884  0.27542081155699311  0.28602344180901373  0.29653333585091096
  0.30733187117616362  0.31780734561118040  0.32773969871167807  0.33615715384377870
  0.34419964982437601  0.35244900178650990  0.36203773151998314  0.37322261568470927
  0.38492317220526551  0.39602989751290996  0.40633379116587698  0.41853073860047357
  0.43531166968466578  0.44882498613028204  0.46042334290612957  0.47073898790952051
  0.48099483625731321  0.49074411746221536  0.50216763440909251  0.51470011247576619
  0.52595911968363762  0.53627819813524125  0.54715505066002279  0.55984945854594692
  0.57263668062465778  0.58471234567733710  0.59709695698064924  0.61016756914560688
  0.62262397219260246  0.63382838017741716  0.64441256394249102  0.65574124610283535
  0.66846923352677878  0.68014747059913883  0.69108792327635848  0.70205798374649564
  0.71289552030681225  0.72458530420600886  0.73404392311518118  0.74118245062363208
  0.74814196593762194  0.75480998874163729  0.76169914001153061  0.76828733418563167
  0.77621664690692582  0.78375495271091344  0.79089802824953837  0.80296083075059443
  0.81595906498616400  0.82931469373808286  0.83930713132897394  0.84734971670433523
  0.85564012951714108  0.86435596733909226  0.87352774370021702  0.88239341301554197
  0.89081187582133647  0.89879704841589547  0.90725875608087803  0.91481330683392348
  0.92263004301829987  0.93123542072238474  0.94091463163352540  0.95056379786085032
  0.96227429158646915  0.97428681839369047  0.98701273586969862  1.00000000000000000
 -0.00257342633394923  0.00622871590445321  0.01623392024363176  0.02706523013934894
  0.03812140190189633  0.04781440865635377  0.05805536089408767  0.06827022555402001
  0.07785604943745178  0.08762036222705077  0.09781203891617642  0.10856916433228370
  0.12083138937727503  0.13644232270655077  0.15348584022812381  0.16814551474194009
  0.18013171766140615  0.19142864462160081  0.20295897247787614  0.21468497762866109
  0.22663249077640019  0.23896727037692339  0.25143977132082351  0.26354853733055233
  0.27587920787069231  0.28709444135589673  0.29618938961108437  0.30371015860376310
  0.31154930808749659  0.31985674219464372  0.32842867096210132  0.33692061839818788
  0.34591857015706312  0.35421165083916001  0.36288238820120167  0.37152614549507579
  0.38148274638692919  0.39175106028613216  0.40176187146115294  0.41154199121462109
  0.42268319017618455  0.43556864746157048  0.44800626762998863  0.46031608808088065
  0.47104821405642633  0.48156646314116586  0.48986983546384766  0.49782381457709290
  0.50548535118999283  0.51393581830043833  0.52301658579818988  0.53205481779270669
  0.54086039346875769  0.54913575264681069  0.55853083070477938  0.56857589287889498
  0.57940786719509751  0.59128431266737436  0.60392419528918284  0.61724892487302951
  0.62822702028549438  0.63955211627189901  0.65113962979961326  0.66311196295749031
  0.67468827861400760  0.68501441071723224  0.69437348494502205  0.70328115138247005
  0.71256334895284357  0.72230612333530120  0.73380659035666096  0.74633213509170682
  0.75766765865475905  0.76726427611873005  0.77687762046084230  0.78668580866409199
  0.79646578405261670  0.80708764498719743  0.82089563041804903  0.83509029805044432
  0.84737031642798055  0.85842872456736941  0.86925675883777120  0.88067133337708381
  0.89235634948964382  0.90237772597690458  0.91094683160612255  0.91975954419583617
  0.92995270616993964  0.94290888673434459  0.95523661631327295  0.96552074268047805
  0.97439376225622487  0.98239570840335932  0.99062714313754952  1.00000000000000000
 -0.00170838243673809  0.00718408760384347  0.01622296362927756  0.02514756492065155
  0.03465943285007070  0.04412843114116263  0.05450811598817807  0.06435665507679114
  0.07316627164011834  0.08260297672901104  0.09345749967672728  0.10536748102196841
  0.11635816211252854  0.12698089782071320  0.13712151127222363  0.14851847478256047
  0.15910577629949094  0.16891317038186629  0.17777340531118829  0.18648717570376303
  0.19655039734152649  0.20735793100588229  0.21767702903234054  0.22717351655003754
  0.23944031982296096  0.25079210745013264  0.26038914471225627  0.26888028601285957
  0.27772272050232139  0.28650535805564409  0.29582989875276783  0.30528120680140169
  0.31341393446538002  0.32275629773191217  0.33248655906174329  0.34395247101043580
  0.35573131018693394  0.36568010479800439  0.37671295578441216  0.38843667461284087
  0.40238853133226005  0.41567642416048306  0.42783553004355773  0.43996744435886104
  0.45176459305812205  0.46200875479416909  0.47166962445572003  0.48190544439899491
  0.49044713175930732  0.49899624848604768  0.50687644485269123  0.51537221494773788
  0.52408074764021551  0.53366391441379202  0.54351708160901524  0.55379312958060223
  0.56403720744561203  0.57474391768219879  0.58602883289601859  0.59687255440124432
  0.60902082222165954  0.62077227451057537  0.63194105738994211  0.64302098957828624
  0.65466575671717109  0.66625209165877064  0.67595231152901292  0.68518592936006639
  0.69586192270299974  0.70590786262478777  0.71634686869164999  0.72626763185089960
  0.73659418201830651  0.74785813901973486  0.75943165521303369  0.77118738765654582
  0.78319207453025008  0.79545428069909163  0.80787831126476717  0.81918495295690485
  0.82950786063883364  0.83943831417242132  0.84935221891706514  0.85929723729998442
  0.86888070312220045  0.87862493589199053  0.88907014245818872  0.90146821973345193
  0.91357584079434950  0.92460364117842964  0.93527445602510217  0.94731651200289579
  0.95987357645337412  0.97213320057667829  0.98579937290003661  1.00000000000000000
 -0.00125921909769631  0.00434861488152418  0.00916384892275206  0.01393970726393955
  0.01844704439774554  0.02357957426142445  0.02955295062685483  0.03616469577957866
  0.04245268175971053  0.04792996608182379  0.05320544668324154  0.05860958087241791
  0.06489251825592766  0.07365348056116373  0.08182497874712402  0.08946797858651549
  0.09685813982858316  0.10407047382023120  0.11096068851997508  0.11855860060273191
  0.12738572883315130  0.13710684083308525  0.14726518338840125  0.15806905355876852
  0.16884772614994634  0.17942783844200771  0.18969217130331900  0.19996258830221536
  0.21073291695443883  0.22269349313350892  0.23616001192587521  0.25021163017555303
  0.26351183490418045  0.27597736890011099  0.28805802303344219  0.30004443674117526
  0.31251460651461416  0.32574309972009596  0.34079942808914865  0.35631923257458126
  0.37158179973568006  0.38660714563161358  0.40082369630141540  0.41524253802614419
  0.43004323179347259  0.44575146036491925  0.46357923322340822  0.48349236531940376
  0.50329483505628658  0.52202409087813428  0.54243933723246873  0.56086721480254298
  0.57759716035601427  0.59343309453960802  0.60976854227709520  0.62599493962206976
  0.64001181604649060  0.65244958283906929  0.66465173117095011  0.67592716733594960
  0.68651258851971286  0.69862560105820570  0.71094212190585937  0.72233347573836981
  0.73402374821393424  0.74474428913106616  0.75403739385667201  0.76256858125460003
  0.77089608122339337  0.77951137749885513  0.78888057475146689  0.79881877516894240
  0.80782617521027622  0.81659633879169069  0.82532446298456474  0.83426239264937041
  0.84327172007863826  0.85195743899069842  0.86308981893541592  0.87686290392696287
  0.88898841591936006  0.89827145152919052  0.90573267030631976  0.91312503336758388
  0.92027848735750017  0.92699819601275901  0.93368970205678004  0.94108964840998710
  0.94928915661638635  0.95636232610894290  0.96316435017555291  0.97076487145960655
  0.97815701871479510  0.98509772584563660  0.99217964596127628  1.00000000000000000
 -0.00254712193769706  0.01079020662731029  0.02180116131320379  0.02963378497459263
  0.03745868104187920  0.04558661904417143  0.05462701079217835  0.06600349324161929
  0.07829405073352308  0.09044157479415675  0.10313515165491395  0.11680868366551553
  0.12925912940529322  0.14030213495406477  0.15052889689709539  0.16057186556054520
  0.17011811434389040  0.17886660057008047  0.18731637561343140  0.19628737272488664
  0.20549169270783404  0.21684111046089322  0.22858266534201502  0.24020078064100905
  0.25131183130317220  0.26368444400974650  0.27635872596323807  0.28875958637543969
  0.30116283246405162  0.31642330989479744  0.33155480407338112  0.34520231310939953
  0.35921803139332881  0.37227553963246984  0.38337215778097605  0.39341412665928943
  0.40248441398424573  0.41105977136627825  0.41954346080338373  0.42751549104792058
  0.43536470837530661  0.44384062176320055  0.45336583034473249  0.46334597327349369
  0.47269839128651719  0.48271481533873234  0.49392793294042481  0.50625914689849472
  0.51908226652530065  0.53148578089785814  0.54431947682373061  0.55732745613927948
  0.56779006922185649  0.57645603248507604  0.58577698626260177  0.59535310878562131
  0.60411796989429400  0.61333151730433733  0.62148818510622139  0.63077764685548066
  0.64094017117294166  0.65121365158887057  0.66198897890352659  0.67340033926880050
  0.68609049353988638  0.69804211642056513  0.70888631256223911  0.71772976090915597
  0.72687434764139225  0.73631545664084141  0.74581529354896947  0.75528352245560260
  0.76464392306689721  0.77382999918402484  0.78398990030023918  0.79428167880575895
  0.80492758801316733  0.81545127336098611  0.82496142448425203  0.83461166264834685
  0.84450909009507302  0.85467260001162593  0.86554894849642028  0.87653007283060336
  0.88730846791243212  0.89791509242142153  0.90804802087984593  0.91743879553087015
  0.92650061239535664  0.93587673217720635  0.94548959883329209  0.95667691463054172
  0.96828084498365063  0.97973534062440881  0.99050561947805571  1.00000000000000000
   1.8080078786246064E-014  -1.0000000000000000     
 F F F F F F F F F F F F F F F F F F F F F F F F F F F F F F F F F F F F F F F F F F F F F F F F F F F F F F F F F F F F F F F F F F F F F F F F F F F F F F F F F F F F F F F F F F F F F F F F F F F F F F F F F F F F F F F F F F F F F F F F F F F F F F F F
  <DiscreteSampler_grid>
  grouped_processes
  1 # 1 for a reference and 2 for a running grid.
  10 # Attribute 'min_bin_probing_points' of the grid.
  1 # Attribute 'grid_mode' of the grid. 1=='default',2=='initialization'
  0.0000000000000000 # Attribute 'small_contrib_threshold' of the grid.
  0.5000000000000000 # Attribute 'damping_power' of the grid.
 # binID   n_entries weight   weight_sqr   abs_weight
    19   10   6.929939373345252E-011   3.433686340985900E-020   6.929939373345252E-011
    22   10   5.114710601722984E-011   7.435461489588635E-021   5.114710601722984E-011
    25   10   2.965378237077716E-011   4.323346133964477E-021   2.965378237077716E-011
    28   10   4.645744717330308E-011   1.187420187036935E-020   4.645744717330308E-011
  </DiscreteSampler_grid>
