 -0.00000000994643186  0.00001046014095760  0.00007898350065256  0.00021985988421201
  0.00043996043103978  0.00075166868132966  0.00111266768920843  0.00153700557664283
  0.00204614939651311  0.00262204488940173  0.00328505584973683  0.00398762143061303
  0.00467577833793532  0.00539537085327804  0.00615657276406774  0.00694435638780765
  0.00769492141391249  0.00841983826601659  0.00919170997532071  0.00998778191527728
  0.01076418100727657  0.01158336052424972  0.01242165322773377  0.01326768937613505
  0.01408802132354095  0.01500709788946222  0.01604444534179794  0.01705408691792944
  0.01799174388092556  0.01891800293957292  0.01984433953140020  0.02074703304188625
  0.02161835597020336  0.02259830108451315  0.02357633039836873  0.02458527136911797
  0.02559845030338027  0.02656723734922784  0.02759521432494029  0.02867491655227247
  0.02972484868019070  0.03074367303892380  0.03174977687488547  0.03273385573693974
  0.03375417540362675  0.03484628370939109  0.03589659450611240  0.03689292840029686
  0.03789020549323017  0.03889511309492172  0.03994278065140304  0.04099978372894549
  0.04205114062263529  0.04313168775259844  0.04425461616530851  0.04541077273290616
  0.04664110547383273  0.04795944986963217  0.04918827877886151  0.05037015758151669
  0.05160947199396287  0.05288515901516461  0.05418710505927893  0.05557171963745881
  0.05696384399096036  0.05831002161859664  0.05977705336432326  0.06136985452525807
  0.06304949257135642  0.06479061594712311  0.06659026103549255  0.06839669518559106
  0.07012088985061189  0.07188913122792594  0.07369712161891075  0.07551009818219448
  0.07726299005753899  0.07911033545402160  0.08138389678144961  0.08383078094574738
  0.08651195274274080  0.08928834463660194  0.09203127177985362  0.09470006488341103
  0.09735700320262876  0.10031325938953975  0.10397756843451764  0.10857758662798642
  0.11439350943721617  0.12159259644684529  0.12920745212529119  0.13695654020164305
  0.15247050612503946  0.18402154131440221  0.32007929150385966  1.00000000000000000
  0.00959827891600246  0.01623173053422688  0.02551704656252826  0.03423384453415697
  0.04212577063229082  0.05017841361733125  0.05815793866426498  0.06655476810470116
  0.07521798111174896  0.08244274275924275  0.09692879752532517  0.11315811837486310
  0.12942486994797428  0.14474201810171194  0.15818550522106084  0.16993570146045373
  0.18010152247924271  0.18940974134152455  0.19764929967155639  0.20526972405952432
  0.21303544406697930  0.22135565634612983  0.22939753439547483  0.23701818367693345
  0.24425511053500398  0.25152671710810753  0.26027899768317819  0.26855041930189671
  0.27689205570597974  0.28590794933099456  0.29641511114690511  0.30891820818169519
  0.32167575870347814  0.33359793115010922  0.34414847178815272  0.35431658471341826
  0.36503875899527072  0.37538372059136293  0.38570902926191469  0.39660685012820418
  0.40887386855788738  0.42226651609698812  0.43244421923246729  0.44445716423031806
  0.45538090277814441  0.46567216134082390  0.47549103217384775  0.48566060144521417
  0.49765798209400303  0.50926783248426000  0.52063460460330402  0.53214546663047635
  0.54315041317938118  0.55390444042214715  0.56467642935579987  0.57571771877879629
  0.58529183825520670  0.59398653049177419  0.60279211611652628  0.61201370306574954
  0.62250395592369179  0.63319634720451690  0.64457364813578899  0.65682154066378273
  0.66858682873438446  0.68008083357072868  0.69103539086050936  0.70160004356377215
  0.71208118930387754  0.72174273882585105  0.73231347100577504  0.74293556616086764
  0.75247550294678089  0.76226630049031685  0.77158526755427115  0.78291153808499703
  0.79413731171815705  0.80617786505718814  0.81651790787735046  0.82520334268300621
  0.83386186056824341  0.84330424315202546  0.85298376533395071  0.86259342534621197
  0.87178656810142030  0.88396198128847725  0.89702948803737992  0.91069598288840359
  0.92340819781098538  0.93435519227510855  0.94452634034596683  0.95451988370210550
  0.96630715452298210  0.97783509736076735  0.98877866709477558  1.00000000000000000
 -0.00001720791287631  0.00023905769885623  0.00066909402152985  0.00134808932062354
  0.00230301371709654  0.00366018558386727  0.00518579353905063  0.00687208455381359
  0.00881313812257664  0.01097774395723274  0.01339906977393315  0.01594648423890272
  0.01869823285564933  0.02155128441117979  0.02435652183678095  0.02709977055993821
  0.03026488244835884  0.03387536438090144  0.03752200500623502  0.04125521272626074
  0.04526882209734692  0.05009210666835981  0.05513177612749102  0.06002942391456878
  0.06477504656384929  0.06948406912334473  0.07440429698811807  0.07965401742587552
  0.08520190649989440  0.09069794867388271  0.09576355506175259  0.10032366204819110
  0.10475276953667570  0.10947429772629921  0.11457920938567163  0.12007509586071517
  0.12571058982381361  0.13148102152209626  0.13743723926918033  0.14312353239157691
  0.14878994561265094  0.15440994588016799  0.15987475795741662  0.16521503964911383
  0.17034639107642502  0.17539576261735157  0.18102818576285148  0.18772432330320563
  0.19469796089614957  0.20211753270640700  0.20953771965240267  0.21657161565262328
  0.22346868964920252  0.23061419275556166  0.23802222070477380  0.24523549289363611
  0.25241144992112019  0.25981162113829759  0.26776849611023695  0.27624809297639391
  0.28576267521280352  0.29510102270854649  0.30466909971085787  0.31530885694029909
  0.32714859210972408  0.33870847508101726  0.35314151642909514  0.36953926099855888
  0.38650770819108204  0.40128742724143901  0.41550366303577180  0.42944324376948562
  0.44238194710326351  0.45351002362926329  0.46507884117658144  0.47619846214735667
  0.48704535003937927  0.49847727718625440  0.51019569918810181  0.52200224743449930
  0.53392753838498774  0.54683959050013509  0.56021302007016838  0.57343890372813466
  0.58653108995463921  0.59979526223616408  0.61289116423039580  0.62518279913786423
  0.63669674992427117  0.64823250831188128  0.65950716173615076  0.67055831800642862
  0.68209898182377993  0.69480565173444264  0.70051608465877380  1.00000000000000000
 -0.00516904574822618  0.01682851515785966  0.02870639741916710  0.03753987361541528
  0.04736021376673939  0.05706473036434104  0.06650049558554109  0.07556399707867344
  0.08517131641403515  0.09569931643984761  0.10593017685709791  0.11533514331465154
  0.12474872051153831  0.13469409358817430  0.14486653049148732  0.15560770135202703
  0.16636738159320269  0.17821243567491632  0.18925146320380901  0.19787210777924130
  0.20634225644539461  0.21537011783515791  0.22482829061229584  0.23383620565387880
  0.24291693313297352  0.25347397094862245  0.26795974450027044  0.28169593955006583
  0.29549527301730921  0.30855101863539153  0.31848589843835695  0.32636515824044238
  0.33433183899177932  0.34222445492316972  0.35028761497947020  0.35888107767133598
  0.36772058046804701  0.37394513399492862  0.38819533677094109  0.40265912974196727
  0.41567889276416453  0.42744215125694063  0.43704809704339553  0.44788022295299712
  0.45900880366132002  0.47003558626976139  0.48168682239059296  0.49371661190654142
  0.50556539222591623  0.51661728259762352  0.52640981430665013  0.53547799968012932
  0.54470556609407761  0.55411691703332189  0.56261068426302319  0.57096838854479215
  0.57970840865119988  0.59088712925578479  0.60390757537082107  0.61583491463955853
  0.62785157243206113  0.64110355044240785  0.65330336936617039  0.66446748656127874
  0.67417051106103398  0.68348735776086411  0.69365438490420928  0.70395093220759308
  0.71345627028723335  0.72187919070216366  0.72980080759484200  0.74035254740981926
  0.75195519554115242  0.76342195907212029  0.77504961595412736  0.78756124941222183
  0.80134457307299489  0.81576494887132267  0.83175652159605862  0.84544290906245756
  0.85743442133159098  0.86840508234567615  0.87756633888616487  0.88639151442310882
  0.89558351245536949  0.90554452953597708  0.91544365668934635  0.92442438150179884
  0.93309324520958470  0.94148690597884876  0.95011792496051983  0.95903161341768517
  0.96850796848854670  0.97870619983798668  0.98929831430237247  1.00000000000000000
 -0.00273277061772911  0.01111622582243108  0.02392056592502932  0.03663201988577852
  0.04784570036030383  0.05836879458193634  0.06967846482323305  0.08011561816800028
  0.08862416953780410  0.09638087059104809  0.10400916517304830  0.11269217011873701
  0.12158708054889107  0.13069537471881656  0.13913236360769879  0.14898142406648379
  0.16129373297448996  0.17370840449962782  0.18457162593600585  0.19372063283950020
  0.20246078378547366  0.21194684558049368  0.22136257120715255  0.23081395572518529
  0.23959373072196799  0.24831524314093958  0.25778157125854395  0.26783504510021522
  0.27711659351811696  0.28608442808765711  0.29538635861058526  0.30531616831715785
  0.31457577877376658  0.32304038642298705  0.33140524021204532  0.34042398030174997
  0.34951772821853977  0.35822106441878732  0.36654738265239317  0.37488870796457741
  0.38390165305951252  0.39173751339005891  0.39911240313373569  0.40593331467711602
  0.41368087809591997  0.42189181023066780  0.43118669110096303  0.44088659699527422
  0.45183133840140022  0.46266553102449209  0.47375772469096072  0.48654890434135578
  0.50049782682933341  0.51408872107535430  0.52717484184804497  0.53931254092221781
  0.55149855014788252  0.56388939953758288  0.57613661882921641  0.58848079449855617
  0.60098923091077117  0.61254377068141386  0.62375845445698042  0.63380534257318866
  0.64286562931508984  0.65250666670872814  0.66223160750535537  0.67274591507468429
  0.68348922930130407  0.69533171024484874  0.70788779214053499  0.72034748407367066
  0.73238980860358471  0.74392139009803904  0.75645470737139175  0.76908273768419966
  0.78073839280055812  0.79270788441226636  0.80785671064937692  0.82364653343256189
  0.83816645856541827  0.85284993770235995  0.86762554318869145  0.88167189257719980
  0.89507096682010023  0.90875881720643681  0.91906591121492354  0.92653807451439985
  0.93412081796047719  0.94237735709101800  0.95083293587217799  0.95965814394855320
  0.96867179039284002  0.97807021749487177  0.98896197432260957  1.00000000000000000
 -0.00238981003173432  0.00892769557757234  0.01868664703284335  0.02889994654103325
  0.03958367742298460  0.05003487076609216  0.05972612200558498  0.06921370851172925
  0.07935699480327149  0.09047972092243935  0.10172552933666740  0.11248566103629201
  0.12287058537833218  0.13744183654445744  0.15204267507875208  0.16242438559944480
  0.17339311567806323  0.18386790232644237  0.19314085247577353  0.20321974668291720
  0.21309328745827655  0.22369846746123245  0.23370197738963966  0.24375350334534651
  0.25408606091822739  0.26575320996959600  0.27652201998607084  0.28654551106417814
  0.29642932603402400  0.30622010397458022  0.31715057419905079  0.32870510830962640
  0.34279053922365227  0.35540360319938946  0.36647056443898390  0.37678718592580479
  0.38708593646292971  0.39708660384771566  0.40678147396470776  0.41663272173648747
  0.42742569538521508  0.43941454677976427  0.45114729658121566  0.46309588900448423
  0.47453997169117162  0.48499482309427533  0.49488754162332416  0.50512630969318795
  0.51642320030973277  0.52745633822105620  0.53767218490520952  0.54702361301536018
  0.55690397640906386  0.56518948983279849  0.57284335160344135  0.58037856091015960
  0.58863165022610864  0.59714808327810276  0.60602551372733438  0.61570350550433994
  0.62551655528308192  0.63556094654936124  0.64580127437684220  0.65727422991642681
  0.66945724775248450  0.67738937090547102  0.68550431884934360  0.69416160800540738
  0.70275808934845063  0.71122966872230986  0.71939624224328835  0.72795343762518261
  0.73668592083010365  0.74582731320361972  0.75432307415422972  0.76278330431764885
  0.77147828031907650  0.78140431244362762  0.79143766429259721  0.80327947939796418
  0.81832130831196170  0.82903619958784713  0.83929201799474440  0.84983905860241582
  0.86031851037864038  0.87022306575884034  0.87989111574975531  0.89041673401295451
  0.90268422031121320  0.91674891268044278  0.93176425204376612  0.94667918672277585
  0.96130938680293099  0.97419921103584395  0.98694195339907265  1.00000000000000000
 -0.00174347158165563  0.00807052514956560  0.01632331599919729  0.02584698018800160
  0.03680289094190181  0.04770496642274319  0.05797610049990166  0.06737112900565215
  0.07641246098745082  0.08532640295317051  0.09454343675541767  0.10421121515185480
  0.11401634516257499  0.12347492205937745  0.13277363245855189  0.14184294524011617
  0.15019544016218236  0.15803117449326604  0.16565155597834133  0.17373931908653861
  0.18154670630367237  0.18916853330304501  0.19720567370623765  0.20461526664053517
  0.21496004544771882  0.22824156154608688  0.24305310341456157  0.25893514044008986
  0.27357266016989495  0.28575353872866782  0.29735924734881836  0.30657685718239519
  0.31557996599542998  0.32504428629289489  0.33513031577874647  0.34626259776263374
  0.35648241709948286  0.37022877770776541  0.38187786431208576  0.39262906203105841
  0.40223764210737278  0.41188773907422893  0.42155931191582713  0.43177275647902541
  0.44223505769062055  0.45310725421827802  0.46239998494553364  0.47195246553639725
  0.48153527550302111  0.49204525496703511  0.50249038643351140  0.51344964887118505
  0.52582303301141420  0.53973015703263827  0.55275569015746640  0.56422330037770607
  0.57626313573195453  0.58731390141603013  0.59571688879318418  0.60422269753323599
  0.61218890356561850  0.61999759703216750  0.62764482927003262  0.63510127919167891
  0.64255580383270339  0.65113077503492978  0.66189578851860698  0.67314429741892123
  0.68485331056439180  0.69541918695671467  0.70538522352711941  0.71546055129586617
  0.72513982159550006  0.73454420273228338  0.74363301227909140  0.75243470058060791
  0.76352085814478066  0.77568060441305853  0.78850056919789036  0.80155840343555196
  0.81400293234769938  0.82603530423882054  0.83910951502022768  0.85152176855105344
  0.86335472465406538  0.87536039456737746  0.88791418521243493  0.90128318125642748
  0.91531510285636219  0.92789625722977309  0.93968239211878568  0.95073082372844286
  0.96166646303018999  0.97304729506391352  0.98522583699713295  1.00000000000000000
 -0.00158467133709205  0.00814533112961995  0.01649657022054336  0.02597428626636410
  0.03579309790068055  0.04596897768189873  0.05643187595672324  0.06677019388229852
  0.07701000798355222  0.08673042247576428  0.09645610308627442  0.10658137834751852
  0.11700792863010963  0.12841298458658781  0.14166814439442652  0.15420546742600741
  0.16515942437152925  0.17626569907954306  0.18741962590392547  0.19835197518702916
  0.20881752920033447  0.21644546937654807  0.22398710378531031  0.23207304429096398
  0.24012947494957085  0.24818420450530629  0.25624775833837043  0.26419828334039847
  0.27232264820411056  0.28200356949783656  0.29295421381713460  0.30513844481500846
  0.31597142058150207  0.32576711744003461  0.33582017939843151  0.34625794213618932
  0.35571201586673862  0.36475203479998969  0.37372173922663793  0.38383983773756797
  0.39358793041366491  0.40598111957537952  0.41936224344677570  0.43277218902621339
  0.44382377165769760  0.45284936132055081  0.46136433282439077  0.46971242287675141
  0.47901662187391003  0.48886406723221759  0.49920121630262460  0.50874679341012941
  0.51816286870827644  0.52749244911785675  0.53861537534206916  0.54918503157817233
  0.55937501389945166  0.56909906792832954  0.57850403128048278  0.59200635221229891
  0.60677814873598368  0.61789640932633016  0.62817097393866328  0.63800861587731783
  0.64806418567803536  0.65862126197587778  0.67000306588834957  0.68279570875576434
  0.69572788664151886  0.70775151183075824  0.72018540162485334  0.73218317495531782
  0.74272690773647188  0.75253197588404452  0.76139598499167671  0.77027271994710766
  0.77811601159367305  0.78735113157871917  0.79598654371545274  0.80525718559817827
  0.81356507135831724  0.82303642618984074  0.83262115354182664  0.84552363491505045
  0.86118588108409255  0.87665389636301283  0.88956927491756776  0.90153053808869155
  0.91392637609699667  0.92572341810067837  0.93951115335768431  0.95361952138064909
  0.96641423114081126  0.97813455908699165  0.98916103117792675  1.00000000000000000
   1.8414004838255938E-015  -1.0000000000000000     
 F F F F F F F F F F F F F F F F F F F F F F F F F F F F F F F F F F F F F F F F F F F F F F F F F F F F F F F F F F F F F F F F F F F F F F F F F F F F F F F F F F F F F F F F F F F F F F F F F F F F F F F F F F F F F F F F F F F F F F F F F F F F F F F F
  <DiscreteSampler_grid>
  grouped_processes
  1 # 1 for a reference and 2 for a running grid.
  10 # Attribute 'min_bin_probing_points' of the grid.
  1 # Attribute 'grid_mode' of the grid. 1=='default',2=='initialization'
  0.0000000000000000 # Attribute 'small_contrib_threshold' of the grid.
  0.5000000000000000 # Attribute 'damping_power' of the grid.
 # binID   n_entries weight   weight_sqr   abs_weight
    25   10   7.410140004363301E-013   8.592830980643992E-025   7.410140004363301E-013
    43   10   8.320250905735594E-013   1.058668478544871E-024   8.320250905735594E-013
  </DiscreteSampler_grid>
