 -0.00000000430287735  0.00000226175544822  0.00001637971562769  0.00004761257481057
  0.00009526127635496  0.00016015277457982  0.00024273838870128  0.00034489869764204
  0.00045529294743221  0.00056909175942842  0.00068938839177189  0.00081932895615967
  0.00095778709989900  0.00110828545256233  0.00127378759332151  0.00145435990357298
  0.00164418378405086  0.00184082809719654  0.00205090181085989  0.00226798340886723
  0.00249973337244699  0.00273305004696684  0.00296601270698132  0.00321303032424178
  0.00345997376294482  0.00370750848209686  0.00396813285227534  0.00424582637083245
  0.00453546835767382  0.00483730195265981  0.00515780868139548  0.00549178755009132
  0.00583081646330410  0.00617025524169910  0.00654711077339448  0.00697004494862579
  0.00741293113575038  0.00787043445879928  0.00835840388054564  0.00890704228151792
  0.00956080550110402  0.01045606134782770  0.01144516574200339  0.01207458225824511
  0.01247290920895618  0.01278184587754842  0.01304441760834078  0.01326870366123476
  0.01346520738107536  0.01364690931983539  0.01380847465640033  0.01395920114337991
  0.01410189524771852  0.01424163577702119  0.01437894931385699  0.01451493951585644
  0.01465168187054051  0.01478820428941149  0.01492452767584228  0.01506013029174266
  0.01519427452385030  0.01532679605519808  0.01546138863623245  0.01559778007605364
  0.01574037175110823  0.01588444394529474  0.01602961285121573  0.01619617804427022
  0.01636631005903269  0.01654030045386872  0.01672362914123338  0.01691320415524281
  0.01710965372070396  0.01731731012565218  0.01754383564263777  0.01777614747143559
  0.01800849288728362  0.01824634885038420  0.01850093152574579  0.01878679994055569
  0.01911033622219564  0.01946101927545157  0.01985192174885466  0.02026834011778979
  0.02070737347908757  0.02117674282656762  0.02171755337541880  0.02229586004522466
  0.02292488099610344  0.02362356552520989  0.02467620195260964  0.02627019454793609
  0.02860377533881932  0.03465620221047187  0.04980575665323963  1.00000000000000000
  0.00861397056480120  0.01809428453408505  0.02959685554849533  0.04084637997282561
  0.05194765634623869  0.06246849005194230  0.07259006163414389  0.08316069310004542
  0.09456748935367934  0.10608852429607814  0.11786771688615660  0.13001777712436816
  0.14150825482696397  0.15290169804913972  0.16412480016584793  0.17531469989721912
  0.18661428092738624  0.19775381705546910  0.20834082360087294  0.21816725078111743
  0.22766321260094877  0.23699295726236441  0.24670923712286991  0.25665314942865575
  0.26662037155111473  0.27671121142791161  0.28636151127104637  0.29572726915996905
  0.30481310651375293  0.31513895836939460  0.32745048983508751  0.34021958378504480
  0.35223972975876044  0.36387224023415632  0.37505460178656391  0.38544735910334188
  0.39580091029938319  0.40630573315133517  0.41599883818807065  0.42553274040475114
  0.43463534574943474  0.44406408655399232  0.45359326329254746  0.46360479627778250
  0.47403295753730396  0.48414953096034979  0.49444734828059966  0.50571103625827063
  0.51788800901703314  0.52944006183216041  0.54103869517056480  0.55330817105367491
  0.56523780821052849  0.57562720399711653  0.58554501543250415  0.59565985764597018
  0.60633348576481094  0.61676215772641152  0.62719123004539279  0.63803216895014370
  0.64877609912464984  0.65916650596104276  0.66915557554236482  0.67898514833038515
  0.68899791581663050  0.69907831769086792  0.70894277115266258  0.71896894071630335
  0.72936170108765075  0.74064351881696255  0.75224574423712298  0.76402550237316380
  0.77533818625999795  0.78586418227532184  0.79592194736497079  0.80628922410316572
  0.81638819716194710  0.82658579530748499  0.83765568155359527  0.84930770544663847
  0.86079087103692897  0.87180491450391884  0.88227131786305368  0.89209114925859767
  0.90194945443493979  0.91179488104328010  0.92169254587638028  0.93160252438587821
  0.94105484927751182  0.95005957143502284  0.95896451964438445  0.96777310589668963
  0.97701647750035436  0.98609072721237323  0.99008155743214821  1.00000000000000000
 -0.00002139176160587  0.00025520306791766  0.00072127130161036  0.00150878598225851
  0.00246245692609866  0.00373706855220443  0.00521982290327032  0.00695886403424021
  0.00867755459710031  0.01061118456949790  0.01286387741101090  0.01537189534494665
  0.01823236014310451  0.02156120431457119  0.02504373254718295  0.02866881348046492
  0.03208187318597263  0.03537669775190582  0.03865158114630148  0.04219311437701379
  0.04594368011274797  0.05007288426188571  0.05456650168861226  0.05968980866495802
  0.06507896365327556  0.07047891467776998  0.07578055376951467  0.08100846291533915
  0.08649021817319665  0.09222204459325174  0.09808535283889902  0.10387804112916195
  0.11025221180838130  0.11750670038416115  0.12436486252232549  0.13143641298540928
  0.13892368765720450  0.14643945269070430  0.15397979974834916  0.16188813565734073
  0.17020016481373906  0.17873944827516608  0.18724011415748493  0.19550419740911529
  0.20417347164844449  0.21308181084126948  0.22204106834850312  0.23108764471921597
  0.24028237522591789  0.24967160053484599  0.25948688772829714  0.27073192061508494
  0.28223934191466760  0.29381696193035267  0.30559908409566527  0.31780995708471860
  0.33045770695421894  0.34300921749556018  0.35475579084868308  0.36711140224887262
  0.37970778753784762  0.39221124038221100  0.40456222370243677  0.41669423175525711
  0.42943204309936422  0.44224414067145768  0.45546635910508715  0.46915958209244263
  0.48353240782632445  0.49853964419711272  0.51366058043012108  0.52838246866172955
  0.54219336369734561  0.55592413723158718  0.56984896738937563  0.58433735442241552
  0.59973830932904137  0.61553279050411869  0.63139214611715622  0.64796160272701475
  0.66561013132733871  0.68354334901550051  0.70155740582321902  0.71847791355946800
  0.73869757713077888  0.75951105151287335  0.77999765859544812  0.80107549859214700
  0.82341777053548237  0.84614877609250283  0.86908328743582364  0.89166850183376689
  0.91431024172471576  0.93689674639878795  0.95776738506261683  1.00000000000000000
 -0.00322050087172382  0.01207410989194495  0.02507389863242469  0.03805877653533265
  0.04867743216982099  0.05891501522367611  0.07066944734784461  0.08303546358712842
  0.09360600559908289  0.10417500183064302  0.11579693312330541  0.12771141617975812
  0.13915607144843792  0.15050077205960061  0.16252561344933122  0.17374856287625554
  0.18480950564455895  0.19685233310547248  0.20905597170635554  0.22022923898890845
  0.23027898936689592  0.24107935052572976  0.25191206707066038  0.26341878436339522
  0.27467818365813890  0.28612659230383669  0.29739669299996668  0.30830721673384176
  0.31846954992777488  0.32835440914606040  0.33899479396062526  0.34973808274013585
  0.35991223042425602  0.37010111832557696  0.38116444912198083  0.39324085951491183
  0.40535970469222632  0.41656035389519230  0.42685156821688786  0.43700784873008969
  0.44739929458797889  0.45793601099482967  0.46995018584205428  0.48293863971883294
  0.49585200068900886  0.50830768862020970  0.52000103398997610  0.53053066720418418
  0.54028567461879007  0.55005621470529897  0.56009808469020839  0.57090430974273287
  0.58201025590626543  0.59282756382802926  0.60363351957643341  0.61412069751432263
  0.62482856180061741  0.63518448814888628  0.64528184091336327  0.65533342097640446
  0.66541633597725169  0.67550037047674893  0.68496568653147916  0.69410523715632244
  0.70327071262855922  0.71296275424311950  0.72320414536728406  0.73391555124419305
  0.74522540562118700  0.75538039007809676  0.76433185020914585  0.77369818078636998
  0.78339777614720918  0.79310731717055927  0.80237620970363399  0.81172435388084174
  0.82153587362216107  0.83104203025102608  0.84028112417293088  0.84973288446745388
  0.85974122796479013  0.86980545831513223  0.87958394550914809  0.88929353082031604
  0.89906050158034256  0.90903450456004098  0.91831430698272110  0.92657790289911679
  0.93492037841044229  0.94388080059841584  0.95338880877417553  0.96246437021767584
  0.97110445975871063  0.98011021555486100  0.98997862791043112  1.00000000000000000
 -0.00320461436190171  0.01191952999213143  0.02322497274652814  0.03227305587478559
  0.04159914843775569  0.05085934269139054  0.06049981361574944  0.06958243424379777
  0.07832739251636718  0.08757335376322946  0.09729147485097475  0.10779729574034613
  0.11915909351010445  0.13097496310778120  0.14236512523014108  0.15351421826442044
  0.16505008538285418  0.17618030214071759  0.18759176143675937  0.19794864647818713
  0.20824242073602692  0.21870562972586471  0.22905376850158771  0.23820641988966854
  0.24705620167624379  0.25588269664374186  0.26501892748410338  0.27393370215008189
  0.28299556970735873  0.29260914902141322  0.30323162635016637  0.31440788590984736
  0.32624489263513712  0.33860037155165318  0.35035182237950124  0.36164264135299723
  0.37266845790493308  0.38378582216792706  0.39491670888731778  0.40543416453976555
  0.41577837334174178  0.42688264640705403  0.43806521884099403  0.44833898152212337
  0.45860177932081153  0.46822050840551194  0.47789327707674711  0.48759894851114560
  0.49708404947821144  0.50641882342574729  0.51577419990084272  0.52568931331774538
  0.53617674233088786  0.54717625173472872  0.55809639703958902  0.56888935072382374
  0.57925929425779454  0.58999101803399789  0.60114785264783621  0.61233757238665798
  0.62363286628024772  0.63547805361246668  0.64748358220462443  0.65927737156346045
  0.67054280837538538  0.68169966514414448  0.69280228924407294  0.70356411606144542
  0.71401187076342110  0.72436176420882070  0.73499129411287267  0.74628003704157908
  0.75732319476318832  0.76846468534351131  0.78010378298695249  0.79245280215883240
  0.80520791007445247  0.81797124916935993  0.83017553769365482  0.84145282920764763
  0.85230266363312956  0.86360486675608605  0.87536567303274826  0.88685427465950828
  0.89758322257066903  0.90811409130048182  0.91844732767932669  0.92849888693956284
  0.93823395008818744  0.94778926610974712  0.95745629829474421  0.96650508549461811
  0.97501398177436738  0.98329109091505906  0.99148584816931906  1.00000000000000000
 -0.00228261812048697  0.00908000919634686  0.01834222294284820  0.02771788398005591
  0.03725437837654492  0.04715249986344992  0.05770367279071504  0.06807474546664795
  0.07819040849219422  0.08828094313663980  0.09855790988114353  0.10882862733435490
  0.11984736927215969  0.13081375495834416  0.14272933098708879  0.15468106647103252
  0.16691961584987597  0.17905695070823424  0.19034548557382197  0.20127614260849200
  0.21261190634744975  0.22466510362487777  0.23666361696532867  0.24802764226923393
  0.25996778253866537  0.27227664481282254  0.28594400724197450  0.29633698136614794
  0.30540503812958575  0.31462828110408747  0.32419469069508344  0.33312751073888225
  0.34184182981942107  0.35069941750060440  0.36046675075507117  0.37018808149435933
  0.38102139859622131  0.39297278001251745  0.40426516380978034  0.41543498812018420
  0.42662929286581791  0.43782955963101511  0.44868447296793296  0.45922714173592805
  0.46874952533110559  0.47792687559101765  0.48837445820617781  0.50012271106671002
  0.51008273789661840  0.51999233647871612  0.52930783786312052  0.53855667686997388
  0.54759104247258694  0.55666693850153270  0.56677322393742524  0.57817835644851523
  0.58887408766728255  0.59946048014839948  0.60994068444500571  0.62066257998518504
  0.63124705703573247  0.64189969448434347  0.65229918597790404  0.66261466400439306
  0.67282363158349479  0.68268884729472734  0.69231732216331143  0.70220280296978599
  0.71237607764466460  0.72217184577855842  0.73227171747133912  0.74228742192806474
  0.75241028128717014  0.76276591871726551  0.77378036563123553  0.78589754781218091
  0.79802528184702215  0.80948971989601337  0.82101127945922880  0.83182760707333658
  0.84202331691385224  0.85211096899435268  0.86247150751615353  0.87345559022201458
  0.88436162270155394  0.89455691283973526  0.90444016787531079  0.91419773052788011
  0.92428216154060439  0.93513455092390152  0.94628774335268095  0.95818024645374367
  0.96878389405171172  0.97927237865923966  0.98943791519194713  1.00000000000000000
 -0.00360590157702338  0.01323083771644393  0.02545379509261696  0.03578510446761313
  0.04612719011014470  0.05680546509861056  0.06831741114858894  0.07918379191768901
  0.09041588528210942  0.10133871981049083  0.11246998768798670  0.12354925155720436
  0.13461124930945256  0.14519860284022873  0.15468158526608780  0.16406184615491451
  0.17303389472953490  0.18273274846580820  0.19201108029622427  0.20122401952313815
  0.21031087965705250  0.21925728782703333  0.22823017906954235  0.23717302936209375
  0.24588195366005397  0.25498355283546392  0.26448309672185827  0.27399982314192078
  0.28367710402541191  0.29302516384434463  0.30188500690423792  0.31088257220970877
  0.32027380880068668  0.32992862388019267  0.34030476955414840  0.34983463095108103
  0.36052320119554260  0.37188084932639121  0.38347392739243946  0.39569762663968611
  0.40892438758766692  0.42219520301159169  0.43481523764445618  0.44750442987305022
  0.46047498447283192  0.47485035483602639  0.48588936294083956  0.49556084777340309
  0.50489240212111108  0.51458238352382490  0.52406038219038797  0.53283163134282696
  0.54170263161553300  0.55184977915151490  0.56287933438270088  0.57435780752634469
  0.58551087167138061  0.59623481694698077  0.60693452261150604  0.61788892469395273
  0.62938261418781993  0.64029547505084317  0.65215357682858721  0.66382827004298417
  0.67505873512576176  0.68607155006379039  0.69659414275259091  0.70664909264793296
  0.71621538401279783  0.72568479694953292  0.73539042683442724  0.74554384296029164
  0.75617340531633936  0.76737585573363154  0.77868988671862582  0.78996307216507600
  0.80170220108877055  0.81345796818257576  0.82499414455324116  0.83612840236280150
  0.84698193048011283  0.85792305273253555  0.86904346325956416  0.87998819823275576
  0.89073300625719531  0.90183000581143002  0.91361995005429342  0.92600324904367837
  0.93781271768406638  0.94788660174757999  0.95742581895562873  0.96673599326331450
  0.97578175833766556  0.98431032525441797  0.99234788039911348  1.00000000000000000
 -0.00279056471297520  0.01093039039067501  0.02133695737462426  0.03209905381601054
  0.04291854084220945  0.05437594185496650  0.06541245998357918  0.07583178859415764
  0.08634572189018271  0.09754810990761474  0.10834949666354297  0.11839806748177500
  0.12839628011589160  0.13865290062449523  0.14915953459927175  0.15938757214757443
  0.16953300235513460  0.18040368992882280  0.19132760429819204  0.20270518928151435
  0.21360054980350951  0.22400906754980393  0.23398971130995982  0.24385885052446654
  0.25384080641112849  0.26381709897857714  0.27381990215683810  0.28358274357070556
  0.29391091081726889  0.30520935509191449  0.31666108250856650  0.32806865881288649
  0.33896943784172412  0.34958123103634808  0.36004053389172302  0.37017164679310172
  0.38036305245492025  0.39044641380439410  0.40038413884739288  0.41044208616291233
  0.42071957153829731  0.43118702428660599  0.44185525841258860  0.45309912489346743
  0.46489635853062711  0.47670037519277547  0.48820549135623909  0.49938132993916656
  0.51059328245621016  0.52186405550286508  0.53262355957288943  0.54354898221765935
  0.55415814032674260  0.56436828898638747  0.57436818569202741  0.58407265964249577
  0.59310048505322366  0.60190741716222362  0.61098508304483401  0.62060293614142359
  0.63067508274509121  0.64092633730219106  0.65157035173094890  0.66224636311385299
  0.67210811342849575  0.68154957464103882  0.69124540715824789  0.70083507450993832
  0.71080453692539292  0.72115205704886332  0.73269632393215478  0.74533102133356055
  0.75819528981551421  0.77057513452473536  0.78268566156531516  0.79445222347058009
  0.80626342624358194  0.81828133270906778  0.82956190778688721  0.84005738464701829
  0.85000682769724589  0.85972867842835055  0.86981492905845670  0.88046932195493011
  0.89118942852963978  0.90152074529179482  0.91180738322611521  0.92255835316310164
  0.93360081444230203  0.94348196909609827  0.95270100462284746  0.96210843324459838
  0.97180814371063162  0.98153824538266821  0.99081239142382194  1.00000000000000000
   7.1874561312762464E-013  -1.0000000000000000     
 F F F F F F F F F F F F F F F F F F F F F F F F F F F F F F F F F F F F F F F F F F F F F F F F F F F F F F F F F F F F F F F F F F F F F F F F F F F F F F F F F F F F F F F F F F F F F F F F F F F F F F F F F F F F F F F F F F F F F F F F F F F F F F F F
  <DiscreteSampler_grid>
  grouped_processes
  1 # 1 for a reference and 2 for a running grid.
  10 # Attribute 'min_bin_probing_points' of the grid.
  1 # Attribute 'grid_mode' of the grid. 1=='default',2=='initialization'
  0.0000000000000000 # Attribute 'small_contrib_threshold' of the grid.
  0.5000000000000000 # Attribute 'damping_power' of the grid.
 # binID   n_entries weight   weight_sqr   abs_weight
    19   10   2.282980296304338E-006   2.171233841675877E-011   2.282980296304338E-006
    22   10   1.221713917990042E-006   4.085010631248438E-012   1.221713917990042E-006
  </DiscreteSampler_grid>
