 -0.00000968294995925  0.00013090302203627  0.00042337100641962  0.00081875748094530
  0.00125736984397682  0.00174215884806719  0.00226879306340980  0.00284591392676486
  0.00347372212114986  0.00411567746703181  0.00479977968618261  0.00554013140973521
  0.00637080510066622  0.00736540143211267  0.00876454131874109  0.01102475282933896
  0.01240167769109849  0.01297883634808227  0.01333436275679861  0.01360987073291891
  0.01385147823139470  0.01406910913115914  0.01427548730491716  0.01447013598436451
  0.01466019566455972  0.01485027301002218  0.01504033441647943  0.01523118659328243
  0.01542204697869562  0.01559916751510218  0.01578252618087652  0.01596852567439112
  0.01615752190400890  0.01635341503339368  0.01656435786134137  0.01679341071398499
  0.01703499459071871  0.01727988528693850  0.01752377780111978  0.01776920761224543
  0.01801351981967144  0.01827009255973260  0.01853643233257255  0.01880224748340024
  0.01907592963103633  0.01934920359542611  0.01962549671698729  0.01990515855763567
  0.02018069850108954  0.02045766018898255  0.02074872067231063  0.02105857276992916
  0.02138717476017625  0.02172836167305649  0.02207136339589147  0.02241769752090661
  0.02278992836422501  0.02316003677905079  0.02352770602142649  0.02388506200174186
  0.02424132164458507  0.02464771535106435  0.02511270608002853  0.02559308420422432
  0.02605908507701421  0.02652678673528899  0.02702250152965060  0.02754467886808087
  0.02805936142842781  0.02856584449763028  0.02907340672149459  0.02964139257048491
  0.03027209116832215  0.03093365138462974  0.03162446610644656  0.03235053266683010
  0.03311176168361789  0.03391729298910143  0.03477340383456654  0.03564920386424865
  0.03654687632591107  0.03742854742455595  0.03831101338168692  0.03919966014605719
  0.04012149001570828  0.04119678621766143  0.04247548283643270  0.04389114520778074
  0.04540557058187811  0.04703916807830635  0.04896415986965480  0.05142828306329811
  0.05527149990588672  0.06396781595294787  0.11832055621748926  1.00000000000000000
  0.00884701635307839  0.01863071731829705  0.02986599461959887  0.04078261327041150
  0.05145436544915950  0.06161962169295078  0.07222011492997085  0.08285625351810159
  0.09461360425541884  0.10560871304096682  0.11606874678316109  0.12663558814655221
  0.13733763285499942  0.14770160051660489  0.15780861657100728  0.16816421363619519
  0.17942101078978853  0.19153037762687627  0.20363179814084556  0.21477088185040252
  0.22419644141175735  0.23309922484573811  0.24256873967938125  0.25299670960832266
  0.26317691049041686  0.27370245580905544  0.28497695042337579  0.29600537550190797
  0.30619501593393389  0.31641896845982509  0.32704531738785564  0.33798873294512588
  0.34886500972433504  0.35934749968610541  0.36949671486955021  0.37917775091030703
  0.38877904799828450  0.39871817926654224  0.40880140068504472  0.41917731993949736
  0.42907150267264998  0.43858082139268550  0.44855550167250241  0.45930181103358703
  0.47039023214454545  0.48228067658935342  0.49419109954622348  0.50644812489219992
  0.51789628174236035  0.52774380499307805  0.53723701121465350  0.54694841357425894
  0.55644234958451622  0.56587396529887279  0.57485646035955906  0.58412030650194324
  0.59414905117015859  0.60454256896222813  0.61439950288482659  0.62388458388022616
  0.63320775435506338  0.64261342542664623  0.65273152315909233  0.66297669294946837
  0.67314503790897717  0.68286996068033279  0.69247359757209492  0.70260817003808784
  0.71378701275032908  0.72439475577638934  0.73442625643049919  0.74359373679949148
  0.75360462251929916  0.76477843990940131  0.77608137335027239  0.78764076723871757
  0.79805020491585843  0.80748491760685837  0.81660810262617878  0.82513124509378333
  0.83447292271084594  0.84437599119684281  0.85393125808623649  0.86355261558437502
  0.87347934916790015  0.88401927042672390  0.89506464880059455  0.90647575587400309
  0.91847943890007122  0.92946438761852490  0.94113860595561205  0.95325267630037747
  0.96461962640828813  0.97550175871983991  0.98682476817721387  1.00000000000000000
 -0.00204306803636838  0.00741225201939148  0.01596880325098019  0.02462936546497967
  0.03318099290499807  0.04194244394316753  0.05075849983538328  0.05984197766892745
  0.06910481857408431  0.07828381818688931  0.08706545543725118  0.09545275639964690
  0.10378649198586198  0.11222927400992092  0.12086360666574274  0.12924443983538045
  0.13731064960314784  0.14506990363006925  0.15291117020139083  0.16088555598847920
  0.16874935749019745  0.17657930843292213  0.18431257520372307  0.19219216539341052
  0.20056123655899774  0.20941893352170390  0.21850467433927920  0.22739807654383010
  0.23596755718072698  0.24440212747315945  0.25312591311283539  0.26194429507886979
  0.27087610805150797  0.27964121407275933  0.28886750404741673  0.29886595740588340
  0.30876961192428132  0.31842546398012789  0.32790292979475394  0.33727312585218738
  0.34672084527708041  0.35607569481800849  0.36537425276236657  0.37464296641415756
  0.38388432005309020  0.39349352357271128  0.40360790527352808  0.41367412041218626
  0.42373086900308993  0.43426264863757075  0.44448071176333337  0.45409749263857413
  0.46367818716287601  0.47311344538700967  0.48264645616379764  0.49202039402604902
  0.50233575641080463  0.51344688573020392  0.52459939338471173  0.53555772654165246
  0.54671290678327067  0.55789560677041616  0.56874788267510690  0.57972416782792080
  0.59105679226956664  0.60265479536519717  0.61398989615127864  0.62495500370150103
  0.63566682281533915  0.64640314644358399  0.65778295838115053  0.66955755968361419
  0.68160869156166004  0.69392325056591830  0.70629276725241574  0.71852163862028162
  0.73091942108733421  0.74376206902804942  0.75662910328515043  0.76912392292103660
  0.78153698115386261  0.79454179091310828  0.80829192948723860  0.82203042463194698
  0.83551938380487156  0.84951677351888844  0.86440289368357159  0.87926823306298063
  0.89338848835287865  0.90774837180674506  0.92233656398792074  0.93627359068818916
  0.95088516409898582  0.96695928036673018  0.98273800896076235  1.00000000000000000
 -0.00253661344689098  0.01059034927728586  0.02016819777590604  0.03014244224294946
  0.03926736245090480  0.04927315634895311  0.05933713662483251  0.06986446400732160
  0.08036746247376698  0.09130832328358854  0.10245973814775922  0.11380968473467627
  0.12485864662048417  0.13518874947268897  0.14516144197599101  0.15526473361013704
  0.16538293543606888  0.17540795368022224  0.18510561803851799  0.19460105718971751
  0.20439666151461675  0.21473630377290892  0.22522437441786333  0.23612854024089941
  0.24746258628581477  0.25920702874311136  0.27109302240115601  0.28265912247845232
  0.29457100108515311  0.30696055403114164  0.31954166297194514  0.33176190803172062
  0.34283952120190581  0.35330465807351430  0.36369805472559569  0.37422224418578942
  0.38461624824835616  0.39505730251121951  0.40571869608886335  0.41576554382988340
  0.42523635824791522  0.43470578773998519  0.44533240829231641  0.45694961857859656
  0.46848797991035879  0.47976143432445906  0.49090408287148707  0.50103702762732150
  0.51017339875113132  0.51942678979493051  0.52906162510880639  0.53892542470171712
  0.54833318555273625  0.55718427635363721  0.56659382569092964  0.57785922380081789
  0.58904132059593572  0.59930554948391412  0.60974541417565664  0.61962881872109765
  0.63000173226399558  0.64084674905778116  0.65285203973089923  0.66519743908048257
  0.67624354253234387  0.68678024145632377  0.69781541788579449  0.70915183223883571
  0.71994288512315052  0.73005515541667076  0.74052245162447572  0.75094276385859093
  0.76107040991922192  0.77111400895914139  0.78098984400327010  0.79121822557463195
  0.80232514055647719  0.81375400871247983  0.82488998417131054  0.83570020095943343
  0.84610967483618105  0.85652549279894197  0.86728915737937118  0.87845866432251052
  0.88882494609871987  0.89829086565851068  0.90772909902895715  0.91726838999436733
  0.92746012519523702  0.93783841919056377  0.94925576197671946  0.95993336694673681
  0.96993772159248826  0.97877944909524550  0.98936888286877256  1.00000000000000000
 -0.00210561857262349  0.00883250052108958  0.01780495885082781  0.02754705787174243
  0.03742337121423968  0.04809421559918475  0.05900343123777788  0.06931619688757748
  0.07960442666677107  0.09022547168133639  0.10131263635101637  0.11200824986091791
  0.12193361773725617  0.13261788507233568  0.14271761046164083  0.15280969833462113
  0.16273901755737549  0.17317857464158837  0.18410266612170084  0.19439480491319297
  0.20418873901146367  0.21394015517417744  0.22408291023943491  0.23441718566838401
  0.24547061494216371  0.25739092710751066  0.26906948057652025  0.28017785924200689
  0.29031829012189064  0.30030105584140254  0.31068552862372312  0.32271074964349866
  0.33522228881759897  0.34582900246449494  0.35568883364042997  0.36564592119079298
  0.37528140576446029  0.38498138755260636  0.39428472556341299  0.40466914084246941
  0.41525205842245011  0.42599961820824195  0.43697371574291449  0.44892467179654966
  0.46084699176507304  0.47245442827430062  0.48348219065634745  0.49447287144173069
  0.50470931182464751  0.51580847178302280  0.52662534003592631  0.53885002517354175
  0.55029282587139339  0.56150139593228388  0.57230541354742659  0.58304566220727261
  0.59345049051700061  0.60396737510668563  0.61428056173058287  0.62489740815290451
  0.63606557144693665  0.64792501575636985  0.66013596065596325  0.67185716547970697
  0.68270725246335018  0.69284492411513232  0.70261503275034431  0.71168877755257454
  0.72145668172261579  0.73239948410046996  0.74386440016695887  0.75534570642577248
  0.76629325357959488  0.77748735429952087  0.78825313136610986  0.79847911212445499
  0.80908106007871727  0.82066856739745075  0.83276702974461636  0.84460254823842784
  0.85579206947884678  0.86644153206429686  0.87683595106061407  0.88682852930382905
  0.89636957576474641  0.90608857272193444  0.91635492149685116  0.92703136966828847
  0.93756325374740268  0.94687986412456893  0.95630669978526950  0.96620054081877604
  0.97540722209361574  0.98324957313475236  0.99114676001258872  1.00000000000000000
 -0.00165434422915979  0.00741394420068606  0.01576616713133447  0.02494044635837018
  0.03512939458583057  0.04626792101439500  0.05808207888227782  0.07060317743872759
  0.08429372481355958  0.09472195313197253  0.10491790908346170  0.11489144673401826
  0.12488753674314529  0.13494350276132466  0.14502264147676633  0.15534846164045077
  0.16572797875561990  0.17644061808711298  0.18737939033541670  0.19845539575706583
  0.20957036580888827  0.22102516303051184  0.23283738363680886  0.24425511418893267
  0.25448361359550054  0.26384236681439016  0.27347153438711058  0.28345415566933108
  0.29359464886966913  0.30343866530711811  0.31288161029099193  0.32319759784185920
  0.33359000934373761  0.34457750376813545  0.35641647629797152  0.36867505461198197
  0.38044652065722984  0.39208113366639941  0.40358729059996301  0.41496376295569465
  0.42477910732233065  0.43385227651633995  0.44302280213659756  0.45212425869799278
  0.46138266632492064  0.46992023370679925  0.47829780835017710  0.48821238600892103
  0.49899511145429537  0.50935151923274657  0.51918617415472779  0.52943966431702716
  0.54051588595603794  0.55181069317247833  0.56282096772957191  0.57295433985313893
  0.58208470459275119  0.59134075016534227  0.60137821031796268  0.61204780827237326
  0.62253015526915900  0.63278960505471837  0.64318101758065716  0.65375846548601546
  0.66452252846165638  0.67558437150741335  0.68719719996353312  0.69910521190357267
  0.71087887129146954  0.72259388910294264  0.73348486279556591  0.74425989175011698
  0.75456168550350522  0.76449980230484671  0.77460230402703789  0.78475303307259103
  0.79468276926783810  0.80467096442873209  0.81474667192505534  0.82507890371170489
  0.83564177112688354  0.84651632087585671  0.85758713215590654  0.86866349046180524
  0.88026549073722216  0.89210001898788083  0.90339738552702387  0.91439934365202380
  0.92545100774856337  0.93688176758868957  0.94775972640827366  0.95864502210955260
  0.96859554051086028  0.97926297124594319  0.98943599596133969  1.00000000000000000
 -0.00087927945688704  0.00352766997609837  0.00770174879233324  0.01236472599906192
  0.01705859811952096  0.02178997983730419  0.02683381749947689  0.03213968498684607
  0.03752167280580254  0.04311443454876854  0.04894249856333215  0.05463297744015248
  0.06001871046784763  0.06682659992949004  0.07373344973047224  0.08106764281561171
  0.08859479104327046  0.09616484797749474  0.10407012728019847  0.11182847558179029
  0.11988871929678539  0.12861485790448240  0.13803788630125327  0.14783294876152320
  0.15799129412774723  0.16841551587622083  0.17838421309604102  0.18825601296879513
  0.19908438907718726  0.20898559761724797  0.21787466608733061  0.22828435465830141
  0.23903421659889240  0.24980177225539427  0.26215673230041153  0.27608684694920022
  0.29087975650516112  0.30636072661774572  0.32246902968016811  0.33886971634609370
  0.35533892212932061  0.37308754662220461  0.39312574446779380  0.41440824044929081
  0.43615773796155194  0.46046818315378468  0.48519342795424242  0.50844080757188082
  0.53077992143670938  0.55275537150984067  0.57383130579562480  0.59404482245397550
  0.61362135859225619  0.63234833275942426  0.64985205031623372  0.66662735965532649
  0.68215631871138060  0.69698887482391503  0.71093633402091072  0.72437472893552746
  0.73727741422529314  0.74973443778642346  0.76172571334379824  0.77320728076505640
  0.78419387776061866  0.79471385635583014  0.80479416008576488  0.81444609009776991
  0.82358068129377182  0.83229009610141247  0.84071215343933547  0.84892142044810370
  0.85694987793593247  0.86476968591621806  0.87247687781281202  0.87994474914020826
  0.88711376170542577  0.89392959986926801  0.90053712532133146  0.90711021094709487
  0.91367744744758217  0.92021302148528750  0.92667899060674408  0.93298977887789225
  0.93909173809657309  0.94504077640062167  0.95089599721857587  0.95668486478027581
  0.96235989947894163  0.96796363170339317  0.97360260049068192  0.97911091715335052
  0.98449394082637287  0.98973420310543514  0.99490764391173137  1.00000000000000000
 -0.00242282621563764  0.00922329471470359  0.01866960598908684  0.02898993768811672
  0.03969200149339121  0.05044939763387477  0.06212169039788867  0.07383592308791023
  0.08604684813768625  0.09811049699749744  0.10980505841975025  0.12102852800785724
  0.13188590287363852  0.14267064180391287  0.15388940955554409  0.16552727337476802
  0.17710303467337182  0.18824278264714894  0.19911509445141889  0.20992964837025740
  0.22065638001738622  0.23152799291243223  0.24280031509166122  0.25426580834449009
  0.26537804176349350  0.27622519224816972  0.28725776253521840  0.29866596705519172
  0.31015461076228262  0.32100786089461070  0.33126093906274579  0.34148452050772454
  0.35191530088380174  0.36276506215455673  0.37394002191042758  0.38521914540658631
  0.39616366028904382  0.40642381908782849  0.41564083074875763  0.42407301388681029
  0.43260094549458861  0.44175023142785314  0.45099260061721952  0.46055662203561620
  0.46980216704570138  0.47896264156177254  0.48894472535150779  0.49927304742571238
  0.50931028463898442  0.51918074477968401  0.52941918396809229  0.53996487237825952
  0.55040705500185694  0.56112167601818008  0.57225945824901125  0.58385569152155370
  0.59552376296734211  0.60675153322470643  0.61766268561231763  0.62850814297394364
  0.63967603043128496  0.65114834683189637  0.66219062629982406  0.67328712226706422
  0.68472233299434226  0.69601568041475814  0.70652884728807097  0.71597896910522951
  0.72532177023154443  0.73454764803450512  0.74397278849750403  0.75322882793053736
  0.76263110676187706  0.77205565043261126  0.78125456418722816  0.79062044407311738
  0.80057237180968954  0.81079577232988997  0.82111315389086781  0.83132760810800910
  0.84156876554410065  0.85149595556898372  0.86305841802425320  0.87378072247782423
  0.88325342934665141  0.89272122514272534  0.90214277640419249  0.91290381844414958
  0.92378616327435903  0.93459695673519572  0.94558818064778327  0.95604987836731892
  0.96759950605874667  0.97864890554243800  0.98980988757642563  1.00000000000000000
   5.5184848982209901E-016  -1.0000000000000000     
 F F F F F F F F F F F F F F F F F F F F F F F F F F F F F F F F F F F F F F F F F F F F F F F F F F F F F F F F F F F F F F F F F F F F F F F F F F F F F F F F F F F F F F F F F F F F F F F F F F F F F F F F F F F F F F F F F F F F F F F F F F F F F F F F
  <DiscreteSampler_grid>
  grouped_processes
  1 # 1 for a reference and 2 for a running grid.
  10 # Attribute 'min_bin_probing_points' of the grid.
  1 # Attribute 'grid_mode' of the grid. 1=='default',2=='initialization'
  0.0000000000000000 # Attribute 'small_contrib_threshold' of the grid.
  0.5000000000000000 # Attribute 'damping_power' of the grid.
 # binID   n_entries weight   weight_sqr   abs_weight
    19   10   3.526059325030975E-012   5.276793704421664E-023   3.526059325030975E-012
    22   10   5.817047087218402E-012   1.247424156187001E-022   5.817047087218402E-012
    25   10   8.190112178987038E-011   9.419793199713001E-021   8.190112178987038E-011
    28   10   3.889914403347705E-011   3.976576386992698E-021   3.889914403347705E-011
  </DiscreteSampler_grid>
