 -0.00000000387804935  0.00000158143047208  0.00001205816187724  0.00003586378485003
  0.00006993479901769  0.00011524651651474  0.00016866087392128  0.00023142984357338
  0.00030099049413600  0.00037360681844446  0.00045230225489395  0.00053953525485916
  0.00063819557984160  0.00074309381345338  0.00085302820775147  0.00096752658276756
  0.00108506231888534  0.00120011675810402  0.00131315384992663  0.00143602501546346
  0.00156515343905014  0.00169699821896624  0.00183166747309208  0.00196973008872677
  0.00210593893523902  0.00224234439819810  0.00238573632813858  0.00252526374215329
  0.00266150207754351  0.00280073105265026  0.00295174957621381  0.00311477869957918
  0.00327476004531383  0.00342927341037533  0.00358034108820492  0.00373196466080376
  0.00388900576335373  0.00405721500310403  0.00423225251677335  0.00440702474693853
  0.00458501906941097  0.00476909522404578  0.00495362583294417  0.00514429526310478
  0.00534786608522626  0.00555231587550810  0.00575167573508040  0.00594649307602357
  0.00613973711187363  0.00633017802861064  0.00652216274529875  0.00671368966162153
  0.00690253658379053  0.00708841916511439  0.00727192979339420  0.00745225016811345
  0.00763656284168110  0.00782306118802201  0.00801122564363634  0.00819840493245979
  0.00838402547431769  0.00857156423665850  0.00877158494032134  0.00897274766854344
  0.00917087975590614  0.00936387795380368  0.00955536666503101  0.00974527007101591
  0.00993021610227412  0.01011135143890925  0.01029459640831136  0.01047321781203939
  0.01064850913809404  0.01082574499474948  0.01101125505566599  0.01119311802381517
  0.01138925124135446  0.01159907326884502  0.01181477111668841  0.01203793078116863
  0.01226747021124347  0.01250558378247070  0.01277538158291727  0.01306209392867097
  0.01342082172448798  0.01391828604727718  0.01491279142190513  0.01652642329932646
  0.01781166256734511  0.01910561310244504  0.02064001340646685  0.02260256995740852
  0.02534148352312188  0.03175399308248027  0.05061777304336371  1.00000000000000000
  0.00936827525466166  0.01613200501669763  0.02712546776444563  0.03954883089778455
  0.05082725610519584  0.06145664643699006  0.07265711162839089  0.08368318249242879
  0.09433740192484058  0.10480866100602182  0.11552998054590523  0.12637097502287989
  0.13662241720619311  0.14719752979795164  0.15833202847561423  0.16935980567409215
  0.18024458852335792  0.19075490604113440  0.20099296208600276  0.21148867646714006
  0.22244726835132822  0.23326097006367363  0.24349179480393318  0.25373623067701789
  0.26379018097111551  0.27373901645964094  0.28287684410345870  0.29276304804798153
  0.30358711332977217  0.31455798541483898  0.32512268049032889  0.33570909002112137
  0.34611584128813033  0.35704389041328355  0.36679728139611262  0.37832464492189671
  0.39072429495101957  0.40172190404322411  0.41163229458162631  0.42198925867079873
  0.43186545737245324  0.44136842829082312  0.45054264877907574  0.45958122216714792
  0.47041321545047293  0.48069430013410908  0.49134728470145766  0.50212523892336480
  0.51347131782199484  0.52463548585084474  0.53528179846290058  0.54570864517638573
  0.55607517050489530  0.56623739613478663  0.57627828725318353  0.58623427496539882
  0.59658481311708100  0.60734990766843222  0.61855716343818012  0.62962073368786187
  0.64080964011510222  0.65281881306074918  0.66493271244289920  0.67576497817059478
  0.68612283720053946  0.69669854500713124  0.70709833641688502  0.71740031785693614
  0.72725686067640938  0.73749577300175739  0.74810909838390505  0.75987077768298383
  0.77076946113388944  0.77922149528565776  0.78719086344013223  0.79514256382746307
  0.80305805789189555  0.81111810566538700  0.81892785070695118  0.82646165745063638
  0.83461853392354690  0.84464026646138513  0.85541301782305990  0.86614537975071637
  0.87693003476200637  0.88805003019746720  0.89996576748244839  0.91228527606766341
  0.92416385746675012  0.93584688529910010  0.94776266573817425  0.95933446877743556
  0.97010610803876640  0.97994830944708888  0.99117308933850878  1.00000000000000000
 -0.00002115657628290  0.00025380119855155  0.00073550765717900  0.00147142942430143
  0.00254088660964361  0.00387230379828036  0.00543672405563421  0.00727324841241322
  0.00943261679167820  0.01174770997688221  0.01401561497297457  0.01662024233103722
  0.01975706789279800  0.02307317414792421  0.02629653621281667  0.02954314720805417
  0.03316012809933247  0.03677167486866113  0.04057056649395995  0.04466961701082023
  0.04917681094369597  0.05373042498639480  0.05847990388741350  0.06331537112913319
  0.06822558442884853  0.07349417883671315  0.07894756034998554  0.08425855097483495
  0.08928652315102346  0.09422825361582206  0.09936888898376602  0.10466215843930712
  0.11005414137111051  0.11536346334609240  0.12104781962485252  0.12770644494281683
  0.13485639304925093  0.14251446397572412  0.15023744195733552  0.15777819371494795
  0.16537925031778258  0.17317636033374237  0.18103084707165515  0.18940109123500209
  0.19804524583642619  0.20697657605332073  0.21633813380264388  0.22577342887849966
  0.23496428308669659  0.24409592440484112  0.25305474776746434  0.26182931594780923
  0.27051551527720363  0.27928623756193099  0.28821274110221584  0.29727178420919864
  0.30668584445748021  0.31711575054188545  0.32830846714504652  0.33993619141052628
  0.35194078120822536  0.36428033604195914  0.37691221351153803  0.38980450674945216
  0.40293604121836202  0.41648707138584495  0.42976787121334786  0.44301136019867737
  0.45632717061715838  0.46989222042707662  0.48401190848554682  0.49944542295168448
  0.51535154752018686  0.53155890646618031  0.54783714436481146  0.56415141423430004
  0.58089533181030439  0.59930890857495089  0.61827593340719389  0.63692918186598746
  0.65489336425340194  0.67274992179171811  0.69136802855832080  0.70983812548043745
  0.72866325436738066  0.75130894570380669  0.77429659740719359  0.79698877710886862
  0.81985666766707110  0.84429830957943441  0.86955041571884439  0.89427370507905402
  0.91697210813067986  0.93763482282277355  0.95632451002797036  1.00000000000000000
 -0.00243732162235179  0.01006735440937459  0.02086828695305446  0.03220701249029201
  0.04385547168847541  0.05566671692079067  0.06696503924836515  0.07786370498420922
  0.08907033290699294  0.10070468322940966  0.11227279228577031  0.12346263916689051
  0.13450576178698662  0.14518766306049696  0.15588705370311731  0.16660490203895886
  0.17793541541160238  0.19117563603323620  0.20503663317580970  0.21817511452330252
  0.22980438646348367  0.24047835721274022  0.25077282016465008  0.26048423077128335
  0.27004085242117409  0.27965712566713241  0.28911361845228872  0.29933642512226538
  0.30899048468573814  0.32002514398571097  0.33130375284474489  0.34337963478902406
  0.35490380383758391  0.36636793821966102  0.37782947235928926  0.38896172983790539
  0.39930900095106237  0.40837943502026924  0.41748285074052061  0.42675586507518820
  0.43624510543203915  0.44636145717136794  0.45596786003726225  0.46763878388793245
  0.48016135728970211  0.49356739912947994  0.50689080198818681  0.51996953789955092
  0.53238787206770688  0.54370964704197489  0.55363654277817687  0.56309801766924883
  0.57250524677366366  0.58184923362053842  0.59122577536676391  0.60085468038717071
  0.61167913265054230  0.62321498621364435  0.63337195915761380  0.64328515910579354
  0.65299615086942198  0.66216767726312309  0.67109495737528613  0.67998638929830468
  0.68970780942938981  0.70061381924320121  0.71129404943245955  0.72122513220602802
  0.73075708899299796  0.74034536160223885  0.75028073510599902  0.76036326009992128
  0.77029481534454425  0.77991393762956807  0.78933840755366391  0.79873523923564127
  0.80845936275622310  0.81882676390781362  0.82967730169457066  0.84077461822864386
  0.85194787777406500  0.86311795219786303  0.87383096755183531  0.88356119522435062
  0.89303920179539042  0.90310101734917203  0.91329552462291830  0.92295526512926118
  0.93245305779892751  0.94240310501714086  0.95288830745545106  0.96283088677537154
  0.97232771311419497  0.98156956490274860  0.99083158189238751  1.00000000000000000
 -0.00307138838263736  0.01117118694107501  0.02290298980202063  0.03429320710708284
  0.04581212211653067  0.05728734153162129  0.06826758403123816  0.07876253912466419
  0.08938882445450894  0.10029204198366398  0.11097452623870666  0.12149160933203665
  0.13240273146198173  0.14347194665488985  0.15543538453771810  0.16718891078236278
  0.17819008469126865  0.18927636329061545  0.20004150629437706  0.21109471454671525
  0.22193581415966954  0.23249949735606246  0.24308023063885151  0.25346318267854029
  0.26430847031241012  0.27544011977927435  0.28731288781885322  0.29894057079791170
  0.30944666647150970  0.31888541799858883  0.32813741234734317  0.33812062679266008
  0.34809700195518301  0.35831421478291908  0.36906694901363235  0.37932688374294671
  0.39109279228096216  0.40141665349504302  0.41177381595602824  0.42167162677878006
  0.43200395369589445  0.44228399595424406  0.45317772277568336  0.46376703861709145
  0.47394965106834930  0.48451731613851523  0.49468774426700363  0.50453431658480752
  0.51390330411930885  0.52361882385331660  0.53484948176804947  0.54483358972540696
  0.55430090922943198  0.56433558481221202  0.57500977532776587  0.58577432267445351
  0.59580861003677477  0.60606519997602470  0.61623513053076706  0.62598233636108158
  0.63553357799193877  0.64543807128304875  0.65597791468583577  0.66641909185403381
  0.67652344929433084  0.68716115641097264  0.69850779367221050  0.71098888307190422
  0.72387319077443502  0.73654987513334280  0.74824610701249328  0.75972953198201387
  0.77082918638011988  0.78124831159291319  0.79126746477174925  0.80078875521073090
  0.80985638229143875  0.81884006194049819  0.82808142686531727  0.83829345552811696
  0.84862725338578282  0.85994391468075204  0.87131434175696876  0.88122127949328022
  0.89056733113273301  0.89950610972094835  0.90815369214743191  0.91681245622560781
  0.92548708847842442  0.93431536083691502  0.94386909159624688  0.95347946345963941
  0.96408927049412041  0.97712222865131082  0.98876637485741004  1.00000000000000000
 -0.00270896138912811  0.00926392782262119  0.01991683647269268  0.03061155315736844
  0.04117740025102986  0.05171304651190971  0.06238100341850666  0.07306986282818080
  0.08376498821108332  0.09387319670154649  0.10353386882339712  0.11358019338442198
  0.12379984464256967  0.13404848943206768  0.14465740019694903  0.15556550448014003
  0.16626368979460507  0.17622168833925819  0.18625809392103165  0.19673393424028193
  0.20811378203563133  0.22024082362670261  0.23090677704250259  0.24020791338588190
  0.24933583048467772  0.25950366113767176  0.27075778490068536  0.28179371756746041
  0.29192816256089010  0.30400760917331582  0.31555449528297963  0.32541841008206096
  0.33628459944303091  0.34673902057816036  0.35703967255339752  0.36660526710771640
  0.37637530006889208  0.38658237983034410  0.39685733407526586  0.40763430917591742
  0.41772176623825241  0.42958523579542807  0.43952233836105836  0.44883855842029780
  0.45830647470265001  0.46764831365411408  0.47681781917931576  0.48609495624136478
  0.49525622227690519  0.50626517975498786  0.51802894135958788  0.52957342533199059
  0.54057239768502319  0.55164294912703904  0.56281948930490600  0.57397518975004835
  0.58547766731695905  0.59678194583084887  0.60787028182531033  0.61769751251989624
  0.62760610235428582  0.63775488174076633  0.64815798411074310  0.65872705642230878
  0.66956314045929199  0.68026117481432646  0.69066011729468590  0.70092407631415554
  0.71106861870126126  0.72126570513848420  0.73166918988875740  0.74256798748556641
  0.75360299191309399  0.76391596152552899  0.77380813778196866  0.78312997806965978
  0.79271602700932342  0.80268106200575018  0.81258074385857371  0.82229086875986523
  0.83221089296376793  0.84294563646281306  0.85402144063055518  0.86492736397302339
  0.87632108913046536  0.88832334987027151  0.89994163706526109  0.91099500659770016
  0.92210516307956336  0.93343216964825082  0.94464554425912139  0.95579159745649878
  0.96703369009497631  0.97786399575439109  0.98902848003568633  1.00000000000000000
 -0.00240244483167909  0.00968458649374085  0.02017836708149297  0.03008369877006941
  0.03963554664596836  0.04915460893012598  0.05800527931552264  0.06739591235797174
  0.07710944390978011  0.08768109425963254  0.09888313739319281  0.10986647282686646
  0.11972364741291838  0.12950682743934222  0.13946647913463517  0.14959216810145548
  0.15904337061964935  0.16829720666519024  0.17756151197742515  0.18684104379402086
  0.19638766830897200  0.20607763182955002  0.21557655636017023  0.22506613215341370
  0.23524278212219352  0.24566050817032067  0.25556088436326596  0.26521527278622553
  0.27621705440666727  0.28851155254144867  0.30070869869665995  0.31221015869219854
  0.32306512506141172  0.33400143145224365  0.34457887772307044  0.35475913987623880
  0.36501724121878198  0.37562571155514068  0.38655768109015548  0.39764644776438246
  0.40898459996015207  0.42015145093440848  0.43094208398759781  0.44177267260937719
  0.45309546731133626  0.46450433872462410  0.47604287351747243  0.48762277539415327
  0.49863727421364029  0.50967516411128466  0.52024956313191295  0.53034911131996976
  0.54039572369221789  0.55094303077720885  0.56138199394910915  0.57196416876013934
  0.58237526639889770  0.59395179719930535  0.60628409354819213  0.61983785676241254
  0.63189028824250670  0.64321340832425866  0.65319413682297767  0.66259964808904193
  0.67227950646028367  0.68211196712082423  0.69203413614916620  0.70175692356696673
  0.71219652649121978  0.72336427372593970  0.73386733880123423  0.74380500575011654
  0.75334010374729909  0.76303971444079732  0.77292526635395842  0.78329492500566111
  0.79424937874456258  0.80593486483116705  0.81805775888461985  0.82985050935585758
  0.84192450987002387  0.85383968251827647  0.86543012833265986  0.87654490078743463
  0.88748500729916391  0.89863852719489579  0.91030264009324402  0.92134195937384800
  0.93147419188702585  0.94130070581509884  0.95160700137785004  0.96183665379535632
  0.97169780041378651  0.98118288411392263  0.99062983122766946  1.00000000000000000
 -0.00291724542131348  0.01004425126145321  0.02107913312027087  0.03163926163525303
  0.04249811994758283  0.05347766645110884  0.06488646552426869  0.07654545250777774
  0.08813632752816505  0.09939300928085532  0.11043245250221195  0.12136871570669854
  0.13245270031458073  0.14351602533231628  0.15447739327593657  0.16518582274801463
  0.17492121890925461  0.18407632208709065  0.19337205021437762  0.20336974223749874
  0.21426450003911854  0.22510428987162989  0.23583184052042303  0.24648323054437529
  0.25727328467620203  0.26816623595332900  0.27875358988383431  0.28903639066159226
  0.30049602854674018  0.31209441609432492  0.32312640061725739  0.33344016985415342
  0.34362440987233545  0.35399142492371910  0.36457216625241373  0.37676982511470769
  0.38854327796132859  0.40081987650591555  0.41276301442579699  0.42414845074024687
  0.43517095821763929  0.44574417679805289  0.45641417376046878  0.46788251607275966
  0.47915069557276191  0.48911006304210031  0.49831497308387379  0.50755197750888625
  0.51693229733014467  0.52632170895756725  0.53564633627247948  0.54564329224920316
  0.55659050290053336  0.56715151837436484  0.57740961899419341  0.58692159373921560
  0.59572065698686072  0.60418729073064892  0.61316286345509186  0.62156800937397727
  0.63021952793615044  0.63922845428391728  0.64909809051112033  0.65985953868732339
  0.67018329140136546  0.68018665924679989  0.69050225574028079  0.70110899072638910
  0.71223181062866125  0.72344405818115709  0.73421478983866750  0.74425119035097476
  0.75441855240773481  0.76448561439060103  0.77433037672824723  0.78421256069025103
  0.79399583550855624  0.80512807084773086  0.81675205577530496  0.82858422357444084
  0.84007847156044846  0.85112040389846932  0.86216273516481334  0.87347768145164051
  0.88525270885084206  0.89715850760175875  0.90829062148430006  0.91846508834045004
  0.92781222915088801  0.93768486788630423  0.94785616325126543  0.95754492670957247
  0.96787172397280175  0.97857178838513847  0.98923835054037290  1.00000000000000000
   2.4725185913673053E-013  -1.0000000000000000     
 F F F F F F F F F F F F F F F F F F F F F F F F F F F F F F F F F F F F F F F F F F F F F F F F F F F F F F F F F F F F F F F F F F F F F F F F F F F F F F F F F F F F F F F F F F F F F F F F F F F F F F F F F F F F F F F F F F F F F F F F F F F F F F F F
  <DiscreteSampler_grid>
  grouped_processes
  1 # 1 for a reference and 2 for a running grid.
  10 # Attribute 'min_bin_probing_points' of the grid.
  1 # Attribute 'grid_mode' of the grid. 1=='default',2=='initialization'
  0.0000000000000000 # Attribute 'small_contrib_threshold' of the grid.
  0.5000000000000000 # Attribute 'damping_power' of the grid.
 # binID   n_entries weight   weight_sqr   abs_weight
    25   10   7.588464741991730E-008   2.328525648133578E-014   7.588464741991730E-008
    28   10   1.259403698092409E-007   2.690151157898386E-014   1.259403698092409E-007
  </DiscreteSampler_grid>
