 -0.00000000413834625  0.00000176724868888  0.00001237574875648  0.00003323450358394
  0.00006670535148243  0.00011058701288167  0.00015985954663401  0.00021771543583857
  0.00028665147522583  0.00036330348542212  0.00044371410709992  0.00053182770573052
  0.00062372675174279  0.00072390719007991  0.00082829896667857  0.00093782823467586
  0.00105100632167564  0.00116822134212697  0.00128416059053110  0.00141066936724144
  0.00154219761843288  0.00167072390185353  0.00181093392820234  0.00195952153945210
  0.00210303851521692  0.00224030041646791  0.00239642858529860  0.00254962636477697
  0.00269900504699148  0.00284475501791606  0.00300387191269704  0.00316839536607300
  0.00333547320142896  0.00350621453259684  0.00367799385985261  0.00384877021644531
  0.00402371524619693  0.00419548250570286  0.00436381912243190  0.00453003267948319
  0.00469748402503344  0.00486221086788920  0.00503927015652177  0.00522822557293884
  0.00541933140373253  0.00561181811227329  0.00580647461511915  0.00599680719521420
  0.00618748140459492  0.00637335684447703  0.00655875367803191  0.00674553745235575
  0.00693061067530361  0.00711565522289202  0.00729857291469416  0.00748009990161465
  0.00766510314150413  0.00784723402377750  0.00802523726241807  0.00820070652957589
  0.00837407881024574  0.00855703894781647  0.00874791802333320  0.00893840047043044
  0.00912687153859368  0.00931228552247937  0.00949270426336461  0.00967280302659149
  0.00985229612267521  0.01003076923200687  0.01020726241371233  0.01037903098864771
  0.01055058570454911  0.01071615498525435  0.01088677386489004  0.01107826034570638
  0.01126700851868401  0.01147199686351382  0.01168984796992865  0.01190951364453428
  0.01214304192932979  0.01238814292745623  0.01264778043139487  0.01295208205676590
  0.01331108152426388  0.01376579284073768  0.01452081712890945  0.01606081758139617
  0.01744153921651746  0.01861723821932314  0.02022761998072138  0.02244197981988122
  0.02520791254516162  0.03196517292909578  0.05066951804483682  1.00000000000000000
  0.00988006903147494  0.01476592823419603  0.02313478614710148  0.03264826989954711
  0.04254638395357892  0.05235733511524137  0.06241334032479684  0.07311320801361526
  0.08431753072433701  0.09563772648440751  0.10708762865080165  0.11817153968874851
  0.12894782602562352  0.13972491032620546  0.15002533950730529  0.15981666292957902
  0.16942666273683057  0.17919357648250428  0.18938046311588000  0.19980809741190822
  0.21046655241818138  0.22165586146185939  0.23327292670862296  0.24520799741671642
  0.25725202007678277  0.26876389215460367  0.27943954563680679  0.28931267711176156
  0.29908080123819053  0.30869619305137791  0.31814516818269795  0.32741510398718277
  0.33704067048572794  0.34682687594587869  0.35630665926203747  0.36675926442732076
  0.37746110302640840  0.38906330923992261  0.40075612666198884  0.41223907692227379
  0.42372683478734052  0.43506729183954057  0.44615682577836252  0.45712225394329109
  0.46809532389899267  0.47893608103526397  0.48950950780996244  0.50028707484512425
  0.51185493104152857  0.52391634718667812  0.53548573003287614  0.54607495705187159
  0.55587574805833784  0.56563760088303239  0.57564805310971978  0.58588754052596403
  0.59677382128511880  0.60759074675399005  0.61786230714388379  0.62820592529199448
  0.63871640331219104  0.64918765910964915  0.65940657342195119  0.67001775083354520
  0.68110520294197441  0.69220350792290108  0.70319812565425677  0.71371927386905698
  0.72300003768378807  0.73252896301852588  0.74255000049113640  0.75256806477316662
  0.76260061325059036  0.77304458457973546  0.78379122614611674  0.79435827835443096
  0.80481310885600910  0.81533132633397865  0.82587499519405405  0.83693151097742446
  0.84867820710639319  0.86064585744379296  0.87219870537972921  0.88281237646147637
  0.89236970508705338  0.90183816599307276  0.91098683931260005  0.92027588955140194
  0.92935987773265549  0.93853377886547174  0.94821241339433737  0.95791330827850840
  0.96784442889020816  0.97809506073211128  0.98889514288274916  1.00000000000000000
 -0.00002199771611277  0.00026626737234420  0.00075638726662864  0.00149425341584381
  0.00257475865833711  0.00393907597718794  0.00556253084743354  0.00739067380750932
  0.00947408622387815  0.01178597116381862  0.01433895104429454  0.01719188688859613
  0.02028797213724240  0.02359115258832248  0.02678387695679493  0.02992749169144880
  0.03320433394578250  0.03665499953300344  0.04042207096934967  0.04458967685140464
  0.04916776287962053  0.05361850785089042  0.05814746908902649  0.06298395629453922
  0.06825671392824637  0.07370900331875768  0.07934491544749925  0.08520551728242444
  0.09108368873393556  0.09723056232473867  0.10372104324934177  0.11056138695301466
  0.11764390870188617  0.12472479989384717  0.13178682072560213  0.13899784040065677
  0.14623015499392317  0.15369131759566937  0.16124170696661205  0.16886299329935159
  0.17664085725651837  0.18425817776403233  0.19185945154043593  0.19970592708165799
  0.20769449560154188  0.21586232344260997  0.22405907979960052  0.23211649060537010
  0.24006874813831255  0.24806295114220439  0.25657100952998158  0.26552240004812266
  0.27469598039910725  0.28375557236191307  0.29262097376925000  0.30137632844669154
  0.31067256275726246  0.32048741760959026  0.33064447117080215  0.34107077557027632
  0.35201416438142197  0.36350676553906491  0.37516925610864099  0.38788994665329030
  0.40180478704731537  0.41619039135681074  0.43048864363499267  0.44458320618205788
  0.45875132568305954  0.47318862424235619  0.48801060565087945  0.50374804915520888
  0.51978761421228192  0.53607880076389591  0.55262766271774821  0.56936284749892330
  0.58650984390175909  0.60440177127382788  0.62286104562261757  0.64098810631441572
  0.65931565791829350  0.67802974956514095  0.69692671469676215  0.71608392521988051
  0.73608945819385596  0.75740646351951846  0.77893657253073301  0.80128317634398694
  0.82471990098626524  0.84894770707468348  0.87307967944641063  0.89695749272946512
  0.92140799781257021  0.94376452654632403  0.95792814866941955  1.00000000000000000
 -0.00279910031368963  0.01159833340288693  0.02316105184419301  0.03383066286053024
  0.04539890986123983  0.05711538112774294  0.06869009167946893  0.08008489922805109
  0.09182441929506012  0.10411693442452101  0.11636758425927306  0.12883260236866687
  0.14151834981660444  0.15473580541570073  0.16793268533645167  0.18042743183712517
  0.19285483577050080  0.20494062015746070  0.21692811160813749  0.22903683861192028
  0.24161784474921530  0.25362250050372526  0.26467674848805622  0.27522349529598050
  0.28558379762505609  0.29570804214162105  0.30554524307452374  0.31548638682883173
  0.32622727387894296  0.33685297137632098  0.34704270319338659  0.35702309201390575
  0.36739423729017323  0.37781080905167974  0.38792586658611738  0.39811982682914920
  0.40890332439164190  0.41983924678362916  0.42994069647155153  0.43991482188072334
  0.44989888450653387  0.46001880452931015  0.47029097781113999  0.48075109411958727
  0.49196811872779506  0.50305258241272222  0.51472727649220440  0.52503513988258554
  0.53524940397932408  0.54544332094966064  0.55574355578309764  0.56618592870520945
  0.57685657465788354  0.58790785879506979  0.59868433218704797  0.60993383203627560
  0.62147457392590455  0.63275179444904595  0.64343900785124863  0.65348450696283944
  0.66337931593457833  0.67351490756820065  0.68413097929964706  0.69411042642320375
  0.70335168584632379  0.71199762438467018  0.72016224480371982  0.72860722750243800
  0.73720766152669182  0.74580517493652598  0.75462210661084006  0.76370174307038385
  0.77351888527054324  0.78433357488235089  0.79475092816178095  0.80360518658970770
  0.81218232329792828  0.82074530724721650  0.82949026656052194  0.83866943598672128
  0.84835445800791809  0.85897248814162508  0.87017473179211313  0.88057788711361185
  0.89031377237797216  0.89986764035871536  0.90941793421748851  0.91921802807142006
  0.92948113837458846  0.94010403939493048  0.95035817473128448  0.96059083035447557
  0.97087480570784568  0.98092523083535588  0.99048810833158196  1.00000000000000000
 -0.00225951198739083  0.00890560007798347  0.01841610798076381  0.02786523940816502
  0.03702052044576912  0.04610692314726948  0.05513112061715627  0.06451859828671033
  0.07447433366842514  0.08479169347567062  0.09569965357113540  0.10676591177443438
  0.11789070601873165  0.12897500261431050  0.14041269283617297  0.15117210085331084
  0.16142522182012067  0.17177746771756780  0.18208425069061271  0.19221745283307626
  0.20205012778757381  0.21174947895531648  0.22153462501671645  0.23161844912047541
  0.24152063774761939  0.25136209748729876  0.26120296339006999  0.27118336306914215
  0.28157548626174123  0.29200845524845248  0.30257049894638105  0.31318601784336020
  0.32380427888343100  0.33456864773881984  0.34561076936098206  0.35715098746721907
  0.36917114131798612  0.38128820926145673  0.39290882507403008  0.40410811677585989
  0.41471895752058247  0.42455481036632847  0.43461591075801909  0.44493532152576526
  0.45502748676919685  0.46486885862663541  0.47471595777396602  0.48504408117222553
  0.49545083015196684  0.50616095342214684  0.51718790317800356  0.52827726426940758
  0.53921729553879894  0.54998908525238044  0.56082320466225710  0.57114290945031432
  0.58126318951950529  0.59156051323242931  0.60173496017828054  0.61202555035115358
  0.62207230236714750  0.63307330008789220  0.64446769488513145  0.65567051498969553
  0.66716986053945726  0.67914096157993997  0.69168424189699518  0.70464449268906326
  0.71754462350220816  0.73036502917149704  0.74265603169656258  0.75436393802434332
  0.76526716932490246  0.77588444689180935  0.78616971615290576  0.79638869998017758
  0.80620539002381642  0.81636503078161038  0.82655201967832570  0.83688263557629528
  0.84708334950138375  0.85790241537744771  0.86960799349825424  0.88089094934748358
  0.89147624792909974  0.90199387984614943  0.91251321771463001  0.92321130273226537
  0.93361323184585787  0.94331950595098368  0.95277429936878411  0.96248400232332132
  0.97240768371427599  0.98195419949830809  0.99104398342955125  1.00000000000000000
 -0.00234971468267983  0.00894089413603985  0.01799712075049902  0.02807201986120644
  0.03802795792064142  0.04872074111568178  0.05991457357845625  0.07042450894405375
  0.08087297731170565  0.09112529662087396  0.10234737082276593  0.11284327358916570
  0.12400433851537387  0.13374347631307965  0.14377910306941216  0.15341486566467993
  0.16248442776050365  0.17179858349114557  0.18153371689277537  0.19112352646328548
  0.20031280203962484  0.20955695470376087  0.21900072108438923  0.22857797823855228
  0.23804885506330395  0.24700213001321761  0.25748696598290216  0.26811124793735497
  0.27999795216483470  0.29195177759177576  0.30416379616807238  0.31582638173146216
  0.32673154363319407  0.33711629662134029  0.34687523934237696  0.35666907957489258
  0.36643651647916137  0.37601120765652257  0.38543318819850914  0.39504636968176232
  0.40525959495247893  0.41571600881054160  0.42599746136778838  0.43676089627588527
  0.44840791323876888  0.46031938169804226  0.47205437910629799  0.48385039242395644
  0.49581520028234832  0.50772694584029487  0.51996126318048386  0.53098338553289870
  0.54236847912932895  0.55388691728715600  0.56559711271203073  0.57753344316167210
  0.58855887891460823  0.59890871446147376  0.60912049344388541  0.61942312867031990
  0.62975335994613701  0.63966458367647250  0.64971280813589227  0.66031234771787106
  0.67072486797850184  0.68107860873489079  0.69099651060758782  0.70118112983116565
  0.71204173358761769  0.72328299180507105  0.73401493433430098  0.74393876996562780
  0.75420045079101239  0.76458816638498217  0.77477558990021433  0.78482997774798946
  0.79516169723522112  0.80592542432678149  0.81712492614839538  0.82869566683709517
  0.83996206742547797  0.85017206093680375  0.86037191512524269  0.87038155699115061
  0.88071298987886815  0.89111528867371526  0.90177345917305141  0.91244793751795128
  0.92338669883976532  0.93423608683416703  0.94471587646966915  0.95521017102431738
  0.96618795366503896  0.97783095129311703  0.98889740697846884  1.00000000000000000
 -0.00281466220198183  0.01129159411413092  0.02248811517533320  0.03432564460466583
  0.04615696361635375  0.05815655351544678  0.06997607886393115  0.08176585735505183
  0.09338830031498618  0.10511768397239288  0.11650076477318036  0.12820589197381799
  0.14002805723365244  0.15190787897073757  0.16398462962746146  0.17598752246711416
  0.18830857672984494  0.20075044189518856  0.21289574997888849  0.22491865186657284
  0.23710604372367197  0.24867212851350651  0.25878322904257062  0.26823238411401140
  0.27770280112867546  0.28704240420647831  0.29616642782653441  0.30507136756754250
  0.31416844341548039  0.32388474902191006  0.33380813585158753  0.34344771463214829
  0.35288622255932073  0.36266051841233488  0.37271391663699188  0.38297987693988500
  0.39343715095393933  0.40453030239241489  0.41559410240063399  0.42569239552715527
  0.43532189561489010  0.44495107871489559  0.45453761785377966  0.46398259309230516
  0.47339824378084272  0.48352399957212128  0.49442823365646427  0.50527004835092826
  0.51624561466749030  0.52753740707842045  0.53899010262494629  0.55036936127770741
  0.56156154847946915  0.57281347760626578  0.58379163548887225  0.59405045173942517
  0.60424511465065134  0.61475069968270546  0.62542623657973706  0.63632461987578948
  0.64757835930975494  0.66032773240428566  0.67200539282946647  0.68363439646354396
  0.69449629346651831  0.70555766546579601  0.71599328150880504  0.72620353503240875
  0.73619015550873090  0.74651701453194874  0.75648418136420037  0.76645377984349050
  0.77597275830021384  0.78573244557749355  0.79530755385870910  0.80458622155390491
  0.81369098468696721  0.82298168068649868  0.83240339255733808  0.84189179261242697
  0.85135713508041255  0.86094255703694689  0.87076633494352917  0.88086846654611517
  0.89136947304209668  0.90181032717440046  0.91213309274667476  0.92221725300956503
  0.93208308466448597  0.94175600072048393  0.95155916020663922  0.96171990342095526
  0.97177059576914371  0.98137642006005454  0.99072235592994407  1.00000000000000000
 -0.00214802873131476  0.00829698112935602  0.01757438859567360  0.02791524921629499
  0.03800676160892684  0.04949885724959938  0.06097414522221305  0.07126153554606963
  0.08088664470088255  0.09030286581160005  0.09976966904911505  0.10914038410562900
  0.11820478073291250  0.12743324331331074  0.13735501270269493  0.14798811323318320
  0.15934400867542423  0.17070825326145248  0.18145750283523762  0.19219508334205451
  0.20305842477133831  0.21375715805832640  0.22425855853154217  0.23487299150481367
  0.24657686683466079  0.25818121559464147  0.26994251660987151  0.28017910582800681
  0.28975804033497110  0.29901778928260148  0.30810056449481904  0.31756761952928853
  0.32719953944222846  0.33695605133823736  0.34688349393556794  0.35746855988463250
  0.36882268265603196  0.37997879271335866  0.39080686173385426  0.40190155408765321
  0.41290255134091280  0.42291980274423052  0.43252110290759360  0.44240349785169508
  0.45236252224887574  0.46214187322226374  0.47175842630555492  0.48158028423185345
  0.49190396281358600  0.50230195850611326  0.51237718596518689  0.52276956879811487
  0.53366651555116196  0.54466686602613279  0.55573246134107090  0.56672643674788858
  0.57767968718264617  0.58841992797544629  0.59891268400512032  0.60968353576496137
  0.62085334623553212  0.63197343420352303  0.64307278205150575  0.65445362633531590
  0.66620368815762443  0.67833694246739995  0.69051462553651077  0.70242004479152975
  0.71430173318339929  0.72597196487639648  0.73729710512958013  0.74788660980123067
  0.75774796001775735  0.76778054014689257  0.77842163202665415  0.78892307794051142
  0.79918238461366442  0.80864068578677040  0.81801260955324251  0.82797936262331351
  0.83882287068438144  0.85044069703390868  0.86183285854542369  0.87321771135176818
  0.88460908987383047  0.89578810608321280  0.90665916589390738  0.91773718204544741
  0.92922177137827855  0.94014008574236718  0.95070905211914025  0.96114402373044749
  0.97162710878881609  0.98153492218617655  0.99104099136185042  1.00000000000000000
   1.3337395487174058E-012  -1.0000000000000000     
 F F F F F F F F F F F F F F F F F F F F F F F F F F F F F F F F F F F F F F F F F F F F F F F F F F F F F F F F F F F F F F F F F F F F F F F F F F F F F F F F F F F F F F F F F F F F F F F F F F F F F F F F F F F F F F F F F F F F F F F F F F F F F F F F
  <DiscreteSampler_grid>
  grouped_processes
  1 # 1 for a reference and 2 for a running grid.
  10 # Attribute 'min_bin_probing_points' of the grid.
  1 # Attribute 'grid_mode' of the grid. 1=='default',2=='initialization'
  0.0000000000000000 # Attribute 'small_contrib_threshold' of the grid.
  0.5000000000000000 # Attribute 'damping_power' of the grid.
 # binID   n_entries weight   weight_sqr   abs_weight
    19   10   8.380795197763478E-006   2.402038689168376E-010   8.380795197763478E-006
    22   10   1.588050217678938E-005   5.197322557867680E-010   1.588050217678938E-005
  </DiscreteSampler_grid>
