 -0.00004570557799783  0.00066893620353210  0.00220302824618474  0.00415611207013441
  0.00670092711983738  0.01063460531337901  0.01315764841862624  0.01436651116509135
  0.01522568244868826  0.01601990812146423  0.01684119887972033  0.01769627923744391
  0.01855484478244053  0.01945984803985111  0.02043810446120048  0.02147183543475745
  0.02258198785861723  0.02377305828892170  0.02493738210024999  0.02605902586986097
  0.02717708396375679  0.02830554569723692  0.02942957210827666  0.03057724611265064
  0.03180020363900000  0.03308646673510766  0.03439530396129360  0.03568958167061451
  0.03702619822921070  0.03836982744025678  0.03977602728443323  0.04120162453577821
  0.04269383372798993  0.04419785981658127  0.04568746619849978  0.04718497589907777
  0.04868923647412033  0.05023175479834489  0.05179472443419626  0.05336297690808191
  0.05496453572282613  0.05666172731194592  0.05841986218678361  0.06020590429386222
  0.06200535865232528  0.06375368506379747  0.06562288858524958  0.06731891734316300
  0.06919962279721019  0.07105414265844597  0.07292248388918016  0.07479267648737559
  0.07666491000547807  0.07862399071276413  0.08063141751501889  0.08260685048689144
  0.08452146575998677  0.08639486725916103  0.08825427602568227  0.09017202881019799
  0.09226321161290187  0.09456338152260425  0.09693652653430590  0.09928882587055674
  0.10157710534912776  0.10387648296047711  0.10623827849237708  0.10867528289154893
  0.11115691752990206  0.11358199867619891  0.11602303559939206  0.11854819088918789
  0.12133901301471545  0.12432743898699078  0.12742743188205341  0.13067510685632014
  0.13410547655954111  0.13759181511862725  0.14113537097463782  0.14474407241916112
  0.14854208092057153  0.15266914975838961  0.15716365145274538  0.16203775495568665
  0.16735868833049358  0.17303245350855231  0.17907875574883833  0.18581719053867887
  0.19343921382740037  0.20329697802749153  0.21748670345783647  0.23696535309777678
  0.26429016123190646  0.30568591764537467  0.39693598677820591  1.00000000000000000
  0.00883576388286554  0.01729148891943194  0.02888876770022746  0.04055508556691888
  0.05183016092400970  0.06281903975344176  0.07399916703425637  0.08446718638836893
  0.09448613567027715  0.10399013204361195  0.11341164635329472  0.12307722445651002
  0.13327852978670071  0.14367451916925114  0.15443879342125802  0.16499693421224348
  0.17471132192462643  0.18421206746654517  0.19352239972904023  0.20299783738724392
  0.21285314209293665  0.22335243270112257  0.23431447113864479  0.24479611403245666
  0.25567478242733521  0.26687722125427826  0.27878549185609930  0.29083912425523706
  0.30303574622814916  0.31472605108972623  0.32626846502690310  0.33789964128460181
  0.35025801498027653  0.36252550148716717  0.37446294905852401  0.38536590016687988
  0.39590271442012653  0.40542422095205849  0.41439610923693787  0.42370011314513240
  0.43384451789432704  0.44431713135173156  0.45470314386480171  0.46459082078140412
  0.47471403533730128  0.48520969875804704  0.49571342506002319  0.50645769350671443
  0.51711391272807272  0.52767972555727094  0.53774987739958080  0.54822087529559449
  0.55917371567924656  0.57054472092777164  0.58259150733920029  0.59479354184566990
  0.60666760224660776  0.61838631160868318  0.62935840199709714  0.63918721472614481
  0.64815085078245094  0.65629350749008430  0.66547985008006372  0.67469014072218658
  0.68407380425223274  0.69401586357669320  0.70278920930617050  0.71135018976291731
  0.72137320891039280  0.73230871414854559  0.74335555510296814  0.75323943185391973
  0.76240065140796143  0.77186369874137783  0.78157539223523864  0.79089835993823721
  0.79983190770035928  0.80876149356902338  0.81839287478977685  0.82906794534755468
  0.83863655561088368  0.84776437819012262  0.85666149554537330  0.86606020816548890
  0.87591696107773676  0.88655390118179322  0.89781756240937005  0.90870921907986579
  0.91891297627592705  0.92860072501520563  0.93837821434862356  0.94925072931203414
  0.96116005319941167  0.97311447526110706  0.98573795678984844  1.00000000000000000
 -0.00002119177867973  0.00011538453456927  0.00023248669767679  0.00037188853729446
  0.00053256847649285  0.00070528558742365  0.00088891283992346  0.00108235728306748
  0.00126865766706471  0.00146895470005846  0.00168746691167988  0.00186557182925960
  0.00204700626726396  0.00223646316478096  0.00243717480051880  0.00264356162449582
  0.00286458852127221  0.00310464441165423  0.00334999544956484  0.00358581987780929
  0.00381719192895082  0.00405915795143941  0.00431481624351224  0.00457894220453144
  0.00483836635135686  0.00509883662805152  0.00536223523925335  0.00562822683737549
  0.00588858929858291  0.00614429502329865  0.00640352905157854  0.00666158775240761
  0.00692107792029064  0.00718535662986662  0.00745291419604526  0.00772083203745661
  0.00799099613587475  0.00824299253560227  0.00849125992199303  0.00874278341973340
  0.00900536784572612  0.00927378468930558  0.00954168383504164  0.00980594712342004
  0.01007359644639935  0.01035507000931018  0.01064416908201181  0.01090388099564447
  0.01116289246934983  0.01145443655881376  0.01176876609401513  0.01209374298062691
  0.01243633773152212  0.01274810134815036  0.01304468486999143  0.01331794831266196
  0.01360256662742703  0.01390144160744829  0.01421458937828772  0.01453551757224705
  0.01485843484692820  0.01517816036129543  0.01549517445323836  0.01580229768671578
  0.01609142235439271  0.01637033500168751  0.01664922288855511  0.01694658842377442
  0.01725934092814918  0.01757478991626120  0.01789087894506063  0.01820439123417262
  0.01851095284252737  0.01880992934655262  0.01910670561771653  0.01941247419788142
  0.01973408951944947  0.02006296282714914  0.02039972061654025  0.02073674336047557
  0.02107546703414453  0.02143751969581919  0.02179023097107197  0.02213121757217481
  0.02246053326222077  0.02278802192910671  0.02311749443475507  0.02345399990461114
  0.02380860936609503  0.02417901033147807  0.02455199077230484  0.02494242850674484
  0.02532755685067712  0.02567075186533418  0.02596717527022927  1.00000000000000000
 -0.00399634126512355  0.01368537446680965  0.02906209874767853  0.04282339531693397
  0.05592492997488190  0.06894346594679358  0.08165354430825451  0.09337551238648917
  0.10436229137199118  0.11511205599652193  0.12508272106874804  0.13458092521254214
  0.14482712575120607  0.15603680078258017  0.16701489038025799  0.17749460329719638
  0.18764073367566061  0.19820800654688972  0.20924820813714975  0.22079409390876237
  0.23252436601158943  0.24421599585288092  0.25532393839379797  0.26689678519788607
  0.27915882869346159  0.29126136257905710  0.30283469090949244  0.31397294323950004
  0.32515462452240812  0.33593664739730428  0.34593532248114606  0.35584416644791977
  0.36611206737683621  0.37663895767235794  0.38681111647703009  0.39693527627383096
  0.40727500575476672  0.41807714150904612  0.42922757604962758  0.44006131825053929
  0.45133074248961669  0.46287705600844936  0.47427838029316188  0.48555334281428741
  0.49658211835004473  0.50796780621910209  0.51933628377130991  0.53075640689418135
  0.54187226086690798  0.55265525198700294  0.56317229204912200  0.57335358626617083
  0.58353298347512728  0.59432849832901569  0.60528609189023719  0.61594288082927584
  0.62627857234374551  0.63638854372735820  0.64636937421324170  0.65577850724761244
  0.66485767068737467  0.67356919511281677  0.68197655561026371  0.69067148213803997
  0.70000879208094202  0.70834380220232163  0.71786328697276358  0.72764235990511350
  0.73769455213605994  0.74827330763606348  0.75830350102872524  0.76850388741618314
  0.77898959361182230  0.78956232826887118  0.79953845758993691  0.80931096754202869
  0.81859850399163314  0.82811353804007315  0.83741996544445696  0.84709421778007077
  0.85654841791815661  0.86615179419309252  0.87541113770461865  0.88470439181951377
  0.89407196273846123  0.90404853585684830  0.91436979716855982  0.92448053299274169
  0.93378049006556696  0.94272287916164332  0.95190583089043634  0.96188338944180940
  0.97179789577696862  0.98162512919412570  0.99086544580412639  1.00000000000000000
 -0.00228957241854357  0.00879325641323601  0.01940271276116694  0.02996462410755943
  0.04094597444350338  0.05011534701881724  0.05971311110072337  0.06941355630723758
  0.07926850190016178  0.08903513202852963  0.09843794531717900  0.10833718127536617
  0.11892155218957104  0.13001954052519668  0.14094046975159311  0.15134505746151233
  0.16098811163108304  0.17085018208207547  0.18070614837545940  0.19097546309694693
  0.20191718729512556  0.21304021165598450  0.22399552623390009  0.23510384669461104
  0.24683104162316902  0.25903516467399706  0.27147367958072099  0.28328978538542104
  0.29470894679295684  0.30626071059476884  0.31802408979958580  0.33038965151826993
  0.34227267647104825  0.35371757604848908  0.36455226845578154  0.37465847385612044
  0.38418311822736828  0.39402165776066772  0.40497817152453264  0.41759107369926146
  0.43132751890629673  0.44393508326665776  0.45581743922679940  0.46719530213874777
  0.47822461368325048  0.48877443655114194  0.49841014626777791  0.50795082612026243
  0.51716258395819636  0.52679421419742212  0.53695861296896097  0.54722420207245581
  0.55728140277940619  0.56666164189630019  0.57565386169517652  0.58509630035373272
  0.59476411380087424  0.60441826818699074  0.61396000483242974  0.62363830187502556
  0.63412291440177115  0.64498693802891016  0.65569202053752962  0.66646689385208635
  0.67730218719675039  0.68802964144010514  0.69841457021591158  0.70875687094923423
  0.71931407059295238  0.73027281520300624  0.74159806710831000  0.75268975106600555
  0.76364195344339814  0.77457867639765121  0.78538741423172276  0.79678378867254596
  0.80753239023841050  0.81751662145721860  0.82721539927239607  0.83740212634588207
  0.84830516419410473  0.85942518907123944  0.87039804814965438  0.88119610370925716
  0.89165156607073381  0.90171161591125870  0.91172226357065012  0.92198530675396240
  0.93223449482860843  0.94238147964681185  0.95250277299894481  0.96250019630128036
  0.97191605103042078  0.98084867283233901  0.99008509664442945  1.00000000000000000
 -0.00255797680129696  0.00962408548419070  0.01976909691511097  0.02894818734873417
  0.03844372862053390  0.04892783972561163  0.05857096607670704  0.06741742664141508
  0.07587032552061536  0.08490452816836351  0.09509143721991005  0.10600082629940606
  0.11701347487241938  0.12737221145818364  0.13756001480943150  0.14795393240779853
  0.15908459992932270  0.17048585141969841  0.18133891678702124  0.19202484762622049
  0.20305406344487054  0.21490261749683368  0.22730024419365438  0.24012472667942483
  0.25316139008513872  0.26566418703952843  0.27754297058924232  0.28922280364186620
  0.30065143439602504  0.31180995011397544  0.32261962479941775  0.33315673337790902
  0.34386851404754470  0.35452750702540053  0.36504820963126783  0.37495149315630127
  0.38446420963345307  0.39417370715629801  0.40417837827687925  0.41365173737124078
  0.42267726819458395  0.43221065473815429  0.44231672658103555  0.45266133357656679
  0.46314303581626737  0.47317991807411708  0.48314503254703245  0.49355846177952106
  0.50440889283621315  0.51524283338070254  0.52511881268646832  0.53437550396950961
  0.54399823699938599  0.55483120194799462  0.56558792945838254  0.57528653329196877
  0.58438755785134233  0.59375607128593089  0.60347279229708239  0.61302946987191176
  0.62284834005098677  0.63379727188106283  0.64518635005709968  0.65652644299818463
  0.66765782023148856  0.67921700665227647  0.69233826903753826  0.70558566157065705
  0.71786033426867668  0.72899787805784566  0.73957933840365542  0.74955550789489145
  0.75965026944891856  0.77044358458751161  0.78163108414024862  0.79354145622473848
  0.80545964773913525  0.81690787896606754  0.82785803686915804  0.83879441816424394
  0.84974307451911357  0.86008422157043340  0.87020501911122716  0.88090589671358155
  0.89190612040573802  0.90274323902325615  0.91326626907595843  0.92372184995643536
  0.93425395811142664  0.94412796851124881  0.95368926691892608  0.96294718443820060
  0.97217514578610953  0.98127604582581329  0.99012130833616929  1.00000000000000000
 -0.00192164560207289  0.00786152411480321  0.01643101181907222  0.02592324791988738
  0.03566050215401063  0.04596701447150385  0.05693724718871130  0.06764467879654786
  0.07815748599972293  0.08890735638817593  0.09977982876603186  0.11049601580030013
  0.12112942655098284  0.13214832940471263  0.14291863105941432  0.15387622636652265
  0.16414109853609565  0.17444623579366739  0.18488765935131768  0.19518049911365340
  0.20576936493308479  0.21612136155846828  0.22664127025252612  0.23768440992605047
  0.24829597571092385  0.25927516846497844  0.27070628288811349  0.28173419088074175
  0.29245190075345623  0.30230165747552967  0.31191480766986296  0.32106386525869812
  0.33001334070772320  0.33943372907601826  0.34901003461423452  0.35933725327281918
  0.37031875764491645  0.38135314583474184  0.39168666180912465  0.40209514986192724
  0.41268475509308128  0.42342541021062047  0.43424528587888839  0.44511630271588248
  0.45890608683817485  0.47156063486785854  0.48283041030432872  0.49344300272851432
  0.50338691082394926  0.51441445516546980  0.52611624025653392  0.53747895628541165
  0.54781685038940320  0.55814778957738742  0.56854044168874751  0.57867359303430821
  0.58838249911600204  0.59809007718909435  0.60788158380454094  0.61843451498586000
  0.62980248088168533  0.64168106322529006  0.65355372665796108  0.66514657656973519
  0.67648625957229580  0.68767729364288244  0.69867104499694033  0.70958852181810961
  0.72085356608996776  0.73239227079097746  0.74407617777850665  0.75592444572727557
  0.76787786021058224  0.77986255559690587  0.79155845271279179  0.80277838011435620
  0.81317533410418430  0.82300513614616277  0.83342718097902757  0.84413017837433824
  0.85464546776143069  0.86434233281617956  0.87351737857783340  0.88334252563579030
  0.89415319583842190  0.90534002250891499  0.91620873788244150  0.92659344320092829
  0.93700474020493230  0.94751143444509145  0.95730578227312169  0.96628814773899074
  0.97503926613101821  0.98307535631543408  0.99058479056583104  1.00000000000000000
 -0.00236176743807036  0.00886067112093964  0.01958937476260931  0.03044849384591832
  0.04093641780903483  0.05088670382440251  0.06161713401358251  0.07355517033820420
  0.08500669019117582  0.09611220680712956  0.10639784533068787  0.11736624219411330
  0.12851560389353225  0.13909891356789383  0.14951480837433581  0.15940186863412470
  0.16918551062624884  0.17949312126529204  0.18961041957005015  0.20046512752392770
  0.21155631656506418  0.22340029673818415  0.23478551677173803  0.24531663603720560
  0.25559979740340544  0.26639074927495743  0.27829300033712451  0.29035374435796119
  0.30203944030607749  0.31334520189424564  0.32459678878294179  0.33574349939979864
  0.34628408521342602  0.35817407961682796  0.36843963536977886  0.37858023543019398
  0.38902993943863706  0.39997525318425353  0.41148416496177698  0.42304465926697077
  0.43395414196161930  0.44442575505129156  0.45459359018118711  0.46438932434469865
  0.47331983539911893  0.48147298166224145  0.48961954162742694  0.49861017939620667
  0.50783459523530716  0.51690293628374284  0.52618246262515533  0.53551543016262382
  0.54474496217886059  0.55420785951938700  0.56380523712283492  0.57326452630965974
  0.58280493009853918  0.59307762267922159  0.60394548999643904  0.61453803198052204
  0.62459143780637560  0.63451566267986048  0.64499462622746317  0.65626453925796813
  0.66784027310856475  0.67936165073208410  0.69059594610430153  0.70148745860278483
  0.71229351670807095  0.72354126632997684  0.73421443590439639  0.74513426477298106
  0.75608399904202905  0.76689413807471130  0.77790890729368445  0.78868466679360871
  0.79929007752531622  0.80947340926984213  0.81924591163989857  0.82950114802751962
  0.84009287001770139  0.85016651942773291  0.86120982664791979  0.87250456425307077
  0.88352600756929944  0.89421122039912426  0.90426860633568751  0.91522588099257918
  0.92632183039915661  0.93732050681736412  0.94774912222250562  0.95777997141966953
  0.96796914313184679  0.97847015244380298  0.98933354725063327  1.00000000000000000
   2.9981302663634038E-019  -1.0000000000000000     
 F F F F F F F F F F F F F F F F F F F F F F F F F F F F F F F F F F F F F F F F F F F F F F F F F F F F F F F F F F F F F F F F F F F F F F F F F F F F F F F F F F F F F F F F F F F F F F F F F F F F F F F F F F F F F F F F F F F F F F F F F F F F F F F F
  <DiscreteSampler_grid>
  grouped_processes
  1 # 1 for a reference and 2 for a running grid.
  10 # Attribute 'min_bin_probing_points' of the grid.
  1 # Attribute 'grid_mode' of the grid. 1=='default',2=='initialization'
  0.0000000000000000 # Attribute 'small_contrib_threshold' of the grid.
  0.5000000000000000 # Attribute 'damping_power' of the grid.
 # binID   n_entries weight   weight_sqr   abs_weight
    25   10   6.061178637477290E-013   1.035829733578009E-024   6.061178637477290E-013
    28   10   1.852287134592636E-013   9.443863809195165E-026   1.852287134592636E-013
  </DiscreteSampler_grid>
