 -0.00000001570602139  0.00001277848256843  0.00011625240566386  0.00031900160787977
  0.00063304589315866  0.00103327907715664  0.00158476267709229  0.00231222348124554
  0.00315115982709108  0.00404459744633884  0.00498534433440713  0.00612415685009657
  0.00746118477320334  0.00953703900863860  0.01190150892832629  0.01296618514683697
  0.01368171527049814  0.01428094133787994  0.01479006904206918  0.01533136574338279
  0.01588911721665426  0.01646269567545774  0.01699259931121034  0.01748818637246184
  0.01799161592707815  0.01851403999129435  0.01915823117574776  0.01979272628084697
  0.02041249701828455  0.02109503830418001  0.02180498256074391  0.02249704511369030
  0.02318449239210729  0.02390935954758864  0.02474656552499972  0.02571362277814650
  0.02677668485486623  0.02781256506100058  0.02882595770693453  0.02981848824741768
  0.03078665237407938  0.03174281446405085  0.03270774984088933  0.03368505387788430
  0.03464531861894100  0.03561987883422710  0.03657568026862282  0.03755775967837008
  0.03856980066996445  0.03960421597169823  0.04060792969199760  0.04168999154238250
  0.04289275094391930  0.04412946347982759  0.04536904131395950  0.04666585535849750
  0.04800053843662435  0.04943244608580006  0.05083864941355248  0.05220234525197257
  0.05352257363434496  0.05481186089976008  0.05610012315519338  0.05742661412706535
  0.05884411669103744  0.06020291251393406  0.06154339527875871  0.06288186294039638
  0.06425673559931745  0.06577284142892267  0.06738165450338851  0.06908927864505912
  0.07118111462993996  0.07340258848528818  0.07573428593215473  0.07820065632500575
  0.08087023910312237  0.08363443486310600  0.08649641885249180  0.08943118377777229
  0.09255807616382578  0.09573057393572527  0.09890747733079031  0.10213004166941382
  0.10537514167088925  0.10858054897393879  0.11215558152078318  0.11614823920649515
  0.12182699668352076  0.12960739963984896  0.13851955166154475  0.14889632293691085
  0.16482388371946316  0.19834812789557649  0.31503708228906546  1.00000000000000000
  0.00979556354026267  0.01549549602159207  0.02547774867025365  0.03738889304051211
  0.04939765688499568  0.06162097947049858  0.07634990779883520  0.09109234913803523
  0.10205813722190164  0.11267816581583055  0.12403513043313906  0.13634485227987869
  0.14912092957411863  0.16137630734400907  0.17223448412205655  0.18206431309168478
  0.19126177595355853  0.19996816630449890  0.20870493492646500  0.21762404661169454
  0.22651072631470348  0.23605681381150448  0.24590292678580281  0.25521024877567672
  0.26398817033178018  0.27428952054879530  0.28474200189409188  0.29460117029503469
  0.30436587797544884  0.31605043625413115  0.32874671044008436  0.34066157911891548
  0.35168071566091175  0.36267029714415949  0.37383958490180774  0.38389402861703054
  0.39305169584485428  0.40217734100802482  0.41145111352268687  0.42246300771614237
  0.43300596059242780  0.44148151332311547  0.44825949180991981  0.45459140336033227
  0.46163099730653029  0.47002120191634972  0.47816658453760108  0.48521569245287827
  0.49233620618319152  0.49918624083301394  0.50724521084139629  0.51571803595093213
  0.52489112633711188  0.53690385037930377  0.54919652042704536  0.56121577101010311
  0.57269286153856880  0.58328864755246634  0.59311721942852458  0.60343049777487301
  0.61556405130834280  0.62803697872325659  0.64059070834535936  0.65549347860924756
  0.67214006337132393  0.68876713102650167  0.70510417500291434  0.71541805317033691
  0.72501617969985699  0.73428047014738063  0.74319669285009060  0.75236372561698350
  0.76247887030181738  0.77174076756981502  0.78085749733581655  0.79027312528041460
  0.79989879908727057  0.80851190687953489  0.81647258860658978  0.82461665156558017
  0.83327348016998271  0.84258180920084724  0.85279505174217052  0.86414393087674890
  0.87523643451409761  0.88467886331467693  0.89398799050997968  0.90460009810831132
  0.91596377995015765  0.92570767452624814  0.93416404355290328  0.94305901363697742
  0.95186105886392047  0.96163748019732420  0.97327185269769290  1.00000000000000000
 -0.00001934615629442  0.00024242255742235  0.00070524883771658  0.00133419979095879
  0.00232461455777227  0.00360029625931331  0.00532612438819566  0.00716736017254469
  0.00930930125157962  0.01193655171403577  0.01390878493517401  0.01606096409445882
  0.01855711897835322  0.02159125047897593  0.02454770859493741  0.02735679660775375
  0.03021265690610406  0.03354261871136872  0.03717741119860321  0.04107812632013006
  0.04491122274041515  0.04848254935694087  0.05205108079400707  0.05598717283508724
  0.06008797017866749  0.06442022592857037  0.06880026104469146  0.07338535778395329
  0.07780518925712636  0.08165879720206663  0.08544031830835729  0.08941947108201474
  0.09378936011847711  0.09842905548791092  0.10349614809112952  0.10861432006893068
  0.11364246308466765  0.11869101149725819  0.12354721970782173  0.12861131179705335
  0.13387288851881679  0.13893134182611053  0.14423186556857207  0.14958313632480832
  0.15505549635068239  0.16065244902323433  0.16704905075255072  0.17401630784819611
  0.18126043324825805  0.18895459109685481  0.19683535515584585  0.20427071521635787
  0.21115428180034967  0.21764374965243144  0.22481862671245137  0.23251007120433603
  0.24070912553639406  0.24890930551151655  0.25583096367489183  0.26272297727996097
  0.26932530800949900  0.27619777008814639  0.28361126119522750  0.29124032030404345
  0.29912531561383893  0.30755778761277230  0.31638501597418073  0.32501224542695356
  0.33328407104810448  0.34173937732869158  0.35423171243980789  0.36780629134405662
  0.38126469975988481  0.39457632048218105  0.40790053384930991  0.42105625689058224
  0.43407974360318835  0.44699389286296820  0.45903662753454122  0.47140686787087038
  0.48367023899333800  0.49562336166131177  0.50727437990825208  0.51944672862445951
  0.53270203894895141  0.54650593997031249  0.56052153501185709  0.57300634610509926
  0.58662934126712374  0.60924911512023028  0.63235708261467338  0.65588462539800496
  0.67368970412050888  0.68938681316119710  0.70261928422217612  1.00000000000000000
 -0.00246938167427717  0.01034494155106703  0.02148992394524329  0.03281434899381405
  0.04559489619801133  0.06065695790668477  0.07597571823684499  0.08931321632453838
  0.10030948577096332  0.10981879693068132  0.11874363167446736  0.12707969855936269
  0.13476062759438293  0.14292536352288482  0.15357008439988973  0.16657264627410612
  0.17952658460098220  0.19252922655296856  0.20437202583744998  0.21499905830541141
  0.22594474209867049  0.23631488406377299  0.24563536176138903  0.25495563600581816
  0.26464025360817123  0.27400499080326218  0.28161332623773722  0.29025434783081783
  0.30060745949453094  0.31464205997160033  0.32536384869866258  0.33706939905470984
  0.34921513399966475  0.36107247220623401  0.37069780330508340  0.38055618788005297
  0.39129813515821354  0.40129444674643078  0.41274197508759181  0.42528733830205873
  0.43864137455037683  0.45146617046768733  0.46393372093504714  0.47594155380889319
  0.48748498300873849  0.49799067983744172  0.50750554560579741  0.51677937570735721
  0.52636244426331091  0.53670434096389308  0.54835194730134829  0.56065719765811917
  0.57352912976617443  0.58564022935012316  0.59698713946800819  0.60793282647146052
  0.61881666052372508  0.63043516144970801  0.64255081138084014  0.65248491185195867
  0.65998229249455609  0.66655580825259730  0.67267580561501494  0.67942567393665432
  0.68633531228418199  0.69367054324279287  0.70117692476007620  0.70904050042607136
  0.71782177388440815  0.72718365154621900  0.73733171444933132  0.74741498946921314
  0.75911131388044395  0.77093024983640290  0.78205478424838670  0.79205306325566915
  0.80039011377623515  0.80830443898378712  0.81615883033283887  0.82409438701640281
  0.83233270469614795  0.84066787266523180  0.84848434517396998  0.85737403750028329
  0.87071922229512833  0.88444266797808802  0.89633258762457391  0.90857165639627202
  0.92092979078620585  0.93344740542822624  0.94625633252040364  0.95894775357070194
  0.97030279916093587  0.98166604764559495  0.99096684722729556  1.00000000000000000
 -0.00189138189981645  0.00911179016130309  0.01965073128484621  0.03163437851082439
  0.04250625960082845  0.05223347131558328  0.06117005912225354  0.06975128702765111
  0.07812897190952994  0.08674118594943120  0.09594260688798376  0.10506511563224226
  0.11595672735089727  0.13116186568906338  0.14496832142881064  0.15664352557256414
  0.16613680643015136  0.17482558342350946  0.18366835299781231  0.19209118385451007
  0.20133864402866372  0.21118300129609649  0.22093423224557038  0.22998236810274000
  0.23862869504881681  0.24625104232779441  0.25423255535139938  0.26248136464467325
  0.27194463556526904  0.28550143031817782  0.29826574173263581  0.31107971372560189
  0.32398950776297464  0.33700172444281506  0.34969899504961460  0.35982342383021382
  0.36824584318872638  0.37621038136396834  0.38443354044510936  0.39177157079288810
  0.39981625929071751  0.40839008084188788  0.41722195466970746  0.42507020077500707
  0.43318985308145691  0.44310743851853496  0.45502405726095524  0.46631058639780265
  0.47715016156099599  0.48858848894964402  0.50028130683313399  0.51137248947495939
  0.52230690012873893  0.53423816118439316  0.54616068342523139  0.55785241457039203
  0.56853867050636786  0.57830207487346497  0.58916689988975479  0.60104013511417831
  0.61287371262791612  0.62432443766515378  0.63309530858504481  0.64160996657842229
  0.65053558044601412  0.65975367559081488  0.66841091574234457  0.67641406841722629
  0.68486159643302869  0.69447773482385333  0.70557479700775172  0.71569818283230835
  0.72536511939264336  0.73421315016206024  0.74259473302483958  0.75178354792682311
  0.76241958421425915  0.77435892994193434  0.78532292166234574  0.79902324137179304
  0.81482152204811931  0.82818959752149768  0.84120412619101848  0.85415896632526678
  0.86603239640076990  0.87749395358657167  0.88943678340549159  0.90164427033175076
  0.91368717894438733  0.92593767560034823  0.93898371505307676  0.95299244439020381
  0.96669791490934720  0.97790306096855151  0.98905658076865244  1.00000000000000000
 -0.00137422776775904  0.00791043519389638  0.01704183556416007  0.02645442301655514
  0.03568376354523383  0.04465587893758811  0.05446983346063793  0.06651772653919003
  0.08016057958674851  0.09396657526617741  0.10828916760222568  0.12481627719567322
  0.14116353611680701  0.15203243302747435  0.16217905689281359  0.17242213464258266
  0.18330680106784861  0.19382594523862320  0.20509245684263661  0.21772358181490206
  0.23074250811767019  0.24172368822024734  0.25359539831542588  0.26687114712755766
  0.27960018862626906  0.29090844942377353  0.30130975202657528  0.31145623098548131
  0.32181779392936288  0.33454847199608762  0.34904046706604192  0.36289572335414993
  0.37506270397694175  0.38579952065467510  0.39655591609169910  0.40706742249761269
  0.41672554775804066  0.42673375215777037  0.43800815611263028  0.45333343245214158
  0.47053798194365354  0.48684874006106127  0.50080438096014779  0.51182970517348603
  0.52080579911535141  0.52974703221042208  0.53910248984808462  0.54736171199266126
  0.55632611756121864  0.56522086290176998  0.57445164914293834  0.58338778564110017
  0.59224951636561263  0.60135620237329679  0.61189461420641222  0.62409745940880046
  0.63550873024286902  0.64644549688025899  0.65664356349627584  0.66620647272328859
  0.67476014565880915  0.68322546591636579  0.69249665161920770  0.70259158965418977
  0.71187345765180343  0.72034453308169044  0.72914530997272264  0.73825803702454795
  0.74705919088831196  0.75515225977257916  0.76290438588035436  0.77190847823794884
  0.78115969486847436  0.79003844612626972  0.79911446806217135  0.80796398077797704
  0.81676786301429016  0.82485277721674855  0.83334478797752753  0.84211990809399928
  0.85083244559162674  0.85919355383897289  0.86747344756871902  0.87715911821963899
  0.88816597360089244  0.89888034410615447  0.90954684117352058  0.91938886285011379
  0.92802410059976659  0.93670833260261299  0.94692776690949920  0.95919069613100871
  0.96881443612401719  0.97719539635383668  0.98769438190677084  1.00000000000000000
 -0.00193078221295680  0.00826789014630830  0.01842159303249321  0.02840495899414501
  0.04090455208421982  0.05621815400931546  0.07169217217934459  0.08558645302330967
  0.09869139949054452  0.11093808391087794  0.12279032084560737  0.13506961618589194
  0.14706844896929866  0.15743653870749397  0.16695862988055654  0.17658245980930942
  0.18658515264842479  0.19642832078301153  0.20559572848130003  0.21420402890557716
  0.22307999977235668  0.23222981593736841  0.24292135052983987  0.25243089050438106
  0.26059270442823929  0.26902557374028518  0.27772196801004467  0.28617240182694331
  0.29459675577147210  0.30274106604190021  0.31110819142756752  0.32004017835130244
  0.32876225413844601  0.33753400156956559  0.34691250015488084  0.35652204984953340
  0.36574871670373238  0.37574809429842848  0.38860719449881442  0.40004388580976302
  0.40942794781252451  0.41827441685788497  0.42670205575977538  0.43421422491316314
  0.44281226320666167  0.45253467436896855  0.46449897528480633  0.47442190850968752
  0.48407284517888044  0.49357564534329129  0.50341469458549848  0.51370294760298330
  0.52469320063405933  0.53534126165771212  0.54757608878869224  0.55929288478161487
  0.57030750568941224  0.58096088832194359  0.59234519437903188  0.60214901393055309
  0.61120380754152137  0.61926129611474745  0.62732241851658221  0.63578081270102393
  0.64463659496710057  0.65408387447899252  0.66402089383430352  0.67601905300280341
  0.68875049584689185  0.70112885507400713  0.71380697024086370  0.72741199581359017
  0.74354229687954720  0.75587976502835907  0.76648649687024295  0.77626771907275871
  0.78605642673415888  0.79507555586582879  0.80394957765495534  0.81164389567599737
  0.82222349431381747  0.83334557512234408  0.84438704580940238  0.85431115048592332
  0.86283192936278008  0.87130101708374497  0.88016319819614641  0.88991019823779427
  0.90183268866819988  0.91450260104930203  0.92676377865314341  0.93851043277723067
  0.95051607309700248  0.96359199686081709  0.97890527153840756  1.00000000000000000
 -0.00387713611698397  0.01654061159325550  0.02847780516979830  0.03748742027089479
  0.04656025483329606  0.05546543785774047  0.06567025329465473  0.07630424380015019
  0.08664885344862067  0.09674106666627562  0.10708112028486895  0.11729212289405175
  0.12831871269747464  0.14024545614495706  0.15176544173465867  0.16306933320349970
  0.17581019071695192  0.19024568480029896  0.20489483112274051  0.21674257338294595
  0.22720789386801996  0.23698842653676580  0.24701364358524405  0.25704208690199060
  0.26866543057888209  0.28325376951985798  0.29582457993301536  0.30550248839428551
  0.31554390448834857  0.32655830582966183  0.33690022690660854  0.34598600671888502
  0.35465850633980428  0.36602945297098410  0.37889374723893626  0.39366936429649346
  0.41029952590706331  0.42579592194017152  0.43942694571843965  0.45345360592111994
  0.46308729008662325  0.47244323941240374  0.48150560853284141  0.49175305187327706
  0.50227535342381502  0.51289675840087190  0.52535168844467328  0.54025573703839380
  0.55463461481682697  0.56721620135380291  0.57857910779784849  0.58885850472861934
  0.59851128964572398  0.60784422231038704  0.61671952376105665  0.62724903659115905
  0.63885937817960259  0.65147160881991073  0.66239516880594873  0.67202151785301223
  0.68029477630901891  0.68929225786330328  0.69795730669851241  0.70739191194527518
  0.71688707469233293  0.72717431215345429  0.73866762781210549  0.74882210863631016
  0.75953492748395224  0.77000759906557847  0.78095149305802491  0.79185075704598262
  0.80210452049056546  0.81099552994639323  0.81924117909320393  0.82712654257254614
  0.83469305318117026  0.84282302899891892  0.85156678922168871  0.85878780136927790
  0.86614629115404029  0.87353521056253103  0.88120345327580740  0.88914347823305628
  0.89648851581501288  0.90358480791944407  0.91141750928924481  0.92014743831877355
  0.92851750096409102  0.93653774052508110  0.94435318104450106  0.95202295414589977
  0.95938087320681620  0.97294269289372060  0.98671962344308306  1.00000000000000000
   1.5794507260614738E-015  -1.0000000000000000     
 F F F F F F F F F F F F F F F F F F F F F F F F F F F F F F F F F F F F F F F F F F F F F F F F F F F F F F F F F F F F F F F F F F F F F F F F F F F F F F F F F F F F F F F F F F F F F F F F F F F F F F F F F F F F F F F F F F F F F F F F F F F F F F F F
  <DiscreteSampler_grid>
  grouped_processes
  1 # 1 for a reference and 2 for a running grid.
  10 # Attribute 'min_bin_probing_points' of the grid.
  1 # Attribute 'grid_mode' of the grid. 1=='default',2=='initialization'
  0.0000000000000000 # Attribute 'small_contrib_threshold' of the grid.
  0.5000000000000000 # Attribute 'damping_power' of the grid.
 # binID   n_entries weight   weight_sqr   abs_weight
    19   10   3.387221888844680E-013   5.533644971660108E-025   3.387221888844680E-013
    22   10   7.206965339936310E-014   1.695148138746145E-026   7.206965339936310E-014
  </DiscreteSampler_grid>
