 -0.00000000866586542  0.00000904383617753  0.00006895461598682  0.00020963271900617
  0.00041409214236845  0.00066199373858848  0.00095416817875908  0.00131095224003235
  0.00169272352850756  0.00213836756473270  0.00263537247206655  0.00314656253534869
  0.00371326798555246  0.00432482196806735  0.00494275515834751  0.00555275853583861
  0.00616480129599062  0.00685688052841526  0.00757377756013833  0.00827826079323468
  0.00902938081152938  0.00981662532567781  0.01063777820836004  0.01151765493001471
  0.01252262847421943  0.01348821971710408  0.01444638842221323  0.01542056860589431
  0.01642130081631140  0.01744251174197619  0.01845200158264036  0.01946881391265243
  0.02051204079343230  0.02157935839474668  0.02262620879209512  0.02362792851448569
  0.02461409745390559  0.02563119018543127  0.02665339237293312  0.02769542474352434
  0.02877636954771779  0.02991098770086291  0.03099019288273543  0.03205615221758250
  0.03312548701431144  0.03418721281299133  0.03532393248918815  0.03652120952912455
  0.03769663684073388  0.03883918412039900  0.03999052748275880  0.04116377829067917
  0.04244294499085847  0.04372407951657139  0.04509135194726420  0.04652014619459397
  0.04797740200530973  0.04940547589311906  0.05069244754289478  0.05190674448334087
  0.05307718851682801  0.05429961090991380  0.05563423772464622  0.05698132324299587
  0.05826366713734901  0.05963943307461984  0.06123264074823288  0.06289519143622851
  0.06457494837887424  0.06622023436639904  0.06805711192280180  0.06985615335682951
  0.07154391516532017  0.07314434748010851  0.07473988095913940  0.07649825170405293
  0.07826335258294670  0.08064366256525926  0.08312186687174604  0.08574749464164412
  0.08870686502804546  0.09165443979078843  0.09485522321128036  0.09813913618629905
  0.10157202285407342  0.10543407394145340  0.10986837633020874  0.11455841622013387
  0.11980430318754919  0.12586125726471784  0.13307915213285915  0.14245333167419461
  0.15799656372050438  0.19000287050799997  0.32163796763163666  1.00000000000000000
  0.00922729646718005  0.01493244034257300  0.02505518521897212  0.03732756628642002
  0.05099262025056968  0.06447275038986185  0.07725760928336292  0.08912418333115273
  0.09983540973102689  0.10990090508907714  0.11953487992539234  0.12939314602439328
  0.14011711862518819  0.15269837286449583  0.16595904104149162  0.17886723186100378
  0.19133318340868355  0.20420809671513646  0.21719474320027876  0.23020232199817584
  0.24125512824925305  0.25141638202271371  0.26158271836619368  0.27149636970837504
  0.28102704332821898  0.29058306895248959  0.30044157579413094  0.31030378315630702
  0.32007657682417573  0.32999545087493909  0.33987575068249987  0.34877134816749666
  0.35786978983225304  0.36766454669705445  0.37833585065652259  0.38932053607577033
  0.40075075405514743  0.41515974684846552  0.42852236591098514  0.43821609656648625
  0.44583216861593999  0.45331380846851482  0.46129257924738470  0.47125741898102141
  0.48026476963939335  0.48802533750866317  0.49509228476580647  0.50371453656966114
  0.51495475146535019  0.52770738925332938  0.54000165328646788  0.55201150705460678
  0.56276167302306235  0.57041766488941592  0.57932326996006345  0.58784961512204525
  0.59584858566673993  0.60406119810066938  0.61218415073412125  0.62007120687526007
  0.63302584497477565  0.64709733878546405  0.66028082120914344  0.67285726418496805
  0.68593571893048677  0.69861886502076975  0.70913078421969389  0.71828031643330592
  0.72700206776262977  0.73580009288006631  0.74466690936479352  0.75339661120460844
  0.76247590752476069  0.77260994033896080  0.78403051745073615  0.79480888928099924
  0.80513714344053711  0.81495339712655890  0.82479215084098134  0.83464168082347390
  0.84443245148633839  0.85470989072479420  0.86517396105900890  0.87471721127103930
  0.88512425303809750  0.89494288414359602  0.90587654016457464  0.91597842125953755
  0.92450700661284047  0.93290785345777028  0.94248331972504562  0.95192343629948561
  0.96043711911423746  0.96870895185833694  0.97769294931542994  1.00000000000000000
 -0.00001658566340785  0.00022745828972045  0.00068763053695541  0.00135769233678317
  0.00229283312346561  0.00338409021359701  0.00470056269707034  0.00631506575867201
  0.00827697967985646  0.01064572717480240  0.01280617535737760  0.01507702784169774
  0.01767777758175190  0.02030919276018972  0.02335365884902576  0.02665899960931567
  0.03020207453971385  0.03404611789532598  0.03775895316272927  0.04182384026832275
  0.04559694580665843  0.04938685423200775  0.05346927819744400  0.05778777937259004
  0.06213394529674218  0.06692059589834502  0.07166985045949419  0.07607993101615236
  0.08090651659648843  0.08604032859170610  0.09096249566576541  0.09636698223434037
  0.10234955135651452  0.10816564679171926  0.11374880634346166  0.11951510131430503
  0.12564102114675582  0.13155305755864943  0.13744569749574129  0.14346347666655815
  0.15054569897977754  0.15857074577798544  0.16701909053818073  0.17544839917878172
  0.18395573280576230  0.19276400360218354  0.20209154615545019  0.21185088630733093
  0.22174926326742211  0.23183551602678021  0.24243544314932597  0.25379968338864273
  0.26565040993636785  0.27630057227894478  0.28521762118408239  0.29366707474939130
  0.30199452110326114  0.31082495471471211  0.32006546455629198  0.32902820973642932
  0.33757445272829384  0.34589900715074762  0.35442880707933450  0.36357806219351579
  0.37217821524201367  0.38034481481471027  0.39077716193325240  0.40142176354794395
  0.41217811036937629  0.42277181783441842  0.43425270078999906  0.44567375862339337
  0.45617523681689987  0.46575378475803031  0.47528510960147941  0.48734103629102160
  0.49998008562083895  0.51252875418214505  0.52508559830951873  0.53659555381386126
  0.54798973362909398  0.55984782076519735  0.57187766223745851  0.58331118847895425
  0.59542695899747411  0.60819903835514455  0.62095831301423554  0.63382465434499302
  0.64580938533862242  0.65711481490787771  0.66783236419621506  0.67815277391039586
  0.68821508389822361  0.69709720183215762  0.70019987770665870  1.00000000000000000
 -0.00378000577954679  0.01290829360943594  0.02266166836397617  0.02993438985427677
  0.03711199247183590  0.04467983115742984  0.05230987211367273  0.05994977031217714
  0.06711130443842458  0.07431065060597394  0.08165762658787735  0.09137212901235726
  0.10255729892017859  0.11471202965976950  0.12795327786424701  0.14284523981912162
  0.15442483540960697  0.16409159131971529  0.17342468907126635  0.18223872327475141
  0.19153583909677702  0.20076740039628363  0.21132757745940692  0.22150248154247232
  0.23207050587479158  0.24300907397922705  0.25425626780742699  0.26615112036091698
  0.27814911324931263  0.28997892554934040  0.30141117101345066  0.31226422462675885
  0.32366195875187764  0.33691503778772292  0.35097478277828142  0.36314786858530435
  0.37403693465665183  0.38437547524522148  0.39534926804067838  0.40613775251558198
  0.41609427379896585  0.42614082210496196  0.43634611078742302  0.44820166785752036
  0.46107978983283343  0.47292549334811657  0.48466984385729250  0.49570550038353889
  0.50593100040033456  0.51592775988366613  0.52475684253410604  0.53374468897037342
  0.54441341197340354  0.55513217851826757  0.56501070525099728  0.57438138266157612
  0.58522225065797617  0.59961563206211099  0.61443986305228149  0.62839948666842971
  0.64130773935488161  0.65349569381243267  0.66482304941542825  0.67637552982208504
  0.68670856010947789  0.69711092061587776  0.70835939153025917  0.72260617651581593
  0.73795193321708474  0.75222078222139421  0.76400504748135212  0.77336107735155835
  0.78087489691936274  0.78905333113955844  0.79754525228756545  0.80550490563982569
  0.81320297186636403  0.82075188234289942  0.82866540494270269  0.83712580728096386
  0.84673641906747010  0.85603464696873555  0.86404001887406812  0.87151837028051538
  0.87928011860054189  0.88712581494457432  0.89483068589460313  0.90279201630134587
  0.91078558903607743  0.91922485736328996  0.93166269899373322  0.94558591924155477
  0.95953358208519923  0.97321727928779245  0.98667549463588911  1.00000000000000000
 -0.00356455638909723  0.01305355268559014  0.02329769382971532  0.03135361097056687
  0.03890682808376138  0.04638509349268053  0.05401648088684378  0.06188307475003300
  0.06936478834598449  0.07717595158535770  0.08543659333210829  0.09437648261150326
  0.10293696240832109  0.11091167051650247  0.11960819230752577  0.12837681738775655
  0.13551112435033721  0.14227406039830229  0.14920588169888202  0.15658380014506929
  0.16422897560486424  0.17231507831453216  0.18105975410006020  0.18977459968085880
  0.19840826672121276  0.20704921954758065  0.21735405345666978  0.22723068564755244
  0.23807000844724288  0.24964172334369314  0.26049594114197783  0.27166738251071709
  0.28251632496064144  0.29428035710970035  0.30734047181791913  0.32051333337587784
  0.33241994991240997  0.34343130000903760  0.35441215819068828  0.36594976336258045
  0.37837235225996324  0.39120278434506683  0.40338379634775084  0.41473613038627388
  0.42478742036700085  0.43349935822460406  0.44215578422151580  0.45083645743911871
  0.45916157927006834  0.46777768496530875  0.47742116913886434  0.48733070115753591
  0.49696630921376889  0.50774527053939378  0.51807298757662834  0.52849519096484698
  0.53778481737209416  0.54900641144016649  0.56185792930992395  0.57613676220808374
  0.59067634114114975  0.60226241328440611  0.60996607408271908  0.61720556554470030
  0.62568153034137886  0.63422283130461488  0.64308494654511061  0.65168350599807856
  0.66077753545872087  0.66903049392851366  0.68171800823634776  0.69342139757080279
  0.70553581901393947  0.72004448788250186  0.73416546017108619  0.74701373660798820
  0.75886006491470337  0.77105071940526226  0.78359000308274696  0.79649088546169600
  0.80985212699282727  0.82228302020298305  0.83554590599239908  0.84970084445975025
  0.86360710079415670  0.87763756926281655  0.89152467994601192  0.90543809527068952
  0.91874733085463667  0.93100188898856306  0.94262713696277101  0.95415677247139430
  0.96463427244622624  0.97509045463557420  0.98648513689362083  1.00000000000000000
 -0.00171234120837328  0.00766107745356660  0.01571848120416514  0.02407232057343948
  0.03333634073923920  0.04430315634804388  0.05710433648395612  0.07221714814360974
  0.08637964682675818  0.09926985629811795  0.11148899331483479  0.12279288441581332
  0.13361718823263147  0.14426529588678119  0.15635690254478438  0.16924951816150605
  0.18041407181393113  0.19146674308564207  0.20271549950192708  0.21464250781266117
  0.22725396706108664  0.24237045336434540  0.25439140315695219  0.26424904231654595
  0.27438494497269456  0.28439341969537768  0.29460180820377546  0.30503382239309190
  0.31505684069630857  0.32434706646455602  0.33304594564482748  0.34240629887743390
  0.35223697276280425  0.36210731898187520  0.37370551212399844  0.38645026162235468
  0.39898767149159647  0.41024545906288845  0.42080207384534418  0.43174613520987948
  0.44214717210453575  0.45216223127963923  0.46144903192809655  0.47243674248991691
  0.48475479210739036  0.49703881948324213  0.51100570431597736  0.52507458707582155
  0.53811637404839463  0.54864667215968888  0.55848244687964421  0.56776786508677479
  0.57719809896398278  0.58706899134575796  0.59815434463949479  0.60836002477337114
  0.61645825204070337  0.62431377155769230  0.63246783112131244  0.64055483558758142
  0.64839904541568372  0.65606815684621922  0.66390193067915804  0.67284931697243444
  0.68188474058247328  0.69078834080039841  0.70019888081144765  0.70948456031587215
  0.71899107131635687  0.72821050893672457  0.73828940876529792  0.74802600195562441
  0.75987704230145781  0.77120217880986497  0.77938662203380227  0.78658063841814174
  0.79422431026500662  0.80208119892675989  0.81006020601650519  0.81858225151395514
  0.82657987947732081  0.83419484567260083  0.84299051704512162  0.85225723337738934
  0.86221529038075750  0.87433426813214732  0.88872107773533693  0.90402155667522865
  0.91817009842834263  0.93091313931657316  0.94346078133178002  0.95576797189504881
  0.96721326948480746  0.97816546769892376  0.98894434828431255  1.00000000000000000
 -0.00296926557839130  0.01172547520706988  0.02233799364619487  0.03128187116874101
  0.04033424102742011  0.05041457863802783  0.06195597424464949  0.07344394133671209
  0.08406164718544722  0.09334097442094556  0.10221445581447379  0.11179865931788598
  0.12216627093570417  0.13207223086010131  0.14103010382255041  0.15097516079536361
  0.16379350201332921  0.17752128231102648  0.19212888147917140  0.20683738852411071
  0.22055410568371042  0.23141097343975858  0.24038353580940258  0.24972948893440200
  0.26041992635826128  0.27226030310894356  0.28368805348638926  0.29444153156217107
  0.30499750791860847  0.31542589909306867  0.32584466006402651  0.33641289896029891
  0.34695996288549258  0.35849075613602488  0.37162918634512010  0.38369766176978504
  0.39566193037906200  0.40718998256133915  0.41914640181497004  0.43039759045407300
  0.44084461852936174  0.45095229948810339  0.46173324922282449  0.47407803181097774
  0.48637616258629685  0.50003051989910507  0.51528195452310765  0.53011418784526787
  0.54360624296133231  0.55565531920146261  0.56533326407996376  0.57255370705702202
  0.58029917787368046  0.58726073679375368  0.59512327676096111  0.60290684607184120
  0.61008869894384166  0.61744860276086966  0.62557191444620697  0.63406070350919752
  0.64252480370247744  0.65305727776411870  0.66539651180506187  0.67736248414324474
  0.69012945282230431  0.70483636444453690  0.71800429107782293  0.72949802777317940
  0.74068601660630673  0.75156511399880666  0.76193071160041026  0.77312369584797191
  0.78619179582390497  0.80138235157721849  0.81538702253289530  0.82317361492485241
  0.83186363290067056  0.83989856816283015  0.84716378887581145  0.85432631930656100
  0.86105241396596544  0.86823468125260628  0.87545978920845602  0.88656072665858965
  0.89621552603490395  0.90573315878404170  0.91611727147028987  0.92788413252189561
  0.93888528986630515  0.94835432243484763  0.95721923842542478  0.96650718357520304
  0.97582971466001400  0.98446018880146480  0.99236120276395634  1.00000000000000000
 -0.00287408892195991  0.01242127586058550  0.02495626538298195  0.03810187986628637
  0.04930341989460754  0.05965395403161704  0.07018357434564490  0.08070224513940713
  0.09148931178490553  0.10315465398975651  0.11570200459924418  0.12791383054253183
  0.13826656764314160  0.14886473676914330  0.15954977551868016  0.17059071412458215
  0.18275675902946778  0.19638762450608471  0.20889555408613511  0.21986010773607711
  0.22982466131825427  0.23880426871249746  0.24724793786096547  0.25556496767239928
  0.26466863746083252  0.27412883163878171  0.28143035879950001  0.28869518821155293
  0.29630754704872941  0.30396237250138280  0.31204583241075012  0.32054718564900653
  0.32927824923491628  0.33890341724752399  0.35028699159672411  0.35998244465748774
  0.37024510730878585  0.38139429866581243  0.39203602109756519  0.40231903073377140
  0.41260257345433432  0.42279467918105157  0.43273487930933846  0.44292736838958952
  0.45469772230018113  0.46766692581312913  0.48200835152777416  0.49839612029960428
  0.51602773591880646  0.53101548645807828  0.54331877535592565  0.55582650727844329
  0.56760286326814335  0.57824861601129429  0.58921478705181451  0.60098037465102394
  0.61350044739796006  0.62648103970001212  0.63920877382888175  0.65064320564282019
  0.66139491354139168  0.67254372494920056  0.68366456185448221  0.69446133100116669
  0.70582888068860039  0.71732017597680986  0.72863684722517985  0.74194781259270537
  0.75461979877834018  0.76666749306830007  0.77769104067679806  0.78775936777529110
  0.79824782872987021  0.80757410672205587  0.81744010705810743  0.82779849414808260
  0.84032348530042678  0.85310308755686026  0.86457097682251771  0.87413152077116674
  0.88220568205099759  0.89041998082745155  0.89843714194132529  0.90596786435441301
  0.91352320298106038  0.92225122596820364  0.93129556209545250  0.93985171960139091
  0.94766661789350526  0.95493190520472526  0.96211606082236123  0.96977401705498789
  0.97777794765288317  0.98522347813493538  0.99248000001264736  1.00000000000000000
   1.9046868500517911E-015  -1.0000000000000000     
 F F F F F F F F F F F F F F F F F F F F F F F F F F F F F F F F F F F F F F F F F F F F F F F F F F F F F F F F F F F F F F F F F F F F F F F F F F F F F F F F F F F F F F F F F F F F F F F F F F F F F F F F F F F F F F F F F F F F F F F F F F F F F F F F
  <DiscreteSampler_grid>
  grouped_processes
  1 # 1 for a reference and 2 for a running grid.
  10 # Attribute 'min_bin_probing_points' of the grid.
  1 # Attribute 'grid_mode' of the grid. 1=='default',2=='initialization'
  0.0000000000000000 # Attribute 'small_contrib_threshold' of the grid.
  0.5000000000000000 # Attribute 'damping_power' of the grid.
 # binID   n_entries weight   weight_sqr   abs_weight
    19   10   5.230459909494953E-013   8.470156317759081E-025   5.230459909494953E-013
    37   10   2.849150745328233E-013   1.447866895782212E-025   2.849150745328233E-013
  </DiscreteSampler_grid>
