 -0.00004164668586025  0.00031177805635894  0.00081062177630120  0.00138405989720259
  0.00200904160035500  0.00267404535298319  0.00337006471564090  0.00408860882909947
  0.00480495231919213  0.00554406015138314  0.00628680084718263  0.00702357060869104
  0.00772368221060611  0.00845164134554868  0.00920124332473167  0.00988651606021896
  0.01054392178319635  0.01116970392028908  0.01188148301267977  0.01288386272392217
  0.01561067665958810  0.01934684181018338  0.02207478862532800  0.02406208008836345
  0.02581812573684376  0.02740192026214704  0.02894088385355979  0.03057716869936849
  0.03231780997478135  0.03417325291321544  0.03600647891096986  0.03766583192574617
  0.03927207982829228  0.04091581825747107  0.04263764748428998  0.04439620572130309
  0.04619127421719875  0.04797018505653490  0.04973189776040391  0.05147524293899011
  0.05324625042842335  0.05505925057229036  0.05692630085063621  0.05879342845506599
  0.06067865933565284  0.06257641851136678  0.06451290740208522  0.06643502108868755
  0.06830577148070628  0.07013604949191343  0.07198085105299459  0.07388033610104691
  0.07584677478925220  0.07788374531521965  0.07993899019257894  0.08195498392073911
  0.08398528030882908  0.08606131100282118  0.08820782730468793  0.09044039651475100
  0.09277214107976191  0.09518170216226148  0.09767481995435032  0.10018715779181052
  0.10280612092581183  0.10543461457459702  0.10795623823944966  0.11041400281683855
  0.11292785943001483  0.11551888914360435  0.11816713886292608  0.12084152775437680
  0.12377503474501486  0.12677597405941493  0.12975236515871050  0.13275828149953864
  0.13597681071617351  0.13932068867974359  0.14277189957969613  0.14641826592105023
  0.15026862478135994  0.15462528034231585  0.15913778853248031  0.16422714313998010
  0.16978566505515549  0.17563144861201235  0.18190645689534277  0.18926614984688694
  0.19864721099283300  0.21194736680433929  0.23046641241021484  0.25631166322425419
  0.29636007055430635  0.38658920362054566  0.76364840597112893  1.00000000000000000
  0.00877803893968541  0.01806078360465054  0.02974618307068513  0.04024214210520402
  0.04976162147543833  0.05895288885933214  0.06882308459171560  0.07916730310767879
  0.08978985137645044  0.10013119123696138  0.11039853978543385  0.12023382358033879
  0.13014742651567940  0.14016055612681852  0.15047816975999651  0.16148700766859989
  0.17279760771910654  0.18454283470590579  0.19580813193798671  0.20695724183216521
  0.21816727141356898  0.22957293826283962  0.24144110311992287  0.25296970385767714
  0.26436127289137701  0.27532836947219780  0.28567136798538567  0.29575061050861018
  0.30614824452518102  0.31735008734606351  0.32882589899267789  0.33987379732600287
  0.35042658968529905  0.36069146051321310  0.37088789897895663  0.38145807423988648
  0.39243012740763844  0.40313856323047398  0.41306770602179022  0.42264924839778856
  0.43224856583604682  0.44151908569277643  0.45080655410701437  0.46046341248038053
  0.47142815912931429  0.48222920937083508  0.49256125947193402  0.50296171106069720
  0.51323881123297210  0.52385380730598263  0.53454125892971471  0.54517418136734719
  0.55563258735663457  0.56623922985952879  0.57645144169233498  0.58576435707246366
  0.59474418973117649  0.60448232548639558  0.61534518585960074  0.62710041017660156
  0.63854675357290658  0.64976770130402739  0.66065909420034863  0.67098497521929523
  0.68078559256730442  0.69007768703521200  0.69940437253206644  0.70872691639561225
  0.71803955415287091  0.72720571480933471  0.73709794066680334  0.74790527146818198
  0.75974790106800216  0.77144233908218540  0.78309467911392727  0.79442993774986359
  0.80563182136267142  0.81691993349262670  0.82786103529511657  0.83868167894174828
  0.84973680038452848  0.86002341104167179  0.87103058650659748  0.88081391066414239
  0.89166578845364963  0.90216305595855129  0.91294730364931764  0.92356133144646191
  0.93372007430081405  0.94336342609245616  0.95288314741778168  0.96280850926110573
  0.97314480772694534  0.98354932546169171  0.99081284059595220  1.00000000000000000
 -0.00002481431920629  0.00013691346629001  0.00028094108033801  0.00044196449760033
  0.00060225165614807  0.00075671612628301  0.00093601806247485  0.00113021092244962
  0.00133730180294604  0.00154235493128999  0.00175448242176961  0.00197902627542911
  0.00222064954218571  0.00246595262332833  0.00269949541051697  0.00292576165271065
  0.00315675914388203  0.00338223451121865  0.00360126445750232  0.00381517865303811
  0.00403058989306179  0.00425542357950966  0.00447702792455698  0.00470930972342253
  0.00496896158814347  0.00523054199752093  0.00549548543751134  0.00575270083849609
  0.00601207929896119  0.00628017057723800  0.00653636867500561  0.00678387820217095
  0.00703000938827781  0.00729074137335922  0.00755820050070185  0.00782981904750724
  0.00809881267239621  0.00837888266855155  0.00865160285186845  0.00891242908395527
  0.00917965329348819  0.00942953656498566  0.00967791112511955  0.00992446066011192
  0.01018453833279314  0.01045608159073282  0.01073962155972280  0.01103089331119672
  0.01133533398861650  0.01162511802826871  0.01191110390851942  0.01218746320577015
  0.01247145770047179  0.01276577745460635  0.01307211012032581  0.01337847910681422
  0.01368088434555467  0.01398299145005439  0.01428322933153500  0.01459630045449170
  0.01490160932216494  0.01520596047445372  0.01551536349590519  0.01583458309496732
  0.01614868965249559  0.01645606595797372  0.01675515615389192  0.01706025500894051
  0.01737997926877070  0.01770852907485937  0.01804524733258135  0.01838260430327536
  0.01870827917384437  0.01904034992471478  0.01936770480304882  0.01971274232453598
  0.02007288930225983  0.02043599026822497  0.02079249089408644  0.02113331367786196
  0.02147006737780635  0.02180204858376996  0.02212237058059910  0.02243990858208030
  0.02276650163482720  0.02308919294108759  0.02340591996224354  0.02371647687711351
  0.02402851152738664  0.02434694180954448  0.02466502550659443  0.02499658452019066
  0.02534019277554261  0.02566870854471381  0.02595622507986055  1.00000000000000000
 -0.00242044278379676  0.00999480424867595  0.02053794014840528  0.03210042656821042
  0.04469413637279935  0.05762719803456970  0.06970619859267810  0.08181195257115223
  0.09260189748466655  0.10524510004788258  0.11750946318026331  0.12932569815170092
  0.14097283935963931  0.15232910340897660  0.16333127095131356  0.17398662887356528
  0.18474162724712989  0.19583369173481574  0.20698745458718729  0.21809591011837215
  0.23003702996895159  0.24230479159988758  0.25436826646090588  0.26583016611140248
  0.27709904459633788  0.28814103229695887  0.29941555918475365  0.31070107723558033
  0.32163022972942634  0.33254114963099712  0.34385903474506357  0.35522348769214762
  0.36596657132312616  0.37666859662030572  0.38773380636361765  0.39902110476665575
  0.41003646721416187  0.42030873135398822  0.43016649700800957  0.44084063703683529
  0.45178978363594380  0.46264497518143721  0.47348654668990353  0.48453606735114702
  0.49553219145226507  0.50624473973358608  0.51676873305211724  0.52792108706184726
  0.53958420363663551  0.55128721704937456  0.56275343236450681  0.57333010790876615
  0.58324668809536973  0.59308248258565821  0.60286129754793594  0.61228397817470459
  0.62127722950704711  0.63060854828564927  0.64055667664951843  0.65085434692195199
  0.66085033624819911  0.67086741726582566  0.68070199722660074  0.69061979779882610
  0.70023221915923339  0.71019886589833281  0.72019057647014062  0.72956553695139847
  0.73874346258656076  0.74846654288535375  0.75863316646399925  0.76990565389733223
  0.78183011130248792  0.79284351295701860  0.80240279785783231  0.81142213256931028
  0.82073445200859951  0.83061196337329435  0.84051079063887424  0.85050527026290490
  0.86059814772123611  0.87093430976260622  0.88068207498812523  0.88972561140074879
  0.89876131358619171  0.90764041792226935  0.91646086564873908  0.92559144792146963
  0.93423074961162522  0.94338833286881385  0.95217148307948118  0.96033606588124654
  0.96930428336979491  0.97869243364598346  0.98821793434729788  1.00000000000000000
 -0.00240499092843923  0.00901855061238742  0.01864330838077696  0.02823273570164139
  0.03824040528414976  0.04804252932757253  0.05805251225719996  0.06893758542005396
  0.08044462761696694  0.09189992493113917  0.10257362935041213  0.11263284463839365
  0.12267622959230461  0.13293515583501067  0.14322641382637769  0.15326315176339650
  0.16334160292351413  0.17344565054778005  0.18316602845494317  0.19344280251892770
  0.20313661244740147  0.21324131044166331  0.22378624767066815  0.23449435739484228
  0.24576824056487101  0.25752963156568870  0.26917343016064715  0.27982881403717641
  0.29052618464174312  0.30165536475547183  0.31277180309545211  0.32354639699798954
  0.33453878462848363  0.34542309400234988  0.35660041686691990  0.36773215757490557
  0.37901180162539583  0.39004051756043334  0.40029940561710325  0.41007839068104024
  0.41988036481507596  0.42972195140136621  0.43961847577302382  0.44958101087378288
  0.45939389593721525  0.47026679537220234  0.48115272596873987  0.49226842826286227
  0.50272422447296938  0.51270825259530028  0.52278569663290031  0.53354157425010196
  0.54495359154168033  0.55625125372796669  0.56677404449209090  0.57664099413428394
  0.58697751904606144  0.59795724563449104  0.60940553922636331  0.62095692613950448
  0.63199351353665645  0.64234640460264869  0.65269599426691371  0.66345782765969319
  0.67437869195430067  0.68504854409933225  0.69545439577966017  0.70592311593967860
  0.71643186528214742  0.72729882078974650  0.73862477044632235  0.75045241405754748
  0.76276930298488288  0.77473865996979185  0.78632232968667271  0.79749168258920788
  0.80848543970146958  0.81877665310778969  0.82875688871055708  0.83859690088593331
  0.84841154452247247  0.85824907479051127  0.86774470898243328  0.87712026488328632
  0.88711892564224337  0.89689518108835931  0.90820160104136982  0.91883939445718099
  0.92895156734828610  0.93925705411411364  0.94875024120265539  0.95866581961993480
  0.96906032641867490  0.98021273516262519  0.99059112529834470  1.00000000000000000
 -0.00276295055995720  0.00987039780140953  0.02076653227623837  0.03219017621427069
  0.04361637811316387  0.05444988862777610  0.06545859215183114  0.07640591190077570
  0.08696462732837189  0.09696637997508389  0.10630030247002641  0.11553282195887556
  0.12500213698053803  0.13529873725420785  0.14637136224016697  0.15804188883697581
  0.16938936567451002  0.18011142542789199  0.19069179164745173  0.20241117403881284
  0.21373103171642965  0.22420029492301818  0.23407123251122455  0.24428211833977270
  0.25453986611957852  0.26527786780405321  0.27573068479333451  0.28591666348405398
  0.29629428627213067  0.30677074183745284  0.31754188380964826  0.32830950580850549
  0.33913352852209511  0.34986732208761773  0.36031475692740511  0.37071457144494863
  0.38138667901884038  0.39188310702042850  0.40175065226330581  0.41127715875151766
  0.42083525113109616  0.43112076196360199  0.44178666754185292  0.45242103028891123
  0.46275573784481216  0.47347689292960987  0.48409448064642496  0.49451751200739352
  0.50532237739122132  0.51632542489862876  0.52770619562891641  0.53909081310296081
  0.55059889985082255  0.56228275006192341  0.57370432951409189  0.58432879323176290
  0.59407796397136314  0.60320550306158827  0.61242280114573910  0.62214031242962653
  0.63289361835579183  0.64366129454869725  0.65406855262697416  0.66409104132746855
  0.67453328295266624  0.68477782061992964  0.69581768569056368  0.70646256539564489
  0.71763949310885133  0.72834800448143844  0.73894463082315998  0.74951499054679582
  0.75940831303355927  0.76917641601475339  0.77821259803718268  0.78825691896294092
  0.79852718122824640  0.80880647091072544  0.81844163189380070  0.82771003496525841
  0.83693268765705342  0.84614249419611121  0.85555475276245041  0.86511810507824827
  0.87533442609481393  0.88651204451897558  0.89819368791108123  0.90975823946045820
  0.92111859102703719  0.93207738011818142  0.94328895436052218  0.95489558285460685
  0.96601003992144796  0.97697852137811836  0.98798457261227890  1.00000000000000000
 -0.00236804403901825  0.00822462714444307  0.01858974036415004  0.02935517728242204
  0.04055096047056807  0.05156192591363636  0.06226185574803302  0.07284944712180502
  0.08345409949017875  0.09410103134948748  0.10424190267281574  0.11434701033743083
  0.12439871419151506  0.13545727309034153  0.14711177503106521  0.15884363991419140
  0.16984743220029683  0.18014965458551915  0.19048830982450440  0.20075322932734524
  0.21066224072574433  0.22059773447699169  0.23118239406927488  0.24190078648242924
  0.25267042028081471  0.26334600388719237  0.27353408359841275  0.28320770183567145
  0.29269046704855334  0.30273988501346660  0.31263851158506140  0.32260891011793752
  0.33255911271678540  0.34273664060861359  0.35287508230663406  0.36375674203769542
  0.37475215989145905  0.38582469008057857  0.39645853334903874  0.40673111028020842
  0.41667455364907890  0.42637690699803465  0.43574027838715479  0.44533619409530290
  0.45525786498709270  0.46615371675018669  0.47727051503767459  0.48786051971504191
  0.49786472385270036  0.50750925198341057  0.51725758114906928  0.52756776278885864
  0.53795370786251395  0.54811170698635980  0.55770406352899093  0.56697164007252887
  0.57644838625886230  0.58648754521984303  0.59713784980043638  0.60882001800756025
  0.62110208120454202  0.63343117110519187  0.64525150123651265  0.65721689492635293
  0.66834213829810718  0.67815336580223029  0.68808333350718975  0.69895093216288573
  0.71013380287165107  0.72039513938807409  0.73029840019486747  0.74102406046425495
  0.75237774719158623  0.76235596186934185  0.77256351286601987  0.78224039779026278
  0.79180110418923266  0.80140012991112564  0.81122948192007505  0.82240175163862583
  0.83516368562780308  0.84679041886243733  0.85791207092632715  0.86895776104191735
  0.87989373524852921  0.89035591841763784  0.90103135692580405  0.91139537570366191
  0.92255815047085377  0.93338214728628877  0.94400525158731696  0.95449295079206609
  0.96555018038240259  0.97705851931622845  0.98821316765288592  1.00000000000000000
 -0.00226366683125311  0.00877674716671383  0.01929011161247853  0.03009703771223959
  0.04062570084770919  0.05105046840621489  0.06209634794375021  0.07275651219815059
  0.08294837075878878  0.09279642171039278  0.10243727520462766  0.11287450745772441
  0.12331003467447965  0.13357509162461348  0.14355561707895642  0.15359208811473585
  0.16391296443100575  0.17399184200139409  0.18377308576879547  0.19327280481083631
  0.20255045787313211  0.21199686995029732  0.22188073111955348  0.23236741944686065
  0.24333155690266889  0.25431221736153942  0.26546123460649751  0.27622472470867832
  0.28644695636528766  0.29717578325830507  0.30844384535791591  0.31999730495393197
  0.33126722325443103  0.34297766583586092  0.35471196292516105  0.36630723861033315
  0.37719855934745006  0.38731379839803626  0.39810418246698287  0.40931027570535305
  0.42014201730731909  0.43119516275527348  0.44253079708873017  0.45447326384450171
  0.46663018276702550  0.47820523444332602  0.48865503944520877  0.49857652798459440
  0.50851403826929042  0.51834071876908072  0.52834734133770633  0.53845975399314217
  0.54887196460166732  0.55963437336106014  0.57051660010732219  0.58142371534467396
  0.59257186839974973  0.60409711482129547  0.61546797518441021  0.62604353497811782
  0.63604847983731716  0.64624570474824194  0.65744052499384220  0.66908944883052546
  0.68017129516606700  0.69035853115655266  0.70011839957260058  0.70993445877538486
  0.71967055502122124  0.72970819083761229  0.74061404751788351  0.75229180564626241
  0.76394514831722093  0.77469567278257079  0.78451919517746060  0.79432293965341694
  0.80461004481046028  0.81475886017374888  0.82455156164676457  0.83443227884695204
  0.84532629283459426  0.85712871215205788  0.86874581985470467  0.87991971558492221
  0.89107424600465257  0.90199239973283574  0.91304603046611599  0.92356291950154390
  0.93365290150602243  0.94287942906193400  0.95225642306133185  0.96154420287210840
  0.97094159916350731  0.98037063611240893  0.98946514476228697  1.00000000000000000
   1.4997451288197159E-019  -1.0000000000000000     
 F F F F F F F F F F F F F F F F F F F F F F F F F F F F F F F F F F F F F F F F F F F F F F F F F F F F F F F F F F F F F F F F F F F F F F F F F F F F F F F F F F F F F F F F F F F F F F F F F F F F F F F F F F F F F F F F F F F F F F F F F F F F F F F F
  <DiscreteSampler_grid>
  grouped_processes
  1 # 1 for a reference and 2 for a running grid.
  10 # Attribute 'min_bin_probing_points' of the grid.
  1 # Attribute 'grid_mode' of the grid. 1=='default',2=='initialization'
  0.0000000000000000 # Attribute 'small_contrib_threshold' of the grid.
  0.5000000000000000 # Attribute 'damping_power' of the grid.
 # binID   n_entries weight   weight_sqr   abs_weight
    19   10   1.309386474852674E-012   1.407940320151219E-023   1.309386474852674E-012
    22   10   9.596365207464161E-012   7.631158267124823E-022   9.596365207464161E-012
  </DiscreteSampler_grid>
