 -0.00000000452013103  0.00000240431513847  0.00001694340869267  0.00004921881615843
  0.00009763087356337  0.00016324055771439  0.00024453230333269  0.00033700720553621
  0.00043840327886599  0.00055012879529197  0.00067564352111793  0.00082017543877155
  0.00097435814614112  0.00113429706626873  0.00129851667947161  0.00147960724481028
  0.00167128955077195  0.00187150741002981  0.00207403931913823  0.00228178749383335
  0.00251749965756782  0.00276161003123683  0.00299648699296869  0.00323401702814377
  0.00347162521394222  0.00372061610060520  0.00399082572145657  0.00428837772723712
  0.00458252768943686  0.00488290814004562  0.00520483526453561  0.00554444377163871
  0.00589017698452318  0.00623498326041404  0.00661042455521344  0.00705498666273530
  0.00752801056917439  0.00802048013630504  0.00853939909603435  0.00911805661310442
  0.00985504388501555  0.01087652457263478  0.01176168770486329  0.01227803028605906
  0.01263536121146157  0.01290418840517677  0.01312678862413614  0.01333276778466047
  0.01351202087018135  0.01367949528207326  0.01383583452120777  0.01398192368695891
  0.01412242548018794  0.01426500505192940  0.01440870689414250  0.01454641645525997
  0.01468486018381789  0.01482408461624437  0.01496081937520533  0.01509789057406098
  0.01523646587551514  0.01537807362584831  0.01552159632475501  0.01566934677376740
  0.01582050204921927  0.01597479473044648  0.01613588103800577  0.01629965507658760
  0.01646727047668706  0.01664545035905563  0.01682908154683926  0.01701898157665284
  0.01721719199912999  0.01742553591111673  0.01764337363055609  0.01787139934854312
  0.01811217332739569  0.01835585831218175  0.01859588512619074  0.01886492262083099
  0.01919565519784823  0.01954289277167872  0.01991486385810124  0.02030860548709346
  0.02073473869949768  0.02122576122642535  0.02175929186626833  0.02235149098186078
  0.02300798634806900  0.02370187279081942  0.02476335869263352  0.02640815688396003
  0.02878030649928384  0.03472762693223080  0.04961266044744828  1.00000000000000000
  0.00970773771817178  0.01561686696867130  0.02477118686784082  0.03435709650732818
  0.04343939618371806  0.05208059914258782  0.06105358809411209  0.07158137291599495
  0.08251428381298206  0.09249640888588286  0.10193143299651529  0.11109527785143188
  0.12005377680251474  0.12924395639089648  0.13877289019620886  0.14888037645439947
  0.15911017749713091  0.16941522997187838  0.18002048935115919  0.19095994455469897
  0.20229690688898289  0.21285110450944297  0.22261332420231833  0.23253636490617857
  0.24266224224238492  0.25292969028127577  0.26336320227083304  0.27467197073607735
  0.28647944176755058  0.29761961777158624  0.30822191042671537  0.31830593615848579
  0.32785917734421899  0.33755658968509245  0.34734735679097484  0.35742487969732523
  0.36857269561394418  0.37972692727525048  0.39215166639362864  0.40377201179131050
  0.41607682547310465  0.42883538171198277  0.44111054047660492  0.45276461096787357
  0.46409685956294416  0.47583022518967755  0.48788062626576850  0.49964975727801708
  0.51106764864792043  0.52264094810223638  0.53485426414582671  0.54749174439554349
  0.55920221546484805  0.57054171987640423  0.58137237498746563  0.59223819766631913
  0.60319397758361459  0.61383585123457562  0.62530599024200817  0.63556049123290037
  0.64597775454913198  0.65684340476400971  0.66735564250028623  0.67812294169456533
  0.68839111171061751  0.69960513214252451  0.71178949171631034  0.72357067110879258
  0.73446497425662460  0.74453174458923077  0.75509436232034266  0.76592229504917286
  0.77643126826943321  0.78640743320350748  0.79674905973517374  0.80701567524827822
  0.81769894465486548  0.82900325097228389  0.84177290857439901  0.85445179014562478
  0.86628687300636276  0.87632799594785760  0.88522465548076856  0.89416415246979564
  0.90327424992880445  0.91197074455450533  0.92047429669465097  0.92895077830949191
  0.93781814320937062  0.94704860341391006  0.95680574399282670  0.96680192976517165
  0.97602226577870665  0.98762828415452242  0.99011926741836220  1.00000000000000000
 -0.00002148269841353  0.00026013508814410  0.00076334011290550  0.00151305483969404
  0.00256414440443408  0.00382106301478404  0.00514187622044045  0.00665034724625047
  0.00844353036466715  0.01076854198776485  0.01356224311832753  0.01639285698859226
  0.01899055812558109  0.02164460280483867  0.02452240954368363  0.02787138703704695
  0.03155572200021284  0.03541263210431431  0.03929443168596667  0.04299951422838807
  0.04688700348606083  0.05120400135533786  0.05590956956665466  0.06085088756484562
  0.06538159354848079  0.06978218242298904  0.07443319517900887  0.07938834932758804
  0.08452575568153600  0.09001960873637758  0.09581092291616518  0.10199878997373994
  0.10830062901415456  0.11495404832599047  0.12167975174719310  0.12828921957227959
  0.13496192290548298  0.14132946374839728  0.14829443491483171  0.15567027630440927
  0.16330350637415134  0.17150871455451011  0.18016968992661653  0.18900630154732670
  0.19747480299656142  0.20546134389110998  0.21338934564967585  0.22134471295095282
  0.22920412936427426  0.23712280573725994  0.24490349903881786  0.25308413495454696
  0.26147315862832965  0.26984787241387265  0.27842799903107096  0.28729339352651123
  0.29651671481348851  0.30634000565911623  0.31724041860277119  0.32894356175642886
  0.34085617857390593  0.35245572823932464  0.36413956202799036  0.37602485952725928
  0.38844934938781650  0.40130670697186510  0.41381394476497846  0.42756814528154635
  0.44337794725234836  0.46027910983265458  0.47801255026198181  0.49630936815097360
  0.51478504614857490  0.53281065257390248  0.55010854815691212  0.56739230357861514
  0.58531130428997713  0.60413852685019531  0.62366848968397948  0.64261006997718095
  0.66265230389937557  0.68314837323913968  0.70401194199830908  0.72488233228836418
  0.74489648902359729  0.76474867784655431  0.78446310761160187  0.80453273301895523
  0.82526709870989212  0.84645999169893249  0.86781031562852351  0.89012323126396753
  0.91326616340374656  0.93656562277973554  0.95784258320690707  1.00000000000000000
 -0.00357483253815941  0.01322273403645828  0.02641131296160928  0.03976161199749862
  0.05330034226769893  0.06589321333291993  0.07820608033081716  0.09008778577510941
  0.10203658800312992  0.11448344456040564  0.12699903128135706  0.13936548957118522
  0.15237047880184115  0.16531146721148826  0.17601961663860452  0.18575190881169548
  0.19473696206316021  0.20364978015234225  0.21275509661312672  0.22266821184439045
  0.23350711503962066  0.24553042663291402  0.25789412011519630  0.27040678527467427
  0.28212817071433083  0.29313750339152950  0.30396276673013678  0.31507580930591078
  0.32614655518313479  0.33698930623197604  0.34789925853787329  0.35847284165052073
  0.36906188891206970  0.37923194964985502  0.38859228942727803  0.39768440820782497
  0.40610887687487740  0.41432486261319940  0.42277617627457020  0.43133540161005518
  0.44109604819478326  0.45236390106422297  0.46466938002497371  0.47730653593657618
  0.48886030634653582  0.50021867312554802  0.51145787406876286  0.52280555913130378
  0.53429879539437619  0.54612168362971980  0.55839751192135123  0.57052599418804895
  0.58164166436223319  0.59252670928879525  0.60264623535218254  0.61335464052316502
  0.62484692280691922  0.63648253239306396  0.64756458052737109  0.65851247060308138
  0.66943227557886786  0.68068489136709198  0.69141689634647552  0.70213687518699974
  0.71298767758263304  0.72393191347960451  0.73373299565149508  0.74242524239633056
  0.75123024964190166  0.76003890844434630  0.76877408551055249  0.77737393016400014
  0.78606509392129009  0.79493813404250668  0.80439621683308138  0.81387344070047751
  0.82325657803839469  0.83288171256446664  0.84212232430921086  0.85141463446861054
  0.86077947225847595  0.87109684014500355  0.88123629058108155  0.89130341975928296
  0.90103050842310251  0.91036766323113116  0.91898667475536411  0.92729822726380562
  0.93565673258966098  0.94464230920259029  0.95397851999707717  0.96312194485956726
  0.97234565623992997  0.98172887144175380  0.99099649380180954  1.00000000000000000
 -0.00226617295072022  0.00973206809763342  0.01880893208447499  0.02819339556865558
  0.03797492017003749  0.04816260730527946  0.05820724661904252  0.06907321042985709
  0.08137378700137368  0.09367268320008561  0.10605822078346117  0.11874125653096421
  0.13039678831219539  0.14063124256705054  0.15102283868399835  0.16084732844688215
  0.17146370427358609  0.18191049232317874  0.19290476744494023  0.20458014914134559
  0.21621196105950943  0.22845430121878313  0.23811253564037313  0.24690116290025335
  0.25565638020079134  0.26507146839275741  0.27505657730720395  0.28488212324966095
  0.29450967710725379  0.30391676152728053  0.31298054627149868  0.32167895948100533
  0.33017936349615684  0.33896048380265509  0.34822728839401201  0.35972914320999505
  0.37294813970124596  0.38573902983782604  0.39785935747007406  0.40961233313695633
  0.42116709442100414  0.43251947503467192  0.44373219401874003  0.45457512470448558
  0.46538901534003146  0.47623645028009559  0.48704414154227726  0.49793761104308809
  0.50940513772177931  0.52044788370223349  0.53008554237931149  0.53926534437971885
  0.54834499403772274  0.55761140887074823  0.56679534083450789  0.57555479715952984
  0.58437201046403087  0.59382736344344511  0.60361021424417738  0.61416273767839658
  0.62487273069546789  0.63551921588154425  0.64618495712776725  0.65661662253739994
  0.66782330361948516  0.68004610262897125  0.69343626916608581  0.70593433888523460
  0.71794364166103519  0.72920252435657040  0.74043022043695206  0.75108707935117325
  0.76151779208025183  0.77165944855426183  0.78131138743114581  0.79066352755734071
  0.80050444412178212  0.81057456185563359  0.82116336000649925  0.83189037939851507
  0.84155694775335077  0.85169087830886270  0.86161238411739449  0.87132735938124717
  0.88123351761162649  0.89114605623754584  0.90128123646753122  0.91253817817064220
  0.92369697852034061  0.93560894111858595  0.94752302887130269  0.95959136048517091
  0.97049484485801707  0.98086880734134996  0.99059767500531115  1.00000000000000000
 -0.00207294593731892  0.00819137640047444  0.01666749224923159  0.02605113871325003
  0.03575166035718592  0.04567208020059448  0.05681109602425598  0.06744113598733628
  0.07766075905959519  0.08750965973132920  0.09730232565972656  0.10766825758156719
  0.11851766790873218  0.12903234817507994  0.13904682182563752  0.14918011665250094
  0.15874384347193909  0.16856406519360620  0.17883031405341945  0.19005849495649277
  0.20121801672570350  0.21314631621870345  0.22556619301216674  0.23781399106708237
  0.25001968734461422  0.26228499474427136  0.27393135506091199  0.28500855048047258
  0.29626790956843752  0.30736434583125094  0.31755361223448403  0.32714748069599309
  0.33742979039662357  0.34834847399330487  0.35935484104408449  0.37005971999053994
  0.38107664535054864  0.39211152641775565  0.40310852517451501  0.41415784014228613
  0.42520323104604224  0.43619461105780821  0.44717452863337598  0.45815038628932692
  0.46852369756393969  0.47870307685395225  0.48899261242497577  0.49957983786867866
  0.51050054435269465  0.52177655307269799  0.53317998804604627  0.54451899481109911
  0.55608607653388442  0.56806576900954564  0.58024052663784065  0.59245872083624207
  0.60413001056984350  0.61549153406127743  0.62651535811593861  0.63729708787195627
  0.64843188075148706  0.65999651745173504  0.67104739385701218  0.68212323354494642
  0.69451067145539602  0.70678171244785970  0.71661623256512286  0.72520692359345473
  0.73414520759042823  0.74297603656161604  0.75160189367264107  0.76019703427670071
  0.76932295980893983  0.77977748605438713  0.79098829657238157  0.80272980192921950
  0.81464599998294107  0.82618447817823470  0.83649443435240711  0.84545363095671122
  0.85413384341225207  0.86303303369498652  0.87189689306971696  0.88068427166008578
  0.88919237191961842  0.89829232716588114  0.90834373624669607  0.91862728681006389
  0.92948730818727365  0.94049364373183297  0.95099682319052825  0.96044168678197284
  0.96990281753512764  0.97945766877622287  0.98959979323055858  1.00000000000000000
 -0.00184002112803352  0.00747799298615449  0.01564950795606173  0.02481591991055703
  0.03350568728352704  0.04197999597075489  0.05066379175396315  0.05965165406821470
  0.06906116630636418  0.07926979897771980  0.08947274931190630  0.10028162329221052
  0.11040355680998234  0.12016250493588147  0.13017520729421939  0.14111607722745162
  0.15288478999082306  0.16490778718155150  0.17609172558369382  0.18700442780367163
  0.19841614433190377  0.20945523381204240  0.21987203306353370  0.22956904523740315
  0.23926784643631624  0.24972393436145784  0.26105859259525060  0.27232004848039670
  0.28300395102546666  0.29342720470775480  0.30446665783987975  0.31656726590950318
  0.32922447787049969  0.34171929140861562  0.35386833140597163  0.36622431811856598
  0.37780915051456171  0.38936796431705772  0.40122449972493918  0.41370783644503917
  0.42643577935807464  0.43888819714122002  0.45116080896835875  0.46252693860653638
  0.47356914400853750  0.48367052335283145  0.49283579826009644  0.50212608280757298
  0.51143743714660861  0.52051364896450747  0.52886490734209668  0.53688537259250191
  0.54572623648123686  0.55583199875210676  0.56566295519895204  0.57494853013447589
  0.58477578335549163  0.59558215311805851  0.60628324061451777  0.61700470097555993
  0.62688764099749128  0.63685772704904731  0.64671194427938783  0.65680557071344392
  0.66724801002863332  0.67713912935573917  0.68696902666925386  0.69668482592387149
  0.70621331733531423  0.71581296923117910  0.72590404851199974  0.73584795577734352
  0.74528856769308882  0.75498822347735783  0.76549837122535691  0.77653613340417116
  0.78916338880826142  0.79991703978728124  0.81044367590402000  0.82144084907764392
  0.83259221362455471  0.84328714377510927  0.85396092155450110  0.86578988928026057
  0.87765635708699774  0.88903669579826150  0.90070734092037863  0.91247757757812875
  0.92395495111387582  0.93518983499160824  0.94638239064473406  0.95732085183925497
  0.96770453214072027  0.97854103167051365  0.98920401840882011  1.00000000000000000
 -0.00246764377991080  0.00995026387076838  0.01992192076724168  0.02999606624401904
  0.04045964305571007  0.05063963874011173  0.06022870435693695  0.06980771387154751
  0.07946698970330700  0.08940222244623426  0.09996131161127128  0.11182279771084494
  0.12501025822888681  0.13791867092250773  0.15048021311985810  0.16338113822161748
  0.17581548765703231  0.18824291283537725  0.20088154781657361  0.21254817083049923
  0.22303451464990542  0.23293861235400029  0.24273920406608121  0.25259518149718085
  0.26239193353466883  0.27243197330506891  0.28289128310449690  0.29353560011602670
  0.30461567795105626  0.31624626000106348  0.32850592328547629  0.34187152682184258
  0.35595483769865616  0.36912403632788948  0.38083217756879845  0.39114610696542579
  0.40131017146666398  0.41163953513360574  0.42111596020396153  0.42952922903084378
  0.43777384040117107  0.44616025443478624  0.45479636316130650  0.46374927711935338
  0.47253737947484714  0.48229176411942687  0.49389226356661964  0.50557050256565950
  0.51680801871540549  0.52839198914382712  0.54049577377668956  0.55207296128516148
  0.56312597545715026  0.57435688198784862  0.58505921911617353  0.59539201977937262
  0.60544870674922424  0.61542927586688889  0.62584971050157356  0.63628145737221997
  0.64724619760569913  0.65884172192397916  0.67078132970228865  0.68301195816511195
  0.69528275465464828  0.70719426109603944  0.71885008859011013  0.73040676356164580
  0.74160513586953236  0.75181441598115062  0.76129125147116139  0.77097237027284604
  0.78106609778562475  0.79109698924038874  0.80069948472370112  0.81046258029463658
  0.82083073879596913  0.83141310416513692  0.84103779212783902  0.84977988146141548
  0.85837146999226321  0.86682990563578466  0.87517434450242493  0.88303451083287843
  0.89084119671739448  0.89886917567484848  0.90757432360388512  0.91721629264077209
  0.92828759945092176  0.93921136689019036  0.95000965645719293  0.95945851064517040
  0.96914136931582440  0.97883619967585833  0.98939064825762701  1.00000000000000000
   8.2166400794195760E-014  -1.0000000000000000     
 F F F F F F F F F F F F F F F F F F F F F F F F F F F F F F F F F F F F F F F F F F F F F F F F F F F F F F F F F F F F F F F F F F F F F F F F F F F F F F F F F F F F F F F F F F F F F F F F F F F F F F F F F F F F F F F F F F F F F F F F F F F F F F F F
  <DiscreteSampler_grid>
  grouped_processes
  1 # 1 for a reference and 2 for a running grid.
  10 # Attribute 'min_bin_probing_points' of the grid.
  1 # Attribute 'grid_mode' of the grid. 1=='default',2=='initialization'
  0.0000000000000000 # Attribute 'small_contrib_threshold' of the grid.
  0.5000000000000000 # Attribute 'damping_power' of the grid.
 # binID   n_entries weight   weight_sqr   abs_weight
    25   10   8.559292411043796E-008   1.226439763847418E-014   8.560771258606612E-008
    28   10   2.979640145282858E-008   2.798702405211710E-015   2.979640145282858E-008
  </DiscreteSampler_grid>
