 -0.00000000802104642  0.00000519245225464  0.00004025545682788  0.00012314442812335
  0.00025109271542933  0.00041388489532997  0.00062191322198421  0.00086422337654473
  0.00110452170559011  0.00137352192009022  0.00167405733376453  0.00198334439714607
  0.00230922126808777  0.00269487072099692  0.00309058376722504  0.00351133479208469
  0.00396880067749603  0.00444616818498034  0.00492218532534267  0.00546772831391061
  0.00606415489746018  0.00670361424876638  0.00744915061249609  0.00825658238860717
  0.00947352306735115  0.01111815030053739  0.01221632507975471  0.01276758367743446
  0.01319649165071753  0.01355523497082460  0.01387211495562591  0.01418121187322991
  0.01446333562672710  0.01473397213305158  0.01499581525210341  0.01525189714852713
  0.01551054878231627  0.01577181973649850  0.01604439055671652  0.01633042414249757
  0.01663532789042955  0.01695279947245877  0.01728274321116763  0.01762387032097911
  0.01797141787087315  0.01829637809107591  0.01862355971102727  0.01895136986130690
  0.01927885382623647  0.01965709509673945  0.02005815280381846  0.02046917354743576
  0.02087998395269914  0.02129792572637822  0.02172228690686376  0.02215430168434147
  0.02259332883630762  0.02303101745405913  0.02345224588136985  0.02386593060894076
  0.02427052976039949  0.02468745110309921  0.02512531480454063  0.02557810937075229
  0.02602361155796827  0.02650770065150956  0.02703137182237627  0.02758938648160551
  0.02816454719302246  0.02873039766569395  0.02932419907440376  0.02995217696942594
  0.03058270984754828  0.03126062862838291  0.03200458765412181  0.03284117808783136
  0.03372351648153506  0.03457125475413969  0.03539154430660416  0.03618341886882574
  0.03701557796009042  0.03783938269089320  0.03877512580863737  0.03976159675391579
  0.04086313443493213  0.04216400080748012  0.04364698305216198  0.04530623371276254
  0.04710626719776674  0.04921128253803703  0.05152637029804667  0.05461239471127992
  0.05983997751100278  0.06981414715181510  0.11609308878906557  1.00000000000000000
  0.00979463265036771  0.01470775813098507  0.02284880129337757  0.03210055071969704
  0.04236692176752510  0.05416562660527401  0.06765778028515684  0.07961206944350827
  0.09020326198049716  0.09981827208998123  0.10992136792498026  0.12209892213109177
  0.13702082417092201  0.14909337299871658  0.15719749206710548  0.16506871411893376
  0.17335131070566212  0.18181246869532486  0.19107487858854144  0.20027769561923867
  0.21009189985837290  0.22486354660700636  0.23695265430634768  0.24724408445923668
  0.25832802449293429  0.26975308238745999  0.28226055999600608  0.29534858400960906
  0.30857507653239385  0.32120138163344003  0.33274486925025093  0.34381924991694890
  0.35526349550552028  0.36706923818320614  0.37847751095222359  0.38862055550945607
  0.39680876001757698  0.40524159174932561  0.41342542559274303  0.42304372502386922
  0.43315865635226702  0.44230504919195379  0.45151970629623261  0.46061275618917480
  0.46912680203950058  0.47786932717525438  0.48527029354479145  0.49246280729028291
  0.49924755661652448  0.50616946514177485  0.51347809277532586  0.52076699857744513
  0.52850442504157935  0.53618329681297239  0.54429705642600901  0.55273595430289024
  0.56176859484899500  0.57353159628390127  0.58709693896613258  0.60154158785707668
  0.61545805739321058  0.62700029796472823  0.63700722719921066  0.64596734965583857
  0.65550085681095804  0.66491505901720638  0.67421336042971269  0.68442384651075017
  0.69577883391282824  0.70777223483774676  0.71905015136338235  0.73041454948739848
  0.74424274767940579  0.75661938818876151  0.76936702005757274  0.78234395059953621
  0.79390274542336947  0.80355018185135652  0.81335161155157887  0.82324299836569459
  0.83359446284663730  0.84446967682636598  0.85617159637191120  0.86853925722048075
  0.88108797888504908  0.89315758910472498  0.90335804659540497  0.91282438535990640
  0.92241277852289238  0.93206621598650519  0.94102540202318441  0.94990599476700366
  0.95846758933262544  0.96761602390329970  0.97837535066293868  1.00000000000000000
 -0.00002006331553950  0.00027114538159457  0.00078745369437148  0.00156117757959496
  0.00282074426897508  0.00431500625419293  0.00611401769349054  0.00783270915567430
  0.00979894053253949  0.01191487630869398  0.01455520919000831  0.01773266917200877
  0.02123739464431648  0.02403161453161004  0.02689034379000196  0.02978915247877988
  0.03287775262189227  0.03604217596540661  0.03940176369609283  0.04368969271690384
  0.04858976647071594  0.05392721377330804  0.05970086907739560  0.06548124972917814
  0.07112648161159024  0.07606600331017581  0.08121079136776048  0.08632644100908284
  0.09125380045776865  0.09684995619803140  0.10251929074421524  0.10825715180849085
  0.11358439618016310  0.11847198895549670  0.12352057567908202  0.12910170255053080
  0.13506466215564417  0.14095949985866355  0.14680314329252533  0.15287768361278034
  0.15935739936003368  0.16654460118712322  0.17429198477741858  0.18236468029081485
  0.19026483586909526  0.19757660603934399  0.20482130531518877  0.21150847278209545
  0.21787504493409660  0.22459382409612824  0.23196437805826772  0.24039323880327182
  0.24983817006700521  0.25910197165942173  0.26767195696080254  0.27594309773344416
  0.28428765952554141  0.29324615456460879  0.30270581488162579  0.31270759294915196
  0.32352486495840205  0.33506074403420738  0.34697412995137172  0.35877709402633545
  0.37134804902830743  0.38258958482278793  0.39362707604263381  0.40416269389738607
  0.41486696132402434  0.42658214875646966  0.43906221332032419  0.45206223794928785
  0.46591529635448786  0.48037169577522809  0.49449758254179110  0.50918537310514456
  0.52510752536696415  0.54276620525143660  0.56457128942718149  0.58344894578363293
  0.60084734818213337  0.61687244118275086  0.63320489822830528  0.65176188341672170
  0.67316975365157994  0.69482168069532435  0.71453193914123203  0.73419190962181380
  0.75435070704026841  0.77323073076565785  0.79333418102358388  0.81666915918309968
  0.84267140843573773  0.86997489463658484  0.89652177342534922  1.00000000000000000
 -0.00432616311990585  0.01490550233401021  0.02995553302823092  0.04451358448242821
  0.06345837722083754  0.08129596054092930  0.09569961267653945  0.10768740811949519
  0.11926951892653302  0.13164181033345124  0.14544966787449928  0.16169382003163429
  0.17733733858244452  0.19046597914847505  0.20009942819203569  0.21105635775891846
  0.22252504510845469  0.23460517120472110  0.24601284374741350  0.25928240900314264
  0.27358889722838037  0.28582226097786373  0.29883283476983863  0.31179902176247865
  0.32458213426405191  0.33684386295744090  0.34896766610446606  0.36014424160888320
  0.37130021836313631  0.38230970237674328  0.39312066197832846  0.40324506103759877
  0.41314673478690894  0.42291226245888730  0.43272305345385470  0.44211405422959732
  0.45082128445329606  0.45899485865812323  0.46726488964951074  0.47634730759681454
  0.48606876392981180  0.49594155795990430  0.50605154611605296  0.51662228281662725
  0.52747110547412801  0.53780332812235732  0.54672912322525324  0.55482272830629198
  0.56339358232949743  0.57198644751923633  0.57976925678605040  0.58735605547218006
  0.59501680914516208  0.60255444399213420  0.61133834820679100  0.62180850039710756
  0.63038450411570623  0.63787671648315158  0.64515096894570723  0.65197685674864492
  0.65870570680975149  0.66627275874511671  0.67575825945730239  0.68535221201211005
  0.69492433051496216  0.70347120052774548  0.71184827847144161  0.72030416275039078
  0.72897590788909172  0.73758013222871754  0.74608159542062835  0.75582942987258694
  0.76632920561523221  0.77656899991722106  0.78688233746776071  0.79648911922736165
  0.80472596449400857  0.81423781470384626  0.82382085530418170  0.83345980122005991
  0.84340067357705906  0.85435584911224405  0.86704459378178411  0.88008104207841065
  0.89194957143344566  0.90198063817213170  0.91080221268792128  0.91973085094083185
  0.92908149320241862  0.93864255954288522  0.94797492813868123  0.95727683826841015
  0.96743522806759752  0.97890899557751110  0.98961534242221472  1.00000000000000000
 -0.00239819700162311  0.01187783318530652  0.02415601254780923  0.03421768971122089
  0.04320567329924327  0.05120571544958701  0.06086368710889227  0.07138920671119561
  0.08117787866649702  0.09044647033862072  0.10019145150300622  0.11109611414132907
  0.12436244865607644  0.13676420667026476  0.14966706196072260  0.16174087763268691
  0.17383953502111521  0.18500748267997627  0.19560426084839935  0.20593166476752520
  0.21520479850699592  0.22434490428324008  0.23292543528069987  0.24164651434046031
  0.25053809547946110  0.25967915599652053  0.26969828894168213  0.28176112075797760
  0.29501797931117940  0.30850157692052899  0.32189143273433257  0.33503379968671521
  0.34551052795068199  0.35494716492699169  0.36380744808376553  0.37331741767956322
  0.38290755936779258  0.39249968586828315  0.40167896936496200  0.41033665346649278
  0.41892273201387686  0.42855928764199780  0.43907725069619435  0.44764689022395376
  0.45572647891527807  0.46419074854345604  0.47428333335695916  0.48602010736336049
  0.49848896842107782  0.51040476350573694  0.52110003820234285  0.53296497198463644
  0.54463281634294636  0.55428385127570745  0.56458298082988101  0.57349857123410541
  0.58257922490216096  0.59221542726269361  0.60203278989627085  0.61224895872817409
  0.62223314444756173  0.63218200945924652  0.64249831147173719  0.65455213097933562
  0.66725949608538793  0.67970475095854610  0.69386779063274051  0.70441842582496517
  0.71271253472048035  0.72102368147219287  0.72984493632359648  0.73883734290675285
  0.74790921485396344  0.75673597481929744  0.76539878677294626  0.77509316547164298
  0.78527643192372565  0.79511262091577151  0.80505730536932585  0.81406246693594464
  0.82325730845471923  0.83220256578542007  0.84161073738044978  0.85129227125616158
  0.86036923351421046  0.86955159683317862  0.88141210467540676  0.89590612677400061
  0.90995073319388564  0.92448456628463926  0.93893123432914194  0.95130702620235663
  0.96288091686975386  0.97473106911629925  0.98670642245510376  1.00000000000000000
 -0.00207661334578327  0.01044898695985148  0.02240315776077906  0.03458494068611974
  0.04693991339551171  0.05809170730982209  0.07129939438740515  0.08641012243193723
  0.09898297989699301  0.11026706076842173  0.12102309506302274  0.13131158067188062
  0.14195257526507854  0.15383216030475100  0.16582227610412897  0.17738807843609691
  0.18763791494594143  0.19630603444705880  0.20476792988158965  0.21301803142547399
  0.22113355301778689  0.23004232298744084  0.23885989439125466  0.24691246997522137
  0.25684007337583054  0.26803806786187762  0.28227598732374737  0.29602519319201859
  0.30757023363991487  0.31934765492061989  0.33134865497520571  0.34237730225037322
  0.35322989217331002  0.36393989875899868  0.37386880692919339  0.38332076391027559
  0.39216410345226216  0.40052538720294228  0.40844808278031003  0.41739299937034158
  0.42785070074548054  0.43797419143969951  0.44684931147224594  0.45692324847517868
  0.47036580410688217  0.48560574704100706  0.50166198634782100  0.51851316492499411
  0.52882343520655095  0.53865580850927908  0.54831110119429793  0.55778319854667946
  0.56792114662555615  0.57880737647674851  0.58903987477046105  0.59920131919757746
  0.60943911746092072  0.61975602236395089  0.63314440779580849  0.64387221775538805
  0.65529468183571449  0.66765655505118326  0.68132359698988620  0.69458435561193455
  0.70531961947387056  0.71743513349627885  0.72948511574580133  0.74078224664421122
  0.75150661151962606  0.76175126609621702  0.77170299683385057  0.78135336803604361
  0.79181081708594603  0.80258901098200597  0.81235233289897157  0.81971510760930277
  0.82769151257546125  0.83704027465248021  0.84638079544674161  0.85482237567274633
  0.86226413251889045  0.86984034602559013  0.87961471873562058  0.89025397025034636
  0.90004585299848217  0.90910291249775899  0.91804999118892927  0.92689106769227125
  0.93579274452211247  0.94562834303648535  0.95475340586449164  0.96310677604749129
  0.97102203942231402  0.98024303919257705  0.99027189422850337  1.00000000000000000
 -0.00247566465854745  0.01045970583123842  0.02126932594570023  0.03104424478230644
  0.04043163256941273  0.05061394166528129  0.06132340173636446  0.07235283391819058
  0.08433463091144132  0.09680436165074971  0.10866893208306465  0.11908810321389278
  0.12833126299256997  0.13741633941525555  0.14643413814709491  0.15594152173652084
  0.16594818275963777  0.17626552619944352  0.18675086748027570  0.19661326525783832
  0.20692969039402595  0.21650173671950224  0.22600680933243419  0.23572688080809728
  0.24591983566741074  0.25709331802355340  0.26946448491228409  0.28226978763537808
  0.29370405749050371  0.30414499554681168  0.31412971954006369  0.32522040678449060
  0.33575423420628808  0.34611719732089002  0.35731684700483418  0.36967885509028758
  0.38287070487865260  0.39631579222423124  0.40990117533064246  0.42523907777283260
  0.44161862535025703  0.45681818049804307  0.46673788467049665  0.47312278735252927
  0.47941230935277940  0.48640728225549118  0.49365350278595260  0.50070698843239436
  0.50698893394457789  0.51395242195400381  0.52282844101702908  0.53322049428951324
  0.54241871915178896  0.55179807894396393  0.56158399929165381  0.57275131037329297
  0.58404681579877971  0.59553784055990755  0.60486015158818462  0.61381881592919674
  0.62317172756375872  0.63419078129845341  0.64632907394391226  0.65864056797555803
  0.66951493540184537  0.67802680456054687  0.68561810203511120  0.69333115779523058
  0.70081332669964225  0.70871543747756294  0.71667712851929211  0.72458563521738184
  0.73378447017438209  0.74550028364932763  0.75712866506069276  0.76841857641767575
  0.77971080739840737  0.79238459007861772  0.80712461565905047  0.82206978019193733
  0.83540275368502004  0.84813185457604312  0.86013832648526012  0.87183669851282830
  0.88327099503160489  0.89466665148502056  0.90557550098664419  0.91600193364652682
  0.92483109819991971  0.93328395364863714  0.94191590228141187  0.95113939277051751
  0.96073919615593983  0.96976781964901770  0.98117683617835361  1.00000000000000000
 -0.00185683612929784  0.00835391284231183  0.01736806730174184  0.02769015753983699
  0.03785091780511017  0.04648544996034652  0.05335080958312278  0.05992911094844990
  0.06632381690161818  0.07307127645089924  0.08013767885717782  0.08743453470111678
  0.09532843309303289  0.10350028542468094  0.11154573694535942  0.11932473756124298
  0.12911135089293671  0.14354944197573505  0.15913143372291472  0.17341017507151027
  0.18655630182173505  0.19778772583268828  0.20728160369736523  0.21788749373897850
  0.22645817023132564  0.23540818271517364  0.24450676001835078  0.25393044065085441
  0.26648432107425774  0.27871188984220574  0.29165891983535897  0.30607150782760234
  0.32121719217367878  0.33476885772303761  0.34683724115065834  0.35907016746711556
  0.37234757464350898  0.38411919350762508  0.39501362309666616  0.40607996522162099
  0.41691235996076181  0.42742997959084561  0.43716583360733274  0.44584161181392717
  0.45411391677438245  0.46237356385954509  0.47158723819082926  0.48129977492731685
  0.49008444954993985  0.49818820350439152  0.50720007313657689  0.51736793527624125
  0.52754965079333838  0.53767763662749091  0.54831373729210564  0.55998018353347567
  0.57139169878675167  0.58341871991255401  0.59615098081378326  0.60877620951905187
  0.61785868886984519  0.62669717208078690  0.63528698740918155  0.64421415493658696
  0.65362661931803911  0.66249275905618654  0.67199799752098766  0.68159830216987927
  0.69342391096556655  0.70641852146167305  0.71772918748220438  0.72962577192589106
  0.74026029908777913  0.75112596549682764  0.76190232010103487  0.77293167764398552
  0.78375697596790783  0.79510118095845872  0.80777702544278840  0.82094297773495939
  0.83358878064772479  0.84579267148445469  0.85731443768263615  0.86925128195729562
  0.88116624142570110  0.89210287319147374  0.90162146457584258  0.90940590019177059
  0.91779522425912918  0.92656866851927489  0.93647878751789826  0.94814042914175622
  0.96070434678450278  0.97328526039351471  0.98581900436711634  1.00000000000000000
   1.9352578476980611E-015  -1.0000000000000000     
 F F F F F F F F F F F F F F F F F F F F F F F F F F F F F F F F F F F F F F F F F F F F F F F F F F F F F F F F F F F F F F F F F F F F F F F F F F F F F F F F F F F F F F F F F F F F F F F F F F F F F F F F F F F F F F F F F F F F F F F F F F F F F F F F
  <DiscreteSampler_grid>
  grouped_processes
  1 # 1 for a reference and 2 for a running grid.
  10 # Attribute 'min_bin_probing_points' of the grid.
  1 # Attribute 'grid_mode' of the grid. 1=='default',2=='initialization'
  0.0000000000000000 # Attribute 'small_contrib_threshold' of the grid.
  0.5000000000000000 # Attribute 'damping_power' of the grid.
 # binID   n_entries weight   weight_sqr   abs_weight
    19   10   3.437297527833150E-013   2.318458241030850E-025   3.437297527833150E-013
    22   10   2.803401294991636E-013   2.096608858879504E-025   2.803401294991636E-013
  </DiscreteSampler_grid>
