 -0.00000000191286656  0.00000114732514794  0.00000821461767375  0.00002287813225739
  0.00004570269713128  0.00007670867307629  0.00011372680973070  0.00015578261267603
  0.00020178530290704  0.00025382913275688  0.00031192444521858  0.00037334053311120
  0.00043765671354858  0.00049997843547293  0.00056801684788334  0.00063364048829111
  0.00070300384074669  0.00077502432152240  0.00084719328890413  0.00092220555930463
  0.00100019679517086  0.00107855017600173  0.00115731273674803  0.00123970653655408
  0.00132463351946801  0.00140898548233636  0.00149298244115535  0.00157905304830744
  0.00166748229609568  0.00175589698837219  0.00184439664711224  0.00193193429687096
  0.00201888403491727  0.00210622726045247  0.00219318356374946  0.00228063996544900
  0.00236893115943548  0.00245998153344234  0.00255097706165491  0.00264041673780789
  0.00273144073201355  0.00282565162530126  0.00292200552143558  0.00301870738789968
  0.00311496998399406  0.00321140183217625  0.00330758675135287  0.00340332022328972
  0.00349516081123867  0.00359071587429906  0.00369108467784465  0.00379341899963758
  0.00389650067501153  0.00399831254533711  0.00410012052131649  0.00419973553521356
  0.00429908963124802  0.00439865205939638  0.00449845166088745  0.00459816522501192
  0.00469787098081452  0.00480888817603803  0.00492175115232898  0.00504035648166214
  0.00516086461592176  0.00527955969250422  0.00539743565557133  0.00551384895106091
  0.00563145167865662  0.00575017103937915  0.00586956522184676  0.00598870185704983
  0.00610519557437385  0.00622851050155779  0.00635961423996272  0.00650019565840719
  0.00664931003943308  0.00680224145086963  0.00695467582407565  0.00710883825650321
  0.00726553711676414  0.00742528924824180  0.00758908550400914  0.00776143010095830
  0.00793747551941772  0.00811530330184172  0.00831217060109750  0.00857552053144745
  0.00886920573684546  0.00919561787637916  0.00955571443044038  0.00996426346438705
  0.01047019597405337  0.01128172544915930  0.01210537122970734  1.00000000000000000
  0.00982149857269103  0.01463263859141262  0.02324712483993497  0.03275441266926805
  0.04267488255664148  0.05328793826655590  0.06434539919844753  0.07526449655089826
  0.08599045168631787  0.09661091729246968  0.10741569028853606  0.11815187945109738
  0.12881815791959120  0.13912548001550781  0.14948473171249202  0.16018441028734196
  0.17050495468225330  0.18124306449185729  0.19173574022152903  0.20218034537548379
  0.21247216994747334  0.22269276193393128  0.23280236909167329  0.24279212017328958
  0.25253825973440658  0.26195141421560469  0.27112306778386880  0.28055558224691346
  0.29040036584983503  0.30048643559740518  0.31050378739840989  0.32113402992847184
  0.33228637521795185  0.34327961990278022  0.35428053144248128  0.36540030663770179
  0.37661535006761132  0.38783577546799913  0.39932546194235929  0.41096875321684556
  0.42185992001710293  0.43198999795016568  0.44256943894465628  0.45308409766632923
  0.46300953520812765  0.47222583311686950  0.48176920596453937  0.49175737955753618
  0.50151428840529355  0.51057894610951515  0.51956720670692935  0.52897257833971478
  0.53869125451801614  0.54874113816542913  0.55919062782555606  0.56979891186837206
  0.58023498595313061  0.59049109201954286  0.60047243072769918  0.61028975208938241
  0.62028588971078358  0.63132248657109635  0.64288750592021193  0.65415326859558209
  0.66555017268844763  0.67761171637151496  0.68960850971072540  0.70068476710816496
  0.71141519616876525  0.72204059813304877  0.73259701830265811  0.74262619008560671
  0.75238711604446951  0.76238557432786291  0.77232541358872253  0.78195655233873196
  0.79168461949815550  0.80207874037959637  0.81277651223300396  0.82336494676186966
  0.83415174530756453  0.84536359285953622  0.85663379675270312  0.86770834933513730
  0.87856307671973566  0.88880307302355088  0.89904787283722920  0.90976419131104047
  0.92046765862022184  0.93102179660057494  0.94155670072157704  0.95209633526274362
  0.96277963497411112  0.97396454167132374  0.98637398013431665  1.00000000000000000
 -0.00002169974872442  0.00026952011593100  0.00076396456163772  0.00156487218547331
  0.00269402751466221  0.00409422257305100  0.00573997723926904  0.00746271762919023
  0.00942618464276369  0.01172785014255467  0.01403832369405149  0.01652575820423437
  0.01922102404129194  0.02209916977067651  0.02539111095978957  0.02891769321799067
  0.03241704586227847  0.03587127088324531  0.03933236769950745  0.04304625055981377
  0.04706678114915158  0.05144022884095725  0.05611819661264401  0.06075686384420931
  0.06582171262817564  0.07102720890058213  0.07658157661303210  0.08238972850779423
  0.08821738690436490  0.09381005810086952  0.09948106410633724  0.10524550930606381
  0.11093700084212230  0.11680794020763499  0.12288798410046954  0.12923814903647249
  0.13595956744292650  0.14285150178528927  0.15014698470752041  0.15799419514059182
  0.16575786148911520  0.17368755994150378  0.18153859123373983  0.18904872723500710
  0.19648336341880202  0.20425680616197711  0.21241309825534369  0.22078519285578832
  0.22952752442991897  0.23864403021145017  0.24783727934924757  0.25750229241277506
  0.26818428206010819  0.27880704090078662  0.28955466659691770  0.30031620274096843
  0.31119124275444143  0.32224280592703014  0.33338850051518709  0.34483924260907023
  0.35674191063251454  0.36899653103142649  0.38178856208391165  0.39490936967060836
  0.40813430334370809  0.42125417046293556  0.43408045740838497  0.44700328038725096
  0.46051157490423333  0.47459974936105742  0.48895621402640099  0.50346559569646354
  0.51819993548932763  0.53335922404594127  0.54926394749411911  0.56538849664267155
  0.58091485962084610  0.59862543881418995  0.61657754966728251  0.63454802689304068
  0.65366481350782668  0.67331119887440449  0.69316790324597444  0.71368077502056437
  0.73572506426912043  0.75910950001835920  0.78284647422993403  0.80670598337898969
  0.83041747022042656  0.85370297777064841  0.87648121816837787  0.89862565863079902
  0.92368374086138494  0.94921649183855528  0.97461427301795056  1.00000000000000000
 -0.00266186391005252  0.01047531913759549  0.02092452753600868  0.03291389723832040
  0.04477812700299488  0.05686071461939452  0.06962159486139635  0.08321938852522466
  0.09565957028256847  0.10694661675982793  0.11701169957999101  0.12689073860344968
  0.13714449425937089  0.14748851832808899  0.15779392862080638  0.16824987923378190
  0.17914780022498322  0.18957527381347514  0.19931883388542085  0.20951819494526910
  0.22004678967851368  0.23032619519931044  0.23959623122750978  0.24912645333905062
  0.25926056803163733  0.26908174614654445  0.27868466090079874  0.28805057874173634
  0.29899251662311649  0.31076358894403838  0.32190815478473644  0.33283828153863765
  0.34285988846170717  0.35260270635265822  0.36212873958881953  0.37168665175733118
  0.38091376407726346  0.39007932924571553  0.39972051522238694  0.40992236265295501
  0.42025715536172276  0.42988316774957114  0.43932533278195801  0.44933063465591200
  0.45953979349224361  0.46945798067527628  0.47962234651628682  0.49058419728228547
  0.50211866112773695  0.51367495755625303  0.52527531705886632  0.53732437518458875
  0.54924283829421883  0.56084746412298792  0.57102599384013741  0.58095424606116375
  0.59127172732432898  0.60177928734318964  0.61184621725216348  0.62148247688512182
  0.63135610920812413  0.64162741712040228  0.65196732145285885  0.66215885773658867
  0.67269299199360644  0.68362447554220651  0.69483861463986218  0.70588453859901290
  0.71717297817535497  0.72845434684350785  0.73934045185953812  0.74995953514111002
  0.76042768689520801  0.77087923093095989  0.78141540549895516  0.79181329608959783
  0.80179533867225283  0.81168148954667718  0.82181670047079247  0.83199024102764507
  0.84174452094380947  0.85154206705153135  0.86182919254519208  0.87259170018481413
  0.88316387646004157  0.89364478333688091  0.90444682156999900  0.91520230180423423
  0.92642892844757863  0.93756461238562572  0.94917720219440183  0.96043443668829054
  0.97054897823678499  0.98027222136433112  0.99014626693225583  1.00000000000000000
 -0.00264092129786472  0.01031387736029722  0.02160050571018090  0.03247455324150054
  0.04382559933560275  0.05476491825983454  0.06534397267978212  0.07605814349493424
  0.08654509060413390  0.09796020304356536  0.10960234445015607  0.12124189565088420
  0.13184254773072779  0.14188594224201742  0.15199689167817801  0.16162588575386239
  0.17105875196909745  0.18022240949962701  0.19039871265845348  0.20159456323572023
  0.21190706510351628  0.22181469348419752  0.23214597173063425  0.24283491815075825
  0.25363646634864184  0.26407710481033636  0.27508919825600237  0.28654696973072291
  0.29778636457033836  0.30849191884585936  0.31868339745553048  0.32874541236789523
  0.33894502657743947  0.34918476923687819  0.35943574174894533  0.36994466826120642
  0.38103745060410105  0.39291603560088068  0.40463192120075908  0.41612071281101504
  0.42809013692395281  0.43991873246001856  0.45149307536595851  0.46220723990683382
  0.47215590611125441  0.48188262241838375  0.49190495680056173  0.50208779186397490
  0.51198273582368992  0.52164963848445978  0.53147391488007512  0.54134615176949885
  0.55124796428714007  0.56125208592637232  0.57189208997888052  0.58287935034126981
  0.59442438681558274  0.60598131580853543  0.61756251873641521  0.62875021690508026
  0.63954904619217368  0.65006697414728287  0.66029414534265340  0.67028185781289285
  0.68023890309479074  0.69060377534383888  0.70121986161169025  0.71177008388003637
  0.72211782772999034  0.73218774479558879  0.74201111966389321  0.75200479512055185
  0.76246103503558016  0.77324224473875680  0.78432619905459933  0.79586626040579989
  0.80760206926721867  0.81849206988950762  0.82844342939158278  0.83774423513416607
  0.84668233193523135  0.85595918802256599  0.86580801992343337  0.87548960865654790
  0.88522329267913658  0.89511144703808454  0.90581164477209086  0.91707905075726892
  0.92837490421415825  0.93937317921936025  0.94964031009367134  0.95953931483027866
  0.96944612517935291  0.97955457199315743  0.98981744283169948  1.00000000000000000
 -0.00217910720157840  0.00829750420653532  0.01735820630909903  0.02668714769380223
  0.03585006294518969  0.04490530133015421  0.05451207377589899  0.06413880251900042
  0.07380529331831162  0.08366991426783781  0.09464555055546231  0.10602396619023884
  0.11776231721405489  0.12938811520190405  0.14090410539517173  0.15171385449157532
  0.16202562478568516  0.17187945241309632  0.18157604380861023  0.19126133833027978
  0.20064201503310702  0.21017822718066606  0.22022802462831856  0.23064551817067186
  0.24155830244651103  0.25271943074916203  0.26480336670760773  0.27646217693302289
  0.28765640050280178  0.29844557106071529  0.30894430686035290  0.31914184588159294
  0.32932772919200487  0.34005499800152977  0.35132319491544817  0.36324101778005202
  0.37513776454047965  0.38684476035393767  0.39775672137067852  0.40751049488422780
  0.41724958217359759  0.42711833907939367  0.43711724418681330  0.44698665380378494
  0.45671156327378964  0.46713606984476991  0.47754749306160826  0.48701553957490201
  0.49593024309984945  0.50515615847913886  0.51458771619860122  0.52419025527727514
  0.53363288714259560  0.54337096417586683  0.55362228134412217  0.56387790054429454
  0.57417908133767737  0.58513479213316688  0.59695545028099328  0.60898398408990206
  0.62076904126836940  0.63228211321252303  0.64342898320140463  0.65393646134537653
  0.66431320291142526  0.67501030705951759  0.68602245716560839  0.69733892144859178
  0.70853689459085956  0.71940604157025478  0.72986479748697553  0.73992388959946431
  0.74992093371758262  0.76018385527080823  0.77074759726971520  0.78182483481982756
  0.79318026241606920  0.80457440908315470  0.81603480900801073  0.82738348865435496
  0.83852054339364079  0.84942576485169252  0.86051481129585194  0.87174826286923124
  0.88304503414881008  0.89408355344276025  0.90436862476807722  0.91416642559027239
  0.92413536583715261  0.93456139368363722  0.94542626847093059  0.95659435680121474
  0.96829153007570945  0.97949899247210992  0.98970359117558737  1.00000000000000000
 -0.00219503455779982  0.00883688931385462  0.01831200853846379  0.02905467170611173
  0.03945824155241352  0.05110673553653639  0.06313133441197963  0.07511302889839026
  0.08630326998930693  0.09704230652824786  0.10812575734804408  0.11949062769308945
  0.12971928720702805  0.13943923079514828  0.14909382050920642  0.15909853866061346
  0.16878548789256867  0.17779148822685728  0.18664370535741670  0.19623131123357232
  0.20597775916970726  0.21567149269539965  0.22523540241435450  0.23554476021118825
  0.24670118869656951  0.25673213744280426  0.26602407424502889  0.27546460157544267
  0.28501880693159115  0.29431075428032083  0.30358045756627566  0.31339298822952688
  0.32426675504605157  0.33563221219936690  0.34651627675639568  0.35743445345385916
  0.36841843764200399  0.37944257917360175  0.39052801089457811  0.40265910109244529
  0.41602187042556477  0.42934530713610958  0.44205878058677484  0.45455197247881696
  0.46588349158502196  0.47695695042295255  0.48763606263566833  0.49834668669373783
  0.50832122151143055  0.51782285176365483  0.52741349324032161  0.53719379939040068
  0.54752209161529108  0.55808048711459524  0.56948197660096234  0.58088167695232251
  0.59262818803176187  0.60416283039397212  0.61591272479038250  0.62786590715902613
  0.63984593128502043  0.65200109065529888  0.66389376798544031  0.67533533734881868
  0.68683690076023529  0.69865343242769062  0.71023390934078945  0.72129089426544013
  0.73155554458427052  0.74150391838763563  0.75126275093992123  0.76097597383738658
  0.77051799968766765  0.77952804084616401  0.78864216466014847  0.79792129730174188
  0.80747582318433786  0.81684875618804198  0.82598263489971058  0.83523483950608401
  0.84489793249904821  0.85473793359099148  0.86459689068782608  0.87438997284358044
  0.88434987158419209  0.89445562762423725  0.90445460704218950  0.91434977063883482
  0.92524790992608064  0.93646649293273254  0.94700989204164954  0.95736619361896280
  0.96764707773378122  0.97819296920251941  0.98862706611587703  1.00000000000000000
 -0.00263556888142493  0.00937616490239305  0.01970586973704032  0.03042654388675522
  0.04196605028049408  0.05415748956724155  0.06650153084829497  0.07883581326465054
  0.09012563530979172  0.10068679004697625  0.11117047681300576  0.12169550401768928
  0.13227646568900328  0.14315494693741498  0.15503627822899080  0.16733393408232730
  0.17875449429924850  0.18897143523696414  0.19827293973017329  0.20732511007165333
  0.21633921500347639  0.22530986630976424  0.23451922542579323  0.24397344044807057
  0.25384897421030306  0.26436165876064538  0.27468918292647665  0.28560026185807685
  0.29623262623504332  0.30662313797866442  0.31708544747852735  0.32838403195123894
  0.33921602896686326  0.34983952329966217  0.36058493692575322  0.37117700290700711
  0.38141890552496671  0.39133842385605294  0.40189870160583963  0.41294501306188686
  0.42356557187060284  0.43366827548458187  0.44350720501639490  0.45318729756625054
  0.46334643408350940  0.47333567970537332  0.48305633851686985  0.49268690699530754
  0.50257455732114276  0.51290667757077835  0.52358396169255517  0.53448569200454810
  0.54534270707827004  0.55601804445433822  0.56651661321608293  0.57693824662891180
  0.58659859325665520  0.59585101701201970  0.60527231765685607  0.61518531556242229
  0.62514215301808396  0.63497754439039389  0.64500357147356779  0.65606158637390921
  0.66706356518729626  0.67798461166190527  0.68884118403094108  0.69987853335841566
  0.71055154210581428  0.72173956525798744  0.73257631973301396  0.74241009781921152
  0.75238332652789996  0.76184420835004119  0.77167610179220525  0.78142710353601030
  0.79135665474036609  0.80130814996132882  0.81127618543216595  0.82137586940141483
  0.83170258507557437  0.84205852716186946  0.85249874625500588  0.86323058487881665
  0.87414809600358823  0.88509064091931755  0.89616108579407361  0.90712849326410927
  0.91818543744729442  0.92924888165407737  0.94046615444218540  0.95196661467540233
  0.96356454350034915  0.97556769021932699  0.98764942511580300  1.00000000000000000
   1.3144270196626966E-011  -1.0000000000000000     
 F F F F F F F F F F F F F F F F F F F F F F F F F F F F F F F F F F F F F F F F F F F F F F F F F F F F F F F F F F F F F F F F F F F F F F F F F F F F F F F F F F F F F F F F F F F F F F F F F F F F F F F F F F F F F F F F F F F F F F F F F F F F F F F F
  <DiscreteSampler_grid>
  grouped_processes
  1 # 1 for a reference and 2 for a running grid.
  10 # Attribute 'min_bin_probing_points' of the grid.
  1 # Attribute 'grid_mode' of the grid. 1=='default',2=='initialization'
  0.0000000000000000 # Attribute 'small_contrib_threshold' of the grid.
  0.5000000000000000 # Attribute 'damping_power' of the grid.
 # binID   n_entries weight   weight_sqr   abs_weight
    19   10   3.119341941907080E-004   1.861893691725103E-007   3.119341941907080E-004
    37   10   2.026525995677495E-004   8.769792962869025E-008   2.026525995677495E-004
  </DiscreteSampler_grid>
