 -0.00000000433175822  0.00000353794254043  0.00002626470328292  0.00007135787666033
  0.00013913774666506  0.00023751643749359  0.00035402828409020  0.00049875440644522
  0.00065824198867887  0.00083436529787699  0.00102228763576241  0.00121410243231278
  0.00141873481332130  0.00162433040767771  0.00185238070425324  0.00208320138788376
  0.00233738375187912  0.00259606969007017  0.00285719207372709  0.00312076585164082
  0.00338220852223349  0.00365730439507478  0.00395519214862493  0.00425188113523825
  0.00454537171277038  0.00483797007421879  0.00513709958920073  0.00543877928591080
  0.00573003855992590  0.00602632131891324  0.00633405475465613  0.00664559358223558
  0.00696656988629324  0.00727216066451388  0.00758079777205208  0.00789432662073472
  0.00820278086650633  0.00851255393146282  0.00882651261357669  0.00914651748079261
  0.00947291988651157  0.00979990117729970  0.01012684065353805  0.01045400462538875
  0.01076391824689274  0.01107850071875329  0.01141200434811466  0.01176171576672859
  0.01212315368888729  0.01249518530039490  0.01287823705730197  0.01326557437685839
  0.01364959614960549  0.01403114014590898  0.01441907113464493  0.01482002771137304
  0.01523262627340413  0.01564894339095947  0.01606259811809987  0.01648012052378897
  0.01691485780872345  0.01737099246710330  0.01783721685070371  0.01830614467451099
  0.01876681209758978  0.01922490955910960  0.01975859860672940  0.02032843561477286
  0.02090057059059020  0.02147578109722972  0.02205563678144503  0.02265294422863451
  0.02329188675505047  0.02394225631490633  0.02460334675946194  0.02520317487966708
  0.02586935183062999  0.02663568506937902  0.02746425067311340  0.02831456504121960
  0.02916395459878957  0.03004735305049171  0.03097714799053045  0.03196088077251062
  0.03298906107384470  0.03397969316385124  0.03574562375384414  0.03757889316048646
  0.03946739167434267  0.04147933547782265  0.04383841936485713  0.04724463059291160
  0.05248121546447963  0.06342613932557717  0.11633775780610632  1.00000000000000000
  0.00915093290252146  0.01596091653861485  0.02715113512775524  0.03977997876403089
  0.05312802023791146  0.06713654886097534  0.08034051923481275  0.09214806146661915
  0.10277240640986327  0.11249477697318654  0.12173995630123575  0.13107307899348086
  0.14052700578726313  0.15078316264003228  0.16126247802341115  0.17158158640000087
  0.18201063471254841  0.19258298161008031  0.20338510212421812  0.21447568172839748
  0.22564601939717202  0.23678313884773880  0.24805340489649708  0.25967844324179568
  0.27129050494068224  0.28233677423211545  0.29289676916635948  0.30320654890054310
  0.31336117960041293  0.32316933237152107  0.33297367750170326  0.34281888393060983
  0.35248954398869869  0.36189857502397399  0.37136469645318748  0.38156460384810981
  0.39231820214918423  0.40281301474627446  0.41326556965076700  0.42422813185431296
  0.43566422050477155  0.44680642355304084  0.45757129877137337  0.46834911472197227
  0.47896844921448700  0.48961935614704349  0.50069215641536402  0.51230162409471247
  0.52395185956560653  0.53529940154556122  0.54579496801209093  0.55508757011462617
  0.56386839695136792  0.57225159918452895  0.58093627441109530  0.59025065208351069
  0.59953393765383212  0.60930712324693037  0.61978434805668314  0.62979834659300649
  0.63983476878450318  0.64935374408143265  0.65909955524169173  0.66850082558971280
  0.67775988207676841  0.68708500802347827  0.69781323525388594  0.70881377870082296
  0.71983766041213826  0.73046958958752239  0.73968058000743087  0.74929552930678311
  0.75897353060783557  0.76945956782690572  0.77898355860176460  0.78826637511901754
  0.79739746078693019  0.80641142939029042  0.81552261398866410  0.82478483421406124
  0.83427600430228621  0.84417493919135922  0.85414967182860668  0.86493189086086708
  0.87567278526279879  0.88614362121404933  0.89651235318505129  0.90679657540730330
  0.91771018939283378  0.92913738305173510  0.94050815811789068  0.95133171112807746
  0.96228349969247617  0.97369238854402851  0.98644293371524905  1.00000000000000000
 -0.00002102056093463  0.00025303933653450  0.00072564000753926  0.00148903723775429
  0.00254023554076596  0.00379602661792418  0.00526139989395650  0.00691938324510699
  0.00889985943801404  0.01121339122779990  0.01365553190216766  0.01602756029733615
  0.01872993822403652  0.02178978389670484  0.02498584878329775  0.02819965734606838
  0.03157202815391708  0.03508024358331594  0.03886142213954207  0.04306344570048367
  0.04802544779268410  0.05357218239534529  0.05912006693051923  0.06448943842374523
  0.07000715062380251  0.07558132872573356  0.08103891824025357  0.08641549390155723
  0.09188002819104368  0.09755512247770172  0.10341413433457568  0.10945365780921917
  0.11583907314876869  0.12252586922716829  0.12914726695740517  0.13572228715781556
  0.14243494892368663  0.14922896654690748  0.15729958586531262  0.16573634640143931
  0.17445227270877298  0.18312062775067128  0.19177783641490304  0.20055482908645020
  0.20946912006102217  0.21866545270518017  0.22801328798682116  0.23735660925010496
  0.24650012460279058  0.25526062666435911  0.26406199607186159  0.27319365249578692
  0.28276863618393727  0.29253110462593374  0.30212209774905435  0.31202302403538579
  0.32270153480475278  0.33366509241838604  0.34460981864630147  0.35681230642160072
  0.36896991172135518  0.38092737440160912  0.39287055313635555  0.40473100294192088
  0.41646106391123472  0.42875022156566966  0.44159423432861417  0.45506923878871480
  0.46905942504245018  0.48282514532607018  0.49617877229331575  0.50933780098473491
  0.52236323540168650  0.53541812695228530  0.54969788743744874  0.56365315479008271
  0.57758409635491381  0.59170471753673637  0.60609615128921146  0.62029692374786050
  0.63480802036842188  0.64960481151467719  0.66597539917655357  0.68460752623660126
  0.70290216414441831  0.72125590935894812  0.73963967386576890  0.75823116576697680
  0.77720110894785144  0.79665238988659337  0.81649294235767755  0.83854816047627512
  0.86080018125898738  0.88115274002423072  0.89657205903648118  1.00000000000000000
 -0.00235626393414028  0.00852289852540440  0.01878149423979664  0.02848040143846985
  0.03834709764051029  0.04859121055055324  0.05867124985044338  0.06867703885210222
  0.07874802853078106  0.08856277798099481  0.09789214941058717  0.10736346531373037
  0.11625190976114608  0.12543320011748821  0.13446975866996622  0.14353732288561835
  0.15305081747518148  0.16309308870864403  0.17387383568968359  0.18441638788462941
  0.19414182858509363  0.20389716880546513  0.21389868259215067  0.22423540170911246
  0.23537892616061190  0.24695196694540125  0.25809270828860004  0.26891215484806191
  0.27901031009507321  0.28905606028418640  0.29864914973851026  0.30812925399286784
  0.31795226496348772  0.32799902201064451  0.33878534993994247  0.34940585471635938
  0.36035495275803314  0.37165578074488548  0.38292142833113985  0.39435985462627970
  0.40651826765445326  0.41885473575689491  0.43067651886698455  0.44207691718168662
  0.45315852841531468  0.46381806010971532  0.47435270532931789  0.48494593900399535
  0.49565757742856098  0.50597900479879532  0.51526961053867892  0.52460123239224909
  0.53430048341872782  0.54390881615629361  0.55291619813554926  0.56203740893656773
  0.57200683726712742  0.58237240159284409  0.59244228969786050  0.60287454576967370
  0.61453023250300387  0.62695161766909890  0.63933235756385798  0.65150936942467275
  0.66367510676123553  0.67586318610158669  0.68817279496044903  0.70036531596002605
  0.71132986154484523  0.72114902191376473  0.73103313242617030  0.74137595755619279
  0.75136793807086089  0.76066250692129700  0.76929532088110097  0.77911550215896053
  0.78914512069822329  0.79955215840025129  0.80990527313176464  0.82104904762798292
  0.83227050630244337  0.84340364776769960  0.85419188369176113  0.86443313499004848
  0.87494271470693963  0.88710597177039996  0.89848209171539151  0.90883197678799454
  0.91906493953700208  0.93081321892512914  0.94172334695033300  0.95183206300484013
  0.96300530969424736  0.97550844067661413  0.98817980096198366  1.00000000000000000
 -0.00435400535572569  0.01273035599076943  0.02457357411031634  0.03468418935214149
  0.04513831747970881  0.05591132920797089  0.06661368212099379  0.07725357195319874
  0.08938602140563696  0.10274454718482037  0.11537274582128432  0.12721915840602144
  0.13753108315839652  0.14807253679067400  0.15792793137290739  0.16769183941621801
  0.17713793648070258  0.18654316955038083  0.19708265860078741  0.20879907271038006
  0.22113300776747888  0.23317020587242643  0.24483761962986714  0.25536080643199671
  0.26456421666543906  0.27406841028481643  0.28352916155295510  0.29288522211043821
  0.30230676167395965  0.31261552705230955  0.32446255846454902  0.33648535389121870
  0.34803474391266132  0.35909806632631469  0.36987422570019607  0.38106420803904645
  0.39263420002388461  0.40377072405200942  0.41429562661083147  0.42462482807436663
  0.43416328542441773  0.44328056816821343  0.45180165384276355  0.46083121681056438
  0.47035432548874789  0.47982448114746717  0.48953015892677049  0.49974538553145942
  0.51123783629557240  0.52292794399235898  0.53450655047423823  0.54504739789111312
  0.55428958801485984  0.56312086224870417  0.57180663974304580  0.58076072733566209
  0.58945558417514987  0.59836677923753334  0.60838271658624976  0.61962702514187407
  0.63060677632966788  0.64096786786436799  0.65131825785187114  0.66177148396797192
  0.67201151908031642  0.68209431816387389  0.69249264472012340  0.70360226625534805
  0.71467469585671861  0.72574353926695390  0.73668329162492741  0.74755495572857467
  0.75845785726398129  0.76996590821043009  0.78238031965448440  0.79422118288351429
  0.80465092422503426  0.81494166258446066  0.82519183973648713  0.83576746590623985
  0.84595801752657884  0.85641137386105204  0.86733241128492244  0.87827228176686378
  0.88931869739701419  0.90028033899530147  0.91076789521400259  0.92041986586134228
  0.92919652856014245  0.93821237988535500  0.94784480226669354  0.95766221288239262
  0.96793651447728346  0.97783579313587554  0.98889140487549709  1.00000000000000000
 -0.00207366780926273  0.00899271459238237  0.01834212602642444  0.02783301073218526
  0.03709620456780150  0.04676694310635149  0.05702895023605638  0.06658946342171360
  0.07532530180595150  0.08461867920446874  0.09459001190398439  0.10464811301150292
  0.11423905097015913  0.12395919063386297  0.13493427692828674  0.14645864546882037
  0.15747948552754298  0.16849600557729799  0.17979669867153042  0.19107369882887471
  0.20229622653992074  0.21397263954140616  0.22635933965157909  0.23858931198540903
  0.24988924387220954  0.26043724344908775  0.27036136275330019  0.27983072708756945
  0.28908469178635765  0.29849013849453560  0.30780326575716255  0.31715705171126179
  0.32655509804920924  0.33623070194540949  0.34632771086689018  0.35663214438929197
  0.36655288466632691  0.37697487218254588  0.38770753747137693  0.40045638025724789
  0.41360076482509234  0.42583294371729669  0.43736320098523812  0.44864249669689327
  0.46030079277135155  0.47230471309778066  0.48382593178470629  0.49464963241104254
  0.50529748806978325  0.51616279615187732  0.52755417915386327  0.53948001108603838
  0.55160336937899024  0.56393065091933625  0.57668941728159662  0.58979519653437185
  0.60277027493095992  0.61432550182257573  0.62503337235878687  0.63465101490662956
  0.64424270272500617  0.65407678520025281  0.66452785600436182  0.67533561218759808
  0.68607295528007073  0.69741157527799746  0.70887137340961592  0.72004306463799772
  0.73095670706768312  0.74173129151710149  0.75265823564550194  0.76321990018005037
  0.77363342275161107  0.78450929488416343  0.79473394739967007  0.80470490737012657
  0.81417812086266450  0.82324228198893967  0.83257448505635578  0.84225728244468590
  0.85254184733541416  0.86359106670797725  0.87473315299912191  0.88513410339961218
  0.89512087271311291  0.90495037197143968  0.91460804144260510  0.92411110544286457
  0.93333453742248740  0.94294791148920165  0.95262149855139999  0.96238243193884898
  0.97205517495419036  0.98141715838769006  0.99042437621787494  1.00000000000000000
 -0.00287364162396257  0.00979387291855043  0.02154457442467613  0.03396684582261278
  0.04623429838573970  0.05801361011093169  0.06990784719768395  0.08120296858325508
  0.09191391923117209  0.10212237232978168  0.11191671016572761  0.12173798425012761
  0.13160357907438350  0.14158463173236940  0.15176100180271776  0.16159582020540397
  0.17220743064489674  0.18323152348204697  0.19427438970332700  0.20498684277811130
  0.21544863129626540  0.22591989778469071  0.23705162852165021  0.24865344145144103
  0.25979811798267916  0.27020770373911046  0.27965221910390298  0.28855309634982884
  0.29758719198173139  0.30679381913923959  0.31652224868561840  0.32669102121914967
  0.33664187293445330  0.34784282538724209  0.35904403620885134  0.37078261132587637
  0.38272700752292377  0.39456605671586026  0.40611591656095786  0.41751666694990514
  0.42899915066842176  0.43996243023703668  0.45013634716423206  0.46052649093461862
  0.47190425771555933  0.48348145445757307  0.49430047569050589  0.50577301070764280
  0.51779683772543428  0.52832277727550903  0.53794944910580289  0.54747529119063387
  0.55643998779212545  0.56519605443230203  0.57395907263747903  0.58308819514341814
  0.59279100503644289  0.60265395495875396  0.61209748426437871  0.62127058878658403
  0.63037026275911900  0.63981359267182725  0.64977210771343141  0.65988167736703318
  0.66957386795204510  0.67899840407828349  0.68853729778600603  0.69831801867434540
  0.70861670019516720  0.71901226443434973  0.72987441033234557  0.74113093426340504
  0.75241107452974942  0.76298338914398389  0.77373595367389603  0.78458011150883877
  0.79566300834777048  0.80707225008926609  0.81835623445234118  0.82899519613729800
  0.83984114771923135  0.85086476698544566  0.86162876635159547  0.87204845364938632
  0.88374315076308729  0.89606989697540851  0.90734839956377555  0.91889120573209382
  0.93054221936793935  0.94168223227843384  0.95255803919432480  0.96213937047032150
  0.97188379145707804  0.98125091273844800  0.99083675723667719  1.00000000000000000
 -0.00261550835138569  0.01029991004058565  0.02106189285893595  0.03087057696028533
  0.04031339163243039  0.05032604773572240  0.06089994168417452  0.07086447757655596
  0.08026231170227996  0.08976743492909162  0.09970784567830837  0.10961892354250741
  0.11905540095553407  0.12866152303266098  0.13851825265670586  0.14944844349089320
  0.16170382248127174  0.17409555912977256  0.18564696873953468  0.19647497943407066
  0.20694787399345754  0.21747819915398570  0.22879243527309859  0.24016579727533546
  0.25199970840044528  0.26414009855806092  0.27554186005547232  0.28684649863857331
  0.29803544796239334  0.30890809315640955  0.31944929501720160  0.33039606248326858
  0.34177989934279845  0.35328013775651457  0.36472358123789606  0.37575805178317417
  0.38624240703238305  0.39630936007870465  0.40597967141012709  0.41579495275703926
  0.42582737930114162  0.43602509459245670  0.44640845425984038  0.45704572069599314
  0.46817049132478650  0.47981253948254521  0.49175929902795157  0.50377620857406280
  0.51580767456144061  0.52773139154070126  0.53988348857354529  0.55243029351740647
  0.56415092600357553  0.57501483117258678  0.58552726205105154  0.59601645877849885
  0.60626229610544258  0.61649950749394467  0.62719110438951120  0.63857638008377726
  0.65027643161870274  0.66164525314492506  0.67350050093268887  0.68466078069985370
  0.69527871840728384  0.70559633536057864  0.71652241892059787  0.72734743162782656
  0.73794739649817276  0.74815671681953044  0.75752826059281908  0.76682278205147214
  0.77589146964377043  0.78511033247549078  0.79445555584775018  0.80339022838876895
  0.81234221025471254  0.82201898992038880  0.83189225110179488  0.84203936316644523
  0.85241526638701126  0.86244208816583845  0.87223227493027344  0.88243397354308595
  0.89266455199262007  0.90259833248143118  0.91258836080761607  0.92275333255842007
  0.93303840699943252  0.94334781436262261  0.95354872467314433  0.96312006423000041
  0.97214894578090860  0.98129511441338746  0.99060304175324487  1.00000000000000000
   5.7873511031808835E-016  -1.0000000000000000     
 F F F F F F F F F F F F F F F F F F F F F F F F F F F F F F F F F F F F F F F F F F F F F F F F F F F F F F F F F F F F F F F F F F F F F F F F F F F F F F F F F F F F F F F F F F F F F F F F F F F F F F F F F F F F F F F F F F F F F F F F F F F F F F F F
  <DiscreteSampler_grid>
  grouped_processes
  1 # 1 for a reference and 2 for a running grid.
  10 # Attribute 'min_bin_probing_points' of the grid.
  1 # Attribute 'grid_mode' of the grid. 1=='default',2=='initialization'
  0.0000000000000000 # Attribute 'small_contrib_threshold' of the grid.
  0.5000000000000000 # Attribute 'damping_power' of the grid.
 # binID   n_entries weight   weight_sqr   abs_weight
    25   10   7.174336966961865E-013   1.103163766146298E-024   7.174336966961865E-013
    43   10   1.175880437811567E-012   2.940129356151824E-024   1.175880437811567E-012
  </DiscreteSampler_grid>
