 -0.00000000950205928  0.00001005000437013  0.00007336802517360  0.00020672784587347
  0.00040973258734110  0.00069808278792866  0.00105144135350018  0.00147105004939312
  0.00191640374060568  0.00239380561482463  0.00290296030681153  0.00344705951101320
  0.00403192766710884  0.00463767440679223  0.00527343898528812  0.00593751553784819
  0.00666831803917242  0.00746188126200001  0.00824282952504522  0.00900982144085102
  0.00976513544897993  0.01052145640574463  0.01131213121641474  0.01213681505983608
  0.01295613326441107  0.01376486416645208  0.01457323461526365  0.01545673342542697
  0.01635485941893207  0.01721839945809453  0.01805524962003825  0.01886203123328995
  0.01970811469318483  0.02066857573089064  0.02165299335957853  0.02264318101648507
  0.02364814448138301  0.02466686826156310  0.02567085944537664  0.02675239187959341
  0.02788091297923256  0.02901012697685196  0.03014274474551675  0.03126520434436142
  0.03241031902001937  0.03358067662519543  0.03476977109366287  0.03596583679433950
  0.03716990966652716  0.03839777886481074  0.03966503689152857  0.04093272107507732
  0.04217846438799050  0.04341384057399748  0.04468090120902284  0.04598312275767751
  0.04731050563133404  0.04868560885165189  0.05003292505509000  0.05138802987571175
  0.05275092611922826  0.05412929484181981  0.05553629496674209  0.05698073019252013
  0.05843356932114105  0.05992427919754460  0.06158557431303691  0.06333598619474558
  0.06507103096558060  0.06682075315682809  0.06854258744806642  0.07027623113607800
  0.07205145222864777  0.07385904030952734  0.07569309214276125  0.07759804654366487
  0.07952054514074709  0.08182186460598521  0.08426609105155410  0.08678750213751500
  0.08937128454968989  0.09202965296724391  0.09489191199563639  0.09794218095586638
  0.10119793443384416  0.10469859920455556  0.10887058221464489  0.11389963493829047
  0.11930176546341095  0.12514957727813536  0.13161843388210281  0.13989647367996427
  0.15562836260143675  0.18910637189631302  0.32145412982824995  1.00000000000000000
  0.00925444065295756  0.01635418145723901  0.02625860554444790  0.03627913300309300
  0.04567984107678877  0.05461743539375081  0.06354617283954718  0.07289878161058676
  0.08284065520987037  0.09371833766052791  0.10495429367585848  0.11590061035886855
  0.12720214191672549  0.13887108722953351  0.15062350505243507  0.16214472222000675
  0.17326480380239764  0.18426984594548584  0.19564542851835925  0.20712176243414224
  0.21825180484807058  0.22909733447862210  0.23993011487258237  0.25120193316355371
  0.26233502150531046  0.27359389141527585  0.28452382690459604  0.29576274835465977
  0.30724063492871445  0.31883624660911336  0.33070942190177888  0.34232364575417595
  0.35358759345303709  0.36445617813154924  0.37511430083734137  0.38505491633281780
  0.39506159709633737  0.40549863106602035  0.41618253385209958  0.42647212377009996
  0.43640599745853986  0.44645073922029532  0.45721568713220001  0.46922016615108358
  0.48178821398253868  0.49382312471124346  0.50490809890521215  0.51519082263513427
  0.52518122948379187  0.53485002412089722  0.54464753423461576  0.55417281285423103
  0.56352617012570361  0.57203300129123424  0.58058387309238746  0.58926821991883960
  0.59801871867992762  0.60708705752492786  0.61605786323490663  0.62494260871152929
  0.63387058121529960  0.64281215562557625  0.65216723761761553  0.66199796440594660
  0.67173270692818898  0.68130361809510864  0.69179787601779463  0.70352082191235643
  0.71494245961486402  0.72564556146497483  0.73622594350519344  0.74651964950765004
  0.75634189077923197  0.76554751143896704  0.77475722542183367  0.78416497569513011
  0.79387077548296991  0.80378137743856359  0.81429189996046736  0.82602877873889113
  0.83834453168856893  0.85031537053761275  0.86221932803111601  0.87403312363895003
  0.88404129731788283  0.89440040598616100  0.90473863279959332  0.91546692850157974
  0.92492895241478068  0.93442855025989147  0.94436470434497788  0.95507241186440317
  0.96549627357359169  0.97585691290671250  0.98668652859618144  1.00000000000000000
 -0.00001923157504220  0.00022627394461687  0.00062250138297505  0.00130121595900695
  0.00221995819389168  0.00335507117427082  0.00461898849816242  0.00621058317217767
  0.00798693384760003  0.00996265885315946  0.01210194065825957  0.01447386600066420
  0.01703684171881658  0.01972505436675586  0.02264665618662112  0.02578710792596280
  0.02902479374974607  0.03220363511713156  0.03549610606986737  0.03895740953249093
  0.04317145832242724  0.04735194193125360  0.05138129310914170  0.05524795771610515
  0.05909896186953178  0.06323603946379898  0.06767386090439886  0.07238449244649453
  0.07732229527351805  0.08245740935110647  0.08763736732985694  0.09281003309515359
  0.09801563620110296  0.10335191538123956  0.10895308544117381  0.11460803509365192
  0.12058649419073003  0.12700097451748699  0.13355534456748674  0.14072081439543202
  0.14780788792019556  0.15452253664520280  0.16140605820374176  0.16848992497711815
  0.17560873455684781  0.18275956441977750  0.18989288376259300  0.19714166485309820
  0.20471085277119774  0.21267337659625793  0.22068083938479793  0.22888058410038439
  0.23721274571264625  0.24563201522872591  0.25406040667364377  0.26236016355028008
  0.27064736278348911  0.27920007747484010  0.28877421218111515  0.29862400620446872
  0.30871333153906294  0.31927518517355374  0.33034455061960150  0.34171332901936563
  0.35354539443959038  0.36563931696486357  0.37767467749232064  0.38926275688323375
  0.39993732069533494  0.41057561582662377  0.42122858715886519  0.43205490684675546
  0.44296222240902211  0.45393319804439963  0.46524316638378299  0.47715079488412615
  0.48948183013192570  0.50174867028726067  0.51401531500842668  0.52630257215600451
  0.53859236064887572  0.55104585010584362  0.56357237080117129  0.57588263534094219
  0.58792626497388178  0.59978197928190591  0.61159593567093751  0.62339428077325432
  0.63549346318061628  0.64747540722437225  0.65892793560910212  0.67002344694651483
  0.68117720715435859  0.69237100382633920  0.70161143461331121  1.00000000000000000
 -0.00221702479365721  0.00863287211168603  0.01749577389576734  0.02807216494015621
  0.03880237285287101  0.05034835752777427  0.06182018976718091  0.07509074138387457
  0.08733573381491135  0.09832251421951116  0.10884692272316372  0.11941198740373668
  0.12966133744711070  0.13975320273522179  0.14957036449466501  0.15931568857940440
  0.16935008983209179  0.17934016714982964  0.18925920887331676  0.19919789211598321
  0.20884717882001025  0.21799444384644800  0.22704887920664074  0.23599753834675694
  0.24517581954465018  0.25442053877329890  0.26352223727574464  0.27275557923893562
  0.28290179994271109  0.29301932606428560  0.30293812130385889  0.31278485929673322
  0.32260216931421926  0.33259996789149654  0.34297055052173769  0.35375976962645089
  0.36482032274970760  0.37544371890328193  0.38519815194887025  0.39482835746297973
  0.40487652981422462  0.41552316577518711  0.42687834540526609  0.43854808789654365
  0.45029962550150227  0.46195379341515835  0.47290417235053889  0.48412555312591815
  0.49544389200439198  0.50662779396465107  0.51767338990131340  0.52831214025179840
  0.53858861123556334  0.54866827918179595  0.55889537792926802  0.56966909703072321
  0.58073544969402047  0.59155848030439429  0.60175707349267338  0.61188982430082794
  0.62201051956643028  0.63185128204939811  0.64145528908306260  0.65188935369096490
  0.66297761869373617  0.67379706813546947  0.68478424940629179  0.69611127416471463
  0.70761318992704492  0.71959801263675072  0.73151427662346369  0.74335651762333599
  0.75554113501609521  0.76789359784166955  0.77942669917047758  0.79074829686881132
  0.80216670692768599  0.81355573003187076  0.82402910535096996  0.83402600320506304
  0.84400048235919078  0.85390540984176400  0.86370306468535041  0.87325104001145415
  0.88288605238384676  0.89238655108296139  0.90244816013120488  0.91229686426072998
  0.92322485800601695  0.93483570971558161  0.94548397865726630  0.95637747919336968
  0.96749423454331573  0.97908855069058931  0.98964966956464484  1.00000000000000000
 -0.00220442006363449  0.00852836111203773  0.01818568016573640  0.02891724272005548
  0.04032391990163807  0.05156073364208880  0.06282553167516271  0.07177134215871614
  0.08105342273038793  0.08955355800056236  0.09801086897910499  0.10648072816609060
  0.11516784643133203  0.12414593354527606  0.13390767315897886  0.14405851956623916
  0.15531834587581067  0.16764147601291279  0.17911980348439352  0.19015036527291390
  0.20108239489622232  0.21218485838240694  0.22345508021997718  0.23460353249212848
  0.24561014578757193  0.25675497074787723  0.26850679547384321  0.27853515221648467
  0.28918303620326419  0.29988710747615488  0.31113860307464647  0.32198024717692375
  0.33230269258399975  0.34436207826136872  0.35662626593429503  0.36920337456749042
  0.38198526040424036  0.39432859322032271  0.40577868006840384  0.41655728881429138
  0.42691565852165414  0.43720495352564037  0.44695664186203937  0.45628948750757814
  0.46575111426342236  0.47543063235658872  0.48532150406949776  0.49532811209080452
  0.50531784944170144  0.51523544926221720  0.52507202695663269  0.53472933205561723
  0.54467554983942024  0.55484871288919169  0.56563686590113782  0.57689533564397721
  0.58793101050086172  0.59869291180965789  0.60931894926892050  0.61994400632274882
  0.63090863708440792  0.64224634474438846  0.65369450480096325  0.66505728757882887
  0.67605231414716338  0.68695142534334208  0.69780575231154740  0.70839869000855948
  0.71865508710388548  0.72863525681613805  0.73885522982828544  0.74919703689800943
  0.75926737024769697  0.76902278378628153  0.77859737239953686  0.78818359068209809
  0.79825836665624883  0.80862700061254200  0.81996803011269648  0.83152315326900250
  0.84232868672348182  0.85288071411788535  0.86312821898455827  0.87351541908037589
  0.88417968918905954  0.89494243889820790  0.90598232591372607  0.91678303272139838
  0.92750849603754038  0.93853059547784656  0.94967848651861220  0.96037731149172145
  0.97030893845242350  0.98021011735410557  0.99024134880034165  1.00000000000000000
 -0.00331594146492246  0.01202301417669550  0.02519197372025422  0.03816272833238748
  0.05098873486083519  0.06339099661759370  0.07482075731638264  0.08609819726833845
  0.09727149079767022  0.10804792551175282  0.11854285892400010  0.12898733270024179
  0.13946685792684269  0.14975443309625708  0.15988280782075504  0.17000627817798072
  0.18010984599263921  0.19040028201867079  0.20107550533654406  0.21187531406171808
  0.22258288341096086  0.23228957193331151  0.24068743135830925  0.24911832880150372
  0.25793655564609153  0.26690951412496577  0.27575109175330931  0.28429509336504810
  0.29310311859015459  0.30243048511658904  0.31199376837761150  0.32231927610175581
  0.33330382942487613  0.34477563655137616  0.35632660068563415  0.36777044706237683
  0.37804720736893688  0.38755044183895559  0.39681811635703096  0.40613762029481931
  0.41566731943729923  0.42532624438178401  0.43474674378986500  0.44493583489121419
  0.45593896621024094  0.46687374070518850  0.47772872317055531  0.48855019199912481
  0.49929596240371849  0.50981728607039734  0.52007526682077898  0.52994818198900473
  0.54007685982756326  0.55054030363315232  0.56092126536724385  0.57094228781068679
  0.58070285794760190  0.59104247954980871  0.60148166928001789  0.61162114076144836
  0.62167695748334029  0.63211083824403769  0.64247043024710881  0.65242777408895447
  0.66233603345780789  0.67277370321946062  0.68419066574425369  0.69466711318676377
  0.70434169614105169  0.71395928700736233  0.72373760979169355  0.73376650633320284
  0.74423289092435174  0.75514304817366018  0.76671673375265981  0.77776248398733072
  0.78858820239080851  0.79928504465517647  0.81026387683401591  0.82132129130322395
  0.83227645227342917  0.84272284585679735  0.85312475281688183  0.86373300624997140
  0.87403124672020382  0.88390130499463970  0.89355289565697349  0.90335274140033117
  0.91344159657522850  0.92378376682300134  0.93508520389418393  0.94771834361171303
  0.96075344461573031  0.97377777084964323  0.98681129054147831  1.00000000000000000
 -0.00343389920954044  0.01113345930236300  0.02352278174531550  0.03532655293625500
  0.04706201743600330  0.05893443936004115  0.07101958025377732  0.08279686056501502
  0.09388536688919527  0.10455005202846988  0.11503625418090861  0.12545886052144925
  0.13590764134782518  0.14635502668154166  0.15675178865064915  0.16744315646289856
  0.17859532413586793  0.18930862106109136  0.19941638656396476  0.20987505209521562
  0.22081150932392468  0.23187046703302050  0.24300561176992222  0.25420497630616540
  0.26532064110257542  0.27611948581257018  0.28682316026097349  0.29693929848453593
  0.30622589118167176  0.31579596729261700  0.32579189623045701  0.33601013179895023
  0.34610798556012712  0.35652989867024121  0.36760013164140787  0.37868411658980672
  0.38935648615406437  0.39956053489637289  0.40904681153113953  0.41841941547522532
  0.42811169790696191  0.43802582465074552  0.44747092833708357  0.45661240428739208
  0.46605373414384949  0.47612303109903586  0.48628774932384727  0.49554523117931132
  0.50547603904057492  0.51623082521548702  0.52659171131310301  0.53623639683308078
  0.54565024994821487  0.55542754300421360  0.56527814824042444  0.57487179211650408
  0.58437193063739512  0.59551729671577358  0.60626635071982415  0.61718551064777905
  0.62784344817167115  0.63844159932964706  0.64926191756608942  0.66010265311965022
  0.67132016766468683  0.68333414490089794  0.69535616317067539  0.70804137705206216
  0.71996253204937743  0.73139092031099140  0.74257442954899477  0.75362942965949575
  0.76478930162130354  0.77558851129304440  0.78624358823392637  0.79707097358910373
  0.80806671916349104  0.81860208854858951  0.82866082914242900  0.83856046638401971
  0.84841657192083841  0.85842597972641499  0.86871508448383139  0.87863400602837138
  0.88759669673442199  0.89692318497595480  0.90616568904755190  0.91488095558757243
  0.92346338547271334  0.93250975840998696  0.94267414444813902  0.95399410401146345
  0.96535861855775784  0.97689283622598611  0.98856792060070031  1.00000000000000000
 -0.00228941923061774  0.00927912431692558  0.01895465705670333  0.02881911759438744
  0.03888848526632219  0.04874413937075641  0.05908176275911600  0.06875803131645347
  0.07837112067004001  0.08831631844938309  0.09831832412137118  0.10816562380764240
  0.11819851183996108  0.12890234000152218  0.14012530820139155  0.15191491146369862
  0.16408683873494431  0.17510824689932641  0.18566796321729095  0.19578038941731060
  0.20648752724490424  0.21728732685842161  0.22821658852618570  0.23901452535299811
  0.24932700255530499  0.25911728684326746  0.26894515791698692  0.27900915736371990
  0.28888815116493172  0.29915108097551552  0.30993534418113067  0.32105316288576635
  0.33208907955060030  0.34280331974675382  0.35330403950014883  0.36354142917589283
  0.37378966401028529  0.38443836629329931  0.39549549521592087  0.40702391039881641
  0.41870724157981559  0.43023577508521510  0.44180636386433703  0.45356897922668321
  0.46494156945407999  0.47672629212952861  0.48938271793901156  0.50221305960202167
  0.51499951294237833  0.52686929261348137  0.53819636382465619  0.54905405796498363
  0.55932904816748763  0.56852187883863392  0.57742979886977963  0.58666038454833291
  0.59607055525561903  0.60525718512877913  0.61471994072007863  0.62441675329015645
  0.63625939873043535  0.64774689155025189  0.65765259036124712  0.66744768292052703
  0.67742579210133480  0.68739490687827454  0.69702476144451431  0.70649800899013093
  0.71629080066641071  0.72665091819691419  0.73701204674167686  0.74719514952727206
  0.75693731564707278  0.76644672184974383  0.77602307884577915  0.78592222770694775
  0.79595969693354152  0.80654492366006469  0.81712212534035844  0.82764858778587824
  0.83798849660497243  0.84801765009717944  0.85764297801113865  0.86734288170111540
  0.87708724592506271  0.88776767918714883  0.89853590807988715  0.91081721084295286
  0.92350431444908965  0.93563908379522542  0.94733590970798243  0.95838964478643740
  0.96863962584412022  0.97934462827735924  0.98952679339059446  1.00000000000000000
   4.3009889082195677E-015  -1.0000000000000000     
 F F F F F F F F F F F F F F F F F F F F F F F F F F F F F F F F F F F F F F F F F F F F F F F F F F F F F F F F F F F F F F F F F F F F F F F F F F F F F F F F F F F F F F F F F F F F F F F F F F F F F F F F F F F F F F F F F F F F F F F F F F F F F F F F
  <DiscreteSampler_grid>
  grouped_processes
  1 # 1 for a reference and 2 for a running grid.
  10 # Attribute 'min_bin_probing_points' of the grid.
  1 # Attribute 'grid_mode' of the grid. 1=='default',2=='initialization'
  0.0000000000000000 # Attribute 'small_contrib_threshold' of the grid.
  0.5000000000000000 # Attribute 'damping_power' of the grid.
 # binID   n_entries weight   weight_sqr   abs_weight
    19   10   1.633948509337041E-010   7.808114535740474E-020   1.633948509337041E-010
    37   10   1.772996415596133E-010   5.259607179193955E-020   1.772996415596133E-010
  </DiscreteSampler_grid>
