 -0.00000000475279026  0.00000324416897132  0.00002513779009485  0.00007056160225952
  0.00013985595282914  0.00023534634579760  0.00034482652026113  0.00046904304289805
  0.00061113798905306  0.00076882225250838  0.00094566978444038  0.00112597202698592
  0.00132616383442393  0.00152768405879962  0.00176115526464343  0.00200549906016836
  0.00226586768607590  0.00253001963041972  0.00279062778859524  0.00305404828609601
  0.00331698166956124  0.00357898486155046  0.00385366586324797  0.00414056128683112
  0.00442365652026015  0.00470596845064078  0.00499416511203862  0.00528908395615991
  0.00558426626722510  0.00588463761128657  0.00618481919770024  0.00649154165885601
  0.00683821519289454  0.00717803945879090  0.00751756261827364  0.00785666524453256
  0.00819087665628470  0.00852226598949505  0.00885650203193217  0.00919047649730507
  0.00952706060531769  0.00986132209831843  0.01019666462091095  0.01052445539718314
  0.01084454849410137  0.01117230770762067  0.01152130570413045  0.01188710229962435
  0.01224382609048313  0.01260315374320445  0.01297841813538284  0.01336079296924548
  0.01374506090781263  0.01412893903637520  0.01451726762027297  0.01494382899654820
  0.01538840789242614  0.01583568505222779  0.01629071753181228  0.01675635518762202
  0.01722812155469355  0.01769693275151942  0.01816337030650596  0.01863896793501230
  0.01911191648028968  0.01964499820722765  0.02023800390209086  0.02086315370250155
  0.02148604886916798  0.02211585027191598  0.02275330490369594  0.02339088880559433
  0.02403100727702803  0.02466156043965717  0.02529176368720209  0.02600818932718578
  0.02679937120490393  0.02764211582611392  0.02850274743821264  0.02938140287676671
  0.03028638536483759  0.03122424473203683  0.03219217347887222  0.03315300740466346
  0.03437484980043043  0.03579618042168679  0.03737520545939416  0.03907194510625035
  0.04086390920749620  0.04281411469114466  0.04502013466123016  0.04888129112411513
  0.05378628427527796  0.06423634704940187  0.11657755459491047  1.00000000000000000
  0.00996999774965877  0.01459304786368894  0.02291023964264821  0.03238119205620024
  0.04243952429378624  0.05289975460871257  0.06314118128022805  0.07311809090608141
  0.08314850641117477  0.09329270636467359  0.10338035568759972  0.11318305555336487
  0.12292668362717615  0.13284839160457168  0.14311454805912960  0.15405851770373771
  0.16521066924904901  0.17594020552934539  0.18670458191117281  0.19755659225186514
  0.20832733646954080  0.21892762074370772  0.22984919095347481  0.24103144333135268
  0.25185884636118805  0.26223590234793642  0.27280485713794378  0.28336437250764424
  0.29407588325865464  0.30524320745714756  0.31657671342164667  0.32804978350140374
  0.33813683981600573  0.34708796959595795  0.35629084953239204  0.36617551207178650
  0.37637725657316229  0.38689396453409652  0.39730061471064948  0.40988418062728649
  0.42201547281098262  0.43342232385309898  0.44462515064081853  0.45614359492670853
  0.46714974640527579  0.47803984917648007  0.48890087606566524  0.50040941544830786
  0.51250354130208287  0.52471287075068906  0.53643578685405158  0.54730137092399511
  0.55751504443905631  0.56797735927205872  0.57858907152142791  0.58909055121706533
  0.59944999198567295  0.61032247450549115  0.62127318814721300  0.63215188613299333
  0.64233063506200672  0.65218404179056022  0.66213811615217166  0.67279062092762532
  0.68401821663991458  0.69495400604611024  0.70543888534225696  0.71532771107919702
  0.72491462873562285  0.73468139805961985  0.74440864151988684  0.75411348961353342
  0.76375942436212119  0.77321206026991385  0.78270091929728458  0.79266090754805429
  0.80290954984209850  0.81321053022728629  0.82312486659650208  0.83298204660936692
  0.84281747619457936  0.85241513101585575  0.86165691089355245  0.87083452643109083
  0.88056595143528849  0.89114029770986336  0.90153363206016135  0.91217540494188409
  0.92261740661083680  0.93306521127409270  0.94372428599102220  0.95435766614989104
  0.96519585035333000  0.97594925320810000  0.98707130500173967  1.00000000000000000
 -0.00001998670449316  0.00024302546368293  0.00074532536371669  0.00150645863762950
  0.00250325575812094  0.00372755886955508  0.00525274885101196  0.00723907775676137
  0.00947530934227939  0.01181415837239931  0.01447160287800475  0.01736777249713855
  0.02027983068517041  0.02307461619235622  0.02612795440041008  0.02941974485644980
  0.03318245698674113  0.03702583867834330  0.04104937483293038  0.04522788885990623
  0.04961049930331059  0.05409705354015081  0.05837829707127156  0.06262180128716199
  0.06701643373738379  0.07171032398671993  0.07713137353870593  0.08297080223232557
  0.08871492667211106  0.09401596087220991  0.09967276639394011  0.10562568540980384
  0.11138090793102128  0.11725454026732919  0.12348979030362239  0.13000612152310173
  0.13659126763431315  0.14309520702866940  0.14975431158257305  0.15675656624035900
  0.16387306418040806  0.17096696009346390  0.17825765899136983  0.18557512137120258
  0.19290791501540536  0.20034498826641128  0.20776794076639124  0.21534666237802549
  0.22315144667601947  0.23089041753319178  0.23857458058654091  0.24639357145889351
  0.25484491086673755  0.26375326477717481  0.27238365635034789  0.28200322860416793
  0.29313309632998596  0.30357930348285117  0.31411620241894272  0.32521264356985380
  0.33633064105124783  0.34748837574752062  0.35881069284177619  0.37038296588319675
  0.38219502083727119  0.39456892758392675  0.40721258313518471  0.42002406564547717
  0.43290059047650664  0.44596052131606873  0.45945356580682178  0.47361072666062387
  0.48879718882774326  0.50512972951034518  0.52140004989279454  0.53759711007084332
  0.55392494054617269  0.57065128424755551  0.58798890003585080  0.60591626265485909
  0.62409545333829619  0.64231895188859189  0.66114055413648887  0.68047441860788394
  0.69958415316146427  0.71829611852897723  0.73752324443658401  0.75650735362404420
  0.77473257680244823  0.79301028527594664  0.81296490267723376  0.83496598977790537
  0.85822378702742630  0.88008943671833162  0.89762448222381608  1.00000000000000000
 -0.00279784228468677  0.00986910554536101  0.02044702361499856  0.03063685230009578
  0.04055951227231123  0.05101872028493033  0.06213841281412337  0.07393077648100685
  0.08508296358731640  0.09476226930526763  0.10406122438420173  0.11293648831438727
  0.12209716770449773  0.13125232895315772  0.14054362459700734  0.14953280640846500
  0.15851921673287769  0.16758346682847575  0.17690448279832702  0.18627093849236784
  0.19553556905833019  0.20526193131715750  0.21588264725268724  0.22684840289522712
  0.23811495003963556  0.24972217767638738  0.26167406878372773  0.27390293648554925
  0.28617289204122143  0.29749257232229898  0.30757963558921642  0.31793724681225538
  0.32861449924650610  0.33956372869637691  0.35010769909594291  0.36059501180152997
  0.37127240837016462  0.38235753193529753  0.39398100204591591  0.40589684501466305
  0.41789693966994490  0.42930281155788236  0.44076517608705240  0.45107879240088117
  0.46155068215227890  0.47097633758308910  0.48045441885515594  0.48944787736012574
  0.49806732672076065  0.50683533181700668  0.51634487501963933  0.52692554147430604
  0.53789408272880401  0.54858678810229677  0.55939185535087155  0.57068916649991230
  0.58233858228125268  0.59371503130123926  0.60453117522851574  0.61515087656730139
  0.62537413144207787  0.63535924209623651  0.64517051228663536  0.65536979260822770
  0.66541775164614847  0.67456422590221199  0.68336134372942992  0.69258322325520938
  0.70224911630751419  0.71223830512501274  0.72192956645721673  0.73337082826234257
  0.74683022375137531  0.75957018060788972  0.77107991109651530  0.78162466962732402
  0.79176967545806076  0.80178401732804438  0.81136851521377262  0.82085755740706257
  0.83037185459675944  0.84094138265152285  0.85237162920298704  0.86349827385517719
  0.87457024473977751  0.88547703157227586  0.89687215868303705  0.90894072193195152
  0.92094460540793088  0.93285639470659099  0.94442198366728447  0.95552738064253884
  0.96649206812390853  0.97743641752634214  0.98875282835816858  1.00000000000000000
 -0.00323924203574965  0.01213725200440170  0.02397146176982406  0.03493133364165974
  0.04505448388275399  0.05489525650150211  0.06499150564653627  0.07506789389408158
  0.08499590794505732  0.09449042300355966  0.10424026845780524  0.11497819299392514
  0.12634157763769510  0.13755971878754220  0.14856056844916882  0.15861310685014537
  0.16856197857279001  0.17805773764214450  0.18762410210020544  0.19660768235786893
  0.20647114284463489  0.21658079461482310  0.22615039680544277  0.23523866864673759
  0.24423725548125477  0.25351825149542168  0.26353911542110436  0.27357472603539168
  0.28414598978784944  0.29441596862267749  0.30488891175870481  0.31519711402800282
  0.32552991648302187  0.33582055706409242  0.34570425447644404  0.35534934030207926
  0.36486650746092664  0.37472449434223953  0.38531160976106488  0.39624711525061262
  0.40694883563113859  0.41778076204766551  0.42900908192213472  0.43979265395889877
  0.44967363992982223  0.45947448066936586  0.46979742145125530  0.48022972632322841
  0.49044313766954661  0.50082178151654622  0.51207729369094146  0.52386781407044880
  0.53542887669894035  0.54695625282969218  0.55837209866755622  0.56983500364053075
  0.58141498145891912  0.59428656006242631  0.60785775008092635  0.62137910705120214
  0.63276749514193276  0.64253897881552924  0.65214195436079703  0.66099029956392363
  0.67021117248429718  0.67994181016842214  0.69023431456887807  0.70084019300722677
  0.71143873359430854  0.72211585315532656  0.73272570727038600  0.74326231851406488
  0.75382083337662165  0.76498215328748609  0.77594456629101782  0.78706702838590215
  0.79793500671149820  0.80852158597216384  0.81863774668719913  0.82854297993662707
  0.83858396218962694  0.84867547981728608  0.85825203153560314  0.86835677074683015
  0.87894568803844308  0.88999615589999947  0.90086881468170887  0.91165319598722316
  0.92304362151680464  0.93324763278804612  0.94387682111086046  0.95416406322758285
  0.96557574691731352  0.97644682010224282  0.98815692826954582  1.00000000000000000
 -0.00231721670675083  0.00912684431576717  0.01947239030649111  0.03005201996874309
  0.04043420184164594  0.05024465916377935  0.06102052094668722  0.07161136184840995
  0.08203768194443864  0.09195918848249834  0.10180758995053629  0.11127454184974880
  0.12115539723996072  0.13179112501274490  0.14266806793431680  0.15261573918239280
  0.16195492881853371  0.17244391290210567  0.18407868202218217  0.19567268436806623
  0.20682148436177386  0.21653206242009049  0.22598744121835923  0.23597527532827886
  0.24653980790049715  0.25647785543254659  0.26629622778519146  0.27611046240968157
  0.28645183877413477  0.29641636528655729  0.30601599039128602  0.31520294012545896
  0.32478751199085087  0.33412781877092407  0.34361492061635479  0.35330285445520487
  0.36334245851079022  0.37382573574290312  0.38433745334664537  0.39533235966285080
  0.40747900042618668  0.41949983420935971  0.43156325384957012  0.44413801364111860
  0.45713438112037813  0.46915315517184247  0.48092565910390989  0.49227222308536073
  0.50377183026653138  0.51535006711961007  0.52643840136496967  0.53700848449720917
  0.54678212321891240  0.55628566999014994  0.56526318631501893  0.57426838728011387
  0.58317877085541570  0.59207371587762647  0.60088206443193770  0.60970934778602737
  0.61867449443660827  0.62822152266712084  0.63879451479216209  0.65006231868242104
  0.66131172632489199  0.67271330376277660  0.68407799740682074  0.69458281229548358
  0.70519510695563725  0.71507057402195295  0.72484293980374648  0.73385405170363915
  0.74277343955051667  0.75173147681304309  0.76193899492057815  0.77248929713590819
  0.78319054242906272  0.79361629655358545  0.80350931883927623  0.81357369159409987
  0.82331494591622523  0.83315868861467834  0.84338654902520671  0.85360610310644136
  0.86368937588845673  0.87406003656699671  0.88532324564802600  0.89704620744583541
  0.90867414392161072  0.92037996019483581  0.93241930768393921  0.94513922281357643
  0.95882161347272499  0.97277436368661085  0.98653103064374126  1.00000000000000000
 -0.00249258783781772  0.00990109451008560  0.02027552270424325  0.02971595903586898
  0.03912081960181633  0.04820092664867679  0.05703213897529510  0.06615887046549708
  0.07558781078787374  0.08599950761509099  0.09711505259937063  0.10826015863193221
  0.11873289210601404  0.12955510277703070  0.14075148260231940  0.15142344520693451
  0.16131290686061706  0.17100318179517740  0.18065579750561692  0.19141887582037276
  0.20160366996391355  0.21223351493297699  0.22350175134809747  0.23395254103075025
  0.24332778518296339  0.25271202963777123  0.26252417315274579  0.27228594313606502
  0.28190990307961838  0.29139390533193704  0.30097676164508547  0.31058454352807735
  0.32043560681068667  0.33109758166156172  0.34142306646567439  0.35177995785965260
  0.36244019052310855  0.37301598489783971  0.38242788665142158  0.39149606159482631
  0.40094107027603454  0.41090724352081931  0.42121805916351285  0.43150801034558989
  0.44237889530346358  0.45444678055357873  0.46756972037572958  0.48112333032715732
  0.49393490146414043  0.50596069505159269  0.51738657430428292  0.52864836607596621
  0.53955927512348190  0.54989578349075885  0.55917841088526354  0.56897790299942075
  0.57920217901194404  0.58989883907851515  0.59992864444259864  0.60993809074084104
  0.62031726901133144  0.63120863825846052  0.64271361013327855  0.65382579742505742
  0.66463894261616563  0.67711239859256056  0.68979729892358521  0.70180559762854244
  0.71393974753212974  0.72603496222897990  0.73705146840016622  0.74725055870622714
  0.75709343825288422  0.76655427385766028  0.77627871731932596  0.78606989518969950
  0.79672616185515688  0.80783466969640838  0.81829631051108642  0.82865178702837061
  0.83916509635406045  0.84971172751950230  0.85990609853143618  0.87028190789426474
  0.88136736082526768  0.89277207991224472  0.90368634455190422  0.91446945055387185
  0.92538667704110988  0.93620190490625566  0.94695090077365029  0.95809313839460208
  0.96901939305707219  0.98027985850760635  0.99015574971254650  1.00000000000000000
 -0.00215356145618370  0.00899176519926615  0.01832548760459521  0.02838516859613533
  0.03783162198545080  0.04720040265754381  0.05712371885944098  0.06732790872967633
  0.07865055420209738  0.09048603187681691  0.10215926845335253  0.11422670096224520
  0.12605314698007225  0.13784798503578216  0.14960668379497652  0.16117769954702610
  0.17294474738041182  0.18463422116450728  0.19538086089666826  0.20605900530545404
  0.21718396134487414  0.22868517912500233  0.23962701131486072  0.25031462347188121
  0.26170315720143450  0.27298226000550857  0.28418690478607694  0.29455384993347372
  0.30417144950827829  0.31346677907563508  0.32259643621872169  0.33213461496923763
  0.34190275785939772  0.35131474021646392  0.36120294633879219  0.37159352242704979
  0.38231865743922783  0.39354636330897352  0.40537306371759185  0.41769497415067863
  0.43047081441788104  0.44239809304683098  0.45254601429847852  0.46311178105275569
  0.47333581866800434  0.48279562846875562  0.49140847836931933  0.49994732412327048
  0.50910265764977836  0.51844557371017219  0.52793749809108781  0.53753498047889492
  0.54808167551962517  0.55905314371433856  0.57045755210195059  0.58190271758687229
  0.59339701245674026  0.60447839225939182  0.61510244264105285  0.62539662450621680
  0.63534724241946405  0.64551382793734824  0.65644332896120583  0.66708472429440180
  0.67740806446150803  0.68721638745978031  0.69651374036498381  0.70589996791531961
  0.71558918824317064  0.72577659645147141  0.73625840771844853  0.74682645458514962
  0.75928156040285510  0.77234893753519573  0.78492392491466167  0.79710840993302956
  0.80861151744653381  0.81973891335511573  0.83047800069976074  0.84076479981655483
  0.85100913954638768  0.86127220697467910  0.87165568742602539  0.88200108791999954
  0.89232909738226385  0.90319977973252030  0.91445203146927745  0.92553223158767262
  0.93616143668544438  0.94571179940916406  0.95438365597234864  0.96291173837765631
  0.97176506811902075  0.98118831427328912  0.99051736309553906  1.00000000000000000
   5.7650790293345309E-016  -1.0000000000000000     
 F F F F F F F F F F F F F F F F F F F F F F F F F F F F F F F F F F F F F F F F F F F F F F F F F F F F F F F F F F F F F F F F F F F F F F F F F F F F F F F F F F F F F F F F F F F F F F F F F F F F F F F F F F F F F F F F F F F F F F F F F F F F F F F F
  <DiscreteSampler_grid>
  grouped_processes
  1 # 1 for a reference and 2 for a running grid.
  10 # Attribute 'min_bin_probing_points' of the grid.
  1 # Attribute 'grid_mode' of the grid. 1=='default',2=='initialization'
  0.0000000000000000 # Attribute 'small_contrib_threshold' of the grid.
  0.5000000000000000 # Attribute 'damping_power' of the grid.
 # binID   n_entries weight   weight_sqr   abs_weight
    25   10   8.207910568382928E-013   1.371553440020026E-024   8.207910568382928E-013
    43   10   1.104329603041864E-012   1.944210474859107E-024   1.104329603041864E-012
  </DiscreteSampler_grid>
