 -0.00000000458080925  0.00000209186046013  0.00001651700889119  0.00004651865831042
  0.00009311201858917  0.00015605117639751  0.00023590947695545  0.00033902091069744
  0.00045369083544198  0.00058321462340365  0.00072667198910705  0.00087265541372320
  0.00101719260059879  0.00116946580823815  0.00134336146462755  0.00154810069808386
  0.00176275074455294  0.00196767231182526  0.00215884249716142  0.00234138344446214
  0.00252392734052320  0.00272816461993102  0.00294771346006063  0.00320066612538188
  0.00345048293226645  0.00369796698458826  0.00395931172817125  0.00424728580749299
  0.00454291069580644  0.00485345240734325  0.00520747627410134  0.00558925490150611
  0.00597676769641422  0.00642966710159221  0.00695233074250948  0.00760126275008680
  0.00827132837021187  0.00887947959715491  0.00950945381123374  0.01033804616186185
  0.01131315840979060  0.01193055136644756  0.01237519347925367  0.01271335374377088
  0.01296898760695941  0.01319075197121631  0.01339086377704540  0.01356551634813392
  0.01374000123814268  0.01389822035580013  0.01403950029450772  0.01416840945150230
  0.01429476495839213  0.01441616444976187  0.01453721077346736  0.01465787189927428
  0.01478012628507350  0.01490336019364838  0.01503110921007004  0.01516222945440089
  0.01530194483913260  0.01543976195507748  0.01557473327497968  0.01570251193354050
  0.01583357625996953  0.01596741640368951  0.01611480009703573  0.01627005480706054
  0.01643339761827572  0.01660533825933627  0.01681660509390185  0.01703730032525381
  0.01725139448384007  0.01746912851857506  0.01767791481732374  0.01788079942222051
  0.01807973296295545  0.01829934570006080  0.01852439031104765  0.01877992204145988
  0.01910655119793375  0.01949003531926347  0.01988853886579461  0.02033032537447839
  0.02079474911895986  0.02125666154029671  0.02178910479276745  0.02235216611811244
  0.02296891578303779  0.02365319607638587  0.02457994866474811  0.02604850427865817
  0.02838257882199264  0.03350126179973086  0.04801444517432345  1.00000000000000000
  0.00950346180985125  0.01715301316654678  0.02518581542095188  0.03464731962425905
  0.04286889907086321  0.05058492201592149  0.05835658913246631  0.06601670548165624
  0.07568838072783189  0.08591283151126095  0.09639960748664504  0.10732618259088109
  0.12011531100647659  0.13591359260990354  0.15192423382628900  0.16228346405876565
  0.17214242125626869  0.18174908518663302  0.19096942599057318  0.19871876582094339
  0.20624749088746641  0.21349987756789260  0.22195530033822233  0.22958327700242773
  0.23746633686132709  0.24583628468948437  0.25668821313071288  0.26665307534127308
  0.27650236726543759  0.28651367260443600  0.29690522352549159  0.30873389205030338
  0.32161129208979305  0.33447772601719106  0.34618657759004806  0.35802301653096663
  0.37035363262441645  0.38273781394831385  0.39510569902066794  0.40808332613968035
  0.42052725365786248  0.43142010779909684  0.44132648753897125  0.45010972366231750
  0.45857929476095599  0.46757525505273861  0.47640129627585004  0.48539632268711908
  0.49412725711628958  0.50326458992532341  0.51331324110675247  0.52208465581747321
  0.53166813115561540  0.54158130913646707  0.55310500467290091  0.56676040916100912
  0.58136695801589111  0.59537326570078231  0.60846649963001476  0.62166148398614796
  0.63330789135694576  0.64443206948288068  0.65252094396969829  0.66180680116786827
  0.67093761683417685  0.67950297872348386  0.68910315585899429  0.69954510197023823
  0.71033173854149745  0.72242837630036960  0.73347343235062579  0.74254833497148509
  0.75124299345976298  0.75987923961910031  0.76908414331841179  0.77882441877309605
  0.78971869015283225  0.80217796692089161  0.81859447609567682  0.83395028633520829
  0.84943375092175821  0.86172092166577163  0.87339890061486614  0.88511183032745999
  0.89795410199763204  0.90656240302627666  0.91441636649305291  0.92158913085232264
  0.92910244086488314  0.93743888083518800  0.94647974498819631  0.95578248571346347
  0.96576352376498753  0.97685282169077869  0.98796214779410485  1.00000000000000000
 -0.00506062819332476  0.00990639162965699  0.02456654300490173  0.03874153882021025
  0.05244732011718223  0.06586856628673718  0.07753344259158337  0.08765461027148502
  0.09691681621199724  0.10645043928455994  0.11589218797102042  0.12581066365175478
  0.13559325463917987  0.14581072353265179  0.15616071188547279  0.16585350819903819
  0.17527613712473533  0.18531065429185961  0.19407241530120703  0.20235685494099337
  0.21016853473606306  0.21823050656081200  0.22713240260263831  0.23631803789190711
  0.24595001715058176  0.25477803972149549  0.26207750930015283  0.26894258659962267
  0.27657598509687986  0.28536605230833173  0.29562247617798315  0.30478335219642350
  0.31410642738082223  0.32360071366068982  0.33411484420739807  0.34671338615207875
  0.36014569538333235  0.37199919729065040  0.38301786020957523  0.39324844887160082
  0.40316102240471396  0.41326555933385362  0.42340732128097985  0.43256060141514857
  0.44073786758932154  0.44840626860210930  0.45670014882095472  0.46649446707936809
  0.47762009700281022  0.48839621969139391  0.49900392852789643  0.50995638253362396
  0.52152285111455576  0.53165391847823118  0.54123024527098007  0.55005369013347261
  0.55978908779983083  0.56980255671974722  0.57997903936179651  0.58988594596880373
  0.59864029815660047  0.60706856331042469  0.61594276612168275  0.62477741439141121
  0.63505732683454885  0.64688885083535497  0.66050654467704673  0.67403905973837452
  0.68806175563898142  0.70267495873745156  0.71731809886261133  0.72999694212761579
  0.74103467003808543  0.75090326476761260  0.75953093295781626  0.76858024435504002
  0.77779256822544773  0.78543088477694356  0.79279681238954491  0.80169413252111310
  0.81185621039706979  0.82308988208927958  0.83495946646334407  0.84842708207304374
  0.86232113280078604  0.87649090423426201  0.88816065046371995  0.90084373292402364
  0.91281553544096761  0.92353826048781340  0.93284341916533386  0.94410818258170526
  0.95836238353945391  0.97201561108964152  0.98515625658235750  1.00000000000000000
 -0.00209644717920445  0.01281366731246401  0.02498879479158633  0.03534989075919178
  0.04427575335803117  0.05301314915182651  0.06279285763933010  0.07348166138102870
  0.08539559545753374  0.09745141966477612  0.10778575166443935  0.11808654485347952
  0.12883918673927494  0.14073698597070700  0.15447818567419486  0.16805782843592984
  0.17950536244108842  0.18986491123153529  0.19879704561543393  0.20789012533776458
  0.21561874128254163  0.22262839896055236  0.22978962558671234  0.23750014916205442
  0.24563726176644057  0.25538390497841035  0.26508927507380248  0.27443847956611461
  0.28486045457206677  0.29494991144400151  0.30442090294695567  0.31358068222937546
  0.32362351403007406  0.33493482535155827  0.34701528015783722  0.35869474241959692
  0.36985577511161277  0.38144179036258091  0.39406873843969564  0.40476759330894257
  0.41533864426218287  0.42577793367089845  0.43676791150171312  0.44729512447207764
  0.45718270946435641  0.46645570084858001  0.47534959452202696  0.48376538939864777
  0.49272148203877897  0.50254518261346881  0.51311148261690609  0.52311085065675467
  0.53301158620983913  0.54258463028273995  0.55172664466707655  0.56019562507965248
  0.56880246515877853  0.57763314946525035  0.58595542411888235  0.59344456591560479
  0.60126930659098921  0.60968216969689948  0.61925680107981496  0.62873672777306777
  0.63744019354440939  0.64667616797773719  0.65992125630137222  0.67300150830320704
  0.68503898394262763  0.69648390692892881  0.70744997927312836  0.71870994835436242
  0.73089325989979170  0.74364556449447428  0.75624983589600647  0.76630117784329665
  0.77626152708354945  0.78747299947331906  0.80089526180766379  0.81417569067351092
  0.82533323309301199  0.83566438137128884  0.84567943461620343  0.85622374950524827
  0.86864557019773636  0.88206666004597012  0.89564391805345400  0.90817282736780780
  0.92030370601738165  0.93194243545684963  0.94331111385350108  0.95431879928762509
  0.96518055926188440  0.97628322620569208  0.98812874765639735  1.00000000000000000
 -0.00279318433945027  0.00957386904164115  0.02059200885233924  0.03230498988912278
  0.04362639022369665  0.05433879164954148  0.06655479795478032  0.08074312416676123
  0.09559336204595943  0.10808600981810355  0.11830682757163152  0.12867171217737600
  0.13907854621680255  0.14969627593114151  0.15828804095374621  0.16684957656306665
  0.17541007736639594  0.18398636044775948  0.19350474709782178  0.20434310465795610
  0.21484780597475250  0.22454785610913330  0.23433858179467490  0.24455076657593974
  0.25449709424821609  0.26427724526192981  0.27631950231913815  0.28778839554920760
  0.29868971921187759  0.30919997264428828  0.32219716420691219  0.33755020779403305
  0.35035527584141096  0.36434057565613615  0.37894398867505474  0.39282365718092788
  0.40281664148587087  0.41121377685638710  0.41984052189503895  0.42790888005479899
  0.43805971753974243  0.44817015298499752  0.45776359787954973  0.46843966655793290
  0.47809922361950397  0.48875529413186664  0.49912615420652440  0.51067271234211120
  0.52184217675884315  0.53312990284690553  0.54554427303702868  0.55757427669802284
  0.56806674699710580  0.57898352665113584  0.59083217453786863  0.60582197461125764
  0.61560866723959684  0.62930741912498578  0.64125012210349597  0.65139033752241127
  0.66051361496297079  0.66984606415163672  0.67938231674055005  0.68883063226114916
  0.69712234210517454  0.70469434210578730  0.71243809069317521  0.72257376300738985
  0.73062462269255901  0.73974808414309556  0.74958798702594853  0.76258285680050708
  0.77567752311212623  0.78690418366219994  0.79729998741699259  0.80712014322518466
  0.81706350553898910  0.82717324885687549  0.83845274755542465  0.85082280854486814
  0.86189207850998240  0.87221078942195807  0.88031018828888685  0.88742564182706063
  0.89384598804212900  0.90158779859545957  0.91030596357684113  0.92034469010179309
  0.92924337827596826  0.93802957291530353  0.94739964537171339  0.95710544159930677
  0.96753951726381782  0.97734759661167625  0.98853941119455668  1.00000000000000000
 -0.00223434908637268  0.00837020956953493  0.01803855582373425  0.02707296298222847
  0.03650202459603492  0.04555691515755966  0.05429654279227636  0.06325880899964818
  0.07238030402548186  0.08107786402985931  0.09055616433878033  0.09876906720346428
  0.10828820249188530  0.11938112938145176  0.13132276934341433  0.14261529388646263
  0.15468063577893121  0.16579130127444885  0.17726676832703070  0.18839187520533246
  0.19796784615330826  0.20718087646942743  0.21677525513470886  0.22709683463680727
  0.23661573785762161  0.24531932864325767  0.25358668151354585  0.26171693198059481
  0.27014761748263255  0.27796935390377386  0.28605099173768223  0.29564318133810319
  0.30557815059946586  0.31689402958898261  0.32973971063556490  0.34285100386624062
  0.35475203754116852  0.36532014565034659  0.37455304253941085  0.38514353705371362
  0.39622696788274270  0.40627918169099331  0.41639437045126398  0.42893312671501888
  0.44185928579729733  0.45660642979112520  0.47225236521005304  0.48890921827960682
  0.50253033622469356  0.51451629236717866  0.52527236429251600  0.53578313811308909
  0.54543885889743471  0.55460051438453040  0.56445141043520974  0.57697626717546968
  0.58931564907669776  0.60133540693362142  0.61702088572929670  0.63424846739450036
  0.64804201910965453  0.65975014981013758  0.67036102589279400  0.67962462749940944
  0.68828205808077025  0.69668579298350786  0.70469870665367207  0.71462434395600671
  0.72669307884653478  0.74276795093208492  0.75403422857096325  0.76296767768886642
  0.77113617382599042  0.78050534877894728  0.79028195076860441  0.80007900568150636
  0.80689032831306939  0.81429325311270495  0.82418681900837698  0.83644114610549802
  0.84738431665415959  0.85679611169337100  0.86614874758124305  0.87559377002886629
  0.88475516423094458  0.89373833985973539  0.90350424618010883  0.91446147371183584
  0.92603926929388836  0.93753283433716150  0.94808324249339870  0.95789083591309565
  0.96759611400059320  0.97758356580589501  0.98893929633413746  1.00000000000000000
 -0.00139126389488791  0.00345205117558413  0.00850790925401283  0.01362884040314690
  0.01909618081590385  0.02546109660884641  0.03178981420920852  0.03712998491762745
  0.04300219565104342  0.04878840624405906  0.05521272978716568  0.06216053967049633
  0.06944732899523390  0.07699479587990335  0.08430079134954258  0.09143091264835888
  0.09843362216010566  0.10490917609316967  0.11143524465018956  0.11838704040572912
  0.12604339789532387  0.13414659874896395  0.14136683252540189  0.14833507303019311
  0.15594411229627722  0.16362636598068744  0.17248182764604986  0.18181705506766865
  0.19199658469095068  0.20482755007150927  0.21962651906877911  0.23271120061135317
  0.24386577022975525  0.25522078710685309  0.26712558472286324  0.27866608870507853
  0.29060473016981925  0.30599562315912032  0.32044049627129179  0.33356607955786366
  0.35007826470091846  0.37127017967228976  0.39066119046259362  0.40703240992612055
  0.42275988919833812  0.43891927497206540  0.45718625548582342  0.47551462812555279
  0.49300474334390582  0.51157138939385749  0.52988462035853279  0.54877172688847831
  0.56796983585357652  0.58411712153430295  0.59961956706710950  0.61332466457591339
  0.62787660442000526  0.64358602488685135  0.66162327248953978  0.67922203586923202
  0.69646478471639461  0.71005701886685135  0.72263088975973222  0.73546215612375732
  0.74770355766287744  0.75760667535522597  0.76679965244739456  0.77785409102524172
  0.79060885472621023  0.80296002181299864  0.81304500857337769  0.82850241106742717
  0.84536807580481099  0.85756187387371052  0.86517751601270954  0.87221182232479066
  0.87963405996277721  0.88685804182702765  0.89524042617573241  0.90318673814673567
  0.91185380486230894  0.92026664599535246  0.92810171155932675  0.93529802163641274
  0.94156330796536114  0.94782949660725246  0.95402475286197663  0.95991649909819010
  0.96550156842779777  0.97103415795386239  0.97638640993111181  0.98154875571203448
  0.98639066012128862  0.99090058724636709  0.99550714923221773  1.00000000000000000
 -0.00443790044098977  0.01633990772209842  0.02761695593819781  0.03702109579134704
  0.04529331889279488  0.05264031918171557  0.06045713226091554  0.06907506638592729
  0.07840692643620817  0.08985264353612676  0.10115899091672045  0.11264774880906245
  0.12442033094505467  0.13623389180935197  0.14784031139914561  0.15870002876440192
  0.16880517968852690  0.17860100748806310  0.18896708060977038  0.19980272386017894
  0.21119154735665993  0.22366400609316864  0.23828456304482268  0.25405291207584729
  0.26664175194707646  0.27822297409947339  0.28992428011858867  0.30187645442674971
  0.31473049991281637  0.32735126218326188  0.33831335224116277  0.34845625888315906
  0.35941872701185140  0.37125677791173484  0.38036762650309641  0.38864152089946025
  0.39665187819913433  0.40505613056426204  0.41298563470149674  0.42048480167820623
  0.42744116918164560  0.43378586231327071  0.44126690903472743  0.44969826608621766
  0.45843514634240401  0.46910408346247107  0.48195945703166077  0.49480011099352750
  0.50527393213377059  0.51371760346499862  0.52238133472534276  0.53219045190284975
  0.54316131845549176  0.55329159692806451  0.56212309314595932  0.57127113691276088
  0.58088277622158258  0.59076765406644427  0.60322480617715279  0.61689465791373765
  0.63060984218360561  0.64296824640288786  0.65378527503009476  0.66432143845306346
  0.67575163758869705  0.68797121362470393  0.70013645240962397  0.71075849460425078
  0.72027051661508357  0.73008334728279978  0.74108592153205921  0.75154148478459903
  0.76089300783563396  0.76994026302371044  0.78076495547262748  0.79165710766543185
  0.80272448486673409  0.81242040443993369  0.82204258769812932  0.83289721128470484
  0.84451360330912195  0.85610976268229577  0.86586511342396699  0.87427149881939970
  0.88365964706039846  0.89326243108540715  0.90344870229760998  0.91297082480036185
  0.92277171988728324  0.93482085177353436  0.94520146478460942  0.95516822321262385
  0.96516909944797991  0.97654518380442878  0.98852305979903710  1.00000000000000000
   1.5774990114611794E-013  -1.0000000000000000     
 F F F F F F F F F F F F F F F F F F F F F F F F F F F F F F F F F F F F F F F F F F F F F F F F F F F F F F F F F F F F F F F F F F F F F F F F F F F F F F F F F F F F F F F F F F F F F F F F F F F F F F F F F F F F F F F F F F F F F F F F F F F F F F F F
  <DiscreteSampler_grid>
  grouped_processes
  1 # 1 for a reference and 2 for a running grid.
  10 # Attribute 'min_bin_probing_points' of the grid.
  1 # Attribute 'grid_mode' of the grid. 1=='default',2=='initialization'
  0.0000000000000000 # Attribute 'small_contrib_threshold' of the grid.
  0.5000000000000000 # Attribute 'damping_power' of the grid.
 # binID   n_entries weight   weight_sqr   abs_weight
    19   10   1.261260673860736E-009   1.432064684671596E-017   1.261260673860736E-009
    22   10   1.662840076490762E-009   1.021712591090259E-017   1.662840076490762E-009
    25   10   2.023503526474500E-009   3.474231959681481E-017   2.023503526474500E-009
    28   10   7.658926350789208E-010   2.276668959168973E-018   7.658926350789208E-010
  </DiscreteSampler_grid>
