 -0.00027648610052561  0.00163633470854252  0.00423883230613220  0.00822820440075874
  0.01199648855413566  0.01380545377935039  0.01467716409568568  0.01537310188902655
  0.01604477216452121  0.01675035346805705  0.01751478395809942  0.01839938054307429
  0.01931170555216091  0.02024724098862180  0.02121808158443481  0.02225237127197173
  0.02337819682990828  0.02459140127124568  0.02580887244026607  0.02697808407260396
  0.02810615019367374  0.02924309241874269  0.03045861052905549  0.03175998151100527
  0.03306890343900765  0.03438078372286815  0.03571524384531584  0.03713545982031292
  0.03859448834284950  0.04006976606301858  0.04163366418328205  0.04324345344003945
  0.04483955921830331  0.04640844930814866  0.04796862120722419  0.04955459514676979
  0.05116781897740461  0.05277918930796879  0.05432795911246082  0.05590249139262912
  0.05753575822926607  0.05925497672119673  0.06096119187981243  0.06259160665242790
  0.06422221597867028  0.06590813830498178  0.06763984321190220  0.06938206322979537
  0.07108253564410716  0.07284051488364202  0.07467000449371138  0.07656659519987109
  0.07845401442713161  0.08033128273394199  0.08222579090825069  0.08424749615989217
  0.08635631342268511  0.08846599569336859  0.09056249730518506  0.09284144099898496
  0.09503321807330535  0.09718370224099775  0.09925069781176733  0.10137440665101724
  0.10346761525934203  0.10567197637806093  0.10796241154300736  0.11032997565489233
  0.11273880579006140  0.11523849128310922  0.11773937843490657  0.12039920353722577
  0.12319448176813814  0.12612928609775156  0.12925771014556453  0.13252072475932328
  0.13581745790837482  0.13907084667010411  0.14223549584171946  0.14536731870122380
  0.14857876324546732  0.15193817754836669  0.15587298135028524  0.16038899962020850
  0.16543359534292579  0.17089622730712420  0.17680547760201562  0.18317259729490432
  0.19040654522460079  0.19913657885974967  0.21052466025725797  0.22597117811807046
  0.24818425407974695  0.28349487651350946  0.37016490672949492  1.00000000000000000
  0.00890857569569470  0.01813971478086431  0.02783107243162770  0.03770446371560887
  0.04838318528743710  0.05940288156797371  0.07066846665656702  0.08128384510450593
  0.09212719356937796  0.10238505143669882  0.11243798134826269  0.12361972480480218
  0.13419620482395189  0.14496986989306493  0.15524654454167164  0.16691013237801119
  0.17812972300392413  0.18858797225109325  0.19819184051871391  0.20790254376812334
  0.21788959770716421  0.22774815066088544  0.23670377915353810  0.24546889513931192
  0.25440431355615495  0.26417183726346688  0.27429159688435761  0.28448288355919843
  0.29461611470818161  0.30477352880710323  0.31508695686313354  0.32523425994026900
  0.33455781718449534  0.34374694094352842  0.35343159292896376  0.36387766365197682
  0.37460584835345523  0.38544642344299573  0.39627741804686906  0.40731641656930645
  0.41867993959484784  0.42989325189269523  0.44085136943721404  0.45146083383208385
  0.46166166029329064  0.47183864791498004  0.48184445948464061  0.49148132145726625
  0.50096041335990260  0.51058056169776567  0.52061681874768628  0.53104037628154988
  0.54161547828344614  0.55250983497823025  0.56359528150035709  0.57456431736131752
  0.58517317357087095  0.59533756527491999  0.60502744015433196  0.61483579314320091
  0.62507042199005880  0.63588562865721410  0.64676769940875734  0.65746499650695811
  0.66792236701719276  0.67795966107404260  0.68734951984900117  0.69656348092466203
  0.70579130324247530  0.71557728601260917  0.72593460686033817  0.73662218538953694
  0.74750778972992504  0.75875072621353279  0.77012751298676019  0.78109921254700387
  0.79184843083378831  0.80259807905381286  0.81364993309749467  0.82500288567640812
  0.83650947182900992  0.84787427391892412  0.85915463391611613  0.87028793133718041
  0.88210416364648236  0.89413317274933224  0.90447348197236033  0.91474740929919163
  0.92522489642244909  0.93609963398016871  0.94666351332897136  0.95690120908674547
  0.96688806302773656  0.97763190533195388  0.98845215536688380  1.00000000000000000
 -0.00002933311121767  0.00014394159908454  0.00031271178945724  0.00050897456062092
  0.00070866498555416  0.00091102304859883  0.00112957448365843  0.00137456342515307
  0.00160561619525941  0.00182422399454233  0.00204817510175405  0.00227843161096401
  0.00251405715916411  0.00274631292678526  0.00296415668902206  0.00318028416689240
  0.00341802989247014  0.00368412763866277  0.00395764906933870  0.00422487774944853
  0.00448258697058450  0.00473246331052588  0.00497551118177319  0.00523165668966434
  0.00549640949472377  0.00576014337835730  0.00602583873338504  0.00629457434724057
  0.00655251400384695  0.00680714125609591  0.00706642599922267  0.00733851813189240
  0.00761960219246078  0.00789777476688592  0.00817105927899697  0.00843742216985294
  0.00870892168351871  0.00898465958709402  0.00925896590211471  0.00953172210826622
  0.00979872248522028  0.01005885116010732  0.01032205918380097  0.01058888226534278
  0.01085955372809677  0.01113062687165018  0.01139489677815524  0.01165224512667287
  0.01191053993756779  0.01217999223452431  0.01245998400059336  0.01273659627949227
  0.01300854118989641  0.01328697632813814  0.01356555422781423  0.01384202471656957
  0.01412105223856141  0.01441050579268180  0.01469424436495025  0.01496500406261547
  0.01523942631394761  0.01554338524000942  0.01587258752101636  0.01619663969284353
  0.01650831762537807  0.01680701890478184  0.01711137928984636  0.01740847059595002
  0.01770442810374900  0.01801407154162783  0.01833180622085687  0.01863898469286709
  0.01893061355436176  0.01921380925847160  0.01950756121593724  0.01981961190444543
  0.02013451278824212  0.02042863721695751  0.02070784657635882  0.02098367547693172
  0.02126014176358648  0.02154172868817667  0.02183264124690713  0.02214193438277841
  0.02247369551056722  0.02282016892077486  0.02316624298280957  0.02351749393136697
  0.02388380882804817  0.02425558251667521  0.02461334734369262  0.02497648155484326
  0.02534258274585178  0.02568553654116734  0.02596806987701691  1.00000000000000000
 -0.00272270661126333  0.01071826570766713  0.02296544623023426  0.03471157542536969
  0.04570328619756184  0.05725322471942454  0.06922364784490419  0.08198678158280892
  0.09471648344883965  0.10721872541775122  0.11978469168919405  0.13198073322566331
  0.14378579297753422  0.15502945262265727  0.16596953078560922  0.17705271220088678
  0.18817277737382865  0.19941606267348227  0.21117830729638415  0.22196651739963955
  0.23304410442802070  0.24325116971424304  0.25440829493761413  0.26510339163183433
  0.27691485615022149  0.28749630460713776  0.29849823361018785  0.30836221377596629
  0.31840719638036902  0.32910297353962914  0.34049483764051419  0.35260174681027939
  0.36445828236354516  0.37549171494115674  0.38600659965799688  0.39655494752715925
  0.40676456572771125  0.41762409872278783  0.42803674827254246  0.43872564132091435
  0.45083894858448575  0.46044196794908843  0.46971256803255212  0.47849368827294153
  0.48792491282742789  0.49767181784378867  0.50759045904660660  0.51758426905174870
  0.52796146801099597  0.53891416132153824  0.54970093436905709  0.56011014110734947
  0.57042965843451021  0.58127600677732927  0.59178463362900469  0.60247595841648660
  0.61396006189436469  0.62550164034895817  0.63700914329204883  0.64867416274860401
  0.65948665271412565  0.67008378152215875  0.68036711409908113  0.69061914581849748
  0.70098738879939015  0.71162550603945696  0.72239539734635472  0.73319098212885525
  0.74401053832158681  0.75473200750266900  0.76515258809030307  0.77517414630264647
  0.78492027058131786  0.79461103614398398  0.80430523711350976  0.81386185620447793
  0.82357814432751719  0.83341570533100995  0.84265450904392258  0.85116262476373017
  0.85963931546608463  0.86813296763288483  0.87667995366424400  0.88545249470170273
  0.89420883997872191  0.90361010711258460  0.91387796313356184  0.92434323150740205
  0.93453931929956857  0.94418476122175765  0.95385090399934724  0.96310861042633145
  0.97275339364260960  0.98233434569028633  0.99147609351068211  1.00000000000000000
 -0.00187724851961520  0.00758612679561759  0.01780674738442740  0.02830699439460633
  0.04083797877530254  0.05251150894764674  0.06457023065471364  0.07602197929791621
  0.08680716826633528  0.09639788084509070  0.10642874523306617  0.11607032168175839
  0.12612284105210891  0.13560426859852953  0.14500782323050346  0.15511170049315640
  0.16535908074041250  0.17563540446301812  0.18553975579885995  0.19607991664211935
  0.20664975805575664  0.21802945904495394  0.22876743781815589  0.23917602101219967
  0.24962779148463932  0.26004469525497925  0.27034791601103858  0.28081608263359226
  0.29040669921044432  0.30055044744036907  0.31005770253649256  0.32035005973299374
  0.32971025985809788  0.33908724533309514  0.34886673540122937  0.35925568593936841
  0.36995343152646071  0.37994954973548445  0.39079268940067063  0.40152722200977536
  0.41266247349851171  0.42363396680187032  0.43443069945848539  0.44486008296095120
  0.45611607234763690  0.46677563560780122  0.47824293300223480  0.48857982793965676
  0.49966346600012385  0.51077393603667953  0.52234469891122970  0.53395053884021104
  0.54579202206525612  0.55797654184227963  0.56914476474723452  0.58028082781027523
  0.59013416572509758  0.59876445789635913  0.60749715762560486  0.61742434673760471
  0.62786113134417199  0.63927286345883017  0.65047897917783959  0.66119492569469329
  0.67176348823254250  0.68289703130156099  0.69390338734157697  0.70519993669744419
  0.71633483139028198  0.72761524055330273  0.73888490686099773  0.75030107561547577
  0.76138776551540843  0.77218624906479671  0.78244887408662744  0.79260721528847988
  0.80272696540897504  0.81253980260093595  0.82247610292121642  0.83221809717678386
  0.84240934377418164  0.85271320811245632  0.86326029181298525  0.87333134346348062
  0.88365959006824146  0.89347957364814545  0.90435450515882343  0.91578893443900744
  0.92724387319079993  0.93825081748704720  0.94857363838283970  0.95809840501476751
  0.96817484505212525  0.97840352250089957  0.98909167612311677  1.00000000000000000
 -0.00178178255109559  0.00726636143736544  0.01748139850942389  0.02810080140354977
  0.03857728063438425  0.04938785882039727  0.06039336208548864  0.07270501858439324
  0.08447835382334881  0.09628589369606411  0.10777952090025397  0.11808148124791726
  0.12811938597904923  0.13736173102256413  0.14733647553654300  0.15753363915778623
  0.16800859347229735  0.17886215038040745  0.19065575332595575  0.20258906849417146
  0.21428443918447834  0.22476387898967956  0.23503198047438012  0.24554735118664234
  0.25658877972471755  0.26820081755377440  0.27980688517266056  0.29102684672404894
  0.30202934074066495  0.31266084412199763  0.32342983650254176  0.33452844539615373
  0.34565904871441544  0.35655811502971324  0.36685725684765030  0.37661243949730333
  0.38617401067566048  0.39578121698705143  0.40512823880100163  0.41479334110081689
  0.42462909728209230  0.43470827841037402  0.44520267738465757  0.45600080732912807
  0.46656253105955209  0.47685362036472750  0.48683072721966886  0.49626855603925407
  0.50513863443998674  0.51398690571715777  0.52397290212002434  0.53564642432634302
  0.54721948528475972  0.55796575255131231  0.56849108145217775  0.57885720314646472
  0.58892730262593096  0.59877032143472275  0.60875624077454737  0.61855227563560566
  0.62860520890118154  0.63857109859177208  0.64938836545158629  0.66073652170410613
  0.67137491992079357  0.68144723087933601  0.69224824773349880  0.70341921617520098
  0.71471617309868629  0.72554734332433368  0.73676951953692604  0.74868656366939079
  0.75899677466605531  0.76924206710905318  0.77914043190719484  0.78918463028678110
  0.79965839090023794  0.80963513548334198  0.81971400039740638  0.83102339572788297
  0.84179988245452575  0.85289054350789739  0.86392322034509261  0.87492790767080131
  0.88575507423401356  0.89614749752520584  0.90588673968950928  0.91459883160966027
  0.92418620281024833  0.93455213765097622  0.94555165803001151  0.95556914806241278
  0.96607862802797995  0.97774361580966784  0.98942154366650725  1.00000000000000000
 -0.00199614941933377  0.00840503779792643  0.01866937874012569  0.03032224022158628
  0.04173821469956816  0.05325860711327278  0.06395199746975316  0.07462358232064614
  0.08500220177842771  0.09552187893026862  0.10563019708580126  0.11505195776262897
  0.12464048719763732  0.13476706739170000  0.14513158677654092  0.15556837862907166
  0.16562324064250669  0.17558378233108404  0.18558889640718240  0.19604764183281259
  0.20606534029713466  0.21623997534531195  0.22602967917297032  0.23632782374773686
  0.24712969861703177  0.25770435807540237  0.26785483208904354  0.27755804565099390
  0.28796727649093751  0.29879190989316756  0.30910772023896022  0.31870966520393901
  0.32813980324820546  0.33816912850202469  0.34850421073042270  0.35909267149733803
  0.37000041447783744  0.38126683463607342  0.39236682615923651  0.40327361566811987
  0.41402987278025755  0.42405155934436034  0.43424346360332994  0.44394007058677359
  0.45386021982573482  0.46388645160566433  0.47436544767544353  0.48430081338736380
  0.49364276796684337  0.50381924413802837  0.51456605922184373  0.52581853612100171
  0.53720524677750492  0.54868823314316240  0.56001971785499649  0.57071101331593443
  0.58090754129837807  0.59106465621271242  0.60189966407330908  0.61234234873325510
  0.62217259197452679  0.63247842694147494  0.64306159521715545  0.65336576310917660
  0.66332330286977759  0.67352458417433347  0.68390760952458463  0.69400773520058590
  0.70445760663849111  0.71577877704803505  0.72798964092012131  0.74073604955272876
  0.75296267426227992  0.76428682361600819  0.77495392908135619  0.78528444061201608
  0.79534719631108808  0.80563614986882226  0.81609092938294547  0.82665957512784061
  0.83745491915613723  0.84872141024993497  0.85948939890405041  0.86964011170085287
  0.87989782054032306  0.89043995083223781  0.90138596829319684  0.91261646895609572
  0.92373436148444121  0.93540642641193572  0.94694929782697379  0.95864615974602330
  0.96955472474780047  0.97992459352582173  0.98980108644701925  1.00000000000000000
 -0.00254000195711380  0.00958901441306806  0.02189815218429271  0.03210809063245662
  0.04214375331091182  0.05281987769688037  0.06445403986319445  0.07556412513979478
  0.08596265532380108  0.09601259714785887  0.10588476990664554  0.11583838182449259
  0.12663294436715622  0.13762583327073949  0.14780936599791134  0.15798769369210075
  0.16792956502816794  0.17868014185104319  0.18973780996912340  0.20132653311775114
  0.21278600889967214  0.22433575400627251  0.23580116118908170  0.24678615536747761
  0.25692777782296100  0.26675375803568657  0.27669560791122266  0.28677365179017633
  0.29664309743153028  0.30630905835464900  0.31586170454687790  0.32507462025369688
  0.33442645378237557  0.34407623397255799  0.35428947534401756  0.36448287062485385
  0.37570929591368779  0.38551707495634147  0.39579364204461659  0.40597597437194660
  0.41573344506983795  0.42517023225389949  0.43485295577345884  0.44478985401523485
  0.45454324472199437  0.46449117474166368  0.47500387701550978  0.48612551202592208
  0.49751860109990603  0.50886042522299391  0.51978176695556866  0.53043172987849707
  0.54069040601642460  0.55070624628766651  0.56129217162195644  0.57195485611898533
  0.58271490478861998  0.59378720405066598  0.60431446556003154  0.61377529022186728
  0.62255153638615368  0.63161252812317215  0.64123273161967509  0.65165932192755316
  0.66131048306572515  0.67067244533046966  0.68058568764651539  0.69089449303355932
  0.70159636192674124  0.71317833712524092  0.72524271114111705  0.73681493805613552
  0.74816116129998023  0.75969375422025098  0.77181603089287187  0.78298438029207396
  0.79425771621424379  0.80568847415124978  0.81733328713289410  0.82881279244209816
  0.83994165203517335  0.85132511679635803  0.86193300977551301  0.87208207566869034
  0.88197028042620573  0.89274473147012956  0.90351878320193924  0.91473065673458764
  0.92593028105734287  0.93729297733465566  0.94857562416733399  0.95968762925127604
  0.96982451309959650  0.98016104278589966  0.98994881113752198  1.00000000000000000
   7.5459231945472243E-020  -1.0000000000000000     
 F F F F F F F F F F F F F F F F F F F F F F F F F F F F F F F F F F F F F F F F F F F F F F F F F F F F F F F F F F F F F F F F F F F F F F F F F F F F F F F F F F F F F F F F F F F F F F F F F F F F F F F F F F F F F F F F F F F F F F F F F F F F F F F F
  <DiscreteSampler_grid>
  grouped_processes
  1 # 1 for a reference and 2 for a running grid.
  10 # Attribute 'min_bin_probing_points' of the grid.
  1 # Attribute 'grid_mode' of the grid. 1=='default',2=='initialization'
  0.0000000000000000 # Attribute 'small_contrib_threshold' of the grid.
  0.5000000000000000 # Attribute 'damping_power' of the grid.
 # binID   n_entries weight   weight_sqr   abs_weight
    19   10   3.690354298649640E-012   8.800280941824340E-023   3.690354298649640E-012
    22   10   2.135157182540460E-013   1.463786385900230E-025   2.135157182540460E-013
  </DiscreteSampler_grid>
