 -0.00000000974365391  0.00001088011312997  0.00008167335134977  0.00023418338983264
  0.00044877719951991  0.00072720615731337  0.00109006076002201  0.00150368993407168
  0.00197549416824835  0.00250728626395384  0.00307088704499614  0.00365450679072793
  0.00426914628628981  0.00490644894798005  0.00556909956003874  0.00625607150488504
  0.00699622136067807  0.00774882879357337  0.00849000833636448  0.00926256381232336
  0.01004927247003583  0.01085097021022540  0.01168656475588839  0.01254738736812848
  0.01341488553174913  0.01427967573612508  0.01516446782681726  0.01608949445907962
  0.01701977524099186  0.01794109214111741  0.01887381152961017  0.01987415756002214
  0.02089523643724396  0.02188619648310204  0.02289774761159957  0.02391565192243510
  0.02494477525688186  0.02600708699712058  0.02709787021055547  0.02817714537114142
  0.02925673772650338  0.03033618380725088  0.03142696446772454  0.03251186655474247
  0.03361606468024088  0.03476315222690018  0.03594725140526264  0.03712846970784470
  0.03829295085434859  0.03944002776218342  0.04056483340972282  0.04168873471297696
  0.04282128155279830  0.04397487550195610  0.04516872345747975  0.04638695741901368
  0.04773207915853284  0.04903589390161247  0.05033803346505327  0.05166620887044204
  0.05303093379896095  0.05442978213467493  0.05585755028670284  0.05730314514688253
  0.05880089708662822  0.06039039549711539  0.06206837222929062  0.06378756919853124
  0.06549820276996092  0.06716741574893070  0.06886350423420061  0.07055589121812476
  0.07228285122904074  0.07403272094809230  0.07578627441049189  0.07757003575595922
  0.07972402219625065  0.08200112179416512  0.08448089656328847  0.08705003314915878
  0.08962078838088143  0.09221745880346809  0.09489904816131260  0.09765610241688223
  0.10055894894336556  0.10394653263999158  0.10783336211961533  0.11240907004624502
  0.11782756413827239  0.12378555462003979  0.13057208310767088  0.13974105677836487
  0.15582165825225369  0.19012800135522950  0.32033993820566681  1.00000000000000000
  0.00921434654119679  0.01626923321837942  0.02747055448134010  0.04038233229976981
  0.05205111948932255  0.06313784549012419  0.07280544450533767  0.08230552866543098
  0.09162483644717738  0.10102511750745419  0.11100868759676687  0.12058665759991079
  0.13054915454851060  0.14100611683957279  0.15177264322848300  0.16250954077765706
  0.17360089962214520  0.18497706150597140  0.19642793361612770  0.20771828359452160
  0.21865502717811258  0.22944845203443098  0.23973298188732120  0.24980904504713611
  0.25972918291391006  0.26936753644610428  0.27866726329935904  0.28811708742151387
  0.29809837338810102  0.30817880450231927  0.31797867893846321  0.32767928846917876
  0.33788366569178613  0.34866492449636532  0.35966876816477289  0.37086612018366549
  0.38241053717606677  0.39415501431895877  0.40542211838944842  0.41597671747405518
  0.42610171367251953  0.43637605865616974  0.44700338663844846  0.45792097193983855
  0.46856192527339380  0.47931247855801073  0.48997737309548139  0.50051404961748602
  0.51114522648085825  0.52176571231485247  0.53270052122097111  0.54332549433561417
  0.55357029470713659  0.56415269048920391  0.57475050100949365  0.58500575012425293
  0.59450701902957370  0.60412194359698890  0.61472967181771765  0.62605396069825159
  0.63748266357268268  0.64873933587478427  0.65989599304507374  0.67070695236671019
  0.68146638211284627  0.69259331751194364  0.70409674549266921  0.71559824078714385
  0.72650899065567065  0.73646874011210994  0.74609046093649012  0.75592160697545407
  0.76575054013774591  0.77546795173815508  0.78492901295285744  0.79480794168968694
  0.80519307100510973  0.81502752455273542  0.82433671333875969  0.83390031257832586
  0.84377508906837184  0.85365304665823871  0.86287294833795547  0.87187267061906260
  0.88129901349173900  0.89151259510095482  0.90164978463481049  0.91159665686805791
  0.92163381935887934  0.93197429665587062  0.94239882594769719  0.95296321941216233
  0.96368785345541774  0.97513257369838258  0.98714545565024070  1.00000000000000000
 -0.00001990277419061  0.00024412112749459  0.00069467747700332  0.00144665269001619
  0.00242765392860705  0.00363383892631546  0.00497126302903250  0.00659397870904405
  0.00879184669707229  0.01114394685358418  0.01347408679242009  0.01621379046482531
  0.01919031215289043  0.02215107862981826  0.02520929136985628  0.02836454473931502
  0.03166402671850142  0.03515657620107937  0.03884665130083403  0.04264650903315494
  0.04649978919553906  0.05050249943061848  0.05475027689583714  0.05923967507132796
  0.06386637005177326  0.06858696362682561  0.07347709135940694  0.07859901457541446
  0.08389113827481350  0.08930990957183287  0.09479993173740646  0.10032628891499751
  0.10599811189777386  0.11190131421585829  0.11805275590555220  0.12440396881266574
  0.13092823721659999  0.13718325820383651  0.14358025419376788  0.14986135939538084
  0.15628124462357643  0.16274054135131358  0.16916922385461053  0.17566811033174309
  0.18232307622417038  0.18920864719148847  0.19630296559589452  0.20359834086235512
  0.21111309219012092  0.21861555259851956  0.22617423870891443  0.23526473545243681
  0.24415688991110973  0.25311731586150116  0.26241386665503486  0.27192266482496535
  0.28163487430962508  0.29174510095694850  0.30185891928659592  0.31135567797829106
  0.32077077181563773  0.33010178498385273  0.33943555861645491  0.34931022422086266
  0.35966724184555254  0.36985638697220757  0.37999798876663643  0.39026977454516693
  0.40067634432019178  0.41106450015454438  0.42171691290963764  0.43297439783615066
  0.44486298259278845  0.45646808055036647  0.46838030757942822  0.48053680185080233
  0.49287497732649316  0.50534233014059238  0.51782864358805480  0.53018178821328732
  0.54281361647907167  0.55485275771345688  0.56705442649525128  0.57950215262208760
  0.59175231522750660  0.60315288762055053  0.61472132532182777  0.62681304359462930
  0.63888752949021821  0.65060715511814327  0.66177377510930657  0.67242053851063055
  0.68281004534141065  0.69305105777053444  0.70137710736027248  1.00000000000000000
 -0.00252937439426646  0.00920559243849198  0.01961249819476891  0.02891615551604992
  0.03870808367234468  0.04859440645720695  0.05811505886714616  0.06736634782768099
  0.07613592900647463  0.08490668436999266  0.09381383232734834  0.10299236357527458
  0.11206677238348492  0.12087068192975707  0.12982174944567351  0.13888594281161959
  0.14832091244521792  0.15842057500349169  0.16875792063652520  0.17952693895020685
  0.19035258581132794  0.20070792185059963  0.21131502185771406  0.22234625134498340
  0.23364921553446663  0.24490959512613752  0.25654573464999092  0.26830817658120537
  0.27949654892996340  0.29054854909202182  0.30164986070175187  0.31295551854398063
  0.32420630018434848  0.33565314807617058  0.34708255948110411  0.35878402941864751
  0.37062153850414836  0.38233129483505401  0.39398720121419040  0.40550592276629704
  0.41727765653535825  0.42795040981663540  0.43899524351538022  0.45008273245080216
  0.46076966837223199  0.47117919562198773  0.48146804885615480  0.49234972300380914
  0.50263081804819199  0.51366093027716686  0.52489501121388260  0.53686297030672314
  0.54817395657493106  0.55931156733984344  0.57006637982666819  0.58012819382813929
  0.59094662279372856  0.60207492358639303  0.61362836416022837  0.62474917540466379
  0.63555101985686679  0.64631485915010833  0.65735362232885519  0.66850279852020633
  0.67950119567647638  0.69028328227355007  0.70071600450729632  0.71104719623277901
  0.72053522558298777  0.73000952218737936  0.73914941088392427  0.74798670593017480
  0.75715102279354152  0.76683575087617317  0.77780190719162801  0.78996241524147337
  0.80078169342205785  0.81108506012261039  0.82184432106352256  0.83284743953512597
  0.84376446860738297  0.85459373629212076  0.86659521796652761  0.87786841835663543
  0.88813536040358965  0.89825554560603482  0.90811879104318038  0.91770977831685019
  0.92748818365916419  0.93728642533101414  0.94781492661984890  0.95853477879683557
  0.96932038565468082  0.98003482563452937  0.98999886185077557  1.00000000000000000
 -0.00212517793875794  0.01017562494712566  0.02050255160380530  0.03096147693334846
  0.04136150786484200  0.05215750011572758  0.06328318207795304  0.07537773284142291
  0.08707194228548158  0.09800825348377781  0.10907189374544626  0.12006739371804545
  0.13086148398496336  0.14141507961096797  0.15271116488711942  0.16419711002498269
  0.17491416154086886  0.18531352679724750  0.19559481972262960  0.20521526662456202
  0.21484415535975382  0.22443773457460334  0.23488028309777154  0.24593613222292440
  0.25616482024735082  0.26603429903940740  0.27583758312638001  0.28542942317752557
  0.29469550357502372  0.30361059946052887  0.31277817781880463  0.32257364524445886
  0.33318238830309094  0.34472860539550282  0.35649564057582450  0.36677943512000050
  0.37664201017219956  0.38632508611399763  0.39629173488926311  0.40597868166905399
  0.41524508151460332  0.42491846862763288  0.43507835398559291  0.44572316200870282
  0.45651255676718094  0.46705036068770478  0.47757282490649078  0.48803422167089339
  0.49828016683086623  0.50795402945191259  0.51748568119891625  0.52757965187818956
  0.53800332551729479  0.54807566522349493  0.55778617013689180  0.56793704748664553
  0.57908759083358086  0.59057999623390811  0.60206417171928672  0.61316735360972485
  0.62400296691979917  0.63506044699346986  0.64649524560175398  0.65820813200391326
  0.66964105076534508  0.68079013247872944  0.69189410863903933  0.70288558070462404
  0.71394248991575349  0.72486028931305480  0.73585054825585894  0.74701880960084310
  0.75872537461277467  0.77031342589905061  0.78100114543114740  0.79114303629005034
  0.80087489249036792  0.81058263839715050  0.82054902754674619  0.83085770343437715
  0.84130311154205695  0.85180947096224202  0.86199017400850553  0.87199846267065928
  0.88190738819946246  0.89185897058568797  0.90197303696439979  0.91246642473333794
  0.92315819440325209  0.93373016867979242  0.94419409087572481  0.95435077116236366
  0.96461868020868713  0.97519817616368454  0.98654792083659559  1.00000000000000000
 -0.00326289483008989  0.01052960183701218  0.02332086529065235  0.03575930093226418
  0.04799142387477036  0.06024681989820974  0.07266362236771742  0.08490866503211203
  0.09656056843539639  0.10784742964211884  0.11919205213575555  0.13049823757823761
  0.14161662172667069  0.15271243860678468  0.16360135775859344  0.17437587384151468
  0.18512470495639261  0.19598176801563463  0.20657509115619599  0.21757339340600954
  0.22797022297533306  0.23879773275214908  0.24972239239420030  0.26091510674163587
  0.27189587686922495  0.28201177676490569  0.29201763781702533  0.30224162938918836
  0.31260709310076074  0.32335698468588103  0.33408486774968754  0.34422618038186092
  0.35404172971535558  0.36338879821163866  0.37280139154937797  0.38166146951307750
  0.39009103953649293  0.39822537683987796  0.40654502127014708  0.41496971022761292
  0.42367965110849881  0.43268761907032793  0.44207525174266393  0.45163819796160337
  0.46104904961387427  0.47044688245330923  0.48001813356232576  0.48976105015272697
  0.49996798783444490  0.51134368664310959  0.52227019410208897  0.53223738592108261
  0.54212608831562747  0.55228189671141759  0.56247231245938789  0.57209842033718461
  0.58179705685993011  0.59220300493638867  0.60295000243455277  0.61337526648163654
  0.62377126705495534  0.63472874286153569  0.64617182909982218  0.65750038258819909
  0.66879624862766118  0.67971390415793498  0.69022374942620257  0.69986735920438659
  0.70986283626719093  0.72020212210348389  0.73072553106544191  0.74059294460922309
  0.75077941379904212  0.76308936583520559  0.77513508490133720  0.78659610856108575
  0.79793382468120466  0.80894720275579513  0.81893372690758948  0.82861360962652975
  0.83883269370626568  0.84943339278749685  0.85984151988354562  0.87010495016284051
  0.88142400914271302  0.89315289467994863  0.90496599989895976  0.91643739772093114
  0.92759219424583961  0.93818044461222305  0.94840499661339983  0.95880418510048226
  0.96922844098183802  0.97953239215983645  0.98969115154419718  1.00000000000000000
 -0.00231630301877874  0.00914427935723070  0.01834557281321699  0.02869183395900604
  0.03969829864451546  0.05005149832706707  0.06049692707250892  0.07065747957636992
  0.08138793874629285  0.09059733811943291  0.09975215831405425  0.10919513990119614
  0.11878029682425545  0.12826453341914401  0.13771095051426069  0.14759640849103539
  0.15843162825304979  0.16920963882382925  0.17943032562279182  0.18921724176671073
  0.19860591031898531  0.20812208541408364  0.21772932685852253  0.22741367909179364
  0.23728169545383221  0.24732179142590677  0.25754644768114004  0.26822720746399908
  0.27948575770366818  0.29138276576262845  0.30356900298019446  0.31516932597618236
  0.32574118847067624  0.33593075286352569  0.34639067532341494  0.35643682424156981
  0.36568788906117067  0.37472857387948721  0.38392068004169272  0.39339936223418215
  0.40307160038201639  0.41256576575832432  0.42229846306240881  0.43219429786132901
  0.44248341300550470  0.45280503181934717  0.46365838052991931  0.47468727845324554
  0.48594063464116938  0.49699464704012031  0.50911068716609831  0.52161115390253376
  0.53394271931980597  0.54610900581592892  0.55829949612482554  0.57066876186376880
  0.58306711968237790  0.59523630975973973  0.60691610822225206  0.61816749728991316
  0.62866663358273844  0.63866986018896066  0.64830012602257414  0.65824618674337476
  0.66866571457820800  0.67917071358956005  0.68975909195695695  0.70046936080342947
  0.71178290799004462  0.72348969983890876  0.73459603267122242  0.74523725358511195
  0.75616517530718708  0.76746334187910215  0.77873577494889445  0.79000297534089448
  0.80159389404143111  0.81311927465140632  0.82450855287505542  0.83513806279988134
  0.84502370145903116  0.85484684290033319  0.86523252975892750  0.87586617358866992
  0.88672966048782786  0.89788542093346491  0.90956637255527983  0.92130909525713378
  0.93262389610019691  0.94298075931798098  0.95263549680998627  0.96234809756166895
  0.97202607955034093  0.98139365217256114  0.99051501682565446  1.00000000000000000
 -0.00268941172712065  0.00995698032431175  0.02118068150689980  0.03207537476886965
  0.04277926046661960  0.05260771436501023  0.06229500530326878  0.07222843394304775
  0.08228242499080293  0.09244632146958009  0.10210401812802136  0.11178398416055628
  0.12167635878943055  0.13183397607039934  0.14233692908853854  0.15283004247193899
  0.16357666037620922  0.17485803659468382  0.18658672590599082  0.19782064061689811
  0.20863882915284079  0.21860855370767238  0.22852985129388059  0.23878707004329541
  0.24876229907805242  0.25857573465716527  0.26827520346488670  0.27829605247465311
  0.28862288843908712  0.29912901673486098  0.30958746000746462  0.31938905200721268
  0.32873384846842169  0.33857161937284641  0.34900853752218408  0.35878800557472618
  0.36839542168362283  0.37865501387045974  0.38953834670930032  0.40001317450141549
  0.41008039184982858  0.42019263246640587  0.43098975406341250  0.44157128663552792
  0.45248212002971361  0.46326088801074072  0.47419102774202138  0.48535174995545599
  0.49671534213318774  0.50837012751040755  0.52006927886112764  0.53197781666034627
  0.54329725771641380  0.55421792354141397  0.56522131509215823  0.57694149158604402
  0.58838601168679106  0.59933058619403301  0.61001865030884461  0.62045474194636574
  0.63035044390688766  0.64003009374778219  0.65017482726521003  0.66075184350126370
  0.67136245821229068  0.68152642445262479  0.69216191917998726  0.70328297534914075
  0.71353301666254798  0.72339492364832403  0.73336767194853791  0.74330317357758668
  0.75330859352124768  0.76344401650907401  0.77403302088196391  0.78623323680711998
  0.79800554214099106  0.80972109616766885  0.82096010254213114  0.83163948263188092
  0.84172069485241641  0.85189268263096307  0.86206283881269519  0.87226895846494923
  0.88158663979623686  0.89140233587178619  0.90107872270135514  0.91119709348244271
  0.92141585508731250  0.93192774042695548  0.94222770178309878  0.95326982601155597
  0.96465103686105635  0.97683478161237802  0.98846640082372683  1.00000000000000000
   4.3961308603504323E-015  -1.0000000000000000     
 F F F F F F F F F F F F F F F F F F F F F F F F F F F F F F F F F F F F F F F F F F F F F F F F F F F F F F F F F F F F F F F F F F F F F F F F F F F F F F F F F F F F F F F F F F F F F F F F F F F F F F F F F F F F F F F F F F F F F F F F F F F F F F F F
  <DiscreteSampler_grid>
  grouped_processes
  1 # 1 for a reference and 2 for a running grid.
  10 # Attribute 'min_bin_probing_points' of the grid.
  1 # Attribute 'grid_mode' of the grid. 1=='default',2=='initialization'
  0.0000000000000000 # Attribute 'small_contrib_threshold' of the grid.
  0.5000000000000000 # Attribute 'damping_power' of the grid.
 # binID   n_entries weight   weight_sqr   abs_weight
    19   10   3.338309389815634E-010   2.333681708298160E-019   3.338309389815634E-010
    37   10   1.925714156899328E-010   9.149671187224279E-020   1.925714156899328E-010
  </DiscreteSampler_grid>
