 -0.00000000915323510  0.00000992851239460  0.00007381008825817  0.00021154278807154
  0.00043148992779562  0.00074340829476977  0.00111561291722216  0.00152679306536807
  0.00198034622821972  0.00246402425863022  0.00298660582320613  0.00353631843466427
  0.00415316950701606  0.00480345433922704  0.00550893848346569  0.00625246211752922
  0.00704837284819231  0.00790341502762977  0.00878030565385558  0.00968255197536484
  0.01057098899616366  0.01141839513620903  0.01222682347160548  0.01303989598083989
  0.01383908382112575  0.01465415612963803  0.01552312125614688  0.01643174332514729
  0.01736193321950671  0.01828310594458497  0.01921095569370159  0.02017330782318886
  0.02113714504478737  0.02209061776661173  0.02302698360496364  0.02395036403534123
  0.02486067740082048  0.02579008752269681  0.02680034276166331  0.02789822969164062
  0.02897108511198268  0.03004510924234449  0.03111978326141886  0.03219635975184293
  0.03329651891900697  0.03443449405923107  0.03563120861126109  0.03690508206654949
  0.03814947451562400  0.03937702454318932  0.04055949060548711  0.04172838680318833
  0.04289577761790854  0.04407382027147232  0.04530092383831184  0.04667926192870368
  0.04811935350409249  0.04953856453233280  0.05097296724121070  0.05243675904932357
  0.05389341213014662  0.05540127616912652  0.05687838342340466  0.05832956900121496
  0.05978850581562115  0.06130865097745549  0.06285976169849095  0.06441174472078905
  0.06601082405284239  0.06767062819025380  0.06935671889894095  0.07103981477546641
  0.07275929742029401  0.07452694484484541  0.07634713974801707  0.07815403235213175
  0.08022722925739215  0.08255376056609284  0.08497355323149851  0.08737208123436414
  0.08990779179828774  0.09256861405749056  0.09542075584629653  0.09848151679276797
  0.10166287958004819  0.10526358267000643  0.10960520662678083  0.11434797258590164
  0.11955580697198369  0.12537107713066220  0.13190028427541692  0.13976833484052709
  0.15793330084532042  0.19029050267875203  0.32073066622978513  1.00000000000000000
  0.00952568492100834  0.01565163272925018  0.02454076514114908  0.03523993503489764
  0.04546704588441246  0.05575165498701156  0.06656755172929185  0.07773483742342621
  0.08853882110977004  0.09903679428290275  0.10952619363500364  0.11999659613104981
  0.13046338360533180  0.14139759052414239  0.15251438837216075  0.16497995084230105
  0.17457080684357848  0.18436987968991134  0.19422947473718918  0.20375211186801176
  0.21297631992213817  0.22155304619337701  0.23059201984680000  0.23997321889092899
  0.24959770478650095  0.25948136861261006  0.26958185610618568  0.27970163052406227
  0.28965975549410850  0.29966030906097851  0.30988373555209231  0.31999313808029251
  0.32987268039314349  0.34031642865953959  0.35057811523009202  0.36056876944156691
  0.37043142926175660  0.38044297954723238  0.39082311438243889  0.40093912184103497
  0.41116109100047243  0.42150200741767985  0.43243554397346368  0.44402103032766743
  0.45580764463195983  0.46713707606084720  0.47831981755513370  0.48998937132579151
  0.50088756999103068  0.51033043263271971  0.51942612930148657  0.52852000031059865
  0.53745937226856066  0.54623156568895970  0.55516526392149479  0.56461603330002019
  0.57666711046548447  0.58853640306714117  0.60000351821673470  0.61132720566043319
  0.62268362505659391  0.63374494406630510  0.64456694826199534  0.65562242545340554
  0.66681396003611071  0.67836236081979950  0.69034034157907143  0.70298778631856573
  0.71574320448189632  0.72807691110016737  0.73992152470854577  0.75151926851114559
  0.76227834905437164  0.77359223594756199  0.78566481612660655  0.79758095680496222
  0.80846889211335904  0.81940501414020039  0.83015526193460221  0.84038227091001905
  0.85068544475406183  0.86094902513069194  0.87110530248556195  0.88213217884813233
  0.89310563668255516  0.90502849437303667  0.91642108507467190  0.92652887418400587
  0.93627337774212760  0.94592626819593473  0.95558267208488235  0.96564923588358753
  0.97583986283541724  0.98473334936356449  0.99085546114466394  1.00000000000000000
 -0.00001976323405962  0.00024297673967812  0.00068724182168664  0.00139544439958934
  0.00233754546052746  0.00351434738109236  0.00499991417961355  0.00666391819650781
  0.00865220852186984  0.01085872802897325  0.01323395831642980  0.01586176501680945
  0.01865829219328843  0.02170736149665636  0.02472797430517407  0.02781426408676840
  0.03114782511316223  0.03482291859721624  0.03848097261686004  0.04212486625740752
  0.04589621428992862  0.04985702333805276  0.05434505066219968  0.05931238671363594
  0.06452115306747716  0.06976012843516209  0.07483428839252687  0.07975433611189353
  0.08466149020890135  0.08962487439597436  0.09470353677399994  0.09993002998588857
  0.10523133945343352  0.11087347480426669  0.11673485352697562  0.12258664377941587
  0.12844329696654200  0.13424481219224230  0.13996407516480924  0.14571341991309164
  0.15159126259053576  0.15774925774126733  0.16433904311355826  0.17119543750602892
  0.17829489697178888  0.18591720918493668  0.19452925675279326  0.20339116038717009
  0.21232320575198099  0.22123907852880320  0.23000625126743748  0.23872717756060013
  0.24763917889078607  0.25601373913419279  0.26441640076642170  0.27302956419587893
  0.28193222489845848  0.29116516807303339  0.30056708895403783  0.30986325221274363
  0.31942792125288499  0.32930092112174886  0.33879570942222131  0.34864711768738438
  0.35863683283256825  0.36845878224567163  0.37828610470778423  0.38832818337984537
  0.39859103480158314  0.40896443932761001  0.41930868175782687  0.43032027635004899
  0.44157081892445754  0.45268975818444518  0.46316531882040524  0.47432908953880698
  0.48678030718069498  0.49900029051536393  0.51125169217113176  0.52406276419800091
  0.53710784449255367  0.55013487514600379  0.56316119151207567  0.57545384118933973
  0.58781722842553008  0.60016142094608571  0.61261474578760167  0.62550700762401035
  0.63853903589922067  0.65142670864575869  0.66376279900014712  0.67582190735936243
  0.68819590701295053  0.69907733170298969  0.70000466848412646  1.00000000000000000
 -0.00366449200834462  0.01167204458490073  0.02627934354838716  0.03939665958653111
  0.05112000257460584  0.06220991839649227  0.07321409816054494  0.08370701331270174
  0.09337201860746223  0.10305690601363122  0.11363413941407023  0.12456379791248737
  0.13479784836218056  0.14462339938973820  0.15434792007588127  0.16398665819559652
  0.17372375147132552  0.18379093594039683  0.19420653320035161  0.20482006388058932
  0.21569643582843928  0.22729248814418865  0.23857647654767358  0.24934468429248063
  0.25979064713402228  0.27013484100339391  0.28048543284927641  0.29109675269457130
  0.30372575960186959  0.31670610894986839  0.32922166475901532  0.34091402844008467
  0.35235234527403897  0.36403970286776111  0.37580360420805115  0.38728068585935072
  0.39846683334406424  0.40928313850897380  0.42021520976024040  0.43060809820240076
  0.44147909472948466  0.45259057912114359  0.46384791730890751  0.47471262380442220
  0.48449322183794563  0.49351337580702381  0.50289863024578840  0.51153612379495883
  0.52011926781004036  0.52871785867870569  0.53751933101764937  0.54674024244162311
  0.55653471196416548  0.56684139197593020  0.57707791300122990  0.58738710792728333
  0.59731758683607117  0.60737418109227015  0.61752593156981439  0.62836564734821077
  0.64002816989196720  0.65219489602430492  0.66426719892035369  0.67553404232820446
  0.68604929627626754  0.69586723616290636  0.70525349830722717  0.71467050395088150
  0.72387740853189508  0.73308516910909072  0.74211470757405595  0.75136318436743499
  0.76150310134269428  0.77178896117641926  0.78206375559872499  0.79208827294908246
  0.80223785793814550  0.81216884428537439  0.82275735015980334  0.83337710154738454
  0.84410965796285919  0.85469267746738986  0.86502813732206996  0.87562198560722870
  0.88532993205250710  0.89526620025063197  0.90514095356097435  0.91473284615666894
  0.92474388271771146  0.93532729447930152  0.94662338811813984  0.95756866323613166
  0.96855273373145967  0.97936085496900271  0.98970300185406856  1.00000000000000000
 -0.00267195714702696  0.00965960551106166  0.02051703369375672  0.03143923173252756
  0.04229754761477066  0.05276486950474078  0.06259516749278146  0.07191040666748517
  0.08101940067826516  0.09016936078954620  0.09945951735117692  0.10916959762826015
  0.11870657901664156  0.12778627832637621  0.13679332315277121  0.14606087636039533
  0.15548017386884810  0.16475980552248642  0.17427740468881606  0.18406745685142359
  0.19421589970897574  0.20499678235664145  0.21656793835997823  0.22817725002965988
  0.23873668003561602  0.24854226984159086  0.25877112587510515  0.26892377693439551
  0.27861597633668789  0.28824005212759424  0.29880220185997530  0.30980215442317371
  0.32032220683111412  0.33049629981482376  0.34106243060636487  0.35178545616531198
  0.36179367612147828  0.37142162950616675  0.38111235208527128  0.39038261260538648
  0.39907456008753095  0.40738288214869395  0.41600337471437454  0.42572434693374672
  0.43572758902128239  0.44651671551791261  0.45776179529921451  0.46897364127738617
  0.48024150221823120  0.49156479888529647  0.50267670923002084  0.51322123187166702
  0.52373386596707894  0.53443267604178935  0.54516986679333246  0.55572447344186804
  0.56601696826181014  0.57629053468133640  0.58655972573656201  0.59709210223499920
  0.60771455047977530  0.61893766832647457  0.63171202219613465  0.64470480882169601
  0.65701613119159374  0.66978216608219776  0.68288744462875406  0.69547958432076240
  0.70719112894635372  0.71805490467231325  0.72871182407839108  0.73961844981237823
  0.75048790102015595  0.76111981602521439  0.77150414062618466  0.78234375752075203
  0.79395117732949994  0.80598495049915786  0.81817907902525810  0.83019501962317910
  0.84155894444872492  0.85234277169281580  0.86312766798109142  0.87393795558236753
  0.88395469526432258  0.89388934036884959  0.90368279914287242  0.91385053307839337
  0.92397694723000334  0.93415116499715511  0.94436449909654985  0.95508969462788607
  0.96572599925803737  0.97662152928977208  0.98810049525658217  1.00000000000000000
 -0.00271687376406574  0.01004144334733628  0.02086752012575464  0.03187195603642669
  0.04280136249092602  0.05283521388007002  0.06299742428005743  0.07242387679041841
  0.08155202952614414  0.09092522433599010  0.10070757786880305  0.11180618472300154
  0.12249975376054528  0.13444190133078734  0.14576700620960797  0.15587464267904186
  0.16584204380540502  0.17502184633600895  0.18443266199232194  0.19371798276096747
  0.20281605480474574  0.21232967469810526  0.22322298128059448  0.23368584250207478
  0.24362364108900678  0.25344238405081299  0.26325841546719836  0.27300038645715807
  0.28298007579665230  0.29351639020578679  0.30442469074347883  0.31491618347245248
  0.32522045698031460  0.33542583526089514  0.34508794705088525  0.35467912965613080
  0.36437568322142627  0.37443218299402942  0.38498892233855292  0.39573675091147809
  0.40666363532167160  0.41797001658003702  0.43045810746585722  0.44314638603524892
  0.45578917818749382  0.46860047656774861  0.48099797373324388  0.49340255292563973
  0.50443982355805950  0.51514213701057909  0.52562093493450179  0.53596585285222587
  0.54645485902157720  0.55685578049083362  0.56789392353895196  0.57878181240548854
  0.58933331632066466  0.59965460103822399  0.61038303472838362  0.62083717949386508
  0.63070051707212926  0.64036178404134902  0.65099451691086940  0.66216589019709982
  0.67322297172505829  0.68427456359469929  0.69578445729436467  0.70730014609615999
  0.71862130958289683  0.73011795674324387  0.74200601911798680  0.75384855456640187
  0.76435687065164426  0.77462405084611541  0.78504595504677055  0.79480185116629321
  0.80344026946555136  0.81259445693862209  0.82249949148548440  0.83262867144267061
  0.84203606228825745  0.85126008256883612  0.86113481864779218  0.87135229835400052
  0.88137829709376658  0.89090067409951734  0.90186882743765662  0.91332184232267843
  0.92411439695787190  0.93439067188446290  0.94479790935404595  0.95574892764857600
  0.96681270757614401  0.97785684858217414  0.98887925065410653  1.00000000000000000
 -0.00157796680868479  0.00706733351682633  0.01507854174465737  0.02366191226291559
  0.03251703448492435  0.04168682023676967  0.05191299069332120  0.06289263907692207
  0.07452508407782617  0.08672952619556330  0.09858764855603208  0.11069806864464898
  0.12259346313424649  0.13397383273489327  0.14434348054419277  0.15417010133445708
  0.16392641043318310  0.17409622946312012  0.18427297514504307  0.19479397639291493
  0.20554234721271572  0.21645897300131597  0.22768025903669364  0.23879417963586969
  0.24942329192794133  0.25924929880389791  0.26895996949374168  0.27942158049834365
  0.29028733419294661  0.30111251550241686  0.31209864185477082  0.32352478945790597
  0.33485236566499438  0.34538041644522754  0.35538987511594983  0.36529006798895425
  0.37521354921379235  0.38546342003187495  0.39640894877539617  0.40813034372640056
  0.42031443784588957  0.43306322273491238  0.44524873517823776  0.45730714338744199
  0.46944752492399489  0.48118037279368298  0.49144601300907476  0.50168796718486708
  0.51258307041358475  0.52341511595534496  0.53350753722060007  0.54312041539445122
  0.55255356443678216  0.56216375416442532  0.57210107132170618  0.58216589578289968
  0.59260991425029375  0.60373548475908678  0.61526887089777438  0.62690932249518383
  0.63898435097537831  0.65043307361120029  0.66185062702791053  0.67289740273953802
  0.68366414796590802  0.69418151120035543  0.70439978328375996  0.71474385499639981
  0.72517357114856984  0.73484476354004014  0.74427598428831787  0.75445242654704936
  0.76481679279641357  0.77469241561875368  0.78404455733856404  0.79398824917933863
  0.80465022060388858  0.81531060172769931  0.82578317238110588  0.83670926249304844
  0.84754850422980987  0.85752823979962334  0.86673779181694122  0.87610005786500722
  0.88573248319071551  0.89521675032448700  0.90438620060186459  0.91379559265671340
  0.92440827365417688  0.93520239249460846  0.94537792638826901  0.95502629208198586
  0.96572506472125685  0.97742950245513094  0.98869931584549564  1.00000000000000000
 -0.00193531118274430  0.00833988735535774  0.01740773603759829  0.02732133608389479
  0.03769985070565083  0.04769932379127516  0.05798183534026140  0.06852558136674626
  0.07886237631424001  0.08864858390451361  0.09848229672335565  0.10936670981022435
  0.12097507805842914  0.13249314798198478  0.14363721957106590  0.15459761083642415
  0.16557736774366322  0.17631041702794015  0.18685775825946055  0.19785180821183820
  0.20870579530622632  0.21880108889918112  0.22906050158128083  0.23973419130741142
  0.25081666494660415  0.26185726571449952  0.27330875456463916  0.28554879547082401
  0.29748484249912266  0.30932483869582439  0.32113359064152097  0.33227909571477993
  0.34290881631025921  0.35348238579716595  0.36413932298401075  0.37489130858208553
  0.38562721890488433  0.39584746263458892  0.40536002675763588  0.41485263429500541
  0.42478010316745501  0.43465385286928321  0.44421512197805890  0.45346495870331932
  0.46363658035396099  0.47442051379222944  0.48535518742831757  0.49635051463845836
  0.50806524655448337  0.51979842494117534  0.53132523936684162  0.54185659502956041
  0.55138408401120420  0.56069004452507232  0.56988894359622688  0.57875223335375947
  0.58775049350915176  0.59677216037895076  0.60696977569452126  0.61874967715200424
  0.62932842038437176  0.63847802347380256  0.64753658948476978  0.65663356584508858
  0.66576396577689445  0.67503567787340379  0.68421148923270492  0.69372824779920050
  0.70339713072882326  0.71296811306468488  0.72240394411793118  0.73217543742083835
  0.74240708687720003  0.75310452311131704  0.76465211962657376  0.77664454116423987
  0.78855242361711675  0.79955718275263421  0.80973560626231000  0.81968640318593966
  0.82964711717220119  0.83957303785251203  0.84955921391414091  0.86024653100464854
  0.87150909043158742  0.88300632181663175  0.89429314129643278  0.90634000746319854
  0.91795427750370362  0.92819446989239518  0.93826838991095329  0.94938896654972760
  0.96092966242004330  0.97207959406223832  0.98359910875769496  1.00000000000000000
   3.3560814180397790E-016  -1.0000000000000000     
 F F F F F F F F F F F F F F F F F F F F F F F F F F F F F F F F F F F F F F F F F F F F F F F F F F F F F F F F F F F F F F F F F F F F F F F F F F F F F F F F F F F F F F F F F F F F F F F F F F F F F F F F F F F F F F F F F F F F F F F F F F F F F F F F
  <DiscreteSampler_grid>
  grouped_processes
  1 # 1 for a reference and 2 for a running grid.
  10 # Attribute 'min_bin_probing_points' of the grid.
  1 # Attribute 'grid_mode' of the grid. 1=='default',2=='initialization'
  0.0000000000000000 # Attribute 'small_contrib_threshold' of the grid.
  0.5000000000000000 # Attribute 'damping_power' of the grid.
 # binID   n_entries weight   weight_sqr   abs_weight
    25   10   5.367355561915920E-013   5.203396607701529E-025   5.367355561915920E-013
    43   10   5.648153685260214E-013   6.332280012468398E-025   5.648153685260214E-013
  </DiscreteSampler_grid>
