 -0.00000280149180605  0.00003809200673326  0.00011209681083602  0.00020485880913125
  0.00030770502830939  0.00041789521762265  0.00052856202138731  0.00064490188902024
  0.00076980688599964  0.00090040399922630  0.00104041561166398  0.00119040390016393
  0.00133629634446922  0.00148431026459360  0.00163333008874724  0.00178487453888865
  0.00193566848950625  0.00208111029026727  0.00222684716330415  0.00237486211744217
  0.00252544776577442  0.00268081069166364  0.00284259361102080  0.00300823842082865
  0.00317412551433744  0.00333529770684437  0.00349615853403586  0.00365658470559238
  0.00382338814681987  0.00399451463396992  0.00416905565089516  0.00434855796455138
  0.00452512283786454  0.00469739130922060  0.00486531335012643  0.00503566338849537
  0.00520786538623078  0.00538010671509812  0.00555553526113874  0.00573770856314160
  0.00592308558421743  0.00610661902074138  0.00628775993370317  0.00646559858757677
  0.00664162445723543  0.00681587399143801  0.00699162847011649  0.00717261321486396
  0.00735415833072694  0.00753264912906437  0.00770351961610862  0.00787142731889441
  0.00803617431778931  0.00819864848853613  0.00836093543192072  0.00852291772268801
  0.00869165124242170  0.00886087661681814  0.00902723895566007  0.00918836482479312
  0.00934351072546294  0.00949812682528425  0.00965474874730326  0.00980829286877384
  0.00995960954143791  0.01010511205720519  0.01024472932196818  0.01038430025191210
  0.01050407487868916  0.01059926141812533  0.01069369207961575  0.01078658452266382
  0.01087678406553452  0.01097327983832187  0.01111090148266118  0.01125269637554453
  0.01140426427967046  0.01156341774344609  0.01172273262967696  0.01188359208737774
  0.01205127297029465  0.01223212265285366  0.01243030507467888  0.01264728501378498
  0.01288992640206419  0.01317666296093015  0.01354541846865600  0.01434486047602254
  0.01609772801124965  0.01774700120594896  0.01904915854290068  0.02068266660734615
  0.02294673132438924  0.02807499152163356  0.05261384054765304  1.00000000000000000
  0.00928898344299188  0.01685244304557883  0.02735026766995117  0.03825405093319311
  0.04967484968811529  0.06082206630106317  0.07143565199522825  0.08184812460042218
  0.09330873902356375  0.10479917964031792  0.11625173671129480  0.12761194919618737
  0.13877541312614616  0.14983322819872208  0.15727201378016928  0.16398029706491732
  0.17085156939909038  0.17774389457250117  0.18614668917656921  0.19742833855062436
  0.20915184979359935  0.22112840944856710  0.23239790804214977  0.24281206461414814
  0.25297717038666229  0.26302100349030033  0.27326847694044187  0.28358811277468987
  0.29454443348306447  0.30610457608626318  0.31753016665900269  0.32851637223501268
  0.33933076355082487  0.35022902091922709  0.36094843766952328  0.37057886764450243
  0.37975430229036400  0.38919134509316872  0.39911402030876564  0.40929314075027767
  0.41942992674705443  0.42909318890465770  0.43832875299544455  0.44730064023196503
  0.45660177566472526  0.46617872826719609  0.47589700933790469  0.48640775005951814
  0.49786829993518733  0.50931956617594665  0.52045198068890164  0.53124108133175074
  0.54178355959890967  0.55234385602302294  0.56283584414648513  0.57318517554906667
  0.58342278328302211  0.59384397897919894  0.60447140752687645  0.61493839357166336
  0.62549460157602199  0.63643976977378858  0.64780885983402758  0.65920750141393503
  0.67051147384270160  0.68145896154305596  0.69203544714211263  0.70247248419562802
  0.71328283439237039  0.72425563376246527  0.73504403329410872  0.74554216304002763
  0.75610176475822599  0.76698872286119868  0.77854489689824813  0.79016361811181401
  0.80144713308566917  0.81245463107180682  0.82313300491459751  0.83373464366552741
  0.84407062892370455  0.85453440049985363  0.86545532927857405  0.87670828994730421
  0.88769279708300441  0.89834632593039032  0.90910732869740352  0.92006238971313237
  0.93126749433089973  0.94203198143916334  0.95238838825033434  0.96242970446360954
  0.97227906537102748  0.98290228941458802  0.99111583359150757  1.00000000000000000
 -0.00176136327716782  0.00675661111052359  0.01467126925518470  0.02295832059615411
  0.03170602860244359  0.04044307089489189  0.04972355093939252  0.05898811364289327
  0.06839770201683421  0.07755851263289583  0.08625901550456112  0.09453161869518854
  0.10269638018643926  0.11082826868002629  0.11915191022884915  0.12723106069380391
  0.13531873748168299  0.14321789098009557  0.15106410047993230  0.15871246896307223
  0.16681707685760633  0.17540540180782235  0.18421502848799937  0.19306316990224448
  0.20216985699698395  0.21136278430197236  0.22098854271887100  0.23053607037480073
  0.24008415715427717  0.24940888292234889  0.25864864059309289  0.26814303786147886
  0.27824017948865271  0.28843401765236526  0.29846839188726543  0.30834701153635169
  0.31856089222019396  0.32885890585357153  0.33901523185967186  0.34876031377931671
  0.35826443174092892  0.36765206173160714  0.37697329629252463  0.38603529639292206
  0.39529457995297618  0.40496812266233412  0.41499524723784575  0.42516113313314507
  0.43538815059772101  0.44584285341014745  0.45426567127055478  0.46119724839731258
  0.46830128966124657  0.47531032081985797  0.48247280410702520  0.49276387985845027
  0.50396587981220109  0.51516669139374627  0.52635440471776762  0.53724380257743842
  0.54768339962247836  0.55805385777675887  0.56893701248672568  0.58046944035458281
  0.59209509101869329  0.60390485837566887  0.61616783387642815  0.62909984729066848
  0.64172530518141169  0.65411221868230818  0.66646988287856024  0.67862424710680525
  0.69091182936340667  0.70335060480484490  0.71530058354152326  0.72718374619438020
  0.73972668286290688  0.75262812569829729  0.76581944184055251  0.77923290944883583
  0.79255741347288589  0.80541171150723956  0.81773415384118131  0.83037150239640189
  0.84329227460687817  0.85656441588909160  0.87014953042221688  0.88431591067306214
  0.89838442820363551  0.91244717558198718  0.92624173403504839  0.93989148171412606
  0.95410879932304093  0.96921970507236543  0.98462629727163142  1.00000000000000000
 -0.00210392720495092  0.00828418435818662  0.01792976481250611  0.02828197726173145
  0.03889219157197316  0.04926598054851259  0.05924599950877708  0.06978809899139284
  0.08014584383082865  0.09042962920767683  0.10064854587245489  0.11141994619313617
  0.12230877942270016  0.13261720729108223  0.14222240691521715  0.15151111835274314
  0.16061195555028498  0.17006968827719712  0.17964194501438971  0.18975947447720909
  0.19988650236864414  0.20983370504613633  0.21986846959483566  0.23012622490475840
  0.24042850810801522  0.25088068781507922  0.26210547439069215  0.27309634063672555
  0.28358967373804339  0.29419966296438227  0.30508699919641635  0.31588597347362701
  0.32640746530150955  0.33695715878656968  0.34788303584739055  0.35878587939850759
  0.36965543397989237  0.38026280146998659  0.39089642893895765  0.40167146337373927
  0.41263751366483059  0.42431600981961903  0.43630597778375357  0.44827871907824862
  0.46001548988075702  0.47161231584516372  0.48366144468396954  0.49576556333347743
  0.50747585013066487  0.51872349812743568  0.52969008527592665  0.54078352923770168
  0.55188900095760951  0.56288188908430237  0.57388667285883699  0.58325751850065022
  0.59048412020207997  0.59741290312686335  0.60431809364518374  0.61155959494132728
  0.62066238442981458  0.63174583597242018  0.64270754441671885  0.65359730941247929
  0.66419956959910298  0.67472548302523216  0.68517442092861125  0.69588184310881418
  0.70670006624448956  0.71739259122449683  0.72818449474695346  0.73921685156623718
  0.75035260798841596  0.76127468049542557  0.77186939557558931  0.78228626999671713
  0.79309068566738650  0.80438025421798953  0.81621308054181718  0.82753257157770510
  0.83850819514117791  0.84976462856864809  0.86097139397929978  0.87187419145212075
  0.88275289477746754  0.89357491623526453  0.90470957517980055  0.91604441941863290
  0.92736087901607622  0.93821738695295076  0.94866143795728641  0.95914929103903446
  0.96968158899145851  0.98027486675263931  0.99014648496783764  1.00000000000000000
 -0.00237275524389365  0.00935557573745827  0.01973120759793814  0.03073322925244626
  0.04188415765148636  0.05208656954569380  0.06206288877091000  0.07235059717157850
  0.08292985705631159  0.09335145749506932  0.10349806331690561  0.11354432726920445
  0.12357452790520813  0.13347572908460570  0.14381415298884620  0.15430059152429393
  0.16481730232851707  0.17558087151945104  0.18637332136327880  0.19624794556156655
  0.20582361077504582  0.21539316850211565  0.22558896117270938  0.23579199447882004
  0.24579946342561740  0.25611870137887544  0.26685824583503825  0.27701366904938490
  0.28709132060206810  0.29727299853250128  0.30789839256209256  0.31899687221190459
  0.33020930033061802  0.34138152826317969  0.35266832114974367  0.36408558050423340
  0.37538516725009047  0.38638244173501168  0.39746549329520198  0.40878575311811888
  0.41999599880985128  0.43080909095886588  0.44162262128299962  0.45272338623140163
  0.46383186990753650  0.47468966301280036  0.48547785002577026  0.49645404474638294
  0.50728545535731673  0.51769401584372576  0.52794206690557155  0.53830843363894854
  0.54894149321936858  0.55988527379288244  0.57109374279531144  0.58232409985153732
  0.59336157141915502  0.60420906786324746  0.61491754871637028  0.62555424573728635
  0.63612817678015199  0.64677656493246505  0.65776183952187905  0.66922111193419020
  0.68092643996117519  0.69250744691397903  0.70392582784912405  0.71538152643582398
  0.72652238222587984  0.73692692142803584  0.74692522487754964  0.75707285136586855
  0.76763715877610772  0.77817990003977544  0.78888404275857860  0.79963055894670254
  0.81005941196988873  0.82038366643191019  0.83078599054340529  0.84174781975262958
  0.85316367678438687  0.86335128524554017  0.87000959001745204  0.87678584851865360
  0.88340946352785221  0.88962602629816845  0.89957347684666689  0.91054578525254415
  0.92172706970724716  0.93283056441608858  0.94429811871042879  0.95591737251477782
  0.96746821081938394  0.97822961302555833  0.98919117326219774  1.00000000000000000
 -0.00194042090970104  0.00775975961062707  0.01790778305816108  0.02784031750095169
  0.03870032870826144  0.05004194151966015  0.06149543292135816  0.07246236602281357
  0.08346941753183738  0.09440400341839078  0.10495859057234079  0.11525927803040778
  0.12557676282547628  0.13632669409083761  0.14718515241267346  0.15820710828432588
  0.16920275834053924  0.18019277798393932  0.19066572185014383  0.20119630737924513
  0.21201374231114656  0.22335350027353376  0.23446466504186225  0.24516697890200378
  0.25562934818509775  0.26614325637122815  0.27534694595026399  0.28213570441773111
  0.28911050042944353  0.29604195355659452  0.30322085259790782  0.31286675939887937
  0.32341917547948434  0.33389797518361153  0.34455842714819968  0.35550676852180096
  0.36677673795495802  0.37808354874683947  0.38929193109329197  0.40061709227593578
  0.41208191105567532  0.42348487892302955  0.43470868166679011  0.44584011048192884
  0.45710777493292387  0.46854602698205811  0.48009688339592338  0.49184884600235612
  0.50349601161189828  0.51504046435790851  0.52614186348063630  0.53653785437109291
  0.54635201769239328  0.55617824395157756  0.56647331834073467  0.57703422501181478
  0.58715731602592469  0.59731795077131833  0.60737130701974507  0.61748227638839459
  0.62783268580071983  0.63802796604230094  0.64784219507758511  0.65747052152773633
  0.66704386503704793  0.67745181465419091  0.68817861692051530  0.69890649688607476
  0.70992672084788921  0.72126958202099323  0.73263986408447290  0.74380422578998318
  0.75544427884156917  0.76724588406902661  0.77843837507081981  0.78942937025981696
  0.80042046826017754  0.81128788873169633  0.82226809264471645  0.83313384751025876
  0.84288947623502897  0.85241873106403021  0.86197648975559538  0.87139623562184110
  0.88065797768888243  0.88992651460283778  0.89979440107332553  0.91075707501196213
  0.92214481242895152  0.93304746387605542  0.94419874134975024  0.95554493373537697
  0.96667634857982010  0.97776218968747941  0.98887261937626847  1.00000000000000000
 -0.00122553924293660  0.00426468439027486  0.00995329025570417  0.01568316528960700
  0.02146010863700088  0.02735886863157217  0.03327457961350196  0.03921431265579902
  0.04526669925656196  0.05151986439126816  0.05806255715633817  0.06484811202052877
  0.07168608573888560  0.07851389312834602  0.08527827905335096  0.09210473025902821
  0.09909613773195203  0.10622288017212740  0.11336085206207185  0.12074369536255115
  0.12856240945720548  0.13668006971802626  0.14488857224749127  0.15307997287591982
  0.16160648606172864  0.17080680624575320  0.18068111170694245  0.19101300814092545
  0.20161270100502798  0.21244690530352822  0.22360944425888996  0.23524374612661322
  0.24725953037815593  0.25921604693541517  0.27189092516266594  0.28607254265442650
  0.30131812578614897  0.31767991717068123  0.33523699868550610  0.35260422939815195
  0.37089104588758193  0.38948310102099193  0.40926309666495653  0.42985127147532776
  0.45101158483572473  0.47252938646023190  0.49496061605638392  0.51815229892572667
  0.54087946333954806  0.56243338420745581  0.58326538176062703  0.60319001883815038
  0.62178701738835929  0.63958786654309496  0.65658225502787715  0.67297350051924409
  0.68869832730148561  0.70373347595751579  0.71828903223434271  0.73213307985632625
  0.74634494750854863  0.75965404812067994  0.77215476738271294  0.78312111025998876
  0.79358866515935489  0.80332169027704492  0.81280843746611775  0.82178922006667254
  0.83057287453968842  0.83940918644620677  0.84843328988610989  0.85772382300824812
  0.86681434213247710  0.87514385355594182  0.88296303692180811  0.89038157405098717
  0.89729423476855530  0.90362692772413644  0.90983132585586723  0.91597040158832144
  0.92207743416743870  0.92704980379398616  0.93071675609159221  0.93415648087352754
  0.93769391018709292  0.94156279223649120  0.94671142866339386  0.95244204092291940
  0.95803043609104066  0.96390641320792669  0.97005141732864086  0.97617131884048780
  0.98220796756638407  0.98829101212047021  0.99406287372754643  1.00000000000000000
 -0.00260320537240597  0.01010432225593599  0.02038801925604490  0.03211989655757794
  0.04286683743203045  0.05358797677677087  0.06416286940761830  0.07543306405899718
  0.08604517949754620  0.09663237700813922  0.10759326202632340  0.11895591994726619
  0.13050928555800873  0.14183319850386061  0.15314519389610662  0.16427579349978960
  0.17588943374152813  0.18704270695465480  0.19792013205818662  0.20860805928504150
  0.21956897929049368  0.23082390447549148  0.24168051541458455  0.25245685790264971
  0.26364517659808484  0.27505015026594221  0.28655597672467026  0.29807751770993834
  0.30916398587474314  0.31927771075331512  0.32878738039984445  0.33849610561780652
  0.34814446513086483  0.35751309256197195  0.36668348887168867  0.37624067387316390
  0.38635784007286234  0.39662386366093327  0.40703119654366349  0.41760226205751316
  0.42808694963684363  0.43832986677358460  0.44857818781941222  0.45902103742408551
  0.46937610287369930  0.47953008158986604  0.48961064075799193  0.50007171059943578
  0.51106961167577136  0.52216365465063919  0.53294223961821596  0.54343995890157692
  0.55372020736843619  0.56390690817025779  0.57419468448004174  0.58467523071801319
  0.59501626675542008  0.60558163320369707  0.61642550328868406  0.62743503151735047
  0.63866682804223207  0.64775245236068746  0.65517144321416232  0.66299111449332870
  0.67071974217039265  0.67847904191778807  0.68832703604477408  0.69976472879026264
  0.71099174041656488  0.72181476442570791  0.73227751016827136  0.74258617931774695
  0.75292456091344218  0.76313209215618849  0.77314494190338290  0.78332556985755897
  0.79369473959822934  0.80434146120401295  0.81515794990439361  0.82613434202239311
  0.83730504939942485  0.84850898256387886  0.85947534560024419  0.87028948277439422
  0.88096910282784535  0.89149138492404612  0.90174902317614702  0.91214337595842199
  0.92269559649699251  0.93352903022094580  0.94449687643369917  0.95510868695183349
  0.96589925694910483  0.97665691074410754  0.98798016460752280  1.00000000000000000
   7.1902234737126300E-014  -1.0000000000000000     
 F F F F F F F F F F F F F F F F F F F F F F F F F F F F F F F F F F F F F F F F F F F F F F F F F F F F F F F F F F F F F F F F F F F F F F F F F F F F F F F F F F F F F F F F F F F F F F F F F F F F F F F F F F F F F F F F F F F F F F F F F F F F F F F F
  <DiscreteSampler_grid>
  grouped_processes
  1 # 1 for a reference and 2 for a running grid.
  10 # Attribute 'min_bin_probing_points' of the grid.
  1 # Attribute 'grid_mode' of the grid. 1=='default',2=='initialization'
  0.0000000000000000 # Attribute 'small_contrib_threshold' of the grid.
  0.5000000000000000 # Attribute 'damping_power' of the grid.
 # binID   n_entries weight   weight_sqr   abs_weight
    19   10   3.416338811156342E-007   3.694719023450856E-013   3.416338811156342E-007
    22   10   4.229484813730228E-007   5.794296847743574E-013   4.229484813730228E-007
    25   10   7.929827083810623E-007   6.102874525481939E-012   7.929827083810623E-007
    28   10   9.571728486945490E-008   6.707943529739030E-014   9.571728486945490E-008
  </DiscreteSampler_grid>
