 -0.00000000285567343  0.00000190549939732  0.00001401655328261  0.00003993195311078
  0.00008018241444205  0.00013304387364286  0.00019420447128464  0.00026732842579393
  0.00034876165635575  0.00043749030672023  0.00053428386396511  0.00063519741290664
  0.00074658431168995  0.00086373335665579  0.00098742471171379  0.00111586749193507
  0.00125147798681514  0.00139199231933953  0.00153461303580059  0.00168400256649287
  0.00183622740742138  0.00198598473598108  0.00215168292788691  0.00231951966908059
  0.00248196291153743  0.00263771903165308  0.00280523216639326  0.00298068518200500
  0.00315891563418861  0.00333864835899619  0.00352070770387228  0.00370710390699453
  0.00389621856099981  0.00408653509366111  0.00427421455641839  0.00446089171436645
  0.00464905613996164  0.00484508571196157  0.00504373271224483  0.00523547223116009
  0.00541817107108579  0.00559551955679157  0.00577116043403277  0.00594592108906590
  0.00612153068837959  0.00630182897111344  0.00648845374388384  0.00667912327957216
  0.00686871060153052  0.00705602358309024  0.00724391739425252  0.00743321354348242
  0.00762003359683036  0.00780643864593953  0.00798254156905428  0.00815932351288143
  0.00833908955245702  0.00852250739368089  0.00870995654232698  0.00890019053787547
  0.00908542529324004  0.00926662638344271  0.00944543203656154  0.00962618201888775
  0.00980743454333823  0.00999605288949042  0.01019187890352124  0.01039043208530765
  0.01059555377819145  0.01079908996899240  0.01102029230668526  0.01126268283590612
  0.01150838279941147  0.01178318097567913  0.01206783159409770  0.01235944128713706
  0.01265882644173615  0.01297698016216883  0.01330041245108681  0.01363341175656969
  0.01397486410211948  0.01432074111898648  0.01468730994676608  0.01516979821669716
  0.01567976256232035  0.01622713358949760  0.01685738463006119  0.01756461504801907
  0.01833401700305493  0.01922032325753559  0.02050697396130610  0.02226988778033573
  0.02459140839716412  0.03192983201861538  0.05052905470478972  1.00000000000000000
  0.00968111236062296  0.01530825714260773  0.02399608914825932  0.03423439675156084
  0.04501535704626232  0.05652081088573988  0.06802163308272517  0.07980289721525161
  0.09134609339018812  0.10265393136449889  0.11343394157917504  0.12406348956403257
  0.13494571840811839  0.14619141375136774  0.15730350633797333  0.16800781516595845
  0.17839398187321773  0.18863395766092772  0.19869798625714968  0.20842331786656770
  0.21795727038673937  0.22779136585368817  0.23830976298649481  0.24906498689037992
  0.25966466540607575  0.27045700826655211  0.28161391343872288  0.29287929345139352
  0.30383460091628772  0.31452892073670685  0.32505223703838770  0.33547760180330133
  0.34597429539727464  0.35627956451551462  0.36610873604505789  0.37622704113173622
  0.38590248058828108  0.39577414583348147  0.40502382405472465  0.41454089726823617
  0.42417333671662155  0.43366008471414746  0.44281992106839113  0.45181060227275699
  0.46084361250572242  0.46992625659394083  0.47894554748649487  0.48811306463425402
  0.49726947169364610  0.50688261075900187  0.51712216968993208  0.52798982892368751
  0.53911761863876306  0.54961410609851480  0.55972884743410456  0.56957370211629743
  0.57948039561151121  0.58954930410354012  0.59938327062611707  0.60890577842563287
  0.61847336353443216  0.62852577173514856  0.63929170473647612  0.64980343779583960
  0.65951031098487134  0.66915205414780798  0.67873246478981064  0.68832661568185038
  0.69799413462464122  0.70800213037576221  0.71869301396352969  0.72962168371493918
  0.74050894510873499  0.75125893865235027  0.76161323377765877  0.77157348876520615
  0.78144327415562520  0.79172031433466916  0.80240871449467321  0.81331666008541770
  0.82432821943146140  0.83549066946883710  0.84744696376840067  0.85982472127381593
  0.87287899002862002  0.88517498834705222  0.89694149906104148  0.90821714581765278
  0.91926976263279814  0.93032051806778449  0.94189398471822461  0.95366546285637477
  0.96509412380668946  0.97603491133351139  0.98782314607566934  1.00000000000000000
 -0.00002218379431763  0.00026250472940946  0.00073503176496862  0.00150929937013950
  0.00260778109103224  0.00407412425509684  0.00572174842418241  0.00756209399890821
  0.00953455946682895  0.01172166370780676  0.01402601428336595  0.01659506274567035
  0.01933672304671422  0.02211595330115148  0.02519486902229847  0.02842007900641411
  0.03174054881470934  0.03520690617106863  0.03900117604484878  0.04305806091060913
  0.04731335852978645  0.05169083478549093  0.05624241170878770  0.06094829254722665
  0.06608024540446128  0.07161119268525347  0.07695869256245816  0.08209283137036909
  0.08729469127964434  0.09253441250262093  0.09773650156561671  0.10298181278816795
  0.10873851057993358  0.11502325931136261  0.12174114892040307  0.12854911429042001
  0.13550175017477042  0.14226370707239672  0.14933949508428807  0.15654850851396696
  0.16422279900305414  0.17232716387066313  0.18063750899024861  0.18913020169495195
  0.19772289025086837  0.20606041727487800  0.21481746148525541  0.22356306528252742
  0.23226350922048786  0.24093750911355621  0.24967890950749258  0.25849104858839972
  0.26742617640037958  0.27662150357724546  0.28608389602413548  0.29557801338808909
  0.30518867882225015  0.31548969782832187  0.32677295220130509  0.33788890436891639
  0.34974838905756406  0.36196335595054790  0.37417698515497766  0.38681280888422265
  0.40084185360329122  0.41466786803733874  0.42889757209699875  0.44347504351300798
  0.45812868702776705  0.47267581554350308  0.48711320639168015  0.50127629460806589
  0.51533342650833569  0.53039980762485173  0.54641019763319576  0.56297929048305007
  0.58001741572086662  0.59798864694753984  0.61579684050779993  0.63358707951706372
  0.65199378781583395  0.67122587166212921  0.69122597202139202  0.71167834024674814
  0.73177909847530687  0.75206204761254258  0.77238193044918146  0.79257174320766710
  0.81361684065014739  0.83772281342794208  0.86127288012125158  0.88493716995207183
  0.91090990804775052  0.93687093578860836  0.95871440375349826  1.00000000000000000
 -0.00290221955091437  0.01082180071697416  0.02287876284849820  0.03508668625315477
  0.04701918584100762  0.05862703250153924  0.06965054562277664  0.08022988542595019
  0.09035588936017094  0.10018248387174494  0.11011885282613497  0.12022345735540851
  0.13049829244618355  0.14089057732054919  0.15120931770762314  0.16177312769809685
  0.17281309773803755  0.18401829547896831  0.19461638501333106  0.20449447185177083
  0.21413923869418733  0.22392984641151839  0.23416305107017352  0.24468366640409189
  0.25569195400015876  0.26707296924468732  0.27854269966773781  0.29012676801812559
  0.30151946365536231  0.31244676227252005  0.32273093479626130  0.33256726790008817
  0.34263496600730386  0.35292393249548276  0.36345978607868490  0.37402638435479230
  0.38406120096703583  0.39364317568156465  0.40321033130225370  0.41305289237064430
  0.42325964725269094  0.43371585493971943  0.44476976419806985  0.45636029007868317
  0.46793798327998481  0.47893160627119680  0.48919768744055564  0.49928614924869780
  0.50969877414471909  0.52033590993896328  0.53097303924821426  0.54187735247950986
  0.55296846451492143  0.56378567165994042  0.57358962145725900  0.58367185069766958
  0.59432057535649951  0.60522571920985724  0.61524871439104611  0.62474500952823409
  0.63439298853796877  0.64449304610150659  0.65449001656109196  0.66474372350731581
  0.67495678170684292  0.68514609684485894  0.69582306878247802  0.70676271304672145
  0.71773897986752655  0.72860350881526326  0.73898608245783448  0.74881844666596509
  0.75848897579204722  0.76848683383158234  0.77907904631828950  0.79002814016346889
  0.80141963378790715  0.81294513870589469  0.82432698514173208  0.83549188639860406
  0.84652155491424586  0.85747572894501978  0.86848295285085286  0.87944409640162657
  0.89039859630699059  0.90149530798722721  0.91239864517936420  0.92272042048404745
  0.93271325653687742  0.94310634629418966  0.95344369364949244  0.96301115909540247
  0.97187435642301223  0.98058551607327760  0.99018883248985456  1.00000000000000000
 -0.00222836048120158  0.00888184896369023  0.01782823818065869  0.02723391746752926
  0.03672654524555082  0.04632382484331328  0.05599671981821355  0.06584153208964062
  0.07591728297117387  0.08633848246190344  0.09669863137405682  0.10654741392292777
  0.11604105994082034  0.12552984722411428  0.13525291070290538  0.14494155757291136
  0.15450360335259877  0.16412313803545045  0.17361202850758045  0.18324074707375568
  0.19310907308340630  0.20291588143987574  0.21278010325090757  0.22337753344774483
  0.23499957928781162  0.24695704613058467  0.25857732896850338  0.26967111327107868
  0.28005683015040256  0.29014352914238029  0.30012392842286745  0.30994109694959704
  0.31945539199391509  0.32910205956529159  0.33942569380226373  0.34979434110101360
  0.36014337478075459  0.37056004279959642  0.38108996328107436  0.39188634672473155
  0.40295683931682957  0.41428512649166044  0.42560823297592076  0.43610246813834991
  0.44609763253474283  0.45648105162914648  0.46752873926194261  0.47948767985928065
  0.49081877512959715  0.50212424887481943  0.51310080545028836  0.52421512240614521
  0.53503712636701228  0.54576522461354526  0.55662843188481137  0.56750526697507586
  0.57858105056601605  0.58995981862104452  0.60172551688145548  0.61442261978513513
  0.62692336080568745  0.63859582806415915  0.64960734288659283  0.66032158885633463
  0.67164417052977909  0.68286485785241291  0.69426153022414205  0.70523466487498099
  0.71674671188819272  0.72847704871236385  0.73990199865981099  0.75129273522999973
  0.76231505982312764  0.77265230528109374  0.78256949592139879  0.79316599926777687
  0.80498142889845636  0.81619396097268138  0.82656095142012009  0.83669066570086836
  0.84701270992020616  0.85762344530972401  0.86764375394393045  0.87797215452057131
  0.88881421364653312  0.89966623278122471  0.91102200255379606  0.92224588589925838
  0.93358107746988173  0.94425217710107101  0.95392289393574903  0.96330264367254925
  0.97260409984297402  0.98212164884499198  0.99117611359914748  1.00000000000000000
 -0.00364517146668740  0.01241498976368921  0.02476010231223259  0.03633679129951643
  0.04756841415264879  0.05825701234684042  0.06799819183208584  0.07715203199729438
  0.08634098950600365  0.09560239467883755  0.10474144312857722  0.11389714985144846
  0.12327230990101407  0.13286916424727263  0.14179892882609144  0.15101709411893652
  0.16060230151843877  0.17031556720269267  0.17973378206552329  0.18950197970999821
  0.20011759199821724  0.21123303124617540  0.22179920333452183  0.23178568240585962
  0.24169330053495858  0.25139066873011834  0.26119380640433643  0.27087216771545258
  0.28027716663439439  0.28993132544151889  0.29937583047136634  0.30942892589907262
  0.31973837459287452  0.33022371033737952  0.34055591453726447  0.35101604321455893
  0.36168150266730226  0.37246837204092459  0.38251108587455596  0.39213122485344759
  0.40194059861125431  0.41228508232420596  0.42301349475344274  0.43364177984056002
  0.44430402181694284  0.45528741664052497  0.46647414846358692  0.47754781536336077
  0.48839763718933127  0.49929185726361891  0.51038374906000794  0.52161313107397211
  0.53293417081597894  0.54409668568720093  0.55490982290322310  0.56559607835735393
  0.57629260305017871  0.58718670821636776  0.59826163449492920  0.60917417696527920
  0.61992815039643911  0.63043183824287119  0.64091765136262380  0.65155981303514654
  0.66220556006980791  0.67283641440054853  0.68373069672663978  0.69493476394662879
  0.70631540772910328  0.71733630110545255  0.72797046813755295  0.73894599542673367
  0.75009036496450721  0.76139705000814006  0.77305388729054136  0.78462356456811955
  0.79563762076062683  0.80629252603413026  0.81652916162131739  0.82650664422753373
  0.83661174545795591  0.84698979748774184  0.85721213100398930  0.86728142122839913
  0.87756070014150600  0.88871632969368919  0.90025399238115655  0.91167261761163076
  0.92330196215136584  0.93455675080378253  0.94565167640854375  0.95645112246799124
  0.96697446141393839  0.97799227847528891  0.98899036074392499  1.00000000000000000
 -0.00219947985095536  0.00840664980587666  0.01717161468658676  0.02659462158644719
  0.03644669770006075  0.04558112788908838  0.05435215057384071  0.06312940059343616
  0.07220571467273527  0.08130691668583535  0.09049483382738023  0.10002447491974392
  0.10975334764572833  0.11978602712435590  0.13018554766071208  0.14067343696620185
  0.15096474912238880  0.16145571693055091  0.17270446472542925  0.18466815296802150
  0.19693902589448053  0.20935269018996780  0.22195778176765024  0.23496733901634398
  0.24709037954758417  0.25869178263414733  0.26990312787713433  0.28017071628371248
  0.29087070892768629  0.30184729331440396  0.31277473912197246  0.32382435560315492
  0.33479660355457419  0.34607740786956837  0.35674480757824173  0.36714978338804394
  0.37725059840950015  0.38751443760231141  0.39761851169648560  0.40712624863788921
  0.41642525632371530  0.42608300516330005  0.43591273497189598  0.44632476301213564
  0.45732468205713261  0.46845909942428249  0.47972036252902522  0.48965382906322596
  0.49947517772901245  0.50912117478277918  0.51858756806639950  0.52857645706315037
  0.53885950639270030  0.54937407569022745  0.55969683865856268  0.56984352816277195
  0.57951373555663632  0.58941212659770992  0.59915540042310933  0.60923863876810469
  0.61961438983696948  0.62998025352689657  0.64073698705114257  0.65233381745793539
  0.66471183628845976  0.67631870234582203  0.68768920581551340  0.69932939111893877
  0.71122756366710260  0.72336046521904496  0.73398639601020332  0.74329435604233307
  0.75282262791612897  0.76264503104760306  0.77253531395967590  0.78220386067552117
  0.79216271594129650  0.80270958897733335  0.81371115378542747  0.82455860997288999
  0.83529955562793146  0.84581688809981881  0.85654804180825850  0.86742305456032698
  0.87853035363965426  0.88962488113030103  0.90030302313185706  0.91052962558341255
  0.92092262878527431  0.93209296430838962  0.94368126633433991  0.95520539104728652
  0.96683696269470265  0.97818635405059473  0.98916628531980422  1.00000000000000000
 -0.00252227559879157  0.01004078217495933  0.02046937492198966  0.03189706507084423
  0.04264177675109870  0.05362009894998934  0.06411717773963367  0.07465963531808073
  0.08505045622644235  0.09551535720594384  0.10608488682833010  0.11644443537212545
  0.12692017476263739  0.13746828529071822  0.14803728899049826  0.15807553293955617
  0.16823037739794272  0.17855868737616265  0.18882020156454082  0.19941392255166512
  0.21042856774072161  0.22169680898047800  0.23245463236607986  0.24299325586325637
  0.25349699774290119  0.26439707290026576  0.27540975053265004  0.28670036765130119
  0.29825727277042763  0.30971242082254857  0.32075181358672794  0.33134733141572381
  0.34162944345713803  0.35167940618366861  0.36165856143401526  0.37170673929624004
  0.38174523945354638  0.39182349923158472  0.40185915069575306  0.41193284384806622
  0.42176784982650850  0.43170471465251387  0.44238022152964024  0.45399145323482226
  0.46554810845392786  0.47680037783290002  0.48732271350585155  0.49737921311684258
  0.50741447853912280  0.51787831060910294  0.52868272293908025  0.53927504255600467
  0.54984418045492722  0.56041099841706554  0.57122026247318725  0.58239207776170432
  0.59350153656375626  0.60408579788150762  0.61505986567396642  0.62578216451150770
  0.63630441167009866  0.64718627953610652  0.65885128356751455  0.67028450685462670
  0.68137153599380584  0.69216628323414742  0.70251958231840617  0.71258444417430755
  0.72254066970204567  0.73228094096914942  0.74153694125949787  0.75044050344122781
  0.76055634955248586  0.77054674709528159  0.78191289697094235  0.79378191482505933
  0.80582131795806622  0.81719406517251747  0.82767134017755306  0.83757744705311221
  0.84674198823325719  0.85573269131392904  0.86472169617202588  0.87399599636788106
  0.88376057088917137  0.89336932837034755  0.90314469935650654  0.91368175741951518
  0.92450746306074272  0.93606143241384998  0.94702520071145013  0.95791593449617840
  0.96852223080959210  0.97898052517894174  0.98919548306187310  1.00000000000000000
   1.6024948357390428E-013  -1.0000000000000000     
 F F F F F F F F F F F F F F F F F F F F F F F F F F F F F F F F F F F F F F F F F F F F F F F F F F F F F F F F F F F F F F F F F F F F F F F F F F F F F F F F F F F F F F F F F F F F F F F F F F F F F F F F F F F F F F F F F F F F F F F F F F F F F F F F
  <DiscreteSampler_grid>
  grouped_processes
  1 # 1 for a reference and 2 for a running grid.
  10 # Attribute 'min_bin_probing_points' of the grid.
  1 # Attribute 'grid_mode' of the grid. 1=='default',2=='initialization'
  0.0000000000000000 # Attribute 'small_contrib_threshold' of the grid.
  0.5000000000000000 # Attribute 'damping_power' of the grid.
 # binID   n_entries weight   weight_sqr   abs_weight
    25   10   2.157618354818137E-007   1.332098450316308E-013   2.157618354818137E-007
    43   10   8.659788010642802E-008   1.937323792213212E-014   8.659788010642802E-008
  </DiscreteSampler_grid>
