 -0.00000000619892216  0.00000279964010344  0.00002027904280801  0.00005716964485515
  0.00011127877168862  0.00017796121288431  0.00026016030187205  0.00035362982535051
  0.00046889352508727  0.00058990670414187  0.00072020191118011  0.00085975635404935
  0.00101121371879545  0.00118158093488283  0.00135852144597539  0.00153700028628174
  0.00172118913524242  0.00191506381051479  0.00211248870031729  0.00231236789345328
  0.00253409372244979  0.00275216793838606  0.00296977723989117  0.00318975037865443
  0.00341809478493433  0.00363998898543255  0.00386966694954565  0.00410226458471533
  0.00433553838036848  0.00456693050373958  0.00479981849154433  0.00503356593968420
  0.00526804328783109  0.00550243751317581  0.00573710977505423  0.00597103258614548
  0.00620282520465110  0.00643570347987970  0.00668140530619511  0.00693336714563051
  0.00718617513436270  0.00743164153339932  0.00767372559608187  0.00791404126260996
  0.00814873932999362  0.00837796819346388  0.00863389563276156  0.00889059952286681
  0.00914706243940588  0.00940424756989607  0.00966107641488908  0.00991386672513076
  0.01016055947358942  0.01040548357841285  0.01064887400233769  0.01089833780658753
  0.01116402008461687  0.01144254161953315  0.01174335932836542  0.01206047573359349
  0.01238918606516587  0.01273962732647276  0.01316196533593863  0.01368896433797186
  0.01457480852792263  0.01613092589286580  0.01743070498654210  0.01841861689212807
  0.01935837672231818  0.02031644135528612  0.02123241675300958  0.02211979386466992
  0.02298412925182218  0.02383752753327550  0.02475941655719079  0.02574205260032054
  0.02675518052258795  0.02777394356076751  0.02876496153123419  0.02976101895445824
  0.03072572812264385  0.03179355446290510  0.03303074661184651  0.03440087899838145
  0.03582252206404606  0.03731814893845353  0.03887757344266082  0.04060203129472496
  0.04269916611238989  0.04524632850153608  0.04821373990036081  0.05175912477747117
  0.05737984947753138  0.06906582271292294  0.11584801869882581  1.00000000000000000
  0.00936490255171603  0.01654188726700190  0.02616071197748319  0.03593361536471665
  0.04540026217009420  0.05491686756093338  0.06468273698200688  0.07448282618978193
  0.08440606598587908  0.09465170600300343  0.10506190863171616  0.11569725478240148
  0.12593429589449720  0.13519768549684930  0.14410103648866865  0.15272539422282816
  0.16136614796037116  0.17015707119746215  0.17909613153832593  0.18830398496827516
  0.19786957999313687  0.20756731583810467  0.21750035550734848  0.22736883755844947
  0.23772748405244454  0.24846055130099104  0.25923422461718809  0.27027966353823141
  0.28204358680644731  0.29374768248548050  0.30462105787204180  0.31552372077185659
  0.32621640288316278  0.33661939472430746  0.34628626635325582  0.35628648296220616
  0.36647607724667802  0.37688967591513939  0.38747601658343950  0.39808350038445028
  0.40882532212885048  0.41974859805661574  0.43072521303887590  0.44152941421117042
  0.45207144064958066  0.46254373911223379  0.47317803390409002  0.48416626442800137
  0.49591233429667275  0.50764355659349159  0.51951761530939533  0.53160055786326998
  0.54318763595977204  0.55434012021826395  0.56583019300204773  0.57765691116322704
  0.58948083709354948  0.60146728219746404  0.61301437940315306  0.62405121165050048
  0.63458294593628561  0.64475420988640364  0.65514826471388476  0.66622991941236920
  0.67815156733770232  0.69050832652924987  0.70246041106029622  0.71460223335422757
  0.72667611906673646  0.73858389729855822  0.75032227785138217  0.76219028671122513
  0.77311052061343133  0.78336551251269548  0.79346792951040812  0.80375777456516451
  0.81383665742180611  0.82350952348200035  0.83321514806456709  0.84319965896378479
  0.85322324496114543  0.86216567806981670  0.87109780812347426  0.88030097846543987
  0.88987252276587414  0.89987027966405753  0.91042303280369485  0.92095799167991044
  0.93279131503182466  0.94283440988126355  0.95301604645192461  0.96311934247444908
  0.97307499254523000  0.98308744075439713  0.99089585046839934  1.00000000000000000
 -0.00002103935196367  0.00025175731488167  0.00073494989256619  0.00153734406335201
  0.00256840673012682  0.00392154706128869  0.00545600433507228  0.00725785149449395
  0.00935315587013177  0.01175932615132521  0.01437277248439756  0.01698435650415383
  0.01979724937221660  0.02278147018892549  0.02590904597653441  0.02915916148184883
  0.03274786092405722  0.03663155864647362  0.04062240809362562  0.04469099242779768
  0.04885568453575292  0.05317437964072071  0.05762691658572033  0.06220055556096475
  0.06707484467101836  0.07209496436923069  0.07726258169941730  0.08234030985788281
  0.08773856531967836  0.09294286517867002  0.09841688896701825  0.10394231560544574
  0.10990011976441147  0.11619874052054360  0.12271894644656062  0.12936119642516367
  0.13626389379207313  0.14352655706224876  0.15115344918833029  0.15905567990845815
  0.16691805126114487  0.17467181486894323  0.18290695622353720  0.19134786518016000
  0.19965629953061678  0.20771725775519564  0.21586491039302683  0.22401697409616825
  0.23259649017274064  0.24136444468014648  0.25037533450131111  0.25981629093136338
  0.26956884999684694  0.27941126244138842  0.28961209854188624  0.29967722591878315
  0.30993649801824130  0.32072057955822286  0.33148762107720342  0.34254152831270962
  0.35423833402856908  0.36608059346716643  0.37731814644344319  0.38977796207464455
  0.40228277467909368  0.41503330263683641  0.42804955845501180  0.44134407440391510
  0.45494998459080449  0.46855972135951240  0.48256289804989427  0.49734813666752942
  0.51233689431366725  0.52745494762283329  0.54291698827195878  0.55889795683172994
  0.57393034775736962  0.58975314220924713  0.60656405588180573  0.62319356988933094
  0.63972653371801735  0.65736253499459318  0.67516695333318089  0.69308171795834372
  0.71142827114423812  0.73019688478136613  0.74909997588014454  0.76796189380398894
  0.78684085852728536  0.80566108969314287  0.82501054954727948  0.84457210360237300
  0.86411575735867607  0.88223517228320081  0.89601130093344716  1.00000000000000000
 -0.00272402880469452  0.01098368522862738  0.02318250562221178  0.03544970264909947
  0.04816226560810342  0.06032862478193927  0.07270851728591411  0.08459213113129219
  0.09629048174627844  0.10792313808566042  0.11943012890361020  0.13096344026687856
  0.14223814271746110  0.15342073170745626  0.16472775967495423  0.17647171706638459
  0.18784955700413100  0.19864333558089364  0.20903379847874598  0.22015515415168521
  0.23128060425226302  0.24226737410188753  0.25324707596656715  0.26343563982109530
  0.27315169903477399  0.28222517538066683  0.29149261958775158  0.30115608965425844
  0.31114286937115365  0.32162440040849266  0.33284884441800444  0.34472338902612654
  0.35642549780410770  0.36757219410108571  0.37831376849708065  0.38879113908315122
  0.39943546198289170  0.41021011379300776  0.42084680037473732  0.43138565258982792
  0.44208150813154845  0.45323348519682899  0.46445618686089363  0.47555544357182722
  0.48655625800760299  0.49758847643527088  0.50856282326616153  0.51948327173187325
  0.53023817025913289  0.54087477985249910  0.55158130124432003  0.56159148495888023
  0.57143002955298527  0.58140035588215044  0.59355691825293166  0.60567784719067286
  0.61721449468165734  0.62824078958913476  0.63903143919888750  0.64927103374787654
  0.65867720502775617  0.66810213878877434  0.67765559293804334  0.68793434208024851
  0.69932995312130952  0.71102810391258597  0.72236705730382433  0.73356146272969003
  0.74454139861984792  0.75485925700152845  0.76460698509003822  0.77421195999322479
  0.78385039596600481  0.79323373167101563  0.80204381647572753  0.81057733636366958
  0.81944214755478995  0.82863987421785579  0.83778499884214852  0.84657200337077565
  0.85550318779223600  0.86439544627496390  0.87320221773813333  0.88167229041864481
  0.89049932224885486  0.89979410382283087  0.90960073809240594  0.91904419128123938
  0.92891559296225235  0.93902159045852884  0.94940528563699011  0.95983717821548453
  0.96973367877616357  0.97968079528812124  0.98972055378711343  1.00000000000000000
 -0.00283085007045384  0.01025310665411397  0.02114531929070503  0.03219263322930609
  0.04293256302746431  0.05399572644313191  0.06551734171182624  0.07775353797613963
  0.08993302218826142  0.10210854811979368  0.11455420704538308  0.12696584868968600
  0.13877029708602370  0.14966105700721999  0.15989957064536314  0.16987940569437682
  0.17974038305681958  0.18967373550463501  0.19984555812439056  0.21093497845504772
  0.22335172679897894  0.23458951091015484  0.24496910339640826  0.25527858477796805
  0.26543657865376419  0.27541581235404844  0.28505634689111459  0.29596883915661892
  0.30785719558115687  0.31970547596371546  0.33100621218371984  0.34147387229607834
  0.35136736645571515  0.36113679801026438  0.37101300633638667  0.38108056593123524
  0.39113445256994578  0.40166295737498015  0.41252345492173881  0.42287095591337570
  0.43303104623103839  0.44361026279182197  0.45440401669123415  0.46509944205766446
  0.47581041589307943  0.48645947948149698  0.49686846644124699  0.50718985417955820
  0.51766827201529397  0.52804962398704935  0.53816643814273835  0.54847867878065093
  0.55906874946837815  0.56869030076083171  0.57820684235939424  0.58792169055630050
  0.59767653378816776  0.60724046379147412  0.61641731944016576  0.62605050174314691
  0.63680498065282254  0.64792684508523923  0.65872606239542264  0.66965266001132362
  0.68161303017686925  0.69223141173143266  0.70214011623223660  0.71188517551086905
  0.72125475860842247  0.73073932383820661  0.73955993688000154  0.74826144151812080
  0.75719252516267754  0.76664399910587289  0.77669392206582921  0.78749538628141569
  0.79843102563603552  0.80915803054582758  0.81927096619755824  0.82925257992305945
  0.83996993127752329  0.85126712228147672  0.86203112255913106  0.87216834221000406
  0.88229115189652452  0.89260380532410299  0.90267462017700184  0.91243031378979822
  0.92259622241550376  0.93305248942251251  0.94350454865891420  0.95368070473635402
  0.96484726948261901  0.97664109421839240  0.98854421794556357  1.00000000000000000
 -0.00250885681670500  0.01015998585697058  0.02150948803776524  0.03319965703043692
  0.04447382309988594  0.05482372015302931  0.06517738006771867  0.07541400193638725
  0.08560903087902200  0.09519524215580724  0.10509407986671020  0.11589897980461945
  0.12634665185021443  0.13600149915289880  0.14585617277738105  0.15589346038037719
  0.16562675633850119  0.17463198239593231  0.18341614474261567  0.19238876069780456
  0.20147160800696923  0.21055309890768856  0.21961571539352820  0.22925022937476960
  0.23942933383785500  0.24981593855290518  0.26020784181471418  0.27093256909064245
  0.28211632927331842  0.29360467247591521  0.30506243472431005  0.31610491456938455
  0.32671140618232991  0.33705453959280340  0.34703426053078090  0.35658346498646826
  0.36576011653161267  0.37518843846770261  0.38530957162351015  0.39572518401640000
  0.40600111851675341  0.41596000426402330  0.42556741837205186  0.43522427705355554
  0.44584023132763523  0.45686529372243778  0.46814106570061642  0.47947662401934443
  0.49094237719135153  0.50236438290971486  0.51345476076356922  0.52440757542799299
  0.53549186183674802  0.54667899893747918  0.55794421332723032  0.56950371523949672
  0.58131749759861173  0.59282885429206567  0.60436413233731556  0.61666964065890062
  0.62857871385063946  0.63937513049392003  0.65003985283997157  0.66069031820608459
  0.67099822616325344  0.68094569452777209  0.69083801466697958  0.70187575180545791
  0.71288121159119677  0.72457282807593848  0.73564707994695144  0.74619044811511515
  0.75669578639428436  0.76688491394552916  0.77695837814479596  0.78684375143089025
  0.79749890329484019  0.80891306161165433  0.82041148165249844  0.83173452411063120
  0.84328546747141153  0.85460862666298010  0.86481788977793128  0.87503885112064750
  0.88580978860122228  0.89674508174023604  0.90735979520254262  0.91809891606390204
  0.92982029526795340  0.94112919503735026  0.95148274522635679  0.96188583246081505
  0.97205453890461202  0.98166894032551233  0.99093032578162032  1.00000000000000000
 -0.00262886336554259  0.00965595162863002  0.01988143009157851  0.03052265425697156
  0.04088915585390083  0.05106208661101498  0.06135330560449565  0.07252676297401428
  0.08382061236834341  0.09488568906351050  0.10588517417104640  0.11607507746216082
  0.12649636083094185  0.13626207470032686  0.14661644854467382  0.15687363930410081
  0.16700240424852367  0.17690381324720980  0.18692922024807598  0.19690703012639657
  0.20689538171454216  0.21688328040443949  0.22704940849619631  0.23745271736690085
  0.24812886691333361  0.25879599591470576  0.26964963138184300  0.28051641774278813
  0.29151719193189463  0.30259608757987111  0.31365018990847560  0.32357539540003460
  0.33342278489707283  0.34279495240049246  0.35181574365127199  0.36072880051986683
  0.36987073210849608  0.37984503058467478  0.39093088660884362  0.40251898805488318
  0.41418119332767517  0.42558142615256211  0.43732437251247075  0.44930824359908761
  0.46092841785925076  0.47184720176896050  0.48233793277148546  0.49269488287784657
  0.50306333350199051  0.51347323895867014  0.52389492860651277  0.53429973723762503
  0.54527147529457687  0.55672705944308065  0.56808820272879690  0.57904262304336784
  0.59023280691237823  0.60128358087294786  0.61202970555455527  0.62236634438290384
  0.63367606051727898  0.64515321840969619  0.65639262140389887  0.66681978154154975
  0.67830366486095239  0.68923591063307121  0.70035715420329936  0.71148306262486771
  0.72274265137120730  0.73351129686793803  0.74382830464897087  0.75421064206055866
  0.76489978316122631  0.77641098247943108  0.78839605444997518  0.79975071267198639
  0.81021913534105505  0.81996784587609217  0.82930643812558391  0.83875368781473636
  0.84832866038313670  0.85820903062533305  0.86780080545111293  0.87766926081707330
  0.88781639919120792  0.89826887731633120  0.90821223639651250  0.91751177864222955
  0.92775165504445134  0.93805875162478669  0.94802230882203697  0.95797236255423923
  0.96869292649151395  0.97938906691454253  0.98972737024093627  1.00000000000000000
 -0.00216711323247092  0.00935286940732812  0.01865011712045738  0.02832227759174471
  0.03797127109954138  0.04846751730608398  0.06014571727935042  0.07132541333668281
  0.08281695242709071  0.09478986382514611  0.10630242920847624  0.11746172783230552
  0.12798673774109298  0.13848307110551708  0.14874264455741557  0.15868372828354396
  0.16822050308609934  0.17741008879746920  0.18686252069624948  0.19709310074356168
  0.20748309835215678  0.21772879011524121  0.22796593678788624  0.23784202747079383
  0.24761789303001883  0.25751869328130544  0.26741233258437547  0.27708044451418323
  0.28682782042387905  0.29731295735613134  0.30858211243925782  0.31942780052513658
  0.33025762509549905  0.34097373685333549  0.35188806400810035  0.36233841213583351
  0.37271141966758697  0.38285306164322630  0.39304700604394693  0.40391834586938513
  0.41397103789977652  0.42389216621386294  0.43379089693067630  0.44436989193133153
  0.45531447204105624  0.46592783341444766  0.47641257410393373  0.48701126156527796
  0.49820507457643526  0.50933534151119009  0.52101952831411424  0.53154257132823624
  0.54182545357130252  0.55216862467041317  0.56240352318917863  0.57307301263597732
  0.58347881042149408  0.59442005846632240  0.60529062370525921  0.61595564577209427
  0.62659864404045063  0.63658298697020321  0.64644622164384402  0.65609622629127540
  0.66602470970290983  0.67628620108835602  0.68660538938840354  0.69763288542114354
  0.70900265002077612  0.72202888570884882  0.73455924474495193  0.74631636562698866
  0.75739352045473185  0.76837344901953641  0.77917860039582454  0.79031263092680970
  0.80145381728987197  0.81301737091997162  0.82281106513473556  0.83278009959167620
  0.84205227614932265  0.85183293153009587  0.86180572169989256  0.87210654060420101
  0.88219397903273800  0.89269826730136148  0.90399932390179871  0.91587883171896700
  0.92640237514766144  0.93641645845110644  0.94676044103802137  0.95713424831653171
  0.96717319905168930  0.97733810452412084  0.98868550999826466  1.00000000000000000
   1.5577908067682852E-014  -1.0000000000000000     
 F F F F F F F F F F F F F F F F F F F F F F F F F F F F F F F F F F F F F F F F F F F F F F F F F F F F F F F F F F F F F F F F F F F F F F F F F F F F F F F F F F F F F F F F F F F F F F F F F F F F F F F F F F F F F F F F F F F F F F F F F F F F F F F F
  <DiscreteSampler_grid>
  grouped_processes
  1 # 1 for a reference and 2 for a running grid.
  10 # Attribute 'min_bin_probing_points' of the grid.
  1 # Attribute 'grid_mode' of the grid. 1=='default',2=='initialization'
  0.0000000000000000 # Attribute 'small_contrib_threshold' of the grid.
  0.5000000000000000 # Attribute 'damping_power' of the grid.
 # binID   n_entries weight   weight_sqr   abs_weight
    19   10   3.698734344923977E-009   3.416846366007952E-017   3.698734344923977E-009
    22   10   3.914027014815359E-009   3.279346758269679E-017   3.914027014815359E-009
  </DiscreteSampler_grid>
