 -0.00004412699227489  0.00032722925845610  0.00089506768275788  0.00150951890957609
  0.00215396308606785  0.00288473080026486  0.00368935828191575  0.00449817396856329
  0.00525435200278363  0.00600517469326971  0.00676573134961118  0.00749069550080994
  0.00813753832923118  0.00881523708490807  0.00952481599869256  0.01022903501461412
  0.01093136037112849  0.01169737883779154  0.01289789707295132  0.01516287531340403
  0.01862517984568448  0.02113131290842289  0.02321753992722582  0.02502296572304320
  0.02661703965503692  0.02827332521137381  0.03006842200890208  0.03196347088064470
  0.03378552596334427  0.03556353093722672  0.03733463310057321  0.03907054725358140
  0.04083090383870451  0.04259953514385589  0.04439124943349890  0.04625315153068238
  0.04813542554910948  0.05007805738599273  0.05198197476996003  0.05398152472392097
  0.05610670193765328  0.05824427443296828  0.06033920022685882  0.06236378855400226
  0.06433441717449950  0.06626890005530449  0.06805635526812293  0.06989029365384244
  0.07190428239877591  0.07403403638962917  0.07614411036588715  0.07819969214503891
  0.08024203919264374  0.08230950579327999  0.08443395597545682  0.08666447621177253
  0.08901231327300474  0.09140082849939610  0.09372798546234157  0.09600139901730845
  0.09806433060811200  0.10024889292218453  0.10265324874003892  0.10505338656376077
  0.10740203641053721  0.10980250384130034  0.11233745324421561  0.11495118574961145
  0.11764864786968302  0.12011788791023244  0.12269625085016581  0.12530926868135073
  0.12793983664554390  0.13079061266066488  0.13390479093946142  0.13712851003196783
  0.14023427602332403  0.14351852274570162  0.14684010765911681  0.15045916355804917
  0.15439791573142661  0.15868556790886734  0.16321027761167028  0.16777611856900845
  0.17268029331721566  0.17805168122543616  0.18405377300828107  0.19101916484592157
  0.19951831075735418  0.21139544937156060  0.22815361243493434  0.25149230026677988
  0.29011445562580168  0.38850335941585823  0.76570970150523709  1.00000000000000000
  0.00928021042347353  0.01657767567704611  0.02729186516783762  0.03725757659677466
  0.04822429561174263  0.05934118746954876  0.07056979969339633  0.08130258750115768
  0.09227588494756672  0.10336985237507396  0.11445036402232971  0.12550121236459461
  0.13715124131128842  0.14897824288325492  0.16088637876754383  0.17208586041184243
  0.18248079884170504  0.19299044097302312  0.20354255577179434  0.21408788516546978
  0.22354655717121974  0.23342129064878014  0.24397654703457047  0.25500594008755434
  0.26532171460082771  0.27494958665833269  0.28484316998047543  0.29487237984906078
  0.30470263335753911  0.31435072335669623  0.32420604423786070  0.33422265359640052
  0.34445177094488250  0.35546650786456346  0.36728629274002889  0.37875381459372087
  0.38928158113061195  0.39920319431288837  0.40837279255035297  0.41775641645342804
  0.42673944544343312  0.43469069039134167  0.44231853109746982  0.45042339160632844
  0.45933239504979706  0.46982385566594470  0.48031797122871284  0.49078464533991512
  0.50070761866951119  0.51107703516263026  0.52195244703893051  0.53252000131731603
  0.54338364425211261  0.55525835240266752  0.56619675821821158  0.57674045695278731
  0.58678057254853966  0.59784103945955946  0.60952135737924851  0.62171355373158599
  0.63350030370629684  0.64488650863416108  0.65554417679436705  0.66593969811128773
  0.67583834981824009  0.68617070933761770  0.69663387868661919  0.70768522507468878
  0.71877294537214131  0.72931858345664835  0.73876753455850874  0.74805835635751872
  0.75817307953168267  0.76934390259372343  0.78037068328026149  0.79090196136923074
  0.80191357607372338  0.81249062652310322  0.82358131434532267  0.83505738617468395
  0.84646418969976123  0.85734056024005301  0.86779274237077775  0.87893809661696620
  0.89057697796538049  0.90225951060040377  0.91401025120757950  0.92609483716953300
  0.93674074835262189  0.94671140823980582  0.95629495461590741  0.96527039514843704
  0.97373001664396086  0.98392181623258979  0.99077063032879031  1.00000000000000000
 -0.00002566454336641  0.00013484159881225  0.00028674948938481  0.00045888693661091
  0.00063686527554770  0.00083743850892287  0.00104439022012693  0.00125526868351456
  0.00149858659056919  0.00173307058329446  0.00196154687609810  0.00219051378165768
  0.00242183392044153  0.00266052274606136  0.00290569079469333  0.00314465827593220
  0.00337337946493038  0.00360138204144625  0.00383257406190159  0.00406410771026115
  0.00429555500799289  0.00451906830222879  0.00473934826465327  0.00497305976607613
  0.00522232969280279  0.00548508092770349  0.00575324733693648  0.00601737350854045
  0.00627891663178464  0.00653032297438139  0.00678271288477808  0.00703845670385325
  0.00728628378564757  0.00751741760752890  0.00774910206418450  0.00799082719938439
  0.00824097361458951  0.00849270230533342  0.00873769974823584  0.00899503753434543
  0.00925757353373989  0.00952650894208892  0.00978509220572274  0.01005372667277775
  0.01034411232367518  0.01063932035605168  0.01094325793116536  0.01124076704132532
  0.01152958335574738  0.01182121064312021  0.01213097626332775  0.01244243028657053
  0.01275518714265374  0.01304642692841723  0.01334100022400179  0.01363643859481729
  0.01392622441451067  0.01421920029601198  0.01452204870284525  0.01482330910779495
  0.01512080896786275  0.01539902165081363  0.01571749708140931  0.01600261800329060
  0.01625940903149140  0.01652244606281065  0.01678812041454582  0.01706630260262985
  0.01734579810714490  0.01764207614013725  0.01795998896037066  0.01828237585133211
  0.01859802433459988  0.01892009007825314  0.01926287628774975  0.01961296518203711
  0.01995927857612773  0.02029971505404649  0.02063446420822812  0.02096019386732633
  0.02127863822022269  0.02160269696418769  0.02194242600259248  0.02228333743851667
  0.02262041962638670  0.02294214674595146  0.02329645460762620  0.02366639422211242
  0.02403415353697938  0.02438423039380372  0.02471477015002007  0.02503723763540104
  0.02539115263732424  0.02568435267521358  0.02594562773850020  1.00000000000000000
 -0.00191017170319862  0.00892340097530717  0.01903398242154308  0.02940901054052746
  0.03951423427080832  0.05110898159294773  0.06481098544951158  0.07954907525090296
  0.09348323835177731  0.10625030132057121  0.11819562867967627  0.13026564821949976
  0.14224173671662702  0.15329293654508830  0.16395581018165165  0.17603698428434847
  0.18768267778131748  0.19678590274266602  0.20656335245706439  0.21704469528238382
  0.22721033204455435  0.23744129077431619  0.24783853720446136  0.25872212312286585
  0.27009843400151362  0.28201907011253241  0.29436702557425043  0.30648960088096278
  0.31840213636526277  0.33021778968993526  0.34186255794793408  0.35323967646170829
  0.36403724656248515  0.37457975703500934  0.38521238611499020  0.39621906590236361
  0.40747622966815311  0.41840546836091136  0.42927114851235937  0.44059178444338282
  0.45274733706826215  0.46434307537663277  0.47583106086085736  0.48654773904983067
  0.49739592156580315  0.50838504713371302  0.51987001995873638  0.53118206490312525
  0.54171782831382376  0.55142813523863488  0.56054337886499461  0.56956017443544238
  0.57893296082288548  0.58850873721630992  0.59786967169226979  0.60746609948750796
  0.61734269978546119  0.62845289645681257  0.63943991355553520  0.65027692547671112
  0.66110355835013146  0.67178306203565619  0.68252390726068546  0.69392219189640714
  0.70390886101032180  0.71406980568959710  0.72333012379866612  0.73342161816412454
  0.74338084791418069  0.75323524972550904  0.76330386627075175  0.77299698861749411
  0.78283349977960215  0.79295683972856823  0.80257282543160513  0.81205022176838282
  0.82160877522037679  0.83153895072042683  0.84175956121259510  0.85091531338847859
  0.85998751134229057  0.86865972129142133  0.87788230366866338  0.88734535296254491
  0.89668799355793494  0.90576042367704601  0.91501541313809676  0.92448107002526048
  0.93448079255500671  0.94373221714952393  0.95321115438911241  0.96315149880826834
  0.97172337391910679  0.98033514010657219  0.98946033726578619  1.00000000000000000
 -0.00244074578437345  0.00930696915309286  0.02105135943764684  0.03196367371584457
  0.04373050625664918  0.05546248074246257  0.06647497907841385  0.07690978950313222
  0.08731778881136341  0.09755042888121553  0.10779840197989214  0.11825355420580194
  0.12889783671016886  0.13927593362076093  0.14909479738241047  0.15800400001341816
  0.16698068325025861  0.17675847947354867  0.18696902114721367  0.19744590918092378
  0.20790363725081518  0.21829541176515088  0.22899375136084094  0.23924112697163066
  0.24916261156277425  0.25953463802262094  0.27026236310983875  0.28105689343464280
  0.29208471839441519  0.30362089993342711  0.31545311506302748  0.32675552629255972
  0.33752894361936359  0.34866716443776075  0.36020721690785940  0.37193444843145207
  0.38373866424707359  0.39549395644291863  0.40641645461324510  0.41779235002545345
  0.42873968221421832  0.44004578376172870  0.45163549066908099  0.46341964574251410
  0.47462972277242338  0.48587933084444024  0.49766585379193801  0.50936249507012765
  0.52060878259266274  0.53135720787069096  0.54210095372821543  0.55357416118906755
  0.56527862667510020  0.57664283235160063  0.58782766831527200  0.59890234893450567
  0.60968184238149770  0.62010465731013031  0.63024354335424448  0.64028428913637025
  0.65070383500058226  0.66195066505818401  0.67379912996984481  0.68547734815606876
  0.69586811659961578  0.70545604314091359  0.71423268475665402  0.72243793394421474
  0.73057873377339577  0.73952879177466169  0.74890080944139259  0.75882752567700373
  0.76900609476700410  0.77899499662990723  0.78892626915436359  0.79915698191915518
  0.80995092545391956  0.82126756124515721  0.83217252233742778  0.84148421728440614
  0.85014109219448708  0.85951314031660808  0.86941076783846449  0.87952727849474110
  0.88867249087982048  0.89860048435119610  0.90983323919609027  0.92087211301877958
  0.93216314074683271  0.94304941838000422  0.95314486589730241  0.96218066937382496
  0.97072283312062912  0.97983203851591461  0.98972880494782023  1.00000000000000000
 -0.00221844891415783  0.00903079276434477  0.01766644188175937  0.02747876435832227
  0.03764293995737262  0.04742031183317219  0.05687138515409433  0.06721673149829520
  0.07766005197501240  0.08739290996212969  0.09650890830534642  0.10523281596508384
  0.11507202393925070  0.12586209749639490  0.13693169224306578  0.14807650553285040
  0.15881282661840596  0.16940370656127740  0.18001264770631259  0.18980894414137897
  0.19947964823824252  0.20950675515420480  0.22048268479742816  0.23163362840412649
  0.24257001895043045  0.25337864061298526  0.26451185523445375  0.27599778344630543
  0.28752705885097452  0.29944643629372275  0.31161414037792984  0.32398788125035638
  0.33608543291124915  0.34765002324161565  0.35866267415424968  0.36969676449433764
  0.38040293790188057  0.39144313063852632  0.40228577857590581  0.41300652003354338
  0.42357295035264253  0.43394240190059746  0.44386440302295765  0.45402073512011465
  0.46414173796741598  0.47515758658379353  0.48579082913770544  0.49654833293603562
  0.50689948426311859  0.51722635874809242  0.52731021713647597  0.53762659682770497
  0.54866934820269297  0.56055576579064126  0.57154347839716191  0.58225466601681908
  0.59274901948537295  0.60341959202564388  0.61363639401648373  0.62349200038913555
  0.63302261438926488  0.64248847019049904  0.65274068796061879  0.66328697781581669
  0.67405075815906224  0.68513024144519163  0.69647937992589126  0.70815796369292638
  0.72018770544580102  0.73189971407470711  0.74312669183060531  0.75432852515394189
  0.76581416610799313  0.77677467513529930  0.78716225650328053  0.79760492150010087
  0.80830205892247220  0.81880968106398999  0.82913989575973612  0.84005708011795355
  0.85168938538243455  0.86296915646705297  0.87352728378774991  0.88459729270358878
  0.89586506958732282  0.90569534582598632  0.91486454219383628  0.92452075987937554
  0.93433507794040049  0.94355658262987574  0.95284132092273222  0.96219431539481692
  0.97176034900739605  0.98180602395060879  0.99161660760930026  1.00000000000000000
 -0.00274354744132946  0.00995002079734148  0.02193466511802473  0.03332017533397321
  0.04485660810052226  0.05581618204408787  0.06695815954141245  0.07783513017193082
  0.08819514375310322  0.09878470559875942  0.10990400815909196  0.12120891179744543
  0.13179244512956192  0.14228788522886612  0.15344308435082887  0.16445229277626300
  0.17633396534713985  0.18754565421105163  0.19862394565124852  0.20935005533764114
  0.21964447577714075  0.22990700434348718  0.24019668084575693  0.25143544601437817
  0.26331607168513643  0.27477905327763114  0.28552238046835970  0.29601366792002104
  0.30596242560478620  0.31540603828428521  0.32442135707900649  0.33345092727668885
  0.34321068272585309  0.35326259081791689  0.36395013673848142  0.37453187177170749
  0.38518400756333121  0.39714305334727629  0.41001066474872055  0.42114932249177034
  0.43076386489773921  0.43941412323854651  0.44767509834112218  0.45706532320718307
  0.46665386568491385  0.47621377148247734  0.48652458689006434  0.49732896911028435
  0.50794352613785687  0.51815444174259973  0.52817710598294498  0.53803995447641295
  0.54813913845576090  0.55867008512672534  0.56918602606452884  0.57956945819235184
  0.58982864014056546  0.59943019423788801  0.60920727172856359  0.61841895641404032
  0.62766023177052688  0.63794949111978139  0.64866410344426129  0.65871221024078341
  0.66800976833733738  0.67759296666296842  0.68749927553420709  0.69804665103258767
  0.70823612063861630  0.71819669457961721  0.72847144774243955  0.73882641751605138
  0.75001425518577225  0.76142708192378739  0.77234201228718202  0.78123751721890544
  0.79112197244148785  0.80129187722537421  0.81200201840118824  0.82155965998819491
  0.83086192235451417  0.84027396045092351  0.85155253081512694  0.86211331314347872
  0.87363624263948414  0.88519075934317926  0.89660844345559632  0.90789922705005788
  0.91911979849386316  0.93083298509176360  0.94247167344245919  0.95378229422735972
  0.96549231739993369  0.97711278093767140  0.98873555021659398  1.00000000000000000
 -0.00221135558441295  0.00865818124959079  0.01890759822665346  0.02979057885831901
  0.04070889263599432  0.05168138983326279  0.06240053278153817  0.07306561453145453
  0.08387654076993391  0.09528994199471393  0.10733589796555069  0.11927328796626940
  0.13105602856271387  0.14287802005566744  0.15456240439841246  0.16591153281577944
  0.17614793797772732  0.18563394719880882  0.19532486174537222  0.20553452961002794
  0.21566838392443125  0.22529215289771942  0.23503314896618432  0.24545588108178351
  0.25596502450221326  0.26637356074573804  0.27672820538372539  0.28736494239669724
  0.29859132215831152  0.31021010517792036  0.32165443055241671  0.33329060380217401
  0.34544983850866690  0.35723263882731515  0.36826483176143426  0.37972149100934588
  0.39051834196125262  0.40050167351654037  0.40965087064622713  0.41958896489761038
  0.43011629958154574  0.44006262032442084  0.44981907743343730  0.45969946185189564
  0.46865234413105422  0.47729996212006037  0.48592206718820979  0.49430677105799409
  0.50364981684297061  0.51504630165888043  0.52701555805052069  0.53836557270934260
  0.54982942950180425  0.56068565993298258  0.57092938750507249  0.58128846199269912
  0.59098304945960334  0.60018760156357975  0.60953518282395014  0.61927247605133329
  0.62943615985300205  0.63945004170395425  0.64913225921294737  0.65954264944301255
  0.66987327819354670  0.68018000881675211  0.69042973648210293  0.70131665388518771
  0.71215910844246000  0.72377274968895566  0.73534821715529664  0.74674321707350977
  0.75679984821028479  0.76641248091357506  0.77663141513694367  0.78767288826625059
  0.79830745313216678  0.80875857656952599  0.81899428549916065  0.82994965363552009
  0.84086198611966012  0.85204847085318702  0.86280247983249614  0.87350324838396454
  0.88429302167152180  0.89540315982971086  0.90639265108058364  0.91699435470237667
  0.92754008585260350  0.93780155952632227  0.94811015991982461  0.95871366804591751
  0.96903065807272626  0.97988687824042409  0.99036621954736759  1.00000000000000000
   1.4769488345849959E-019  -1.0000000000000000     
 F F F F F F F F F F F F F F F F F F F F F F F F F F F F F F F F F F F F F F F F F F F F F F F F F F F F F F F F F F F F F F F F F F F F F F F F F F F F F F F F F F F F F F F F F F F F F F F F F F F F F F F F F F F F F F F F F F F F F F F F F F F F F F F F
  <DiscreteSampler_grid>
  grouped_processes
  1 # 1 for a reference and 2 for a running grid.
  10 # Attribute 'min_bin_probing_points' of the grid.
  1 # Attribute 'grid_mode' of the grid. 1=='default',2=='initialization'
  0.0000000000000000 # Attribute 'small_contrib_threshold' of the grid.
  0.5000000000000000 # Attribute 'damping_power' of the grid.
 # binID   n_entries weight   weight_sqr   abs_weight
    25   10   8.151232220383893E-013   3.120994618165129E-024   8.151232220383893E-013
    28   10   8.654204801669688E-012   3.784801881821163E-022   8.654204801669688E-012
  </DiscreteSampler_grid>
