 -0.00000000880909402  0.00001023387332178  0.00007289582194668  0.00020954107756672
  0.00042757143863524  0.00073216311025505  0.00110467021308347  0.00151536613600948
  0.00196760524692625  0.00245982674034073  0.00300725676315593  0.00359080649047627
  0.00422321582023964  0.00485303552749762  0.00549710337310080  0.00614105283067624
  0.00683673105664382  0.00756954462872713  0.00829802627742750  0.00903108582138415
  0.00977129532011938  0.01053363066407072  0.01132621487976881  0.01218552268592212
  0.01304341689488542  0.01389702632413257  0.01476816672177330  0.01565290376672526
  0.01654852700766226  0.01743591511456848  0.01829887744592345  0.01917669723907464
  0.02011482958372512  0.02107380444452157  0.02203027100641450  0.02301052575802091
  0.02398199594481297  0.02498563124179437  0.02609576750320916  0.02726089952582192
  0.02843502596507981  0.02959843274986351  0.03074015861940257  0.03185087149423507
  0.03292425534998637  0.03400426110242166  0.03517838465955560  0.03637296175285927
  0.03756720148153330  0.03877171920990730  0.03999206556964491  0.04120572255818671
  0.04241912991922247  0.04362329786722813  0.04486516722079865  0.04618576773269112
  0.04755630038196142  0.04891176946416367  0.05023827435966081  0.05154877791699879
  0.05288933592709203  0.05427188432963861  0.05569243064297717  0.05713065463395527
  0.05856345523020814  0.06000831964121120  0.06158279094044142  0.06326955045288182
  0.06501513129407704  0.06677175921058690  0.06851168609213851  0.07030124595907843
  0.07208984422414473  0.07389399198972579  0.07571557464118575  0.07753047449107309
  0.07947705535224592  0.08150930411754848  0.08386700041017582  0.08638166927226409
  0.08891552946709107  0.09147315881177978  0.09420842082211345  0.09712937426954280
  0.10021969168274854  0.10377548482331091  0.10793015114189294  0.11287007022653055
  0.11855801800317774  0.12455029712167358  0.13138989325603842  0.14023319923216224
  0.15590243292898348  0.18867481108129855  0.32008481399044575  1.00000000000000000
  0.00947858985083530  0.01529826262048619  0.02439821671762412  0.03493968052994881
  0.04545764738766021  0.05648884933528047  0.06684719864778881  0.07703086101803597
  0.08749568922155548  0.09815256291323815  0.10864145876688525  0.11926825906472992
  0.13058663658150627  0.14220559410025616  0.15343346213551246  0.16395985760092893
  0.17361209466532912  0.18313914244894336  0.19245098086580864  0.20195694906086359
  0.21143393196876512  0.22056792527919353  0.22986273986726066  0.23988521788994754
  0.24983781936767574  0.26270424731485831  0.27590276440361777  0.28888819849983044
  0.30041690288278478  0.31104853094257290  0.32193069911845085  0.33250204565285246
  0.34211526216563881  0.35149635237397125  0.36118737108198579  0.37125917775179418
  0.38101329014075264  0.39031809979367715  0.40016743065244859  0.41058278021999328
  0.42105565992091226  0.43140088698670359  0.44156486300232561  0.45217443051168982
  0.46284952690081171  0.47366579420794486  0.48390270952051712  0.49417443094617636
  0.50460874341275463  0.51484417981724950  0.52472270482233563  0.53474288411306958
  0.54476812478852554  0.55481774278657581  0.56474851255614766  0.57438594429957912
  0.58435475719587981  0.59442272118136297  0.60441260376926687  0.61493052225120071
  0.62562939047461108  0.63649590406159073  0.64694764947928007  0.65599231035326788
  0.66505822164232220  0.67453155422851307  0.68441862771594075  0.69492038056872452
  0.70553273715756049  0.71677116582841427  0.72957289201604647  0.74188834616596344
  0.75432645469530757  0.76690789274652660  0.77776534230025240  0.78735886938211819
  0.79615744251063070  0.80445501351987325  0.81338859161788946  0.82305787587211099
  0.83292123341328617  0.84312048459651001  0.85321534349946948  0.86333878607997927
  0.87354703648743548  0.88336141018514702  0.89287307254209203  0.90245386150148721
  0.91247549884310031  0.92324511015210531  0.93430223532598122  0.94586559251172320
  0.95829556083010181  0.97155814584857680  0.98560814393283269  1.00000000000000000
 -0.00002109071373465  0.00024848306712209  0.00069557613750418  0.00140762105094145
  0.00238129871251049  0.00356253965195102  0.00493430074046928  0.00650063338063164
  0.00836159486742732  0.01045791471900591  0.01280024682380112  0.01553332327213766
  0.01827657421689903  0.02088883985065604  0.02366489002495409  0.02670143973811790
  0.02992300084332023  0.03312011034189298  0.03661448817950450  0.04044852184775604
  0.04449021723416290  0.04860406095847013  0.05274363624369027  0.05689571301736004
  0.06112328870878327  0.06555116745827297  0.07035503930376835  0.07554440640556115
  0.08139595394431887  0.08778056700546119  0.09398460379154368  0.09964451126128962
  0.10501471743666074  0.11043387233817352  0.11580471049695416  0.12128370763289179
  0.12655055264721246  0.13216495741596174  0.13805757114248260  0.14456572762242573
  0.15182594016297679  0.15917999477496447  0.16683813263558211  0.17432924411202672
  0.18156593765375009  0.18855121252480386  0.19549315263322226  0.20247057853047853
  0.20928477506789819  0.21617118172819830  0.22341776721780113  0.23100195386494379
  0.23894302775980661  0.24721264836791254  0.25628731209912609  0.26542266450887714
  0.27463537761488988  0.28492748276665675  0.29586551007330819  0.30690696807902917
  0.31779558451909407  0.32860530214292843  0.33943175062153430  0.35068634334712817
  0.36234261032296522  0.37417682867928892  0.38592802282270211  0.39658169300491097
  0.40720164876410125  0.41762293856678007  0.42804287277697500  0.43859223680668830
  0.44928007236410050  0.46009084426117869  0.47112239448966381  0.48225861385755625
  0.49348622629118649  0.50474727536379616  0.51599237235753581  0.52717252010689408
  0.53869564186860674  0.55064057259499122  0.56247445115974082  0.57445210612696784
  0.58645119262962186  0.59880420415796998  0.61151817921627694  0.62439980290916042
  0.63703882057803862  0.65027550223575437  0.66354106278863112  0.67719966891785266
  0.69055891127006541  0.69914456599753783  0.70015457265369452  1.00000000000000000
 -0.00293011171394685  0.00998934578725423  0.02160136183229220  0.03341515926787908
  0.04530203566516777  0.05697859556355264  0.06791835635453210  0.07816744735697771
  0.08818903853648523  0.09798519753304223  0.10758173607562121  0.11733838664648094
  0.12709678657866183  0.13795836324527097  0.14957587665690367  0.16174098161607950
  0.17366267141120720  0.18533789701901973  0.19711202156968860  0.20945522388639595
  0.22244613186967091  0.23584812252598536  0.24861320595720565  0.25910525455030420
  0.26832385052090690  0.27770765654928681  0.28707085765642820  0.29646457725979097
  0.30559022509067274  0.31463072341286785  0.32368047699213381  0.33230786813768898
  0.34063166733335160  0.34895389188097659  0.35783253923298503  0.36700052983182219
  0.37603548476814935  0.38648192488730326  0.39767965184786896  0.40893558727523383
  0.42029333061359692  0.43140039249689177  0.44286854919323271  0.45441884050980019
  0.46607001556873112  0.47783589106496288  0.48917033693692513  0.50014805155757158
  0.50924817978589043  0.51840552300188636  0.52776825396692562  0.53691296373265507
  0.54625305496274268  0.55518085194063915  0.56446770377728972  0.57519323669341349
  0.58634448523752736  0.59709719026677865  0.60817091990573358  0.61958513359417000
  0.63103388947016958  0.64202568772601298  0.65303346861795686  0.66397037119363111
  0.67480658272693816  0.68562807494171618  0.69710607502655819  0.70855320493364782
  0.71864366120641765  0.72781968432163546  0.73696753137061322  0.74642582460937545
  0.75620526044100478  0.76600687408801715  0.77591070719760380  0.78601292468311590
  0.79627569728610881  0.80693101687692648  0.81702652749258042  0.82729867749724395
  0.83772590428039018  0.84859961925562377  0.85891178126222056  0.86904837931786705
  0.87899145869000939  0.88832015711326717  0.89739622273088282  0.90617303810315397
  0.91478881794725431  0.92408304644291916  0.93403410776191120  0.94536240448553865
  0.95844033030893583  0.97196096328014181  0.98622251125957983  1.00000000000000000
 -0.00198906760785158  0.00742537646461647  0.01526039473141302  0.02377203947136187
  0.03192921327181807  0.04022350536145532  0.04856149682666411  0.05713957427586976
  0.06623797113229005  0.07561717594606027  0.08583174494823143  0.09654413961131060
  0.11001734710779759  0.12350457637128227  0.13463238523110610  0.14442214154892627
  0.15398534434353622  0.16365827162730440  0.17359419556466626  0.18368729405448730
  0.19474945016945752  0.20678468221205454  0.21908126407173428  0.23120651202879464
  0.24288257568859997  0.25415403169614031  0.26531469888021825  0.27645617765280345
  0.28761747324032882  0.29848065907733584  0.30913579187458456  0.32007530990070931
  0.33113465938672942  0.34180148751081174  0.35218936647869298  0.36282695112585561
  0.37384752437088092  0.38504345876479346  0.39611816019557378  0.40710607778730384
  0.41717136226750712  0.42591987233524226  0.43441993951638608  0.44299013733062820
  0.45124113428638296  0.45950684618369148  0.46824495426247215  0.47760848793091160
  0.48930476054506783  0.50219128656069378  0.51496221411312049  0.52756793848727157
  0.53981299481799094  0.55146012403381273  0.56246687544581742  0.57226567872793233
  0.58203345074708079  0.59161433281658959  0.60102209767817683  0.61033104080078981
  0.61952620868335684  0.62894005791844398  0.63833175891776572  0.64793192897940388
  0.65777941663806894  0.66762524199121787  0.67742999395173897  0.68733123529216089
  0.69787676433805745  0.70821532798665465  0.71828756948412664  0.72887744737882065
  0.74022018761388109  0.75144267709198465  0.76213806979896193  0.77303166229042619
  0.78485373452320051  0.79711876508154755  0.80928441611051027  0.82109478921845791
  0.83270592594955639  0.84495605031892274  0.85794149496786953  0.87148792218078330
  0.88464123515378945  0.89684501002166073  0.90906855945481946  0.92081271383251562
  0.93182591844761631  0.94276406911619326  0.95404117809233535  0.96394050984970636
  0.97315357066805963  0.98222667050231094  0.99096789686289966  1.00000000000000000
 -0.00207975609049591  0.00885044653334048  0.01847512990138876  0.02867588536762292
  0.03843736969684641  0.04897077716903040  0.06028178600218374  0.07151134757666047
  0.08238266424740960  0.09266212481750641  0.10303259318298807  0.11305584044866983
  0.12299245740614762  0.13344170502264488  0.14437258809114129  0.15578691693606314
  0.16710623037042016  0.17839023872289447  0.18949173753756118  0.20079185843713104
  0.21194763908026845  0.22283156093603604  0.23417702955043709  0.24556402266032709
  0.25650231040377042  0.26691397199735295  0.27729874148015693  0.28779702518613798
  0.29760415977763310  0.30720764299650843  0.31678937075470726  0.32655837926066339
  0.33657188328309301  0.34633029281261429  0.35580006599795849  0.36542977191274018
  0.37563018317928498  0.38669134044303066  0.39790601112553053  0.40902037753588205
  0.42009867404172807  0.43116234517236829  0.44196063491123594  0.45285343491897290
  0.46459072043894867  0.47718367001309769  0.48862239620332731  0.49915519228531507
  0.50978875467237716  0.51994600097298793  0.53012976438933768  0.54064797111486151
  0.55179173634311618  0.56348301315366611  0.57514683384759979  0.58669824581877816
  0.59931715531424357  0.60993937027859491  0.62021771801693115  0.62963253329999980
  0.63898334771712595  0.64847443088160195  0.65768342594643925  0.66688333174118675
  0.67598910439773963  0.68508474577496692  0.69399006765691451  0.70275646937030001
  0.71184727123932012  0.72114804850379810  0.73040677877689564  0.73968990369483789
  0.74918206074443461  0.75919406236701203  0.76928254082344871  0.78007068671934809
  0.79146260719444750  0.80314790153935312  0.81430457941184542  0.82465047464659202
  0.83487079096857220  0.84547206401670483  0.85614272892354160  0.86648650899870727
  0.87697324252071063  0.88796286233174093  0.89955414411609125  0.91109880743118288
  0.92306563725871049  0.93562298175330105  0.94779493494292899  0.95950698290699088
  0.96955419084180805  0.97968646424910322  0.98960558017796485  1.00000000000000000
 -0.00245082480446466  0.00918734343748852  0.02003830749736423  0.03110751574352370
  0.04209034633931478  0.05292411462491584  0.06393055150588620  0.07505411177811502
  0.08741712815502208  0.10007394519724451  0.11174466326972282  0.12262583162157883
  0.13272421956219593  0.14218835398060142  0.15142303376026217  0.16084202561682759
  0.17059249922794364  0.18045924146831405  0.19070817507063600  0.20206323468826612
  0.21452978732475086  0.22705517920077622  0.23836242838667490  0.24921175801611198
  0.26043438059701041  0.27163318612139808  0.28234486503625766  0.29250649220039904
  0.30258678696363456  0.31310564686267822  0.32412227375309605  0.33478956420269040
  0.34450001740581260  0.35380964989806796  0.36342646564770753  0.37367053159414160
  0.38426252486542944  0.39477054923578353  0.40537530058359594  0.41660476542054681
  0.42879912322393127  0.44087509605091407  0.45196613530045804  0.46318377486306672
  0.47479340404344211  0.48636019754329779  0.49795026451578794  0.50936372705007127
  0.52034359065701308  0.53101278056963086  0.54164299229437152  0.55220757813243970
  0.56251595978479196  0.57250282426350940  0.58241776370018017  0.59249087046394366
  0.60253690466983145  0.61295606774570222  0.62346526828532589  0.63398827053743501
  0.64452260548223661  0.65518534382895044  0.66544963862411743  0.67519224574902648
  0.68475336585029001  0.69422265528611360  0.70364511291515863  0.71308307026271511
  0.72304812236778748  0.73388493603867733  0.74502843317029688  0.75621680837835381
  0.76730531688885473  0.77824150161021255  0.78897905133927837  0.79930103176771827
  0.80946483291152682  0.81972829706724126  0.83035756365666746  0.84103128929560045
  0.85116865471196013  0.86082454569017663  0.87056993309744268  0.88061869748562560
  0.89045687496118697  0.89982265055687005  0.90875193146677136  0.91851594044915830
  0.93006269667840724  0.94137634738294573  0.95177150142275946  0.96183358902885585
  0.97201748752222050  0.98169700394818060  0.99096512911294721  1.00000000000000000
 -0.00363967554901944  0.01252581075904825  0.02478330187876701  0.03595510763785536
  0.04626337379669672  0.05602562237476383  0.06589604469127580  0.07590722904121275
  0.08630945498391741  0.09693216175889691  0.10745514639948815  0.11848610064754857
  0.12941888595573406  0.14064388322466392  0.15177673968403566  0.16287650159836400
  0.17513839549492649  0.18697877256292839  0.19763006061429933  0.20779441754251088
  0.21807231857269249  0.22803790831060564  0.23754042662827743  0.24699261099391265
  0.25703930653953033  0.26738216905191547  0.27831436617592237  0.28931505004771113
  0.29892408829588901  0.30800292140712954  0.31719768260281056  0.32657584936765094
  0.33578299703307662  0.34493366917602786  0.35391837527620973  0.36526896437856443
  0.37680182810810608  0.38840146283173005  0.39952036449504263  0.41047265202924432
  0.42132221470963466  0.43213858603140065  0.44344535668728685  0.45526321863636876
  0.46707448005651508  0.47851207553109198  0.48978296097666946  0.50110775122828000
  0.51243113702035481  0.52376458423689420  0.53521276256489470  0.54635321329731346
  0.55661280764025101  0.56600218680268854  0.57489881975114476  0.58382620920567230
  0.59256040268993049  0.60130419118407852  0.61048296850902928  0.61989093263761585
  0.62949378712075554  0.63908417149670838  0.64906271349107425  0.66034962491630145
  0.67220538472094404  0.68400116140378275  0.69525582122001839  0.70635563234253795
  0.71754882565154265  0.72897912568444145  0.74061798677248758  0.75201047176497016
  0.76288165581444600  0.77311445335460383  0.78279524036120485  0.79216654579504087
  0.80074086644759890  0.80918553200723009  0.81793131593736434  0.82741920436957694
  0.83720978317613282  0.84772310959601072  0.85813312258575236  0.86888668608674358
  0.87889393275294825  0.88870643437619756  0.89931579403823825  0.90951025241328831
  0.91992134195180697  0.93134788630299015  0.94340268503003644  0.95625502654519512
  0.96708867295935752  0.97816787743444733  0.98907174036178214  1.00000000000000000
   3.3341887845070963E-016  -1.0000000000000000     
 F F F F F F F F F F F F F F F F F F F F F F F F F F F F F F F F F F F F F F F F F F F F F F F F F F F F F F F F F F F F F F F F F F F F F F F F F F F F F F F F F F F F F F F F F F F F F F F F F F F F F F F F F F F F F F F F F F F F F F F F F F F F F F F F
  <DiscreteSampler_grid>
  grouped_processes
  1 # 1 for a reference and 2 for a running grid.
  10 # Attribute 'min_bin_probing_points' of the grid.
  1 # Attribute 'grid_mode' of the grid. 1=='default',2=='initialization'
  0.0000000000000000 # Attribute 'small_contrib_threshold' of the grid.
  0.5000000000000000 # Attribute 'damping_power' of the grid.
 # binID   n_entries weight   weight_sqr   abs_weight
    25   10   5.916351917370490E-013   7.456640964027423E-025   5.916351917370490E-013
    43   10   8.649102306021450E-013   1.478877166561520E-024   8.649102306021450E-013
  </DiscreteSampler_grid>
