 -0.00000001168365240  0.00000631055821869  0.00004725853895594  0.00013214462310633
  0.00025837203308121  0.00041752112893762  0.00061154045657878  0.00082288170808537
  0.00106312460342084  0.00132800068618006  0.00160598823627024  0.00191453204748020
  0.00223551227263538  0.00262881272703779  0.00301090383643715  0.00344720106796569
  0.00386255621410323  0.00432268395568458  0.00479034848679543  0.00527072821806678
  0.00576947641031240  0.00623286677776793  0.00670672514812708  0.00716247580447509
  0.00761437341360465  0.00807354041915244  0.00855017311326025  0.00905799076434335
  0.00957941536992665  0.01008141148917235  0.01057360845264006  0.01105903439371642
  0.01160581814852386  0.01218259281091155  0.01282949479145548  0.01369834633065748
  0.01542203149816206  0.01763129739909699  0.01928067447268428  0.02082530802992675
  0.02226814308311766  0.02366112628613738  0.02501409512155080  0.02636581352144317
  0.02768987270925491  0.02903441567633036  0.03034254930059810  0.03163750604416306
  0.03296343622244660  0.03430858888277760  0.03564447093398394  0.03700145923252219
  0.03837430862859660  0.03977980981517213  0.04119494490729186  0.04262044570737012
  0.04406522138386389  0.04552315878215359  0.04694537784315127  0.04834165886070470
  0.04973970723881368  0.05114380652680992  0.05253833409228657  0.05396958725644641
  0.05562405724060209  0.05734538985345223  0.05913630320672348  0.06091572589815757
  0.06267524218221326  0.06444274677325565  0.06624256000535386  0.06799504493557609
  0.06983917551410886  0.07189360539215980  0.07409584570686685  0.07640144857523366
  0.07882138868338479  0.08133312268993723  0.08386770001066313  0.08640048841169308
  0.08886755217835039  0.09153570492033421  0.09490108253022733  0.09838509343344744
  0.10220742978143008  0.10630125435164699  0.11066737838955840  0.11525790996997506
  0.12083250285484270  0.12838091552412179  0.13692197569581468  0.14686299706914616
  0.16202681754921261  0.19648214154052557  0.31918832463384039  1.00000000000000000
  0.00995416817989761  0.01486106891469184  0.02340835822333269  0.03296858173603080
  0.04284002872376241  0.05306128146319132  0.06337336632626431  0.07393221742582133
  0.08441343930798254  0.09540199844878684  0.10599897272656775  0.11547376712239368
  0.12446383230790797  0.13269848397383369  0.14091290765651088  0.14911281173615437
  0.15724365830091908  0.16499190147490339  0.17438165616330140  0.18407565642661106
  0.19395315013829478  0.20440431751601121  0.21454081753212345  0.22522347246396177
  0.23574537745512436  0.24605236435886402  0.25589995317087066  0.26535189187759661
  0.27531351966864809  0.28514586454112872  0.29589715879928269  0.30697549042400951
  0.31855935880781755  0.33058829534410916  0.34209393013155459  0.35333798858139770
  0.36412394908959145  0.37476331986351519  0.38408189584547153  0.39366184756198724
  0.40336786061011048  0.41339607067516210  0.42375058553950634  0.43386309057282696
  0.44391557981401586  0.45363196935259753  0.46347040462057421  0.47342680303335150
  0.48347682962119159  0.49364833913236034  0.50419461459628245  0.51480200208515536
  0.52458285596492982  0.53365295940310575  0.54289169104708124  0.55255332960839532
  0.56227700767196342  0.57232437685686388  0.58276469510328521  0.59458404349707594
  0.60698276177084698  0.61885711270721688  0.63084556969247096  0.64258975952623987
  0.65390208271847405  0.66458368544758384  0.67543242188801345  0.68662691144627230
  0.69735287201815399  0.70798672981892985  0.71837486833131292  0.72914628425530559
  0.73993537586626634  0.75024472522080121  0.76134326942814734  0.77246520341805802
  0.78458929525594490  0.79639586511063076  0.80785866022535946  0.81850607393828667
  0.82853543309616318  0.83920065447881476  0.85026168692530191  0.86126629716933811
  0.87243010858251524  0.88492692515106564  0.89824358591869724  0.91101349182870495
  0.92276540343117819  0.93411541063014869  0.94550348035555476  0.95732195767051731
  0.96860932353517837  0.97956355561460007  0.99141027995363717  1.00000000000000000
 -0.00002243379826719  0.00025628309312027  0.00072431131007337  0.00143586920422400
  0.00234996561462403  0.00350396924433147  0.00498295809652008  0.00677297703443171
  0.00853037737964766  0.01043732039273318  0.01264887101186371  0.01509244344386285
  0.01768398884105639  0.02040980169488543  0.02324131436357523  0.02617129659787462
  0.02929582484909556  0.03253369252046454  0.03598062346068391  0.03957306053840000
  0.04333754868083659  0.04732495271987777  0.05143940534947139  0.05546067073407895
  0.05936195462498004  0.06334002471697919  0.06755639646553478  0.07195314000042871
  0.07660935735472187  0.08180531606893184  0.08744770146148752  0.09313386916262208
  0.09906116548271225  0.10511211798922418  0.11122080354898015  0.11735387380433962
  0.12351623462011624  0.12977528750790837  0.13613192663393706  0.14271316589509642
  0.14953700447625554  0.15634217296080816  0.16321329303079299  0.17029250008649838
  0.17746146496569401  0.18466232512939315  0.19213331350182303  0.19981991047833403
  0.20762729592220935  0.21543238846464918  0.22349920643821680  0.23196856966492699
  0.24084324971102089  0.25005182227074602  0.25942612571795698  0.26895257911840592
  0.27818429364006653  0.28731189861094342  0.29631243912378702  0.30521904261880506
  0.31444385029555999  0.32423839768020940  0.33403124787672944  0.34388860956352330
  0.35393280766122148  0.36399909926120766  0.37451570490786434  0.38563969399371489
  0.39737937802849183  0.40974763229213790  0.42152058989683994  0.43279709651078241
  0.44358993684126019  0.45418509912876431  0.46490293279908707  0.47591779155746189
  0.48711534950726904  0.49869705143328291  0.50992801127277043  0.52130150587389457
  0.53313684542114947  0.54498969779004391  0.55648053911085704  0.56792043819279980
  0.57973349982943256  0.59259036685181110  0.60585678332456183  0.61902245353915653
  0.63230907208668163  0.64541643693423667  0.65877901577160425  0.67288166214173073
  0.68703342620319607  0.69688574172230178  0.70076421652261922  1.00000000000000000
 -0.00269089463701814  0.01037517995199408  0.02166100620521809  0.03311124249494506
  0.04421250922299180  0.05524797910393890  0.06726125392514402  0.07991341496801238
  0.08954245999402119  0.09811207915914562  0.10758677464345139  0.11783298998421705
  0.12795187676141989  0.13781673094816019  0.14860633178396288  0.16184430459295160
  0.17575383527675292  0.18881543431045072  0.20137098878733492  0.21445131507403678
  0.22736495098214346  0.24093912579218602  0.25313475619084280  0.26319756239346498
  0.27304332225373606  0.28222895048633706  0.29144591679443183  0.30016883823056745
  0.30931134204779853  0.31897586138177386  0.32940874079055893  0.33996479363756787
  0.35082276294867831  0.36183809795222099  0.37304804479750092  0.38447858079104269
  0.39621116296859338  0.40795567571771346  0.42025431403413344  0.43312369585364874
  0.44477450042050659  0.45535656615434572  0.46477489045284498  0.47371283896138527
  0.48264330723950516  0.49103288260396777  0.49961968059448025  0.50867321371051710
  0.51828842550190102  0.52891505788227478  0.54045714512070286  0.55148131569204561
  0.56250995526936809  0.57344148412963469  0.58391482761568714  0.59410804582064347
  0.60420767299958866  0.61453563846207071  0.62489498983685399  0.63515953708420558
  0.64526535471100832  0.65552391868847826  0.66598676335678975  0.67708227597680026
  0.68828208116735468  0.69883228013276821  0.70923104930998315  0.71978406113719462
  0.73006143139817170  0.74023726587189065  0.75075977861130594  0.76155159589350541
  0.77189326583941198  0.78159565208881521  0.79120061315605339  0.80077395160323384
  0.81039885632528430  0.82045916571057786  0.83093326265724743  0.84121012890369340
  0.85130070526962753  0.86158831689322191  0.87204700815871361  0.88216037987343521
  0.89162665972476285  0.90097810361100616  0.91020478470944610  0.91933894424664897
  0.92858566776532558  0.93798600534906895  0.94781671575392645  0.95786936250920673
  0.96831607273372866  0.97892584659852333  0.98929157823940550  1.00000000000000000
 -0.00264472619096145  0.00985157233427770  0.02064372398353960  0.03154880428280930
  0.04243038892113601  0.05306992472001391  0.06365722293429373  0.07380633756079458
  0.08361108970041253  0.09315029289110566  0.10257965768697180  0.11198768121495048
  0.12135342434862637  0.13086497448665724  0.14026959836436875  0.14958001763981846
  0.15919722437048450  0.16945802956373032  0.17971221038281260  0.18968223278853366
  0.19999198636357768  0.21038596059528208  0.22087849002632720  0.23163643331039410
  0.24233610255376742  0.25289108344675459  0.26340280658987014  0.27420439634072136
  0.28593052699528548  0.29736956534110170  0.30836200793325019  0.31788556919295957
  0.32641414430315191  0.33526385894803706  0.34384555348671719  0.35277602138601105
  0.36155506621182648  0.37032106723412400  0.37951916450122525  0.38936922240725458
  0.39962619571994218  0.40991339689978451  0.42082841746936250  0.43174096976817800
  0.44255837523195646  0.45352865041477841  0.46498171371676827  0.47675428213177773
  0.48791313323573327  0.49848394312226829  0.50837079824838149  0.51833634739516166
  0.52816005438583469  0.53783449733429589  0.54724583208979249  0.55659568208063936
  0.56688293497993669  0.57817927664207824  0.59014113558111447  0.60178526387397147
  0.61316003781966710  0.62443705535072602  0.63580734607081268  0.64691094012171768
  0.65731488806347638  0.66727785007117135  0.67726876108259548  0.68744694074509027
  0.69769410743449001  0.70763696285358546  0.71734759135001680  0.72732390260415647
  0.73783054193552222  0.74888593504981682  0.75967422244247307  0.76958716713547337
  0.77967987806861039  0.79042548593199469  0.80213645492673968  0.81357619575660811
  0.82439758801306451  0.83534290910393794  0.84655898974584842  0.85773397275957197
  0.86918342147377781  0.88152254270007613  0.89454142501861722  0.90742750215140866
  0.91991862756277598  0.93226556418412510  0.94377732812585391  0.95459777795651746
  0.96536905423371622  0.97684250589574417  0.98829780072441242  1.00000000000000000
 -0.00235730156790064  0.00954494417580608  0.01913001579907612  0.02892340267422143
  0.03867798885866787  0.04836280695479774  0.05787049830762512  0.06793172369935944
  0.07797314622030434  0.08842797398719136  0.09946433367684027  0.11081148256127782
  0.12280311700489499  0.13392647608963382  0.14482280151133975  0.15579286809295953
  0.16680463270803148  0.17811981806919805  0.18943787105128632  0.20071136637469558
  0.21157255273225750  0.22251517238829302  0.23322388334802702  0.24380321027420254
  0.25405250321518918  0.26432445766378487  0.27440190799967756  0.28440534230136627
  0.29434283130351435  0.30418570143852069  0.31433704286772485  0.32458698010169151
  0.33484853205238679  0.34546525754821011  0.35598918233439092  0.36707381570191600
  0.37805286236323649  0.38879427319747639  0.40067458571807424  0.41344439979482089
  0.42567433735308191  0.43755577941693335  0.44858703009169248  0.45950836430263903
  0.46970347906631460  0.47947344075875120  0.48911418943761065  0.49913482283101718
  0.51026397447042970  0.52197591561507906  0.53245257433819582  0.54238973211780184
  0.55176050559275147  0.56108724256472264  0.57049623634053181  0.58002967628582380
  0.59008230773121684  0.60026692344808941  0.60986781803760892  0.61894010269842714
  0.62848642114876185  0.63842356820097579  0.64844707468615959  0.65862257958958825
  0.66937836787783456  0.68047435850174087  0.69104179978538816  0.70111475921867805
  0.71131464861883731  0.72153346430407295  0.73171234482393355  0.74276963693342124
  0.75381947557318807  0.76528684099788724  0.77708242788103765  0.78846644135930044
  0.79847548349183994  0.80732149104183071  0.81615911633994398  0.82518743381485693
  0.83459359922458298  0.84429676482247551  0.85418940185925740  0.86508583994343946
  0.87596739695441272  0.88633520056721837  0.89682332945026511  0.90789042117648411
  0.91913990797056444  0.93103067490956259  0.94363980074566645  0.95629109641587284
  0.96801014215459535  0.97894070275309508  0.98934275224278179  1.00000000000000000
 -0.00215126637821033  0.00979006223723109  0.01868124170987434  0.02812408477474816
  0.03760475676414355  0.04767390789406617  0.05745922097975131  0.06638481335781055
  0.07517924208796503  0.08445139081508614  0.09382408750501962  0.10336550705320409
  0.11325081581486034  0.12339314123121968  0.13444595534612439  0.14603303046611762
  0.15748744501258041  0.16813265870475705  0.17779530640377192  0.18717766222752782
  0.19649053676436837  0.20577347892711115  0.21521851975822401  0.22513175305761404
  0.23601092979745397  0.24759789743272723  0.25850777324413438  0.26903960380900949
  0.27940864213998517  0.28969478200123722  0.29996251197608725  0.31017813443545111
  0.32077312733927688  0.33163501040442023  0.34265492287025134  0.35381032652725036
  0.36510350292807847  0.37627394639696654  0.38744612102545595  0.39910004010154537
  0.41136149869691407  0.42347457071434164  0.43515245475995618  0.44643906425219881
  0.45744100151032813  0.46816458134564654  0.47866533802071004  0.48903590081364873
  0.49937478476592972  0.50960156634799936  0.51979371894578907  0.53027697811485508
  0.54012018196626266  0.54920534380608665  0.55798403810631725  0.56758257156123904
  0.57803092049802152  0.58833360187698158  0.59836614725892345  0.60839667876121994
  0.61904083906449370  0.63061267074552652  0.64226548967730346  0.65356019386987307
  0.66456786396397527  0.67559553876756839  0.68620683158050433  0.69643595464635788
  0.70681952350525190  0.71754091158089728  0.72874186945766550  0.74020654481270109
  0.75143144281448848  0.76240685047947010  0.77323069436868230  0.78442793635247210
  0.79562121534038144  0.80637386421866708  0.81695696387330008  0.82795687323841216
  0.83866505317867934  0.84948989786273776  0.86012930466878545  0.87119523046972369
  0.88219210502451295  0.89348411871971500  0.90389837955967378  0.91405676062242402
  0.92432247112216281  0.93428065959699680  0.94415956450626093  0.95391260276553913
  0.96404283284252434  0.97564695965045634  0.98715938847701579  1.00000000000000000
 -0.00245580637805697  0.00934151816525648  0.01842358947502736  0.02805562763452128
  0.03785716389942496  0.04787288001673639  0.05930949658198260  0.07060204289408542
  0.08310492058013177  0.09579643506110534  0.10786358557753963  0.11951042466597665
  0.12898980498907550  0.13800885317564379  0.14725199892560015  0.15739568684713867
  0.16776277288585267  0.17728111526676721  0.18653785764284447  0.19668908965631449
  0.20747123299312437  0.21782319502822298  0.22836287429944346  0.23849282084975285
  0.24899170547012978  0.25928037984451696  0.26997949525658271  0.28078274233681449
  0.29128470505400950  0.30100021391679233  0.31051900728271808  0.32045826355186718
  0.33008346293865026  0.33991793415622390  0.35027048006499301  0.36073703549939617
  0.37207596238449481  0.38179669951350803  0.39157581368858513  0.40109122537271719
  0.41052877953924183  0.42011951855395280  0.42958143175137947  0.43932285057232107
  0.44941503929932392  0.46007039744913009  0.47100229490606288  0.48213595910159962
  0.49341755517861929  0.50453124325462695  0.51597129797595798  0.52738493424644195
  0.53840068667366392  0.54885990101476934  0.55916912771082961  0.56970104766262619
  0.58096334477810696  0.59292443902510961  0.60512337473634059  0.61662178836962922
  0.62803675131029058  0.63953108767782918  0.65111685087484972  0.66237432475121627
  0.67323096873258326  0.68420469816963259  0.69550372245867320  0.70680468812745723
  0.71748863085071890  0.72751205877588321  0.73754317088648924  0.74785281184964825
  0.75845118579102189  0.76922725702571726  0.77964600346965007  0.78984765012736435
  0.80009522011329237  0.81034385985455548  0.82053995017687031  0.83060868766071527
  0.84081190473007772  0.85108974640796453  0.86172728498234097  0.87223015658829650
  0.88213473691046662  0.89197861888364094  0.90234193279373509  0.91316375690524454
  0.92378412904457929  0.93422880789948870  0.94477070266477337  0.95561950998438328
  0.96707431000232391  0.97880439469901426  0.98953888477120655  1.00000000000000000
   7.1107797990148350E-015  -1.0000000000000000     
 F F F F F F F F F F F F F F F F F F F F F F F F F F F F F F F F F F F F F F F F F F F F F F F F F F F F F F F F F F F F F F F F F F F F F F F F F F F F F F F F F F F F F F F F F F F F F F F F F F F F F F F F F F F F F F F F F F F F F F F F F F F F F F F F
  <DiscreteSampler_grid>
  grouped_processes
  1 # 1 for a reference and 2 for a running grid.
  10 # Attribute 'min_bin_probing_points' of the grid.
  1 # Attribute 'grid_mode' of the grid. 1=='default',2=='initialization'
  0.0000000000000000 # Attribute 'small_contrib_threshold' of the grid.
  0.5000000000000000 # Attribute 'damping_power' of the grid.
 # binID   n_entries weight   weight_sqr   abs_weight
    19   10   4.381238967131096E-010   5.790164694263887E-019   4.381238967131096E-010
    22   10   3.405193508686126E-010   2.571643472357769E-019   3.405193508686126E-010
  </DiscreteSampler_grid>
