 -0.00000000806043057  0.00000551355914324  0.00004180429340507  0.00011732050581387
  0.00023879137599058  0.00040250430371110  0.00060367396078568  0.00083057910858214
  0.00107259960131380  0.00134817634696855  0.00166226577214672  0.00200978524234633
  0.00236523560813692  0.00273023650714879  0.00311390218770316  0.00353193126389930
  0.00399467996017162  0.00449204057485306  0.00500547707766628  0.00559033676921772
  0.00621835154052314  0.00689930035807287  0.00765544512723076  0.00849801496831398
  0.00957431477697097  0.01103693088740115  0.01210698752537308  0.01272921483027163
  0.01319464195095323  0.01357512021939958  0.01389571768721170  0.01419212843600293
  0.01446243683326702  0.01472339401659991  0.01498473658292937  0.01523422361374718
  0.01548319179368939  0.01573717258312656  0.01600373527119863  0.01626422251850819
  0.01653646363598788  0.01681855546591018  0.01710399822312142  0.01741211525992995
  0.01772501569517280  0.01803575465979618  0.01833892157005605  0.01865940718778221
  0.01899115166426997  0.01933769807894866  0.01970137843853289  0.02007430552640126
  0.02045212037484577  0.02082720273879775  0.02120686064250751  0.02159104990524325
  0.02196761743092528  0.02236188995081343  0.02276099623385771  0.02317620616805117
  0.02360901943397429  0.02404661282576910  0.02449025157489520  0.02498037571830073
  0.02548666121218120  0.02599979336101206  0.02651989491336125  0.02705466154854883
  0.02761758265430499  0.02820493077913514  0.02881059215831222  0.02942359990332131
  0.03003000070796459  0.03062322472233935  0.03119473825069317  0.03189614406583609
  0.03267587265269323  0.03350583879180182  0.03440978761308531  0.03533247061622104
  0.03626972055039628  0.03725055163382672  0.03828420123008457  0.03938373894649242
  0.04053801585660242  0.04170937749948715  0.04340417514581593  0.04516858172014624
  0.04710954118430850  0.04931660587095556  0.05171709144855111  0.05497083036424946
  0.05989475945241795  0.06962859407897042  0.11504497886054235  1.00000000000000000
  0.00812432328275968  0.01859581526737512  0.03269709070919793  0.04699574225166745
  0.05945349992237189  0.06969440602784499  0.07898985081155595  0.08766351697680676
  0.09588047210827644  0.10403176737546756  0.11222155139602409  0.12065330614672026
  0.12964259740884687  0.13881943999749455  0.14781107219101780  0.15726140465003638
  0.16742625639351727  0.17908559888916364  0.19055046427280653  0.20199673893562989
  0.21333811312294595  0.22433153295856420  0.23459833420293855  0.24449284587922804
  0.25478591208061474  0.26496199146997640  0.27558639259121176  0.28633474470543407
  0.29680459966628769  0.30713265622369301  0.31743715149119428  0.32765681978147543
  0.33743095684714675  0.34650675755986754  0.35534898803429255  0.36437951411948794
  0.37364168467024117  0.38370539448541702  0.39447805982709189  0.40587247907338864
  0.41772269684958879  0.42943057109008004  0.44055027654053835  0.45078280875803589
  0.46101151233208260  0.47199764046726256  0.48235577166678395  0.49254108609735198
  0.50278037493368766  0.51361443008370433  0.52475141423791649  0.53655603584118594
  0.54819757920436984  0.55998690953213903  0.57151505519010137  0.58358087105612977
  0.59525718799953420  0.60741515313392580  0.61964670154803858  0.63129505821400678
  0.64285349735305453  0.65476292320094553  0.66741683742501290  0.68058408358631473
  0.69308011292411020  0.70424983157425314  0.71492206316130025  0.72521812971121180
  0.73483906192712556  0.74396854446104843  0.75344612563785007  0.76379063890677878
  0.77440464208722115  0.78485428572100790  0.79544665429700190  0.80687906778604856
  0.81885639161383117  0.83088368276840618  0.84219883553004060  0.85309646740137290
  0.86400211823340090  0.87498487716995688  0.88512690204432176  0.89531439884148356
  0.90461268212330348  0.91361463236206342  0.92242483353766247  0.93157128957486868
  0.94069074065091873  0.94908757448232228  0.95732612278694129  0.96623765539664852
  0.97575373285740163  0.98471380116900031  0.99044221589460413  1.00000000000000000
 -0.00001961860678141  0.00024061730392328  0.00071803689081926  0.00144422131957708
  0.00247792715711196  0.00381369719368187  0.00532269523999475  0.00688754003828907
  0.00878637489288841  0.01103237284177514  0.01357220468629220  0.01616154529075660
  0.01890581457725164  0.02192912289113749  0.02501471408685080  0.02805056471280091
  0.03117395630433273  0.03441107829386785  0.03812889815731779  0.04224805181393661
  0.04665584260771273  0.05129073647069094  0.05650117715020257  0.06208759097483227
  0.06789262944451648  0.07357739585528587  0.07883169667895017  0.08362280309529677
  0.08873572162606710  0.09428792347269095  0.09981846594448439  0.10557663620491266
  0.11175401612330065  0.11809002884776346  0.12471655365862472  0.13162709181206569
  0.13861374746745878  0.14568178952047853  0.15291288886624868  0.16025135660173168
  0.16771959492805819  0.17544260377937868  0.18381837383678037  0.19236647799817569
  0.20118315165173620  0.21068441730976523  0.21997709819681371  0.22881320379437989
  0.23780565890859745  0.24704602263280195  0.25658928679064918  0.26725471643021304
  0.27761562020877678  0.28797002627819701  0.29833200317248953  0.30923184909545209
  0.32068875296469823  0.33200689144902784  0.34351601566696272  0.35655784900926929
  0.36999197337846651  0.38380751336423519  0.39805499005750278  0.41282936902455220
  0.42803747884698656  0.44304403098631373  0.45769290309800031  0.47185197172101079
  0.48546610468650642  0.49867634334764088  0.51242746049489962  0.52637321546733606
  0.54149724045908487  0.55688272860053600  0.57226895799358590  0.58762444328939301
  0.60286775510127688  0.61824982360610381  0.63359297531657277  0.64913231967763940
  0.66505244375013428  0.68113069955060901  0.69750698879313400  0.71428536371655627
  0.73126796130065996  0.74819497073885544  0.76572058044997660  0.78254602369241111
  0.79983408577034698  0.81726219729614136  0.83487942228059164  0.85207904286614733
  0.86826215538463269  0.88378186229669231  0.89485555233381586  1.00000000000000000
 -0.00246552590200674  0.01060367047764053  0.02084891450109505  0.03161756142957364
  0.04235517756188460  0.05298954104974907  0.06324360879726131  0.07252298205668579
  0.08182102904704971  0.09101315421568523  0.10008123731191398  0.10907965214784805
  0.11773699708873951  0.12713034942322224  0.13850213393074046  0.14964320195188424
  0.16005810314504537  0.17063418260436855  0.18151724790851329  0.19212051421148274
  0.20296751379271408  0.21411223041565039  0.22531253654853273  0.23667448847775860
  0.24778582604669469  0.25798868442247658  0.26727671127181019  0.27643574690312089
  0.28586024989704123  0.29579532956276255  0.30632471787467680  0.31654702519951849
  0.32668592084687265  0.33721728500444215  0.34995664457616232  0.36303018490079270
  0.37533176963657128  0.38712383962226704  0.39880201627480333  0.41054108423056040
  0.42205491956588032  0.43295896813248719  0.44366661055510348  0.45443960081451035
  0.46422095538530267  0.47321894672790876  0.48248463443553108  0.49229785195181536
  0.50212688375388692  0.51187317854326397  0.52244927870028268  0.53471542562303087
  0.54756356957533014  0.55992708998372354  0.57068765631241658  0.58015539684600292
  0.58933101493421725  0.59871151143543677  0.60810008364483448  0.61734336705484727
  0.62695558945530905  0.63700455254164035  0.64670978467263396  0.65580966280268005
  0.66481474466557000  0.67433152766586413  0.68460707714835101  0.69532950171904495
  0.70574669814180568  0.71561616343328294  0.72558792917640580  0.73638566431423036
  0.74731876862361779  0.75781850827067809  0.76807112191952898  0.77907781041885105
  0.79071313276275990  0.80275945084148848  0.81486797614357132  0.82648464060929450
  0.83796606284222142  0.84947410070453866  0.86074834681872037  0.87214517177240691
  0.88335355136423388  0.89429242215139726  0.90453524709862287  0.91428416328879702
  0.92398246420330166  0.93379686649562788  0.94386221809086157  0.95446593001594338
  0.96575931505180124  0.97729559460000515  0.98876318238708527  1.00000000000000000
 -0.00262686700544604  0.00914253525128548  0.01984484409963168  0.03060904304546666
  0.04198394555812979  0.05382487148830307  0.06606743108044813  0.07850659462508605
  0.09087649646577517  0.10289619342388706  0.11390372120894324  0.12412987813390955
  0.13374684595589620  0.14303667048694788  0.15227192891601252  0.16163851107303207
  0.17182005666978942  0.18283028674890470  0.19429774144179288  0.20580241609080879
  0.21678752624390393  0.22758373850160285  0.23700873689954352  0.24566438470248747
  0.25418888098721348  0.26284887332094620  0.27164156751663826  0.28088679280313911
  0.29019185907438788  0.29977902251002836  0.30944885221732188  0.31894634197148963
  0.32844385661601061  0.33843380241002152  0.34921004568010466  0.36035674923533495
  0.37192235282136354  0.38353020557110468  0.39532967725243284  0.40739876937635261
  0.41956002286764332  0.43160513125078837  0.44290740301933940  0.45273477552267005
  0.46316669335004973  0.47344236408664286  0.48335313554297665  0.49366182477748666
  0.50402485439797862  0.51424951899912918  0.52419323742508461  0.53432947921726226
  0.54476147182568957  0.55503580975515832  0.56558615737501261  0.57713619110479630
  0.58929239898861774  0.60201535968598874  0.61551051664583512  0.62884436416890932
  0.63924321776993465  0.65019923038527250  0.66057452030714248  0.67099456318128003
  0.68071280278388280  0.69110879251843205  0.70116265484381801  0.71115093694264486
  0.72066025830649860  0.73039938748492328  0.74070308460871148  0.75127094089556179
  0.76302729792053392  0.77437880815481475  0.78540880006359970  0.79678671575640181
  0.80869269708627645  0.82048271055811439  0.83114953549991233  0.84179448987773675
  0.85195500867103302  0.86216530817202397  0.87252120785749088  0.88299125341378071
  0.89343637374319751  0.90404151324269899  0.91441671498118882  0.92426289560748276
  0.93367817290582089  0.94288344243835887  0.95217448296737550  0.96151172548205854
  0.97129050743983292  0.98097966113680912  0.99069512152117756  1.00000000000000000
 -0.00329771738452945  0.01128627555274500  0.02312999735072300  0.03406271869448348
  0.04502671617340979  0.05626124568992834  0.06670708439874909  0.07637373797940762
  0.08620429073768623  0.09567332785933876  0.10466164295053777  0.11359538755203896
  0.12262554354095737  0.13260283121637495  0.14374220819022682  0.15563664067648611
  0.16796842528061701  0.17951809950834524  0.19071049146051772  0.20207675773757489
  0.21428299941418691  0.22664479576596480  0.23759464967954985  0.24793788280244308
  0.25833267300693324  0.26856841954345451  0.27826509594850318  0.28766087429123510
  0.29781267171902998  0.30863505741374431  0.31991263497091593  0.33159583993295011
  0.34356288984857547  0.35566300452234334  0.36741913801724646  0.37849274714287073
  0.38916407669637987  0.40000765237859665  0.41125474152838448  0.42158192220600238
  0.43078705916035642  0.44024128263106715  0.45005230218705655  0.45988119579504855
  0.46937509589124116  0.47870307328177930  0.48900124464361611  0.49958486203223407
  0.50958970096261724  0.51937700514850249  0.52905234044606952  0.53851313035348125
  0.54751626168647249  0.55641828404493066  0.56578985636054424  0.57578198286496796
  0.58553640690005937  0.59529559893263240  0.60570217982886709  0.61669297231232967
  0.62774432478369091  0.63864124509132680  0.64951184691746155  0.66029431155919482
  0.67263660955101690  0.68729858501268870  0.69811069169272311  0.70854212405664763
  0.71866914751855748  0.72830829117458484  0.73786121059754173  0.74711488352168187
  0.75932417815646447  0.77305475178190275  0.78599632387833984  0.79838711282614128
  0.81009001150381488  0.82061282683423986  0.83058400368409391  0.83968815501264316
  0.84885849792663548  0.85843936932084797  0.86838984661876051  0.87796450634149714
  0.88750582255028365  0.89677449387162478  0.90611572091677572  0.91571921353257513
  0.92576932943862866  0.93549561383312796  0.94512901833777796  0.95441532803856810
  0.96496104807925065  0.97681420650212425  0.98885083875631419  1.00000000000000000
 -0.00241404669170406  0.00934630443998427  0.01894877915374230  0.02997889050413999
  0.04067529857009277  0.05164222696819635  0.06232848560536686  0.07317175502398336
  0.08489021652856392  0.09778245507827281  0.11005151297874120  0.12097169655321986
  0.13146760016579440  0.14187214785109226  0.15124337847826400  0.16022201216419202
  0.16975801274698948  0.17919560250431088  0.18891359286071430  0.19804617192465659
  0.20659203107051571  0.21580169712586447  0.22547170261511829  0.23586809542182130
  0.24684920097464677  0.25805393379972619  0.26952848569125615  0.28048787182575380
  0.29102524771711347  0.30139610418249296  0.31174682660321057  0.32243065463753379
  0.33398206480685511  0.34561898074785063  0.35661651162302588  0.36719468949220618
  0.37790480264996495  0.38861652662197027  0.39905347609000241  0.40901902524349926
  0.41898202172702281  0.42923839477186621  0.43991370364594345  0.45112481088705964
  0.46285118772480610  0.47593961589555456  0.48770340989147348  0.49933113821106956
  0.50871229392480311  0.51806718039558186  0.52740662803684724  0.53667759529495540
  0.54590125492413644  0.55525014718955257  0.56525273017116329  0.57691363504584192
  0.58826653634442649  0.59867192552465387  0.60865509540533325  0.61838755429318271
  0.62795745144046000  0.63647432399577475  0.64542836500526213  0.65446246637463190
  0.66391832776394821  0.67328289767014848  0.68249948268255289  0.69243159215859273
  0.70360814105759939  0.71452386150408009  0.72521731897967578  0.73580630687451876
  0.74635506525107009  0.75670156110049747  0.76646012419960929  0.77728619106067354
  0.78912254817406424  0.80253790901027400  0.81669489655327776  0.83110222916923637
  0.84454259584241342  0.85696651426905235  0.86781758222846761  0.87812045664200378
  0.88841959300231965  0.89856541000303292  0.90855274518200346  0.91835370948537964
  0.92825883114446950  0.93855556695905462  0.94891219774700453  0.95845041003542442
  0.96806851639379221  0.97782719816133457  0.98926072422190336  1.00000000000000000
 -0.00206144230830713  0.00836302955702645  0.01772427879556442  0.02781665827685217
  0.03798809878714292  0.04823062646227042  0.05830772016781113  0.06918506572184362
  0.08008732234127577  0.08985506231920071  0.09926289717661223  0.10864568770302091
  0.11827713609534851  0.12815844997101128  0.13868045607871185  0.15069073043239878
  0.16368149877878060  0.17362403069758189  0.18260620515500348  0.19159219777735348
  0.20078062901482802  0.21000200064116756  0.21816078984849327  0.22642242619092998
  0.23533463010975264  0.24521853878909255  0.25564507786060231  0.26637526531344996
  0.27681300984792179  0.28697973637722030  0.29676372504203752  0.30623541572010549
  0.31564523856558097  0.32530943640832538  0.33570132496536992  0.34726015861479520
  0.35896801295257069  0.37075004342853035  0.38259268970599852  0.39439954749379263
  0.40618059883223662  0.41767584653989981  0.42918590022651781  0.44067304486134518
  0.45238002787536491  0.46478649212763740  0.47676797950642458  0.48724371924088550
  0.49733467040434221  0.50793414524293479  0.51813135295692725  0.52794981492107218
  0.53745890724157774  0.54770154498969215  0.55888524268573547  0.56960315018447993
  0.57995900628653052  0.59072337558882970  0.60311512325095495  0.61640680108803392
  0.62911184827363720  0.64038797972384087  0.65105633453171985  0.66140351130729413
  0.67159079438280345  0.68149995202821856  0.69203435106307754  0.70343202954045236
  0.71431593014791595  0.72412217740786677  0.73365753231736497  0.74287151564886467
  0.75232631056153643  0.76204775946700087  0.77238671200587306  0.78338316023115606
  0.79426772507450949  0.80498250077065059  0.81583729300590302  0.82673592308154287
  0.83793850750642951  0.84930140785879138  0.86055622702911083  0.87137846334474811
  0.88153179243986124  0.89119001374967000  0.90124099383784495  0.91174679838814332
  0.92278364500362375  0.93442859477179196  0.94764386238563569  0.96030641385898585
  0.97062602893618710  0.98082988130210369  0.99035152738146659  1.00000000000000000
   2.9590579631605958E-016  -1.0000000000000000     
 F F F F F F F F F F F F F F F F F F F F F F F F F F F F F F F F F F F F F F F F F F F F F F F F F F F F F F F F F F F F F F F F F F F F F F F F F F F F F F F F F F F F F F F F F F F F F F F F F F F F F F F F F F F F F F F F F F F F F F F F F F F F F F F F
  <DiscreteSampler_grid>
  grouped_processes
  1 # 1 for a reference and 2 for a running grid.
  10 # Attribute 'min_bin_probing_points' of the grid.
  1 # Attribute 'grid_mode' of the grid. 1=='default',2=='initialization'
  0.0000000000000000 # Attribute 'small_contrib_threshold' of the grid.
  0.5000000000000000 # Attribute 'damping_power' of the grid.
 # binID   n_entries weight   weight_sqr   abs_weight
    25   10   5.479632641104153E-013   7.898401189366329E-025   5.479632641104153E-013
    28   10   7.163745603618655E-013   1.048030962097174E-024   7.163760410565318E-013
  </DiscreteSampler_grid>
