 -0.00000000673262131  0.00000554321880751  0.00004210113203826  0.00011599332743801
  0.00023099265251355  0.00038127391722115  0.00058879317044791  0.00084692878839774
  0.00113898157949094  0.00147064977553221  0.00183904448418249  0.00224622705191062
  0.00271175311070809  0.00320006587113174  0.00372340011451728  0.00428849301767559
  0.00487123897283056  0.00553994437025137  0.00632991076581987  0.00733158789863284
  0.00850255774175156  0.00996460076352223  0.01160365917368563  0.01243547026586506
  0.01291678422012270  0.01328891704024688  0.01360856049082659  0.01388617590815932
  0.01413311528751067  0.01437521093689080  0.01461978214921954  0.01488544722636177
  0.01515271608743033  0.01541391805402317  0.01566139898965512  0.01591814797513723
  0.01613842668163508  0.01635631720185172  0.01657665158552058  0.01679914209181881
  0.01702121632637332  0.01723959250699433  0.01747764177784249  0.01771543314996659
  0.01799026773494624  0.01830730849833794  0.01865630732564863  0.01900910963956965
  0.01935889195007299  0.01971554142944828  0.02008978400771886  0.02041579197377026
  0.02073388099426964  0.02105527743218316  0.02137856801930265  0.02170328132148924
  0.02204396187112795  0.02239090262289130  0.02284452105808407  0.02329366704812652
  0.02372109629008113  0.02414473058200415  0.02460744861391216  0.02511270818521607
  0.02564458786634424  0.02620165744135423  0.02677849201668315  0.02731790704394418
  0.02782450155713416  0.02833001631269565  0.02885249767203363  0.02940862134105132
  0.03001733352271037  0.03068712069292759  0.03144645152251360  0.03223128557293888
  0.03305548868971414  0.03391190515955413  0.03480626856114084  0.03573185069876059
  0.03666206850198193  0.03760084139330894  0.03856524099609442  0.03951137610657368
  0.04051006252549259  0.04165912115218420  0.04332739031151605  0.04508022666403456
  0.04683350084534395  0.04877516475084338  0.05089931338413575  0.05352272910782659
  0.05886707621348603  0.06994106511676497  0.11486790277628048  1.00000000000000000
  0.00932281030003371  0.01550746300572691  0.02349413155244669  0.03261786876682295
  0.04258294129067528  0.05403717242585401  0.06731222542017652  0.07700572271907075
  0.08812738202583069  0.09817599965807543  0.10784366336042411  0.11772975717179769
  0.12891088417257196  0.14079715828899630  0.15118838698020434  0.16086963697399440
  0.17200891314339578  0.18329992070843285  0.19470987926186131  0.20443272899333156
  0.21810794743847095  0.23222412549743157  0.24466734375616306  0.25784128213079760
  0.27110374211664556  0.28293029833376554  0.29342827958806728  0.30334006738652508
  0.31321678547320719  0.32336729008895226  0.33365666348753625  0.34654554666841481
  0.35819171980119136  0.37013117457023442  0.38223531863193172  0.39427391165798981
  0.40732780483882958  0.41975639203250553  0.43196187550842685  0.44461750497218994
  0.45681117658399767  0.46805916196355962  0.47802401840765618  0.48846883204552977
  0.49858336012917126  0.50791342116996763  0.51851120874370360  0.52870218658619228
  0.53783465330385261  0.54581459064830762  0.55371771564681316  0.56139889635066897
  0.56886227306620629  0.57608907388213371  0.58377909306298825  0.59192108610602334
  0.60043187570201628  0.60879626384675867  0.61638902938179307  0.62318215274212263
  0.63074882192805304  0.63823539305590982  0.64643956512702216  0.65504543089007194
  0.66554512664483501  0.67876469654206129  0.69470551178708229  0.71039494398648073
  0.72462124825762364  0.73792562245946136  0.75082421417805401  0.76315454743609312
  0.77502798880519796  0.78784318728462199  0.80180579773590011  0.81352531277201423
  0.82376643975329211  0.83364439705845617  0.84490390550439298  0.85532946015255285
  0.86289366147832525  0.87082892704992521  0.88003068579585131  0.88846168643330559
  0.89679359599139319  0.90517514535304067  0.91396422498776364  0.92538088765133530
  0.93757861318666103  0.94791159812508596  0.95736424976345091  0.96654245956202534
  0.97597794897570300  0.98488646911146838  0.99023489718065605  1.00000000000000000
 -0.00002078087499673  0.00024553357700024  0.00074043171875173  0.00149387484195744
  0.00272931560591291  0.00440143172800673  0.00633205948000966  0.00824112154087299
  0.01032008184964891  0.01277587034783771  0.01591522704127292  0.01896472675971183
  0.02186125176059985  0.02457669884570842  0.02778296007899790  0.03245901153660388
  0.03791093611415538  0.04306050018541809  0.04808338960833876  0.05266442120470631
  0.05720489783687478  0.06219306400457659  0.06732387846673622  0.07282003253005397
  0.07863560074497206  0.08425553891439379  0.08947709636919601  0.09440760383890807
  0.09971075695617562  0.10528455181226305  0.11058966950491912  0.11540818752811623
  0.12070662371022520  0.12606088032788307  0.13125923708565673  0.13678728186011943
  0.14244442177189526  0.14852548862697296  0.15570163648873461  0.16349341416015351
  0.17018579066542469  0.17703569533519009  0.18526607518394128  0.19386400126920306
  0.20290990927805133  0.21170557324581460  0.21869914273569122  0.23064682212225593
  0.24448666503429817  0.25738629864211132  0.27027267602117383  0.27957960084347860
  0.28770995286480644  0.29716933637422016  0.30679837484891093  0.31587182136749375
  0.32454079493872984  0.33334529804004276  0.34280792268301918  0.35406968216811230
  0.36469453073537966  0.37375273747499249  0.38760017725979751  0.40258209262206718
  0.41783278776546967  0.43306658008781501  0.44913594576329929  0.46616364109992253
  0.48013999395442519  0.49144559300059898  0.50547803686629400  0.52119506530420079
  0.53628149902338429  0.54929155717210998  0.56084782465736482  0.57293769511414483
  0.58503863333926831  0.59819345713678895  0.61246785282964467  0.62575439994545046
  0.63919218945949596  0.65276252620639164  0.66855258474328094  0.68475338534165131
  0.69978542414205813  0.71670802846538728  0.73723732320014368  0.76466131860672493
  0.79326415689153984  0.81319877361888460  0.83274216398468748  0.85148178872474223
  0.86955971491029960  0.88519648403239215  0.89459504534002410  1.00000000000000000
 -0.00215147497374003  0.00956034778726734  0.01986894375208599  0.03192960999069755
  0.04210243481070107  0.05676113755574212  0.06830734762648402  0.07748286500490102
  0.08725449952041575  0.09718311297532578  0.10877549444402013  0.11618224065503094
  0.12226186287329642  0.13011133452140819  0.13833907083426650  0.14722709610056781
  0.15811325020460593  0.17155991059158282  0.18487266307774564  0.19756503456209160
  0.21002470490234565  0.22451070911482271  0.23461997800988352  0.24225725077464644
  0.25223826257519127  0.26234284018723020  0.27177302012089211  0.28063736983391246
  0.28866616206960516  0.29858635077593904  0.31145207310037604  0.32565814249897768
  0.33783083537432135  0.34575045259167886  0.35348111902744556  0.36118181797784477
  0.36904451694888168  0.37720782072268561  0.38575664542647226  0.39427164568364348
  0.40583812067606334  0.42009955119117820  0.43103724107992702  0.44182641135843509
  0.45309528601622906  0.46462807672322348  0.47899459839454084  0.49494518688112493
  0.51016727262712214  0.52422635482392110  0.53741945941021962  0.54715577894881195
  0.55543125855634601  0.56572891758783150  0.57460981685402712  0.58193826214566235
  0.58940995968151699  0.59740553394777085  0.60789543585390637  0.62055647220091903
  0.63322026208330484  0.64551442988790175  0.65721570115747385  0.66876039433291157
  0.68055558644893288  0.69268529822291769  0.70578509749118512  0.71856230826411094
  0.72998037225607948  0.73872085531823417  0.74690118045323151  0.75555041342454377
  0.76462303658837916  0.77371577299414762  0.78193978591069191  0.78973730339574633
  0.79882250368435848  0.80901631509581684  0.81910940546533451  0.82941458731511009
  0.83990399408838223  0.84990512528153872  0.85942630445389157  0.86870784993721950
  0.87777982986705072  0.88627131533602022  0.89447464277159938  0.90356334502088287
  0.91311359603532116  0.92308708116866578  0.93269106377897237  0.94531216769442172
  0.95885924146900892  0.97255196914515607  0.98621976649211718  1.00000000000000000
 -0.00135066450359470  0.00921958648834481  0.01784197688104075  0.02567387988539938
  0.03282424199816992  0.03980324492717284  0.04733253369880241  0.05548466689209223
  0.06404014358312003  0.07263545770490216  0.08232402946430595  0.09455442902902189
  0.10813903747981621  0.12263845805037477  0.13612470489892378  0.15090196025555949
  0.16705380638010037  0.18051339513572914  0.19404759866817839  0.20905917796821291
  0.22375831092845150  0.23371579653217250  0.24195790494804839  0.25079454104223764
  0.25922408024970545  0.26691348186716224  0.27446887242864881  0.28100393068471446
  0.28758228880201697  0.29589027695417808  0.30604939975457440  0.31712865415254443
  0.32894849959585198  0.33921480572727758  0.34677198924095354  0.35642814869230005
  0.36467985964827604  0.37204940870684844  0.37961265831260721  0.38892204637762623
  0.39837253656418853  0.40929978252443533  0.42054256945659702  0.43160678877505099
  0.44221429383898303  0.45283253064147350  0.46530544867600326  0.47973123270343543
  0.49456686472585054  0.50992632086844525  0.52449769226386278  0.53632455280865632
  0.54809151293569369  0.55883906198910516  0.56901574888973783  0.57897444484380622
  0.58967159334282082  0.60083864525023767  0.61224842980205307  0.62529003253575255
  0.63953148571838692  0.65285377637562247  0.66458965521935798  0.67628169069379795
  0.68950313547465858  0.70341700666786022  0.71698272874539148  0.73098273890420040
  0.74677774339796088  0.75587577741605594  0.76499982120441457  0.77366863612708636
  0.78192496599382044  0.78969486365754549  0.79800729658864389  0.80692958368140588
  0.81512840514864326  0.82319011839339451  0.83185992525756203  0.84017707803991293
  0.84868497010703492  0.85770658575718906  0.87416057216384946  0.88398187077613954
  0.89338113484883730  0.90381077816587818  0.91267382472346537  0.92071870917737764
  0.92881826682148816  0.93779916265056018  0.94792309965900123  0.95792958672271766
  0.96732517774815940  0.97749845046340456  0.98843346039830293  1.00000000000000000
 -0.00341336199692336  0.01266701319435493  0.02605895041393133  0.03772036689610395
  0.04873684898349714  0.05890475405045496  0.07050029974266341  0.08575537276037559
  0.10105590920896118  0.11209247994029443  0.12136889399981744  0.13040958812806497
  0.13931933211597700  0.14876353835100511  0.15898545363648331  0.16899237564713218
  0.17929179665874218  0.18920741917922348  0.19925581274149654  0.20912336557731154
  0.21993638949517372  0.23016896476780482  0.23787560665765414  0.24474472920741419
  0.25202689504239206  0.26069526056039938  0.26948517907934572  0.27754438501403977
  0.28468603375692908  0.29161810721015030  0.29990530979651275  0.30869052713559153
  0.31776264623817096  0.32571237045334261  0.33405934592293496  0.34547109095647982
  0.35656326315780873  0.36506931228361655  0.37302812117471529  0.38179655103296389
  0.39079693447818964  0.40091001686586225  0.41097602193957178  0.42107460319421547
  0.43005536187039012  0.43940597879567311  0.44883237521413188  0.45853498037580842
  0.46830125619938279  0.47866162791660649  0.49138542841472865  0.50592982591337599
  0.51992734061622881  0.53474839190936652  0.54778196959564884  0.55950565019984122
  0.57102563837709619  0.58310847592093251  0.59590513282861823  0.60928993531543219
  0.62166729914350549  0.63427682582424694  0.64687332263904929  0.65918352082813070
  0.67068191433675084  0.68121433079659433  0.69203848822059455  0.70200423644046639
  0.71153214165809453  0.72357884135604711  0.73389802851479302  0.74430917870358271
  0.75552808482750655  0.76644639617959320  0.77719648742515790  0.78896174297387844
  0.80165088223973413  0.81445694684106651  0.82431837401008423  0.83389966432348883
  0.84380298395816944  0.85410912113636317  0.86314087357820712  0.87129615418758977
  0.88018443070196362  0.89098907946485906  0.90229614972960037  0.91385793508970237
  0.92528324860316102  0.93731231513314262  0.94914539246874263  0.95933089792904269
  0.96825481770313460  0.97799098162202092  0.98832871922679910  1.00000000000000000
 -0.00139299804651295  0.00708025320472390  0.01434537552432627  0.02184020153675400
  0.02971293564602991  0.03800687661561916  0.04543686637984413  0.05261324852845335
  0.05995375976130231  0.06927191167574522  0.07789766551760398  0.08599230716932865
  0.09428994981566748  0.10385374014022064  0.11609784090484329  0.12885569071293498
  0.13572293776443484  0.14320114594592731  0.15025207527213522  0.15679822625900083
  0.16301908530207565  0.17090585162555672  0.18098589208462518  0.19175142768793332
  0.20437314754765332  0.21670408176160763  0.22803295558991124  0.23747158112560185
  0.24615032180192303  0.25555520016976441  0.26533983856304683  0.27411231379193235
  0.28292749503157644  0.29095262007025063  0.30343313979633507  0.31563577715067614
  0.32761506687334335  0.33979338014494009  0.35374573230793949  0.36850642596123090
  0.38076142239824751  0.39114518077128502  0.40140512766986741  0.41211883985237979
  0.42218948042320287  0.43132052703756074  0.44102499563522135  0.45061640927217772
  0.46005100363382329  0.46940160319975777  0.48215367489019650  0.49709403418961684
  0.50998678175482326  0.52095086197125218  0.53239533256430072  0.54377129178690631
  0.55551707717667731  0.56797334759460671  0.58146840026964852  0.59491701208108561
  0.60763792651573267  0.61950298662152758  0.63292454207484938  0.64666840544618442
  0.65809244909937203  0.66942130956297019  0.68105625927945701  0.69239456461913362
  0.70402838560679859  0.71507556447240228  0.72568131462580843  0.73672444873044440
  0.74692292886593448  0.75605918681121598  0.76438171346569606  0.77432383123946291
  0.78678250756564894  0.79844793195273212  0.80769590509887612  0.81733366400963137
  0.82704447118640845  0.83574320444179739  0.84315769361557813  0.85070725264248637
  0.86003146966232014  0.87103330260403655  0.88175025589193323  0.89263651268358535
  0.90753377809518587  0.92476807957053042  0.94067956851656787  0.95465647923965158
  0.96822223540718022  0.97980784558414635  0.99020832890306720  1.00000000000000000
 -0.00156906320273924  0.00765340769433107  0.01612417761100712  0.02606357204066956
  0.03658249506195666  0.04714427477095855  0.05863650595784620  0.06875816969595437
  0.07832081025646423  0.08918048599371807  0.10201872613930398  0.11459694606947257
  0.12622016752221163  0.13759847082170656  0.14885246293289364  0.15956187405857869
  0.16984461940014356  0.18003845505153970  0.19093193210798509  0.20205027733817460
  0.21252910469652139  0.22303506383303098  0.23191146041399394  0.24055437107063415
  0.25032894085914831  0.26010729810136879  0.27089614342157647  0.28139431703199630
  0.28957731007135884  0.29866919050488328  0.31027021397835902  0.32128797589981689
  0.33294586847283980  0.34196366905642855  0.35145955763620423  0.35979220075636315
  0.36837255535614333  0.37701884946814129  0.38540061928261138  0.39328679544093786
  0.40170936661843509  0.40977564319742177  0.42065907551583864  0.43050026085592147
  0.44047614785996481  0.45395256774115561  0.46697914360004794  0.47743215747766199
  0.48899876453423680  0.50332640670580397  0.51696809003562183  0.53059371942617961
  0.54326925799667491  0.55384654204368811  0.56381603937504410  0.57427672008153652
  0.58582748405608143  0.59583301661461507  0.60616185835560821  0.62047375168865149
  0.63353273048109537  0.64688618121700159  0.66042520810377137  0.67305065460150093
  0.68433978277814922  0.69472731109637953  0.70472947206870229  0.71496221034749263
  0.72639670432810000  0.73791003296426760  0.74958030776598028  0.76122086295047797
  0.77174518673716530  0.78246629801257150  0.79324399993426586  0.80562427150432658
  0.82027092533899326  0.83480407549043845  0.84853908340271711  0.86193054629828747
  0.87404284709136781  0.88401381221200503  0.89381475701398960  0.90359262711889277
  0.91258193180034697  0.92047934681110333  0.92782897791082874  0.93619377071799614
  0.94514043678476634  0.95473772137757096  0.96359008193527784  0.97107536542219486
  0.97846426188528757  0.98598745180355785  0.99302250388191093  1.00000000000000000
   9.5697082689658321E-014  -1.0000000000000000     
 F F F F F F F F F F F F F F F F F F F F F F F F F F F F F F F F F F F F F F F F F F F F F F F F F F F F F F F F F F F F F F F F F F F F F F F F F F F F F F F F F F F F F F F F F F F F F F F F F F F F F F F F F F F F F F F F F F F F F F F F F F F F F F F F
  <DiscreteSampler_grid>
  grouped_processes
  1 # 1 for a reference and 2 for a running grid.
  10 # Attribute 'min_bin_probing_points' of the grid.
  1 # Attribute 'grid_mode' of the grid. 1=='default',2=='initialization'
  0.0000000000000000 # Attribute 'small_contrib_threshold' of the grid.
  0.5000000000000000 # Attribute 'damping_power' of the grid.
 # binID   n_entries weight   weight_sqr   abs_weight
    25   10   6.938825370885350E-010   9.248637101042163E-019   6.938825370885350E-010
    28   10   5.969653364576701E-010   8.758167060781223E-019   5.970175758485156E-010
  </DiscreteSampler_grid>
