 -0.00000001663288311  0.00002508625487221  0.00019620730654479  0.00055941023512257
  0.00109783756646453  0.00178728577290120  0.00261802376125324  0.00374082273802709
  0.00501673247316625  0.00638386205666134  0.00778491543393464  0.00923244339603120
  0.01073124704412726  0.01229299331748076  0.01388065602335500  0.01553453926168749
  0.01724084019525242  0.01887436908336660  0.02062925924704809  0.02244136335034615
  0.02424759365443126  0.02611406153010385  0.02802710500263563  0.02989556524642466
  0.03176669782631373  0.03365750112931091  0.03566476613071168  0.03777873606480138
  0.03983877190069123  0.04180622925359406  0.04374852856513479  0.04576347045473805
  0.04792452408665074  0.05020965530381390  0.05260068283746072  0.05493464024325265
  0.05720892277352745  0.05951234422390250  0.06195415473995639  0.06448064049076016
  0.06697524266249766  0.06949443248714139  0.07189662460738458  0.07430591290589987
  0.07669885466522910  0.07910059389400190  0.08151048125513621  0.08389684272766797
  0.08634151331713791  0.08878027344823347  0.09125451525148083  0.09377202008279331
  0.09634285281021848  0.09898417272453387  0.10168580755039593  0.10447155690036992
  0.10723694746491885  0.11012065098890458  0.11307713663622730  0.11604358586586846
  0.11906647356070989  0.12214732808022215  0.12522624478521829  0.12831432253559688
  0.13138814072947597  0.13440496393174223  0.13749554570062533  0.14062048283180911
  0.14421367449398256  0.14785497063963102  0.15144881501013202  0.15511865803913943
  0.15907561318456417  0.16313267581171420  0.16726590833277344  0.17142376830973943
  0.17564995525674726  0.17995606044704446  0.18460392725760205  0.19068069678455846
  0.19661836181647854  0.20276164485865691  0.20895871095574647  0.21530301553898276
  0.22193328701152024  0.22880042598137668  0.23610998515308160  0.24480017921244254
  0.25530539570228600  0.26845229295720019  0.28347518845380820  0.30093086019868520
  0.32735536907117785  0.38977139650445508  0.61452933508956487  1.00000000000000000
  0.00973074712877591  0.01550086028722861  0.02440749568313917  0.03411745419584860
  0.04372466396523352  0.05355740582233683  0.06356314660212359  0.07353961277270676
  0.08332407434502198  0.09288464036588159  0.10266721371854554  0.11290346716156432
  0.12281933958900795  0.13240358918609832  0.14164837076033923  0.15166550008666896
  0.16160537387449914  0.17159951503788934  0.18157288627129090  0.19188949545163742
  0.20230237577988083  0.21231322684970269  0.22184413794550564  0.23118465149564932
  0.24063667031817287  0.24978935034795596  0.25893777999143680  0.26744676365732056
  0.27696822274944360  0.28657279871907476  0.29730855728941402  0.30804010509348068
  0.31926444997131304  0.33067989679722071  0.34274015176441741  0.35400458770144205
  0.36437552545555080  0.37445597852372953  0.38451518928739831  0.39482886386795113
  0.40494724440071184  0.41519183972630785  0.42530230377812456  0.43542914080238571
  0.44588057974672701  0.45673017447994013  0.46809616765798467  0.47946409232051429
  0.49121294163565937  0.50296382660064509  0.51490073352465970  0.52758125981165505
  0.54070939651231176  0.55265993317429585  0.56373704142780223  0.57479183558579949
  0.58593641550756115  0.59818865048424918  0.61168621356859132  0.62534761866268707
  0.63563080932722493  0.64547223485385175  0.65535251688983842  0.66532267218561369
  0.67467547447691911  0.68413192544881452  0.69367493429360394  0.70342099017995785
  0.71251546171190761  0.72145212145980608  0.73100540514338552  0.74086480730434512
  0.75112848039000890  0.76242230170174430  0.77403053019882195  0.78556235640165817
  0.79653281614711235  0.80685560983818305  0.81719612182110379  0.82657038004223837
  0.83586375294799731  0.84553277467911803  0.85594504838719143  0.86743972262393809
  0.87861028470898839  0.88891785356373665  0.89877086783558502  0.90872697591649887
  0.91907584648213958  0.92998504282841155  0.94142576200014272  0.95356871225856477
  0.96515657320920889  0.97636175752886190  0.98794128919916180  1.00000000000000000
 -0.00001722055418489  0.00018587755660443  0.00050351128317291  0.00101399302193072
  0.00165132996454602  0.00249070004415716  0.00344944887140124  0.00456512091836711
  0.00591962169243884  0.00742222710488011  0.00894688943523873  0.01050004085333457
  0.01242462006010281  0.01483056019145769  0.01722414824633987  0.01944843231578650
  0.02166750385555545  0.02406838570541446  0.02664912862391709  0.02933330650054884
  0.03209434251847840  0.03491156195562616  0.03787616718833940  0.04105625058308843
  0.04427741649893128  0.04751977525806655  0.05067439148992137  0.05382609712645431
  0.05707802472826528  0.06036939107060995  0.06375845415340871  0.06734763859454429
  0.07114745425796525  0.07520187489901695  0.07926837732661668  0.08317892095912338
  0.08700218357859599  0.09078689476542752  0.09464588668161476  0.09866438078091945
  0.10284498214848661  0.10714930175795599  0.11164630668369548  0.11632445259921820
  0.12110997269126346  0.12573740816849657  0.13031622568882839  0.13490581105371824
  0.13956573722170337  0.14431930768466489  0.14920600258051653  0.15418852848016662
  0.15915890604301455  0.16424202157652171  0.16958783327028701  0.17509526074387116
  0.18059333253353518  0.18602589283527263  0.19143479635881572  0.19686246423190659
  0.20227155691097773  0.20758401157552989  0.21278684745855125  0.21794666670240007
  0.22328296988120472  0.22908909464430255  0.23490159078302592  0.24066212505755891
  0.24642940747484163  0.25242235052202328  0.25932428953292291  0.26591384093355691
  0.27232111491966821  0.27891788788585170  0.28549918184744177  0.29200692168787340
  0.29855591539967463  0.30526883528953042  0.31204444536262077  0.31895936270219916
  0.32597194387470646  0.33303573749642890  0.34039204681514035  0.34689959259213105
  0.35344031384911606  0.36000389779184322  0.36638735392048810  0.37240830500982230
  0.37857917510030004  0.38464737221312489  0.39081823579869024  0.39727594392009524
  0.40403629450579659  0.40982225867203581  0.41109980764386961  1.00000000000000000
 -0.00270933075801896  0.01075123103092281  0.02141035225724867  0.03055940009712939
  0.04026608017250319  0.04983127600742231  0.05904826677395367  0.06804608809794757
  0.07714224022107023  0.08651927040607717  0.09708271733107356  0.10806094590658781
  0.11952587126851370  0.13083698303119501  0.14210117472434489  0.15267898864669791
  0.16254555004457738  0.17273151902026684  0.18352629256755190  0.19471887533849025
  0.20636621747726439  0.21862384229236401  0.23000050349960838  0.24084488850581592
  0.25158235036182341  0.26270213369916595  0.27348849846601336  0.28338619946932747
  0.29310051757270406  0.30324714682743809  0.31344529998804732  0.32239550464663053
  0.33106195181010195  0.33961195295468211  0.34810302511286173  0.35653429772979706
  0.36526099521751931  0.37387674369009033  0.38337278046364492  0.39303272819621532
  0.40290607216554886  0.41292363604268334  0.42268746369770788  0.43237733721494870
  0.44326982582638907  0.45543144594031321  0.46609755483483190  0.47648422249774880
  0.48709946266495446  0.49790182513916242  0.50862432601085195  0.51934989354555161
  0.53044884633638334  0.54180429923985374  0.55323693197589352  0.56447721192510381
  0.57518956716712821  0.58590460804399558  0.59642958042289973  0.60664939858145983
  0.61685769781122668  0.62753760359257538  0.63886038209536555  0.64987716684844976
  0.66052573843050277  0.67137335394866782  0.68252961057435624  0.69342386621350083
  0.70440873161672624  0.71506752794801998  0.72592921687741874  0.73631065733150192
  0.74662456118472564  0.75692378723493037  0.76713562859395124  0.77751204559140319
  0.78828903439115383  0.79938934215610125  0.81114179533372821  0.82366793717249676
  0.83608753947038561  0.84754347244439376  0.85846448375301676  0.86914695546529097
  0.88008800280783839  0.89055531878744021  0.90109877216940792  0.91123317691159744
  0.92143667479433811  0.93208134680504129  0.94307827920735643  0.95410486426140206
  0.96561938179306994  0.97733656058006813  0.98872617967980247  1.00000000000000000
 -0.00288629387843389  0.01021772573672960  0.02192188973287811  0.03377836084991011
  0.04595984829650807  0.05818870526485742  0.07050751114559353  0.08283619213026022
  0.09471433120314893  0.10628204574879017  0.11828750069920729  0.13040087496692654
  0.14221963330484827  0.15331028877460032  0.16418162920264592  0.17527790036235047
  0.18657611538393845  0.19770788215681595  0.20789305764489094  0.21695430005961372
  0.22602008112028898  0.23495725547052998  0.24358350668471540  0.25193990328970051
  0.26034333924783365  0.26880934286278435  0.27719102053037870  0.28554422604180996
  0.29442216873844529  0.30407067304445723  0.31440781348674290  0.32470876072332444
  0.33491275285155958  0.34555583520089733  0.35624154233154348  0.36660017477876067
  0.37728292448593903  0.38729736394797093  0.39735329550815007  0.40753893620169451
  0.41837094723125906  0.42983544630136700  0.44170542528716816  0.45396873072391430
  0.46608008652733629  0.47775797658788322  0.48926232659075675  0.50059719568468075
  0.51171294950382018  0.52236087889927085  0.53225549609861067  0.54224838614018234
  0.55268637972497725  0.56288649363567733  0.57248472961792651  0.58205517579178334
  0.59235432213941674  0.60275695522093919  0.61278075329843118  0.62291932356854607
  0.63312231123769747  0.64316379415352409  0.65271711292176027  0.66231871026386224
  0.67280871046865132  0.68381603612438580  0.69383293006392222  0.70293703134573382
  0.71241930288523914  0.72238799622255812  0.73325021861056250  0.74304038093792613
  0.75502456259875417  0.76748383109375262  0.78005994818370583  0.79189508912848505
  0.80272751219489102  0.81347284317165958  0.82388956016893689  0.83370235941490445
  0.84311865129477870  0.85270539034446480  0.86295229245829130  0.87354805583254735
  0.88445664133667601  0.89519602941758314  0.90583459440716185  0.91637288379480675
  0.92755965923265538  0.93847703917858483  0.94927262404175095  0.96045677391599715
  0.97181318111144455  0.98257116309737136  0.99151644656856841  1.00000000000000000
 -0.00240571355933449  0.00870702785359176  0.01871114185647560  0.02923681211010212
  0.04005586136534373  0.05122860356178364  0.06184000094142668  0.07225370049468242
  0.08197228688502416  0.09354274154106650  0.10498023595339341  0.11613244830357496
  0.12727201055451653  0.13884050025965214  0.14997400867818556  0.16042490675323898
  0.17051136630733038  0.18061575360113197  0.19109504642382022  0.20160365276621600
  0.21225367778495874  0.22351818961978084  0.23473632626629368  0.24570590699722894
  0.25620921127834889  0.26624919594615065  0.27603616729313785  0.28557761806598381
  0.29526531293422470  0.30496415665805809  0.31498519941941794  0.32610549559166879
  0.33700261403440995  0.34726375602635329  0.35724186565759380  0.36750251526013483
  0.37849399752290869  0.39006350249321137  0.40192878133785565  0.41401178276566097
  0.42571513577019165  0.43699010806736394  0.44848890118462331  0.45948681405927727
  0.46989223152982346  0.47962257300567540  0.48929889914742325  0.49894749188224979
  0.50900984868155086  0.51982820276723352  0.53091786628962467  0.54202177220453807
  0.55264495673956682  0.56330842361520939  0.57394585442711321  0.58478374787847476
  0.59624450042199717  0.60787782446155458  0.61928602697671575  0.62974925776967206
  0.63897669608521557  0.64810250392752267  0.65706228803864308  0.66574894323700251
  0.67442410085848226  0.68339731672872850  0.69330762586458083  0.70361183155122475
  0.71421007029382222  0.72513285359607726  0.73658225330042482  0.74850158985672022
  0.76059269552253039  0.77200606953139661  0.78203143575027667  0.79146544119516515
  0.80084210926328070  0.81061202951940148  0.82063222759446275  0.82977008296884291
  0.83998048986115881  0.85117922580125061  0.86292092127229947  0.87416698609998544
  0.88391290389871580  0.89316035695253881  0.90267546827046830  0.91256693147483303
  0.92266097106766398  0.93340502936022085  0.94442762340411934  0.95595335716226348
  0.96722908916746564  0.97851543515532469  0.98929443824426710  1.00000000000000000
 -0.00219507131384664  0.00949221563525051  0.01876946690914972  0.02793562213329099
  0.03678599430871245  0.04576890530315643  0.05472221087336793  0.06348462579128247
  0.07211272582776514  0.08101026515369360  0.09079501318632890  0.10116997256874215
  0.11167099678069374  0.12217505179236016  0.13237739404491181  0.14219574250848338
  0.15156024513525479  0.16076041125819363  0.16994666603666811  0.17896351645783976
  0.18813294340099454  0.19767261995006360  0.20774541742414859  0.21810630259898806
  0.22873042488401119  0.24021254856939564  0.25209990885772710  0.26449620385986727
  0.27635633226155965  0.28776362340692335  0.29805388361899082  0.30814342923664678
  0.31762143705444662  0.32712015848000081  0.33694523164032142  0.34610331647952064
  0.35550583326304652  0.36567122361894050  0.37689548693432395  0.38837955102978178
  0.39907052158559886  0.40910950132175383  0.41889447173846983  0.42849577411792766
  0.43833917051530147  0.44761057981062125  0.45665294815058693  0.46619750755026934
  0.47602096645124531  0.48614250039555523  0.49650692706763694  0.50701185951788208
  0.51791075357229677  0.52948266364143759  0.54097533376611995  0.55242956271157861
  0.56411435892282158  0.57626178912163573  0.58762197619795942  0.59751375797029138
  0.60753820741771813  0.61786515409496312  0.62864437779396698  0.64031286923809838
  0.65317128994308626  0.66684670072629293  0.68031968094344630  0.69294555502306143
  0.70500467126095290  0.71661288641526122  0.72819318530279620  0.74054436405180024
  0.75321063511459563  0.76601900371876841  0.77813275633915568  0.78949516788788388
  0.80092415243416215  0.81215116390600861  0.82413689088429087  0.83553174225810456
  0.84531663432808146  0.85579842376463733  0.86594046016733561  0.87596217497150797
  0.88582605922454949  0.89613478354990983  0.90817173738795332  0.91966574744458707
  0.93048522359176533  0.94101479168548130  0.95085870260921213  0.96113814381917695
  0.97124583906857731  0.98100345346813222  0.99050512267763757  1.00000000000000000
 -0.00172008996177108  0.00888982789810453  0.01830222778868604  0.02787732620876307
  0.03721288987581908  0.04752203891062187  0.05845413730249201  0.06977677022788138
  0.08053844570824559  0.09162122802116340  0.10270696037629197  0.11361504160453140
  0.12455155471042668  0.13600584296541224  0.14817761985950550  0.16029524955405650
  0.17233334836048136  0.18388508620656302  0.19536734756760377  0.20647889765687308
  0.21677562570051678  0.22680873869711968  0.23642600335423297  0.24594352831756655
  0.25521293732721823  0.26451690940508560  0.27451883462111953  0.28454468920638931
  0.29429743827768701  0.30411086532806864  0.31441763845128856  0.32497498064556818
  0.33612833493588395  0.34712371149395743  0.35758589386117395  0.36783152974261668
  0.37870792660744801  0.39082945755351806  0.40356119979756172  0.41545605761284254
  0.42630928746790120  0.43677741006872622  0.44707372128653200  0.45776231754094648
  0.46836798565401727  0.47856583080617249  0.49058560076254204  0.50275880742833989
  0.51494902140659393  0.52651564795510752  0.53715997977574415  0.54861849058705314
  0.56037470921000865  0.57213566291946094  0.58397549800332738  0.59458049128759005
  0.60444480053673610  0.61393249529697336  0.62379552006977868  0.63408488154757248
  0.64430910123325413  0.65527773623903951  0.66658993233493591  0.67751259743437009
  0.68837006434217829  0.69915296900174728  0.70977470946479393  0.72056013949961473
  0.73116225450587580  0.74115231604617327  0.75080246245347060  0.76056564816616878
  0.77042028532555940  0.77996427597922513  0.78938479494272862  0.79919839642869472
  0.80935598819716126  0.81932657355943594  0.82937932535259751  0.83916706900954918
  0.84862002010238191  0.85806613243309215  0.86751382264222010  0.87730980164675321
  0.88768741264272433  0.89785244503340700  0.90984832882865641  0.92076363263470373
  0.93192356623647943  0.94306372658362825  0.95427614606065614  0.96394775992708526
  0.97304652372477696  0.98242717818803604  0.99119169205635904  1.00000000000000000
   1.0656282498653984E-016  -1.0000000000000000     
 F F F F F F F F F F F F F F F F F F F F F F F F F F F F F F F F F F F F F F F F F F F F F F F F F F F F F F F F F F F F F F F F F F F F F F F F F F F F F F F F F F F F F F F F F F F F F F F F F F F F F F F F F F F F F F F F F F F F F F F F F F F F F F F F
  <DiscreteSampler_grid>
  grouped_processes
  1 # 1 for a reference and 2 for a running grid.
  10 # Attribute 'min_bin_probing_points' of the grid.
  1 # Attribute 'grid_mode' of the grid. 1=='default',2=='initialization'
  0.0000000000000000 # Attribute 'small_contrib_threshold' of the grid.
  0.5000000000000000 # Attribute 'damping_power' of the grid.
 # binID   n_entries weight   weight_sqr   abs_weight
    25   10   2.752821405590938E-013   1.347486727435165E-025   2.752821405590938E-013
    43   10   5.845624634734994E-013   6.432952566421032E-025   5.845624634734994E-013
  </DiscreteSampler_grid>
