 -0.00000000643811729  0.00000279115929650  0.00001980010035479  0.00005336274413915
  0.00010862564852850  0.00017954345888804  0.00026626446489293  0.00036269011435231
  0.00046787754452512  0.00059138499544154  0.00072948861038149  0.00088149376932770
  0.00103980206742435  0.00120842546392223  0.00138234529542336  0.00156396477025747
  0.00174686608742100  0.00194293850242004  0.00213879221619285  0.00234200149882213
  0.00255526796483995  0.00277238898606390  0.00299183976588587  0.00321539421824906
  0.00344130234446894  0.00366688180944923  0.00389929393528414  0.00413603057898654
  0.00436989949252772  0.00460337734856963  0.00483434268579259  0.00507178316375015
  0.00530655234481368  0.00554340891095222  0.00577306542870965  0.00599847964471875
  0.00622240251531491  0.00645293043169049  0.00670544446741506  0.00697958816909734
  0.00724164570007680  0.00750175189352987  0.00776784810046052  0.00802800860236673
  0.00828164502259366  0.00852876385132091  0.00877119965283140  0.00901169530597754
  0.00924938508195234  0.00948316866872064  0.00972400448360540  0.00996434550682261
  0.01019816547968486  0.01042603720604205  0.01065233548030651  0.01087213251263434
  0.01113927988496586  0.01141541869558788  0.01170156305324280  0.01201195571527469
  0.01234114485611386  0.01269290859071166  0.01310735343010435  0.01363040682859646
  0.01445439203544774  0.01586532664442041  0.01714905324039789  0.01811347255551495
  0.01901719083989558  0.01999122113938688  0.02092803993842693  0.02186113238132469
  0.02278055340326847  0.02367426654996207  0.02458219518047505  0.02552124145378908
  0.02646880503405793  0.02743647324472185  0.02845251163257340  0.02952419360275994
  0.03064310524716896  0.03181322092727135  0.03306557312469691  0.03444798195135947
  0.03587999387062198  0.03731628980960023  0.03880713530339080  0.04040533559687998
  0.04247373278345142  0.04503843541403943  0.04796537579817546  0.05135741132459659
  0.05657953245390401  0.06872328728242334  0.11591589061981868  1.00000000000000000
  0.00962945001487549  0.01551794455749881  0.02482993207159492  0.03502419344589634
  0.04499833150788055  0.05481302116092266  0.06487573390552739  0.07488034180902935
  0.08437355284100242  0.09359252506000312  0.10276005151263880  0.11194198675703827
  0.12109809027295076  0.13088282656778902  0.14128275590740147  0.15191188640056100
  0.16218201654640146  0.17278530443475634  0.18362798823121690  0.19426710027694843
  0.20509870384134757  0.21507145930490199  0.22496779712358775  0.23457999022423898
  0.24387475294504524  0.25324966140613059  0.26282363608587678  0.27250068031409103
  0.28388270761886397  0.29517530962548089  0.30592175134673699  0.31601317233399911
  0.32514529692371419  0.33483143717751795  0.34490013488984544  0.35522700543235436
  0.36508568941478420  0.37520540409497904  0.38644000990117672  0.39782636459537957
  0.40822009351269073  0.41833490286306890  0.42908794847446907  0.43959001780745588
  0.44938295985344007  0.45954818804753705  0.47076943011707528  0.48183201682651305
  0.49197638888383843  0.50219709113582878  0.51374912888984237  0.52524290446468536
  0.53634492714779447  0.54666692060891131  0.55698567565757340  0.56771105074670103
  0.57884574334895522  0.58951174539244999  0.60005449414681156  0.61200386824775943
  0.62477081410545454  0.63553039854412297  0.64573950783243550  0.65601415892251480
  0.66686984084298229  0.67764768891089888  0.68834298441032971  0.69946229356243328
  0.71075246095286693  0.72195879266509244  0.73360541768448151  0.74537117374554751
  0.75596777122332381  0.76498922893415922  0.77416381411542778  0.78266513889227063
  0.79116332819499335  0.79940529746052014  0.80792517535091557  0.81765568551651813
  0.82881008349705798  0.84043275656277427  0.85282135195929865  0.86560200463925541
  0.87855895443208654  0.89118867698154769  0.90310851730792518  0.91417350743697101
  0.92522744277581748  0.93596226944989369  0.94650205541559440  0.95708878884317150
  0.96790694253232656  0.97862774829093135  0.98942705053171154  1.00000000000000000
 -0.00002174662834331  0.00028076429041035  0.00080497725900283  0.00158440655456539
  0.00266029564683660  0.00408928467274158  0.00582533345913342  0.00777696855462043
  0.00987791477142349  0.01212609719850738  0.01444575451030067  0.01694421756979285
  0.01973028112142319  0.02261675132068313  0.02561942487625147  0.02890787776431647
  0.03278056248267968  0.03673577589191949  0.04081644852089544  0.04506402792638887
  0.04964643318192433  0.05417993044642267  0.05865378928151648  0.06317466187176171
  0.06775487268638082  0.07273154675119367  0.07792187963180472  0.08339758759252594
  0.08922944428961231  0.09536947758342783  0.10165088840124588  0.10800366808091982
  0.11436583626542147  0.12056070048538557  0.12663981579620848  0.13303310344370259
  0.13990998555344755  0.14657837322152906  0.15332184052031894  0.15985875054333942
  0.16754099522373647  0.17572853157441917  0.18371944486869696  0.19187575443420207
  0.20040418810259694  0.20917499153494842  0.21795089107228335  0.22659228009308424
  0.23497704047925394  0.24349976979828311  0.25260544619349895  0.26215205374059652
  0.27207903104607417  0.28257451774892428  0.29335815279229127  0.30412611743716339
  0.31473328568308256  0.32520438767035381  0.33531940119561854  0.34628564246149118
  0.35748531338840722  0.36894481939723672  0.38110027342794434  0.39384015229320585
  0.40684382374485595  0.41995265658656172  0.43302060583245205  0.44749145837209031
  0.46212523333175037  0.47652169853894499  0.49117796843352018  0.50612631785622186
  0.52116471792190844  0.53646859932117552  0.55149557417700790  0.56701500271568217
  0.58245499866158079  0.59778180764849609  0.61332253411631854  0.62929690509053826
  0.64546257240115446  0.66259270733926179  0.68144807157693466  0.69929006689646178
  0.71696119009093362  0.73438800604008969  0.75188711719345525  0.77012651352309403
  0.78810297982704991  0.80682101742326562  0.82673521716908527  0.84607883715019938
  0.86473614369405372  0.88238993226195284  0.89575137044159814  1.00000000000000000
 -0.00270111810721742  0.01122668435680363  0.02199509370406244  0.03263402548167507
  0.04330120160238823  0.05372405946246245  0.06405015007221254  0.07476029278201010
  0.08572498036469273  0.09717924615024347  0.10866485681631655  0.12071577565392065
  0.13263875536223901  0.14445209815125107  0.15595199486807557  0.16696441186228353
  0.17724138099966180  0.18753370567619598  0.19804054491912665  0.20887554327551874
  0.22032005290418258  0.23193649110690487  0.24449682217109917  0.25661617779659923
  0.26932931107134661  0.28173810132056765  0.29356649509524818  0.30460361620180609
  0.31571562392000996  0.32712745817507599  0.33803223866130455  0.34785875840435992
  0.35726436678740281  0.36593297129414470  0.37461460972146821  0.38311819629422195
  0.39136610107632264  0.40021826192522841  0.40932002480533597  0.41941663699340342
  0.43115416603754914  0.44268099049426224  0.45414054304738066  0.46555464207265851
  0.47709123586090857  0.48869067276068523  0.49967184367545542  0.51021468295690697
  0.52101221909248130  0.53244363246079840  0.54349375344868944  0.55279350344109435
  0.56169716770845246  0.57039938392838796  0.57870295373981062  0.58661820570278567
  0.59466464205531966  0.60238087977057286  0.61197233970611487  0.62146022969520798
  0.63233987859101182  0.64343564848050872  0.65417493633843871  0.66470849776461616
  0.67552951626178204  0.68621270257957778  0.69623100083332479  0.70609203175813995
  0.71605189501914401  0.72617662144791006  0.73725294141292652  0.74875463235005735
  0.76046864264753056  0.77173323173415309  0.78219513712964406  0.79224246680914456
  0.80221553013349356  0.81208344056503035  0.82151912000479554  0.83066171379135034
  0.84009773538423760  0.85004173717667286  0.86015606034103076  0.87025674106635786
  0.88002820321373454  0.88956044952967539  0.89931286695314239  0.90902764616665954
  0.91867991029005602  0.92835675232684078  0.93865443410972227  0.95003988917943727
  0.96184591155491050  0.97359839578451546  0.98613975077947291  1.00000000000000000
 -0.00269720830830882  0.01010279643949712  0.02079237210951979  0.03126178208778232
  0.04134283893646379  0.05101808542456997  0.06061546803380293  0.07103082743711581
  0.08193931363717578  0.09413860187153666  0.10558622823067713  0.11798856275974570
  0.13092182602246469  0.14344304911527783  0.15511186683301689  0.16616628983739881
  0.17712189934359676  0.18799681477161106  0.19850939560033928  0.20909406380068352
  0.22030565774510663  0.23060314403772150  0.23942664813668271  0.24802371432308415
  0.25646708072925883  0.26474836106368121  0.27317563136677586  0.28209621672272267
  0.29131372298686553  0.30186175322779490  0.31219420325462749  0.32164287920449330
  0.33068649831745700  0.33958225200622666  0.34843595949779088  0.35754491315535658
  0.36692030840463896  0.37649208486693631  0.38606956514900947  0.39586471291000430
  0.40570969947953772  0.41550073917939156  0.42508756963844779  0.43536965932497751
  0.44591429010634853  0.45621253422743963  0.46686576267857011  0.47809409946263748
  0.48865964850050836  0.49896459399084275  0.50943186685522235  0.51963552571566141
  0.52971533521338887  0.53983645845004313  0.55059200665409747  0.56086011247040757
  0.57098519880999699  0.58144556523915569  0.59307259310067029  0.60478894215514234
  0.61545515379186755  0.62600231482440083  0.63614696041252616  0.64649632297946047
  0.65666921837441761  0.66696791636657782  0.67817265042361530  0.68952952058331440
  0.70031365062739237  0.71165650569290140  0.72360970719967632  0.73582577153931572
  0.74758730687712416  0.75881747972023439  0.76958063047303427  0.78022704734240633
  0.79090655455737791  0.80144428233425957  0.81223447966367990  0.82364904238314163
  0.83549721101135699  0.84755486917620781  0.85950066287872440  0.87103896986400131
  0.88277142843464307  0.89434129573752785  0.90519661241099114  0.91498142123619897
  0.92488017642611275  0.93503852475845695  0.94610684338473761  0.95694236224266604
  0.96756830803253846  0.97809559492455311  0.98913063298440496  1.00000000000000000
 -0.00180933172478923  0.00757834743169815  0.01586578615623830  0.02464774964776984
  0.03420233704275080  0.04366331579586395  0.05508684597291648  0.06684672495761107
  0.07968078800206686  0.09039029775268449  0.10057643207115220  0.11097800570304676
  0.12158081020504968  0.13168710763547595  0.14158301767927184  0.15316349081854308
  0.16499787683594988  0.17614813536371485  0.18735667088067590  0.19839266090483337
  0.20944785608205493  0.22009245066654021  0.23090865987059569  0.24195102279965686
  0.25324923742940736  0.26533476497339253  0.27810001254441086  0.29123522699215787
  0.30413444061067352  0.31610833827151041  0.32741455612640435  0.33780748384405507
  0.34733665509659328  0.35684734985632555  0.36654222140675186  0.37691625618988456
  0.38812045614511698  0.39999423489838865  0.41287160991978761  0.42423951002382776
  0.43472116379502851  0.44515635062235603  0.45513570516501772  0.46503932242397422
  0.47517611310849545  0.48707006573453748  0.49935083347000891  0.51084018203872561
  0.52190654138748005  0.53314877529415650  0.54463119897622192  0.55594773311789658
  0.56670387185053095  0.57684088704124870  0.58726469431720274  0.59826177424562799
  0.60968367583892180  0.62123529153906554  0.63313183939340534  0.64507700668774970
  0.65570890207393284  0.66647918162611608  0.67702574354753386  0.68720063900565753
  0.69664528180374274  0.70646828122130823  0.71681069576971901  0.72726116422693088
  0.73697584608699074  0.74647306374490952  0.75636737025405731  0.76672907449052274
  0.77705070802032039  0.78723499090500271  0.79714002450484467  0.80707219102572203
  0.81766205742226450  0.82849486082761070  0.83892681261859947  0.84860278523366695
  0.85840422679263884  0.86871305427596379  0.87931885807027987  0.88988296835514991
  0.90084691034027053  0.91252667077923644  0.92412289714167895  0.93548899825455678
  0.94477578747998447  0.95322048549473437  0.96169606706517519  0.96971212860620792
  0.97804731122032262  0.98588016391650335  0.99321277021039933  1.00000000000000000
 -0.00324946295346585  0.01088048433595301  0.02262630668972287  0.03353907978949439
  0.04449815644982245  0.05552390929868583  0.06627146390748302  0.07672763224451612
  0.08715034822860175  0.09776762658855107  0.10867723952985697  0.12026228215819347
  0.13264561638552677  0.14485809142293177  0.15665092088493024  0.16815012318362788
  0.17956970096225924  0.19091348145041043  0.20183022923646227  0.21220814697735935
  0.22194927575865661  0.23168153728131904  0.24169472900388281  0.25205732551506482
  0.26268595363494557  0.27358456987454616  0.28501085069307314  0.29623174151571724
  0.30710831816504025  0.31803445693056992  0.32905666181795357  0.34015637939975396
  0.35127782582349149  0.36172128895832156  0.37229067063342636  0.38278555912524498
  0.39309435010020571  0.40303108272229221  0.41310403802783108  0.42384802556043633
  0.43513120268509653  0.44622859718939034  0.45658390601057663  0.46677949250982742
  0.47676186921341268  0.48718522325748298  0.49763984040451337  0.50809595663670670
  0.51803703435125503  0.52724836103670514  0.53617348724076785  0.54556836671214348
  0.55600503139942736  0.56688161426172390  0.57794725700973959  0.58789821574532530
  0.59693036605985561  0.60610279122939681  0.61507778907544641  0.62362970688643460
  0.63190591432667387  0.64034720346415752  0.64937309729200154  0.65976208731696606
  0.66979554357585436  0.67913129337564826  0.68871719657402974  0.69844769020373143
  0.70833811468828656  0.71761216108445092  0.72691042469701062  0.73680978537200981
  0.74752235007808121  0.75872100121922537  0.77017194672299338  0.78207417166489923
  0.79359880358401969  0.80436998339904509  0.81481830109475062  0.82497098284140946
  0.83503638506501732  0.84510717309182493  0.85546459105374284  0.86614541271829948
  0.87680328942713215  0.88745154017873840  0.89850270880056493  0.90981816155479811
  0.92090061905743537  0.93164999543268368  0.94253057166950782  0.95379382509241950
  0.96494978333733716  0.97630495914101034  0.98801063732686212  1.00000000000000000
 -0.00226858841029539  0.00866371252385315  0.01830802375187585  0.02868776980303324
  0.03974843299212884  0.05064727820292206  0.06164994019445152  0.07314680957793628
  0.08395667119720965  0.09446094370928708  0.10511021182071076  0.11660339406678637
  0.12765306363786028  0.13892866157436215  0.14945177850398220  0.15965646564509270
  0.16999382954613992  0.18069784033572539  0.19185469682818523  0.20298073374226572
  0.21483284776696523  0.22630513461671797  0.23734469188070711  0.24774498171316753
  0.25892612596183345  0.26980808756353958  0.28068393805312675  0.29123194614685688
  0.30154216016933605  0.31196846408749385  0.32270782526636982  0.33365293498449594
  0.34458225840705953  0.35470364637314539  0.36366761437523759  0.37306892335500225
  0.38298098727825836  0.39313532097111281  0.40349669583620934  0.41323637531216773
  0.42374984434041951  0.43570728754480920  0.44635822778097500  0.45753846321834507
  0.46691126439796621  0.47654583649857690  0.48559733553431833  0.49447232702568200
  0.50341992568057314  0.51278357430500399  0.52290990596233200  0.53354910545866230
  0.54432439326071635  0.55543057432754150  0.56616159377703157  0.57593214753110389
  0.58572100179848663  0.59517970707679935  0.60437758438426170  0.61348700625365837
  0.62300942318104791  0.63359900876692865  0.64460835389172211  0.65578169417963672
  0.66722582381153184  0.67903380019020243  0.69119190477642423  0.70332165881709463
  0.71548363801778447  0.72795214944663977  0.73871077592062062  0.74962793223621516
  0.75970867555002453  0.77032124806719371  0.78087947044676198  0.79171841823175970
  0.80159697357997639  0.81136669275560458  0.82103827046485178  0.83069860850098232
  0.84007167393679438  0.84946846870974846  0.85905980493677403  0.86948772064069346
  0.88034481657701058  0.89174023667599367  0.90286854957994322  0.91390865749326622
  0.92547909057584055  0.93734323047451973  0.94889494908700489  0.95956787221419437
  0.96938315891509563  0.97953547814075481  0.98967338105023073  1.00000000000000000
   1.5174372865782260E-014  -1.0000000000000000     
 F F F F F F F F F F F F F F F F F F F F F F F F F F F F F F F F F F F F F F F F F F F F F F F F F F F F F F F F F F F F F F F F F F F F F F F F F F F F F F F F F F F F F F F F F F F F F F F F F F F F F F F F F F F F F F F F F F F F F F F F F F F F F F F F
  <DiscreteSampler_grid>
  grouped_processes
  1 # 1 for a reference and 2 for a running grid.
  10 # Attribute 'min_bin_probing_points' of the grid.
  1 # Attribute 'grid_mode' of the grid. 1=='default',2=='initialization'
  0.0000000000000000 # Attribute 'small_contrib_threshold' of the grid.
  0.5000000000000000 # Attribute 'damping_power' of the grid.
 # binID   n_entries weight   weight_sqr   abs_weight
    19   10   7.454912803291577E-010   9.273151788245121E-019   7.454912803291577E-010
    22   10   2.775705430764841E-009   2.293936682961383E-017   2.775705430764841E-009
  </DiscreteSampler_grid>
