 -0.00000001100471325  0.00000602114330988  0.00004252096898511  0.00011833389113758
  0.00023806010325496  0.00040090830168213  0.00059295036830461  0.00079173795841125
  0.00101802945570711  0.00127354767397082  0.00156384972225504  0.00187293475534186
  0.00219052810845215  0.00256041824993516  0.00291806686927202  0.00330199099142617
  0.00368664862566129  0.00410927255753433  0.00454027306071371  0.00497447170391491
  0.00540970324262249  0.00584453489493135  0.00627512221637381  0.00673716836390171
  0.00722236625272238  0.00771383357496193  0.00820083566302383  0.00869593916935647
  0.00919759472021861  0.00970090206502465  0.01017804240674165  0.01068839807355984
  0.01123957491113067  0.01184117671901815  0.01258058381504943  0.01351427856543817
  0.01499750400782722  0.01718594035551060  0.01896034365324396  0.02048001437840892
  0.02192353943577129  0.02330315648063788  0.02461545978071768  0.02594021551898236
  0.02721562528708363  0.02852467421806813  0.02985876643440200  0.03116255416850113
  0.03240829999271364  0.03361106372201528  0.03479202384893334  0.03598112005820323
  0.03720292793098767  0.03842731569528548  0.03964323110105379  0.04085445410465065
  0.04225804055309969  0.04369757027698574  0.04512998809006125  0.04654543112408418
  0.04794401695053641  0.04937405670583007  0.05082977092424761  0.05225038643062665
  0.05378190187655549  0.05535526685135810  0.05702290583634671  0.05875279902272851
  0.06050731987062705  0.06232580803068946  0.06417120640928242  0.06598366612871846
  0.06778434743520981  0.06963291479303668  0.07167606384610027  0.07417753767785114
  0.07693823580120908  0.07965150410353378  0.08234309459300883  0.08503334221735502
  0.08774273365654978  0.09055998917083885  0.09356977436038379  0.09702804151874472
  0.10079360017995988  0.10465375660705413  0.10876354573708191  0.11330847323367126
  0.11902120751564854  0.12609856494917676  0.13458750829657509  0.14463413882039422
  0.15942173272159993  0.19027385944910405  0.32078087505422259  1.00000000000000000
  0.00968162292035939  0.01545762941352183  0.02437094638039226  0.03401536396597163
  0.04334324152691834  0.05358071135120593  0.06336976825960151  0.07284685488466683
  0.08244024086409357  0.09245976002830639  0.10276177664101527  0.11299234792713465
  0.12354463320087185  0.13399978717542479  0.14385717050337221  0.15354381606849798
  0.16377946616341282  0.17487094938663683  0.18607759353605888  0.19591723369658121
  0.20495795892161447  0.21388281809592799  0.22267651804723620  0.23192225423810361
  0.24103462823559316  0.25077747306839332  0.26162434717914290  0.27288354635858242
  0.28411127646048956  0.29535091011571452  0.30684311265539221  0.31831542527315698
  0.32938901831520639  0.34082257753189132  0.35222822536984039  0.36262576611011893
  0.37225729858373918  0.38189210892357456  0.39228645398655926  0.40306865435734662
  0.41354598094127754  0.42292815842094611  0.43201435055748055  0.44136859726962352
  0.45047501474629070  0.45944140899197755  0.46824212495783213  0.47716976198381217
  0.48710857140060243  0.49710160938904158  0.50730483753856859  0.51741524304890496
  0.52900882417503847  0.54161999952621398  0.55458735318526153  0.56779721410177442
  0.58071091151620524  0.59278718668972186  0.60448221426432525  0.61527934705713905
  0.62601931879469208  0.63668852421538813  0.64764088375529472  0.65902650641933880
  0.67074038192548424  0.68262345668188062  0.69374640639115503  0.70393747122874362
  0.71450933357577351  0.72520153747744598  0.73546485050436061  0.74550934674889335
  0.75586136426425121  0.76684169021415760  0.77822819198223914  0.78996301639485156
  0.80138785728526030  0.81175515259313824  0.82238293080866176  0.83370880022262039
  0.84619868450055247  0.85861750903423750  0.87011121487043164  0.88102438353156065
  0.89139701019339268  0.90113449273290869  0.91074343840024996  0.92053901251261216
  0.93054471653254556  0.94014029694157397  0.94892488842086220  0.95767700236267628
  0.96678290681577250  0.97596195538926978  0.98709012388920925  1.00000000000000000
 -0.00001967319282729  0.00023389300536805  0.00067222850257618  0.00135153603738218
  0.00221243041368741  0.00333409659531150  0.00470640784137082  0.00624874053901419
  0.00793355908852245  0.00985772093734910  0.01204582337600229  0.01461947411983393
  0.01728381520580237  0.02001438801565926  0.02295481324659351  0.02621754577009874
  0.02967899220629374  0.03338334203249050  0.03692181333500932  0.04068112202105694
  0.04448647435679703  0.04861441419636178  0.05278581939597717  0.05714105342273244
  0.06184051462123210  0.06645819198253240  0.07102816900570560  0.07570086702515998
  0.08042512436491651  0.08545043247680754  0.09067108078676656  0.09624857599812126
  0.10244290652105807  0.10894259981942266  0.11571474760941301  0.12220400890132063
  0.12820968593090903  0.13441352837321915  0.14044760291786759  0.14659415728678266
  0.15322557895890937  0.15969781857789567  0.16677369589618934  0.17409101894479947
  0.18123527150684904  0.18817623265889402  0.19499833965277388  0.20192153609429148
  0.20921564737999301  0.21665093754920928  0.22396851889338926  0.23148573131290548
  0.23909693236860727  0.24689442171585813  0.25534269649020108  0.26445020498111449
  0.27304879454782449  0.28248208717364165  0.29257845135003724  0.30230465970726605
  0.31225647608645979  0.32245871119641895  0.33254533944555537  0.34248300102729434
  0.35308922748831151  0.36416214197977176  0.37489617170458545  0.38537557273242246
  0.39560035489612055  0.40556864048543040  0.41551070025727538  0.42609760327855928
  0.43697939186703033  0.44830656045090334  0.45991888479118087  0.47144495735287834
  0.48320440496440531  0.49521858999121909  0.50687735975830917  0.51866412549471386
  0.53104599006678499  0.54389306423953876  0.55721183541504382  0.57014927514718639
  0.58240454431213629  0.59423302099338271  0.60588957280501998  0.61750287593646103
  0.62918744430729712  0.64097867613806159  0.65310450543583276  0.66550793156121502
  0.67804859914228721  0.69066776793507789  0.70209931953457549  1.00000000000000000
 -0.00270579164249193  0.01087279325337655  0.02196611751746421  0.03400902298523981
  0.04542006563482757  0.05670556898993651  0.06726197576911944  0.07671070866502558
  0.08605564256120656  0.09579104028100163  0.10634638564771703  0.11689374336381698
  0.12759572832190619  0.13913492647515982  0.15035802130881321  0.16057807746437230
  0.17130498730414989  0.18310819447095242  0.19554456121595334  0.20781500684388904
  0.21979137122967465  0.23211579312735467  0.24506634217434584  0.25629338364168724
  0.26529863913123297  0.27423137355654220  0.28276901542165450  0.29193672109702717
  0.30042043715359057  0.30905420686886059  0.31838184577414519  0.32822949809125124
  0.33792943567398553  0.34714167799097823  0.35666422701349437  0.36813122373156898
  0.37962197466652814  0.39075741660534830  0.40157427952996066  0.41223611976487856
  0.42336608127335512  0.43532771553704019  0.44818016621129497  0.46113826180865602
  0.47319794831806572  0.48434909173145058  0.49454536142157390  0.50487810600897953
  0.51497217671609008  0.52514697753904394  0.53565965322678488  0.54711526994872028
  0.55929924717171442  0.57128499071343819  0.58264761973952728  0.59372578395020947
  0.60505360680555065  0.61642978914829183  0.62758154730636417  0.63798425405818326
  0.64857616256979622  0.66043395898031587  0.67229003240308793  0.68458128841949184
  0.69550508692888324  0.70682441395294471  0.71687098270048988  0.72625933249835084
  0.73593692591246418  0.74509420149928940  0.75521000765662016  0.76522660908675799
  0.77573540114692530  0.78636724945918368  0.79644774676514152  0.80565924623841134
  0.81597799491657963  0.82652005098768155  0.83696935415151730  0.84699244371990845
  0.85734575707914640  0.86773043996146793  0.87814268734301992  0.88848523251132649
  0.89786689439553891  0.90642360555886281  0.91515219847391527  0.92448529435781102
  0.93426971267543546  0.94399320143895404  0.95300348750474806  0.96212714857608861
  0.97127475526373663  0.98075140695376550  0.99020150685408015  1.00000000000000000
 -0.00267935488277660  0.01136449594733401  0.02248736800793972  0.03335444135683877
  0.04334731058746924  0.05302065987886725  0.06288485777608591  0.07320242189017773
  0.08386711917416333  0.09456813106176569  0.10497227495835722  0.11572997411618935
  0.12629164397490572  0.13616851205425742  0.14582921532228604  0.15527096263599968
  0.16488748466012482  0.17491914774502382  0.18517576320447202  0.19535541283016084
  0.20545638447571030  0.21565980407461421  0.22607934874757143  0.23636731423548646
  0.24665897535250433  0.25811992689153462  0.27055770532257578  0.28275887728158655
  0.29399254470874020  0.30472952237101969  0.31518479465280524  0.32627083778145421
  0.33701406417288154  0.34723284356991096  0.35729117977432867  0.36743775574268284
  0.37720087006444242  0.38658098788767303  0.39647948081888978  0.40755827024970420
  0.41842457859377702  0.42834516693677255  0.43762478650342906  0.44758080240724707
  0.45730237919123695  0.46701786998612876  0.47701213502030521  0.48669095651467348
  0.49635524414863547  0.50615183789206408  0.51631601917446956  0.52577551269600087
  0.53545195715917415  0.54533152130171458  0.55649294406739946  0.56716768161096742
  0.57814912600336621  0.59061331778753334  0.60399586245150383  0.61635338532039741
  0.62790814704204523  0.63932131951114335  0.64977016301679424  0.66015694080416831
  0.67099998278485995  0.68210123517808030  0.69255516919564186  0.70283725661966578
  0.71356832176357632  0.72447714855841516  0.73518847915300867  0.74588798061267236
  0.75684534529690650  0.76836719610227178  0.77987639345046122  0.79174876538915862
  0.80392994711261034  0.81621351912763762  0.82822944409995203  0.83969791465952026
  0.85129569449328113  0.86073628621414977  0.87033064355464307  0.88082483249570942
  0.89144247311835967  0.90148835187421783  0.91104127242644406  0.92167370367142187
  0.93286918666224250  0.94296226225495872  0.95193623907100633  0.96124783925323365
  0.97062797739933104  0.98020308512422627  0.99008406790804804  1.00000000000000000
 -0.00170764317419374  0.00741433469658173  0.01527784286561693  0.02389700041524620
  0.03275231124769053  0.04173179854633815  0.05163957372904054  0.06216521864047563
  0.07278781519748911  0.08301057001645824  0.09294959232806693  0.10269618623242942
  0.11303721630278231  0.12374248837862190  0.13438052378404650  0.14480327266995385
  0.15485688149138957  0.16472694508427868  0.17476110515775548  0.18552479955486514
  0.19658414867981722  0.20737391782924491  0.21803233174413741  0.22871969626144067
  0.23932614982557834  0.24965719290970914  0.26027753433058837  0.27116762850036125
  0.28184677451455037  0.29199974552702590  0.30184993537706900  0.31182815387890916
  0.32166416488074040  0.33106781271301794  0.34009425375560726  0.34922231331802944
  0.35885650677616227  0.36871025101917604  0.37823894531338792  0.38729626403593170
  0.39622373293840768  0.40547847925778879  0.41492748788920325  0.42513658267436244
  0.43583749647724279  0.44720065316295704  0.45941095690605754  0.47180050063703249
  0.48362363312169798  0.49495074628542451  0.50554419137039142  0.51561533895572487
  0.52511348179110362  0.53412499695914406  0.54301568899202768  0.55186731770809871
  0.56088164675085994  0.57024554033082686  0.57949386298734340  0.58832886260264472
  0.59708040534351070  0.60587247869212590  0.61461114683672224  0.62353040693369288
  0.63262124146545085  0.64177832355391917  0.65176700133932830  0.66209586015464672
  0.67226837961058761  0.68282278939177876  0.69355568139498025  0.70501179737380137
  0.71789902227557656  0.73191318683680140  0.74594407384861661  0.75894532845592011
  0.77092272177748578  0.78278019086076833  0.79446988002857444  0.80587997564695346
  0.81760710865485631  0.82966537388311046  0.84096173184812406  0.85254140357154340
  0.86615189269240167  0.88007894970944878  0.89347574097654914  0.90657216418277120
  0.91920126653117462  0.93186979646746482  0.94427339028018553  0.95614009150890678
  0.96732919147480922  0.97843244792316342  0.98889586838626431  1.00000000000000000
 -0.00218618616221386  0.00831822448797265  0.01734642727648601  0.02737620865647892
  0.03749491985881240  0.04703534348236060  0.05656043586624715  0.06647098782871494
  0.07638258246978927  0.08551515771220897  0.09448945781467931  0.10350280639962862
  0.11293793462534119  0.12250955698469415  0.13339988546771306  0.14604880341127299
  0.15932221055887461  0.17226247580715970  0.18305642279321907  0.19382529779788499
  0.20421986215406640  0.21463071323757912  0.22444470300283162  0.23375645354273233
  0.24249257188296111  0.25124258973333119  0.26031736392503879  0.27005216374321550
  0.28004661698131883  0.29013961542785011  0.30037833414015125  0.31077343336014351
  0.32177307340071648  0.33403078804235081  0.34754864905877836  0.36097625612982159
  0.37425245646660898  0.38678225973261859  0.39826622486606705  0.40867045864268992
  0.41897331532947174  0.42940458353840855  0.43951456356870577  0.44903221533427129
  0.45831906226204494  0.46816949021445026  0.47864608385692237  0.48863380914188159
  0.49836465626284893  0.50739914410854425  0.51745523635481339  0.52775328238998354
  0.53887722735091692  0.54912525154858494  0.55961414122413500  0.57081509923118001
  0.58243567744003844  0.59424342737960489  0.60537784355722557  0.61653277467238443
  0.62741249301196189  0.63819462406249106  0.64907466100876998  0.65958095333991495
  0.66987783966242398  0.68033759526923632  0.69079306470843915  0.70162001087242665
  0.71252958456937321  0.72326332662265602  0.73286777104219802  0.74155156112003218
  0.74997573742901169  0.75848933678876906  0.76737969673763318  0.77663503272540324
  0.78546519392940273  0.79479260568263421  0.80640540988072107  0.81854950842639651
  0.83101212128207003  0.84316850167700652  0.85460378226745537  0.86535404112027547
  0.87547753906878722  0.88559843120211812  0.89598502655813550  0.90688718482823538
  0.91791252629680264  0.92875564037355418  0.93985134485422950  0.95164626126690999
  0.96385985825555465  0.97570372314943754  0.98744758487212925  1.00000000000000000
 -0.00157256720790012  0.00754241220158523  0.01547263472710134  0.02402814834090408
  0.03297884653379415  0.04196897711669647  0.05255093008486485  0.06351444823423738
  0.07456219523451899  0.08543762986395911  0.09620129151483214  0.10723972218543823
  0.11872484108650556  0.12976410135944749  0.14027463030894233  0.15085237315713187
  0.16131237793693221  0.17152115260809214  0.18126664960961614  0.19168013387200980
  0.20226628929125062  0.21285925905418890  0.22295878601660135  0.23341299336791096
  0.24398212833395527  0.25391832224796912  0.26312875105704037  0.27264158522943788
  0.28223956991091764  0.29154024726405309  0.30055062344040784  0.30978383402681364
  0.31997822931337017  0.33059860910054023  0.34129363168713067  0.35205445445539074
  0.36288524233276676  0.37424525442723588  0.38618422880562575  0.39787034918320907
  0.40876667328157545  0.41910668833308062  0.42905519113834040  0.43876294198994548
  0.44820396942684670  0.45779105931762143  0.46811470946812378  0.47943967912012103
  0.49194047725373646  0.50485732739800571  0.51693366365478244  0.52828034864532558
  0.53895660414942725  0.54991012161307518  0.56062796492450484  0.57072258505033269
  0.58088847623052386  0.59169274678113670  0.60296415457889008  0.61418914797563928
  0.62500741704042517  0.63461351348087469  0.64423337375473910  0.65397273220357133
  0.66381798139914650  0.67360274491321059  0.68307422967279041  0.69267548044771432
  0.70238553057417685  0.71180116237197433  0.72099747585193374  0.73074039944580971
  0.74150353072377406  0.75296049610871429  0.76492975107974148  0.77723374775474074
  0.78978895357538514  0.80291267465586957  0.81591940478673763  0.82732903430046156
  0.83888729139619578  0.84968667247517671  0.86041577479597275  0.87092421344893256
  0.88293573144215931  0.89541738002573534  0.90612914030128822  0.91710644132193031
  0.92731434113077016  0.93744781072322514  0.94803938903087948  0.95818779110636587
  0.96797121489604865  0.97754485749919762  0.98843070602507010  1.00000000000000000
   7.0612277407911133E-015  -1.0000000000000000     
 F F F F F F F F F F F F F F F F F F F F F F F F F F F F F F F F F F F F F F F F F F F F F F F F F F F F F F F F F F F F F F F F F F F F F F F F F F F F F F F F F F F F F F F F F F F F F F F F F F F F F F F F F F F F F F F F F F F F F F F F F F F F F F F F
  <DiscreteSampler_grid>
  grouped_processes
  1 # 1 for a reference and 2 for a running grid.
  10 # Attribute 'min_bin_probing_points' of the grid.
  1 # Attribute 'grid_mode' of the grid. 1=='default',2=='initialization'
  0.0000000000000000 # Attribute 'small_contrib_threshold' of the grid.
  0.5000000000000000 # Attribute 'damping_power' of the grid.
 # binID   n_entries weight   weight_sqr   abs_weight
    19   10   3.958472943608361E-010   2.630507505049834E-019   3.958472943608361E-010
    22   10   2.258951820003147E-010   1.136813830260843E-019   2.258951820003147E-010
  </DiscreteSampler_grid>
