 -0.00000124207218714  0.00004561905344987  0.00019785536757757  0.00040249837145345
  0.00066304873537444  0.00095067424406791  0.00125832497275621  0.00159453776547957
  0.00195440324176923  0.00233265675934056  0.00272816763668762  0.00313616953948924
  0.00355678908971519  0.00398320435441973  0.00441908359867943  0.00485074010348297
  0.00530158272654609  0.00576677085658818  0.00622545901473592  0.00668776030493003
  0.00715425171766884  0.00761636939319015  0.00807000574810269  0.00852801748658666
  0.00899564892110819  0.00946433722305582  0.00992539195094998  0.01038118141830180
  0.01084361097282668  0.01132434842755053  0.01188972024203926  0.01249680040080209
  0.01326770445713161  0.01462092828392850  0.01706650094035948  0.01907620405320986
  0.02069585252131715  0.02219728749495669  0.02353618144502599  0.02480151427949408
  0.02603084878772235  0.02723173001520792  0.02841732605396108  0.02962321641956153
  0.03084869784758838  0.03211820472971362  0.03341421612397390  0.03470560560807825
  0.03600340988123788  0.03730661251676587  0.03862110305410432  0.03994787993353102
  0.04129275675825746  0.04268681289050281  0.04406586019699557  0.04548799514124757
  0.04692689129438476  0.04837131653273213  0.04978308192680625  0.05118696443752577
  0.05260013066680155  0.05410768431487126  0.05565750149158936  0.05723186382568700
  0.05882755834728216  0.06044685424809065  0.06211473842214380  0.06383926825087913
  0.06563965824725355  0.06739535626753321  0.06917742927849575  0.07100662178506124
  0.07290963859295499  0.07487505070520560  0.07690059823898167  0.07897862823657313
  0.08113461167219554  0.08337742926762981  0.08567757445979787  0.08803214777851938
  0.09051647103237047  0.09328997820618307  0.09626082833685225  0.09950339038190273
  0.10289826275656735  0.10649175102245072  0.11034151127708437  0.11446828400951080
  0.11905169815984637  0.12500658374821841  0.13246913063641355  0.14109987072785588
  0.15330394282197099  0.18286549662450263  0.32552555675697964  1.00000000000000000
  0.00931600140445922  0.01674596695143296  0.02690318917846720  0.03795359476831782
  0.04876637310280135  0.06018729774860290  0.07076430212112311  0.08196425311429696
  0.09184791820331503  0.10176475377520852  0.11159266902909397  0.12067310762351732
  0.12982549065698951  0.13913460696179147  0.14870964927549216  0.15859427160290768
  0.16843395189325022  0.17838284063911033  0.18840453768372700  0.19844352713017946
  0.20828801481771439  0.21830575312144165  0.22877140560319442  0.23992866303958599
  0.25188112532918627  0.26345968061185082  0.27514227014778719  0.28644666520132800
  0.29695718048830799  0.30662629123150731  0.31637799551306800  0.32646133472707894
  0.33753715991431826  0.34878684131100302  0.36039004114534612  0.37190521147541505
  0.38289735030625766  0.39376348659712479  0.40442760220336144  0.41473117843144586
  0.42427567277310935  0.43369865033587063  0.44404459302567195  0.45469847682237863
  0.46496936284349416  0.47496880380207673  0.48535923168647727  0.49607264918338057
  0.50678533138989523  0.51759850635777660  0.52890280091787445  0.54026468064622746
  0.55137730010430297  0.56227278443915119  0.57292943663798612  0.58363933026959880
  0.59364806522027314  0.60340674052504095  0.61320606151071888  0.62323695661242351
  0.63304140763327588  0.64253067026273347  0.65258989041611093  0.66330956005662955
  0.67381236987258109  0.68417501720585150  0.69417921441370678  0.70394021516025118
  0.71409337742513523  0.72460621863492092  0.73522629677397022  0.74561407083593312
  0.75588884333622719  0.76600559347719399  0.77598930177952941  0.78574356635935638
  0.79576294641114165  0.80636205725635390  0.81713856624326542  0.82816258623814354
  0.83955663566539396  0.85145339765443828  0.86372055568452710  0.87566342723421653
  0.88722971938730466  0.89875374104657568  0.91039517296146877  0.92158433427520536
  0.93193123998431626  0.94256507759930885  0.95426630515489452  0.96438276084306596
  0.97373700216220371  0.98343045522543981  0.99092319704414200  1.00000000000000000
 -0.00005170611300259  0.00063096661494823  0.00188534366375170  0.00359857486172364
  0.00554594032400230  0.00785102251359934  0.01042004252444722  0.01325001818492137
  0.01604423579666369  0.01915369276787867  0.02253634582696819  0.02584139793535186
  0.02917990484006140  0.03288034306771773  0.03658220022135417  0.04034654468701382
  0.04417523978506812  0.04819822450746911  0.05242289521014225  0.05676288162633505
  0.06126623268486888  0.06597734608455427  0.07073180338942356  0.07563386699670803
  0.08083190821141747  0.08638415842284902  0.09213695239113269  0.09795854904661802
  0.10383053295676965  0.10971239000037461  0.11555694490295254  0.12132486099408760
  0.12702344414996575  0.13281539273380888  0.13883522635284543  0.14499361500183855
  0.15132103781138156  0.15801128339907927  0.16510670445026365  0.17261329558597757
  0.18041593683889282  0.18839716812721974  0.19649781628326271  0.20462238491695708
  0.21239076476035987  0.21997358124665778  0.22741703767534127  0.23484487254782119
  0.24229791807521606  0.24995885107538340  0.25794974539045928  0.26612053462843449
  0.27432955172486850  0.28271179663731216  0.29125304795340684  0.30000614488174071
  0.30935418802263681  0.31896500644184100  0.32842095717028674  0.33773447484769314
  0.34703191402867728  0.35600048621973329  0.36524081979934409  0.37468240320445512
  0.38445627634183682  0.39449076357136859  0.40452291348684066  0.41439722911051363
  0.42420331471409845  0.43397088171855958  0.44363404890288505  0.45339338645166039
  0.46311120248816240  0.47315010447559402  0.48367050355296487  0.49433292493193626
  0.50498952072865455  0.51564717436865681  0.52643563934876181  0.53723462937020250
  0.54809524128801779  0.55901880477617394  0.56989486524487698  0.58074222227791505
  0.59162367773115343  0.60290676227035123  0.61416952583147588  0.62524777667350573
  0.63629030486183336  0.64759590350678742  0.65916274547186016  0.67094032080702637
  0.68292846214951486  0.69403231678880040  0.70070125854084020  1.00000000000000000
 -0.00255369842565691  0.01033272376124772  0.02108347504103104  0.03312542792748177
  0.04459963914651973  0.05641303969489545  0.06811046621362619  0.08050120568974319
  0.09219724986365893  0.10433951707057645  0.11622582848588367  0.12752323923404216
  0.14083628718146152  0.15135390344669639  0.16200303333257760  0.17300869634735658
  0.18445949286064525  0.19534306274268751  0.20582213212543007  0.21628543794212568
  0.22637618209321342  0.23594118018711316  0.24576490636316289  0.25654636105347312
  0.26783716846072575  0.27870439752165777  0.28941682701999782  0.30086113450342583
  0.31292566998451088  0.32439379639179866  0.33572231007519104  0.34697690323752195
  0.35787014726907174  0.36829178678681301  0.37862982332509931  0.38895268599527960
  0.39897521119108575  0.40883958825384709  0.41905698005315783  0.42962748143169399
  0.44004614771366179  0.44990017414798511  0.45965557349094660  0.46968301317995581
  0.47975742157393003  0.48975553097906271  0.49965860317617350  0.50932798184211536
  0.51914910734924813  0.52945843562683492  0.54004642892858301  0.55051258355088994
  0.56102563638725134  0.57198947553772062  0.58293951945590239  0.59351109219785336
  0.60359490922151293  0.61329066428839030  0.62291164354711359  0.63263129826561681
  0.64244515966925120  0.65218981248553387  0.66185734033368804  0.67156438332364110
  0.68133845962465100  0.69100898564962143  0.70090251846290741  0.71099255577947384
  0.72137799434889538  0.73198576086528944  0.74286141022011465  0.75343936358904040
  0.76426563502053835  0.77449334478130349  0.78467602175678486  0.79497855888583691
  0.80532202843121159  0.81549724801791013  0.82547990425341433  0.83589420483195520
  0.84679271803674927  0.85754400543206311  0.86777905174909487  0.87766471706862992
  0.88746070221981321  0.89719700273474845  0.90736982791470999  0.91797536169210836
  0.92881028001316457  0.93956793763058644  0.94992183009174302  0.96021527610204760
  0.96992875838283310  0.97992215226676271  0.98967953786929586  1.00000000000000000
 -0.00269509745613567  0.01014677320713861  0.02132661633142865  0.03256109963020197
  0.04410595673168753  0.05586167596017541  0.06798515426721577  0.08024240512224459
  0.09220019195233187  0.10357500969386595  0.11442588867511856  0.12493369916779361
  0.13539076501765648  0.14603190194388418  0.15797129986932740  0.17025319076967943
  0.18172339975347795  0.19327558804159511  0.20450112286450897  0.21532719988779395
  0.22582500886976581  0.23656443567738097  0.24730738971506233  0.25714025168455168
  0.26662999880143912  0.27619140786270596  0.28587468825884799  0.29530489626224066
  0.30441310336054539  0.31391302832955553  0.32387044904953005  0.33374703737081302
  0.34331613240315850  0.35327486329332064  0.36407800051763883  0.37495282740012476
  0.38498913923470252  0.39464497830147172  0.40471237297536222  0.41534569654536663
  0.42604274432315681  0.43668898171543685  0.44766117996448734  0.45892982244472413
  0.47033055848097111  0.48166331422053693  0.49303595726077104  0.50455163064610997
  0.51584714437481738  0.52618203053724655  0.53547899958011747  0.54462556913977067
  0.55385069258090147  0.56336832953319349  0.57277540420576289  0.58219369145850142
  0.59220525640568544  0.60285737020564201  0.61434089123141156  0.62620997671953971
  0.63810444723964921  0.64940904591972559  0.66024844967897189  0.67135017098550998
  0.68242401077825321  0.69278648060219294  0.70258368602500731  0.71258021872365052
  0.72298051112952688  0.73324944854577190  0.74349041193333787  0.75424965933588040
  0.76571949479412849  0.77730408697506781  0.78869641744847530  0.79955353559008258
  0.81004041527985471  0.82013771859003481  0.83006856293447684  0.84014988963623805
  0.85037555487700844  0.86090352525501801  0.87146103040952794  0.88171342238340766
  0.89189509746553264  0.90202412790329867  0.91218979643941933  0.92219985855793374
  0.93216389590716797  0.94187796936073931  0.95117894999416175  0.96033607073082428
  0.97002731961621980  0.97986195470235871  0.99006941058689835  1.00000000000000000
 -0.00226948460311810  0.00933812172407781  0.01925241247623067  0.03031965386843049
  0.04050046085703946  0.05124370070600531  0.06176026072550541  0.07299811651310147
  0.08452796235561869  0.09581569658280006  0.10723453718113611  0.11846382379199810
  0.12918305654612108  0.13921470449770931  0.14926066053675724  0.15980712000976036
  0.17032008505675791  0.18058014412649898  0.19078164144855680  0.20120886104385299
  0.21154046825930539  0.22171477402794726  0.23207880070105311  0.24268715004129363
  0.25295248823854199  0.26336768582695175  0.27423437767838887  0.28542348497045023
  0.29624980785550925  0.30671487846789874  0.31738425021271904  0.32824875429949285
  0.33852437049755774  0.34848235990816900  0.35847880261147752  0.36841872253719282
  0.37848585791793421  0.38938715382884481  0.40066732996462523  0.41207593850339763
  0.42376723351257117  0.43593042560971568  0.44832738321703403  0.46005236295478158
  0.47153036419080957  0.48298426428291563  0.49416278537168651  0.50483859640019269
  0.51517615538660844  0.52544035763855923  0.53545173196887175  0.54546336835358056
  0.55534563995202946  0.56508365406206518  0.57534971349097008  0.58572429614246224
  0.59695240193533006  0.60832732850689641  0.61944941999071634  0.63041758739848619
  0.64120580472198374  0.65233878747089091  0.66392984101684238  0.67527716755291767
  0.68624960384221334  0.69727987563030369  0.70830777041830784  0.71904020659284162
  0.72999362519319100  0.74172986025604992  0.75331242845250568  0.76444098729838994
  0.77465350610375028  0.78390203376329259  0.79322370802988229  0.80280702040019691
  0.81233583539246346  0.82194191784406201  0.83150056776105130  0.84110751314584831
  0.85081575071285176  0.86059658190332045  0.87046859890926442  0.88037300743767322
  0.89018352342733487  0.89998680987184387  0.90994228960797763  0.91978588959528251
  0.92977840452584670  0.93950978463460177  0.94923070473487103  0.95912877755375614
  0.96943366070973735  0.97963679575687013  0.99006878868606185  1.00000000000000000
 -0.00193417678485483  0.00872256432248255  0.01840267981615806  0.02861187876754361
  0.03840981309798472  0.04776586670186386  0.05731219154273380  0.06734560073395390
  0.07774797565319376  0.08822572386934519  0.09892724541164899  0.11021954815698942
  0.12220268022767639  0.13429064106502467  0.14674859611714794  0.15772384831686853
  0.16852789585821570  0.17940489745148311  0.18980152165984757  0.20025075228962178
  0.21058945186995032  0.22251689858103615  0.23417724927373901  0.24582157570639748
  0.25755384689657573  0.26895081480174249  0.27969238951971009  0.29063405047088953
  0.30234347041587711  0.31455348299155450  0.32670784851413948  0.33854905711887989
  0.34995042405563115  0.36030894755458637  0.37002484120524187  0.37984431373655148
  0.38933826680263101  0.39894794766456160  0.40860034898434644  0.41832804612928393
  0.42792320506869486  0.43751596014125643  0.44750647763960577  0.45804834157958652
  0.46911779355215505  0.48040921461005259  0.49158634495825382  0.50235845317676842
  0.51246876720030321  0.52244577141440540  0.53262053616509908  0.54289544777336796
  0.55300437081307297  0.56341821702884409  0.57441814111498846  0.58528346167735112
  0.59546842389324384  0.60530189714341298  0.61540614413820760  0.62545270586719059
  0.63482391961965323  0.64392111629142235  0.65312185677302648  0.66237670005814586
  0.67128141724367640  0.67978299108139006  0.68877458282699122  0.69884149328823875
  0.70924341442850092  0.71942608723178736  0.73012145021032138  0.74193535278722167
  0.75460376094892845  0.76717219550924054  0.77941300164506833  0.79134838919848460
  0.80351604007405930  0.81572122103467526  0.82771555116388607  0.83887100105084456
  0.84956892289797770  0.86004075077170095  0.87096641281616249  0.88192215629901893
  0.89238148213784652  0.90226595730004444  0.91174773441354240  0.92127538063244629
  0.93110247861639828  0.94130686071362957  0.95162077778508780  0.96175776750685638
  0.97169526208006429  0.98157029182349564  0.99083506913197184  1.00000000000000000
 -0.00237500789424938  0.00948495505376753  0.01942424318448202  0.02917856587023669
  0.03905872341559082  0.04964248897993328  0.06039435443003608  0.07116191196818869
  0.08150539148742164  0.09183382429660122  0.10193349859729726  0.11179777514084346
  0.12154014856634844  0.13177214751196792  0.14198259700837654  0.15196390402379797
  0.16185624988889336  0.17211160409372109  0.18252291518501049  0.19317716221706366
  0.20386046481667019  0.21466262044752044  0.22530449449509238  0.23602312868713257
  0.24692540088610754  0.25792812129721637  0.26916884641400229  0.28078172985465627
  0.29216440949570932  0.30293310413819124  0.31349003759295913  0.32426625223362121
  0.33484409711929386  0.34504765603810389  0.35523340633594841  0.36578942265706760
  0.37673144130906816  0.38883544234515333  0.39994337252753498  0.41126592396027972
  0.42272367637464031  0.43446446756323448  0.44441023166360333  0.45438760379266940
  0.46392241507992243  0.47366934876706696  0.48345668579207368  0.49322290031952909
  0.50308042255315422  0.51308371175078760  0.52273953094147330  0.53243202280031388
  0.54257529826318240  0.55303658592818328  0.56383540730846449  0.57482523149255116
  0.58594217552512418  0.59756026843379273  0.60881695161257599  0.61945534256068668
  0.62969232088092930  0.63958353729069661  0.64984885691149541  0.66057590567839330
  0.67147482508642187  0.68358251827408567  0.69527796636772032  0.70735679382331962
  0.71760381528792450  0.72786043104575304  0.73888095579291047  0.75019617043083175
  0.76148397763588238  0.77225662584893451  0.78241897736724897  0.79246242143796064
  0.80258610887306570  0.81251204897667906  0.82233453463247697  0.83223965534866184
  0.84284361088636195  0.85379286667557908  0.86453905518547414  0.87499735107473875
  0.88551428416203848  0.89602350366373040  0.90759980937469176  0.91922823957867705
  0.93076715029975488  0.94091008054725123  0.95075237356449249  0.96047022570691487
  0.97073816887137288  0.98084812257854137  0.99067085178211101  1.00000000000000000
   3.7898869815674535E-015  -1.0000000000000000     
 F F F F F F F F F F F F F F F F F F F F F F F F F F F F F F F F F F F F F F F F F F F F F F F F F F F F F F F F F F F F F F F F F F F F F F F F F F F F F F F F F F F F F F F F F F F F F F F F F F F F F F F F F F F F F F F F F F F F F F F F F F F F F F F F
  <DiscreteSampler_grid>
  grouped_processes
  1 # 1 for a reference and 2 for a running grid.
  10 # Attribute 'min_bin_probing_points' of the grid.
  1 # Attribute 'grid_mode' of the grid. 1=='default',2=='initialization'
  0.0000000000000000 # Attribute 'small_contrib_threshold' of the grid.
  0.5000000000000000 # Attribute 'damping_power' of the grid.
 # binID   n_entries weight   weight_sqr   abs_weight
    25   10   3.385784420668692E-010   3.921814950412086E-019   3.385784420668692E-010
    28   10   3.989486974499877E-010   6.134615438095559E-019   3.989486974499877E-010
  </DiscreteSampler_grid>
