 -0.00000492884153543  0.00020024188278645  0.00098937530552716  0.00212190530632299
  0.00353980153405171  0.00524603580269974  0.00763249031552539  0.01116265498334507
  0.01320575146092226  0.01440021948453903  0.01537634328165148  0.01631708732243220
  0.01726068781803590  0.01824663395920339  0.01922651014446588  0.02021666463392953
  0.02125789076410287  0.02232787808691357  0.02343851822579696  0.02466369044955181
  0.02597253618084032  0.02731117847940103  0.02865707583546790  0.02999428533084653
  0.03132896317033587  0.03268995431889548  0.03412502867689902  0.03566419250646564
  0.03723859191820910  0.03875221485518147  0.04020347344499283  0.04171041123666379
  0.04333085516390268  0.04504284693906167  0.04677539030326052  0.04848738147904689
  0.05027884398644644  0.05204524087760230  0.05375008578230910  0.05535279624464953
  0.05705604147965595  0.05887664716678742  0.06073206602045131  0.06258303998609152
  0.06441818927885563  0.06620359825667838  0.06799862484857028  0.06983929172289037
  0.07168615001186020  0.07355374879582062  0.07538638160900818  0.07722990156320669
  0.07909125085883111  0.08095841924966786  0.08294616572243164  0.08507562791161259
  0.08729893083143009  0.08953866167779920  0.09183959826731547  0.09434071060597285
  0.09692632027378906  0.09941803482802658  0.10200627462471532  0.10458812806826528
  0.10717798006471471  0.10978724952451224  0.11241301464006213  0.11509716154262459
  0.11778596691163010  0.12038432562850122  0.12321949005737051  0.12604237343725869
  0.12902991225546134  0.13205676650727016  0.13521005572798883  0.13847027793559674
  0.14172841952230467  0.14494101996427788  0.14820638740623171  0.15179082653160914
  0.15574226344152461  0.15994424249317296  0.16490346142705675  0.16989631470855071
  0.17515497328386459  0.18087707990033025  0.18736863209416132  0.19472318376053893
  0.20366440270267161  0.21554473711457878  0.23014506595617742  0.24805547381690601
  0.27394885451629919  0.32003435822628840  0.42351121051868917  1.00000000000000000
  0.00868394350444894  0.01851527816253975  0.03020624420774974  0.04093549610636797
  0.05198827506817821  0.06236890962429459  0.07240464708726942  0.08292776997546338
  0.09394523355658521  0.10474450806871717  0.11452705011561455  0.12521894041129622
  0.13691518917123371  0.14827093754981790  0.15867215811722668  0.16911066425362045
  0.18014732901643277  0.19138423376163119  0.20299474621216371  0.21481240232673429
  0.22665640354140310  0.23831030887467350  0.24989189620075802  0.26148107213272620
  0.27276846315292147  0.28375438968315791  0.29492402993381656  0.30675210341377501
  0.31781509340316860  0.32748293550259699  0.33778412257555418  0.34859746820474263
  0.35952375054635544  0.36990895056950135  0.38008796807108830  0.39093927055938910
  0.40226786679248661  0.41346228365653476  0.42415808036628677  0.43466592544812721
  0.44580458459890454  0.45642426195512315  0.46529743462220563  0.47412627487312181
  0.48339681540380147  0.49253373552780177  0.50099887654305197  0.50931472555490998
  0.51810733721353031  0.52819068484087117  0.53812113990218613  0.54756671345456365
  0.55714712821361490  0.56598256643584122  0.57471156541787594  0.58423254293505555
  0.59429923486854330  0.60367890890970988  0.61269157100575156  0.62204421119164166
  0.63164746715249531  0.64116470899875522  0.65065704929098223  0.66062489984170658
  0.67132813921661583  0.68285817965759255  0.69519230887598193  0.70749825048164361
  0.71933305163519057  0.73073821841359232  0.74139957953220481  0.75212073151608660
  0.76258537987380282  0.77312746340766980  0.78383287561605208  0.79413913582387219
  0.80478529113194841  0.81580659941733269  0.82690132954922169  0.83786442554912621
  0.84885462293363723  0.85889450680532309  0.86717538463122201  0.87482167236195618
  0.88277383818380029  0.89179116376434941  0.90082556985790407  0.90964395018457611
  0.91950023245706858  0.93131468266014006  0.94380125576674123  0.95580485823234829
  0.96762590385910718  0.97884620031525649  0.98922034118821500  1.00000000000000000
 -0.00001317034945766  0.00008290970891656  0.00016053863708801  0.00025169145991126
  0.00035990519239902  0.00051399201677972  0.00067007198136766  0.00080302001412156
  0.00093194775599234  0.00107149196948619  0.00121824409075590  0.00137294415987950
  0.00154060212231745  0.00173523182797234  0.00194749468719881  0.00215542058780450
  0.00236834781754539  0.00258887910584511  0.00281553907419257  0.00304968703783247
  0.00328622107125580  0.00351309935729158  0.00373599771134898  0.00394896463689126
  0.00416353682935571  0.00438666195158278  0.00460738468534568  0.00484241649046362
  0.00509172139606683  0.00536605437038732  0.00568007286360523  0.00595195276989740
  0.00620885935464665  0.00646362055607356  0.00671668830344093  0.00698038496077019
  0.00726320381138539  0.00754319572948057  0.00781789805313256  0.00810778719512305
  0.00839829892253374  0.00868704223678331  0.00897858950254315  0.00926638553017021
  0.00957269050389975  0.00988954136042173  0.01019404738830950  0.01048180869148245
  0.01075556794380428  0.01102363534675286  0.01130476671310498  0.01160241070811540
  0.01189958784121215  0.01219818407836814  0.01250434486149082  0.01285348316328656
  0.01320200382464440  0.01355370719117020  0.01390281225416581  0.01423981432587497
  0.01458561062174714  0.01493032844578194  0.01526183448286281  0.01558956078451271
  0.01590963228569579  0.01623119709031129  0.01655829231546097  0.01686571061063032
  0.01714739126661528  0.01743133916770543  0.01773215609172609  0.01804762619256400
  0.01837530805088957  0.01869957599258505  0.01901741300728602  0.01934432133789682
  0.01967663773511125  0.01999330128770738  0.02029100869049679  0.02058601069763837
  0.02089823704666462  0.02121552241911232  0.02158633001958304  0.02195534698191753
  0.02232007527308612  0.02268149757540669  0.02303921257811255  0.02339742975915186
  0.02376561076823357  0.02414711828606778  0.02453652672127643  0.02492622977408444
  0.02533169179278679  0.02565915728050314  0.02594328757194049  1.00000000000000000
 -0.00303532983140977  0.00925338704168193  0.02162018371601556  0.03493335641624063
  0.04874224451882890  0.06265634530802808  0.07610235916120453  0.08892268299562676
  0.10164350536348377  0.11330637452019370  0.12436221565583618  0.13511889166036262
  0.14634160201804755  0.15699293267247080  0.16651460790664788  0.17543731559999409
  0.18450130877764248  0.19396313634975779  0.20342400586431944  0.21253743855223198
  0.22148468464006099  0.23144081108322526  0.24202489457592674  0.25332587074356133
  0.26617348898903209  0.27968200799674431  0.29311835286371341  0.30625532541179745
  0.31886024800407786  0.33099536133036106  0.34354573030090602  0.35628597762963277
  0.36915752374202371  0.38264981606018028  0.39485532125807588  0.40440567046314113
  0.41292274571222187  0.42124775213315335  0.42954225747672065  0.43851897497189551
  0.44688431986730387  0.45473711398409739  0.46372259331814708  0.47441266733947274
  0.48476276895911402  0.49581587328980120  0.50787329186889452  0.52078284972670219
  0.53243345907584272  0.54264225799740751  0.55182465100591815  0.56061176912342325
  0.56921898449294106  0.57717614381384097  0.58505997138139476  0.59293102845253698
  0.60128869753227565  0.61100372427507155  0.62110512576917276  0.63177969818903257
  0.64272536405248737  0.65361106645560008  0.66480474224988961  0.67660283278037392
  0.68870458529362821  0.70109151791613544  0.71322406947732353  0.72500094962858253
  0.73645020293222285  0.74715517559418732  0.75734341873494848  0.76766598335665659
  0.77895840614304301  0.78946563364606348  0.79893928697711492  0.80826003154404169
  0.81767106071797824  0.82882795071200543  0.83841709719076440  0.84803780845002852
  0.85785687182190651  0.86783057309706457  0.87732530997116753  0.88619260252460375
  0.89517689120577526  0.90479071820564927  0.91476001116992767  0.92421722590268118
  0.93286328091830040  0.94188188516527127  0.95112053393515328  0.96043048603486536
  0.96954553281119593  0.97860078215722435  0.98843766578708925  1.00000000000000000
 -0.00197212961959118  0.00887271244149777  0.01815209515682693  0.02834207119748370
  0.03844118517988653  0.04858453135711899  0.05927467765624613  0.07003630664128616
  0.08125311275787511  0.09270497904453670  0.10381971936328367  0.11413624372997269
  0.12417073986380558  0.13476728314105257  0.14428379300302369  0.15479514972845779
  0.16574544941503561  0.17457802737451247  0.18328471524230336  0.19183277788483533
  0.20059817383411890  0.20935145289486448  0.21761235963184711  0.22536424750472372
  0.23368806581228121  0.24303529330596713  0.25216490543269643  0.26167532448353992
  0.27122160845468707  0.28270616618295985  0.29539830781785970  0.30877578494954305
  0.32158782293073801  0.33409752766545292  0.34710106995579704  0.35981423085555198
  0.37214999311564773  0.38359132105871468  0.39551038073733197  0.40803762255814008
  0.41931909146753399  0.42936281206393695  0.43928189698503489  0.44949381735642985
  0.45927028367125450  0.46875438611252079  0.47914745873986686  0.49033471157229491
  0.50031909075001124  0.50967011675391605  0.51905668373303582  0.52928814751616937
  0.53936860443343859  0.54929655635773389  0.55840822944436774  0.56878084246528693
  0.57961263805729313  0.59071853975705868  0.60140849700460508  0.61178130489742633
  0.62234638928746433  0.63300177374534661  0.64323964346987983  0.65325065939257931
  0.66279355263006978  0.67161687840460071  0.68037459733597438  0.68982676185453562
  0.70075487596343433  0.71222404460852751  0.72349172469653444  0.73461360470602310
  0.74648319122545803  0.75902435774395671  0.77157796380898314  0.78374811423952240
  0.79546965434153216  0.80681973141855168  0.81776112762807196  0.82879767419137496
  0.84012139878389402  0.85085589668858386  0.86267775265372493  0.87400934899193095
  0.88530961365489291  0.89678882165827623  0.90794854883519871  0.91908297259387495
  0.93025003062236078  0.94182183117507134  0.95359601874460642  0.96416126295431182
  0.97347247977493212  0.98224535963669224  0.99109555966601204  1.00000000000000000
 -0.00291508775847006  0.00946152094125913  0.02030672255461646  0.03095604740550031
  0.04199574476184072  0.05382547895188822  0.06634716544719733  0.07911965798239712
  0.09167456605326731  0.10311509663007110  0.11192851946836183  0.11976886380561080
  0.12807942083953855  0.13644000728981998  0.14461037153217005  0.15226717271171983
  0.15989067442316870  0.16884388310949514  0.18093050398562519  0.19349574471277453
  0.20506204745870935  0.21711442916823187  0.22944903530196437  0.24226186282219353
  0.25457400463390539  0.26593183305715329  0.27629358150700484  0.28639365589751292
  0.29664025528299676  0.30670214545317942  0.31658936399442855  0.32670513456469763
  0.33739324665307135  0.34859265225155750  0.36011248768305060  0.37200109011117999
  0.38408465978411999  0.39651776953944612  0.40939409246542774  0.42128023691032662
  0.43251864878574681  0.44355600614953467  0.45539428007077459  0.46782128397010714
  0.48010919675078373  0.49217293729355494  0.50430406284550733  0.51626058282085807
  0.52705560674067764  0.53607791347333356  0.54521518549008674  0.55426611237215895
  0.56320150101203481  0.57200996593076248  0.58125261662343519  0.59238725254023528
  0.60513335547473446  0.61774717615310981  0.62974799896046740  0.64122869746129940
  0.65155038857269609  0.66068726235652742  0.66976514035690304  0.67921189500845291
  0.68835873853280816  0.69707692444769354  0.70594562574108977  0.71549022299013432
  0.72556054222217226  0.73596954298020378  0.74735906782936712  0.75949617210645248
  0.77132735381020456  0.78283575262843474  0.79298074274505359  0.80158730628040664
  0.80997276254933248  0.81885384112686987  0.82854033613883882  0.83829630944781175
  0.84832794929695021  0.85829548996976324  0.86888592937749809  0.87933880595036751
  0.89041835287209326  0.90159088706245305  0.91243550730589562  0.92333978614029422
  0.93426027465165329  0.94417041358406051  0.95345379544061060  0.96303331316591434
  0.97274185313387496  0.98207066626508854  0.99086555508923024  1.00000000000000000
 -0.00238404843990603  0.00913481019857846  0.01952632985395163  0.02876226584154663
  0.03778524351821676  0.04670550135320936  0.05662419931146186  0.06653460156137694
  0.07714420360488215  0.08783063162462595  0.09712900320669146  0.10563998282038728
  0.11438041592276400  0.12387780195761015  0.13374800870109399  0.14392338072590799
  0.15487582126297281  0.16614967174384310  0.17709030877404411  0.18813706970041871
  0.19891428820573359  0.21003808605165900  0.22135898997389175  0.23183096179465265
  0.24116115454723291  0.25087746499657870  0.26004102325168926  0.26868438539961520
  0.27725495263326239  0.28615913704139445  0.29670340387296956  0.30904891440822646
  0.32220939142180638  0.33602710824734844  0.34972428350717183  0.36162430040437044
  0.37163462613391923  0.38180418556426582  0.39232379917550741  0.40276471017101234
  0.41350662349916123  0.42621286547897663  0.43966424259256986  0.45194402245525939
  0.46308397881382479  0.47351921729472518  0.48329258303265388  0.49339797345882208
  0.50337335543018658  0.51406423791273881  0.52472715815680393  0.53601414894448784
  0.54618715616831826  0.55570146454487079  0.56520610278022787  0.57453151419345883
  0.58333100221249301  0.59237742104097502  0.60192253915529426  0.61390984071229171
  0.62724086072552065  0.63921605961482719  0.64966344782135177  0.65871074056422518
  0.66764487338954470  0.67706011918337394  0.68722411836152109  0.69778409883976511
  0.70809298804884047  0.71858505522897775  0.72967364216819486  0.74040543771929734
  0.74974536521796864  0.75779191941848767  0.76613781000364922  0.77532332386204772
  0.78412368263794918  0.79282572015965713  0.80199414414136172  0.81197179375270878
  0.82333140475444544  0.83555090454610637  0.84767020577797103  0.85926580526429064
  0.87016060452179056  0.88097362025843540  0.89224836759528858  0.90377973330688588
  0.91522634847038709  0.92653297985654370  0.93781073621125910  0.94929403238639232
  0.96120268866489955  0.97402458568639982  0.98740428923510315  1.00000000000000000
 -0.00294066725788474  0.01050304824982030  0.02136416757556357  0.02951796964547590
  0.03795358595971886  0.04680408101303411  0.05578114727322900  0.06491246063883081
  0.07421699853011210  0.08416282173606977  0.09561251324212350  0.10699965273210447
  0.11753587194286581  0.12766218356613623  0.13821777641711455  0.14841759637527688
  0.15864555516991938  0.16880788822288489  0.17954833104059120  0.19012815989085100
  0.19945467770100989  0.20958213857497385  0.21993158317852296  0.22996776578704123
  0.23939790109962261  0.24869406219058876  0.25985438164870328  0.27125233924271208
  0.28250570646673767  0.29510888710054289  0.30886428689759682  0.32349967731791374
  0.33790627730802869  0.35107007326775541  0.36253583878203510  0.37330435324126598
  0.38345999709834383  0.39304968265152962  0.40316641761447575  0.41428063399303405
  0.42475921502908148  0.43488560435391421  0.44308234077316494  0.45152535493561230
  0.46079211572999140  0.46999786266214061  0.47893666119849798  0.48772404787802542
  0.49630573610766943  0.50564704869061705  0.51580067523646378  0.52610201141020385
  0.53621604251254151  0.54652731903323248  0.55698605058823181  0.56793030067790318
  0.57862919234890375  0.58980990098789610  0.60148237944773775  0.61265337321531887
  0.62301808698999606  0.63246218854049518  0.64175010193645710  0.65150011870718028
  0.66103927250629646  0.67034638658132761  0.68044341881691417  0.69152535216898625
  0.70396580814153842  0.71543574391513942  0.72651827003513980  0.73815906485640370
  0.75003411309476331  0.76176561898329598  0.77335499004854868  0.78509166905396066
  0.79735072623282943  0.81030125068140624  0.82088871288064824  0.83045908741571983
  0.83914747735095019  0.84728585381163357  0.85569129875761529  0.86416708624447802
  0.87320530653422423  0.88295799806695829  0.89295077963653513  0.90327770980484834
  0.91449418910587099  0.92598696175810025  0.93718333609669591  0.94811691481124127
  0.95934377522474867  0.97161117948009168  0.98514129704313724  1.00000000000000000
   5.9843192647084877E-019  -1.0000000000000000     
 F F F F F F F F F F F F F F F F F F F F F F F F F F F F F F F F F F F F F F F F F F F F F F F F F F F F F F F F F F F F F F F F F F F F F F F F F F F F F F F F F F F F F F F F F F F F F F F F F F F F F F F F F F F F F F F F F F F F F F F F F F F F F F F F
  <DiscreteSampler_grid>
  grouped_processes
  1 # 1 for a reference and 2 for a running grid.
  10 # Attribute 'min_bin_probing_points' of the grid.
  1 # Attribute 'grid_mode' of the grid. 1=='default',2=='initialization'
  0.0000000000000000 # Attribute 'small_contrib_threshold' of the grid.
  0.5000000000000000 # Attribute 'damping_power' of the grid.
 # binID   n_entries weight   weight_sqr   abs_weight
    19   10   1.219936146464126E-013   4.353353370423915E-026   1.219936146464126E-013
    22   10   1.225478648356458E-013   1.116936126811873E-025   1.225478648356458E-013
  </DiscreteSampler_grid>
