 -0.00000001225715986  0.00000567691992660  0.00004041956069097  0.00011352846852839
  0.00022589290532241  0.00037530340004881  0.00055982195882246  0.00077172467726664
  0.00100434888405602  0.00126620066580853  0.00154828256387103  0.00184661657481645
  0.00217518042851604  0.00254459420162458  0.00292343216855996  0.00330663508976347
  0.00370123858206418  0.00412312370472475  0.00456297180465037  0.00501606901964493
  0.00548022183022761  0.00593643160018395  0.00638792785156022  0.00685590332536933
  0.00732858650365413  0.00779380976719650  0.00824929998890253  0.00872893483015746
  0.00921286785485102  0.00969026083168747  0.01016119215123500  0.01064297826556901
  0.01115612365357240  0.01169864771752664  0.01233513325284415  0.01305335878718967
  0.01405165225241299  0.01581962284434478  0.01781548530440239  0.01944721515210838
  0.02095985674453775  0.02233526639620970  0.02365537079738617  0.02499322090708241
  0.02636455959571920  0.02770564652863822  0.02901620740607784  0.03031356688078458
  0.03161766338492168  0.03305887574081873  0.03457322530987654  0.03615324590272957
  0.03778317340754014  0.03943862707722331  0.04108616408857253  0.04267846978236044
  0.04425084326861965  0.04582741888671414  0.04744459426355447  0.04912027314192596
  0.05079659149470152  0.05245196522873320  0.05409466164658366  0.05574840140914333
  0.05742388686385190  0.05912144370670214  0.06083536100352867  0.06252245172190644
  0.06422530242168446  0.06598681486082461  0.06778544143912593  0.06957744821350076
  0.07147407960385507  0.07377539326330940  0.07608550198301935  0.07827817780148463
  0.08054697454700763  0.08284335797886913  0.08510341711105106  0.08735713795174201
  0.08973942928713426  0.09235049823478647  0.09556597160833755  0.09912978749682495
  0.10295725132797338  0.10696887631303625  0.11117978578618705  0.11571783736355397
  0.12125338550118793  0.12901325461352511  0.13785081511552599  0.14762142720619920
  0.16056889783582065  0.19286919503180838  0.31890389444438599  1.00000000000000000
  0.00878312802796196  0.01877007052825884  0.02928620070916902  0.03900873552707759
  0.04916359221975172  0.05967668182778940  0.06958640542855137  0.07873721243309771
  0.08891208101435966  0.10054952222492868  0.11189855535276573  0.12329978827541165
  0.13416712456678201  0.14539882199906415  0.15657608943241896  0.16701720379574714
  0.17708306781177713  0.18748279745157581  0.19863497888809478  0.21022030091686647
  0.22202208252863628  0.23397283771768237  0.24601689067383956  0.25687310986261935
  0.26649120009535160  0.27600544203280253  0.28555421274571863  0.29567858685411880
  0.30601678633000862  0.31623985551790906  0.32616616008963439  0.33656054754961889
  0.34738808983553049  0.35791221444511789  0.36797739373086708  0.37908243779808537
  0.39158159180668772  0.40207132268610080  0.41175551106700697  0.42194792969268191
  0.43233528697728857  0.44249291154533055  0.45193276211300693  0.46327300061279653
  0.47533469581420967  0.48608326185829748  0.49620910385313149  0.50542573190856721
  0.51480148497851352  0.52473508683345083  0.53418387711775905  0.54378478623392390
  0.55318784012165234  0.56302585528341409  0.57359462560927255  0.58493915382613360
  0.59647547592020300  0.60823255589740777  0.61987426156099301  0.63109805932888796
  0.64251123340726923  0.65458014696484268  0.66685770567197489  0.67860457017461207
  0.68921918979033669  0.69947894522763920  0.70945880852006504  0.72025301031041700
  0.73140670559733945  0.74268614518590637  0.75372198563577908  0.76491325296279122
  0.77495654024234617  0.78445923067322876  0.79451584089903116  0.80408107247634908
  0.81418504389332913  0.82378152707855656  0.83352671275588208  0.84334267434022681
  0.85298258276166672  0.86369028927389158  0.87478798193565799  0.88552881255419191
  0.89559902682922410  0.90525179898397590  0.91482143342114342  0.92478801668985333
  0.93467969128197925  0.94457849978312491  0.95362251000654641  0.96332166333144975
  0.97296887229131468  0.98237929212760311  0.99123586285610377  1.00000000000000000
 -0.00001996365943738  0.00023915604370257  0.00067216924699845  0.00134083726138147
  0.00227876151299478  0.00349700419673332  0.00496426849713737  0.00664255256907231
  0.00850086727354389  0.01051800722200256  0.01288052292358232  0.01533924383835059
  0.01780711142337388  0.02034009496138409  0.02285661972216756  0.02548551600109191
  0.02838606166047387  0.03146688987223343  0.03487002157836461  0.03848691136877226
  0.04236682998557333  0.04626405712848130  0.05023324938911256  0.05447735872185062
  0.05901598654665698  0.06366216924491928  0.06828788895358157  0.07299855557323559
  0.07778741469349788  0.08265724273488093  0.08772846434754956  0.09321214618632838
  0.09885967522697205  0.10465047062970573  0.11038274035518986  0.11615171595795201
  0.12200745282694572  0.12774661914092586  0.13361816029827511  0.13907964206303067
  0.14476171215430311  0.15058361352839897  0.15652040523406882  0.16290325433823860
  0.16963558817532740  0.17642270779983757  0.18340333672750181  0.19064428228347932
  0.19810106082580625  0.20620401881869507  0.21466649526661505  0.22314863609386482
  0.23186373053736722  0.24064189481188647  0.24953031468842399  0.25854754149837889
  0.26765290266464947  0.27678689854101984  0.28581455993409466  0.29478060926601324
  0.30442298881927993  0.31463747370254658  0.32504917469017958  0.33540836847169725
  0.34575071144261632  0.35643244208971453  0.36675996116164195  0.37695028705731620
  0.38762903677497867  0.39853806406202119  0.40948938552111069  0.42057037446568335
  0.43218064943513224  0.44428047891496608  0.45670332756637771  0.46903575939341319
  0.48107542519122792  0.49276747602265530  0.50408915497997597  0.51514036351676451
  0.52652409438819592  0.53834883092928409  0.55040488142072819  0.56247539804128255
  0.57459186869615553  0.58761165663521564  0.60128390495967687  0.61498300667530292
  0.62845168546210872  0.64162673197556219  0.65487990376564109  0.66943627371881576
  0.68366806842371974  0.69495117198603196  0.70138873152304337  1.00000000000000000
 -0.00289416641999294  0.01147119398059964  0.02321550564327912  0.03429624166013111
  0.04562096734649393  0.05701877619864246  0.06818263250845974  0.07937133209250169
  0.09055456373531917  0.10223036935131616  0.11400651861450795  0.12558802859418322
  0.13723925594174530  0.14968862116258869  0.16289865482315194  0.17468525012172811
  0.18542653195243208  0.19623269866990062  0.20769740768664380  0.22023114227236526
  0.23217950631349929  0.24376835257105409  0.25567080468520337  0.26748378188309230
  0.27891493476813328  0.29004320715244364  0.30087142372024755  0.31159457364718274
  0.32234011793252337  0.33298210177704496  0.34317761270991054  0.35325204821158668
  0.36405991658822823  0.37520024073436747  0.38587146001611916  0.39641099190471657
  0.40718575795624373  0.41806584233065253  0.42911638177868605  0.44008383080499119
  0.44983988956716553  0.45937294726291378  0.46886964230210332  0.47828119403507979
  0.48769318221547381  0.49727677661210579  0.50752113295933010  0.51808252133034471
  0.52809220751946773  0.53781210533567569  0.54748172287155528  0.55751030326533191
  0.56770609353155255  0.57781948742131284  0.58790108414117059  0.59776067831544200
  0.60766713224611490  0.61759087692367698  0.62842685873545368  0.64062437535844419
  0.65326055935334670  0.66569511399502990  0.67712780892413016  0.68793128859922414
  0.69928134547444709  0.71067750174049782  0.72129197651848265  0.73179954152299365
  0.74207062334588747  0.75271213140951809  0.76333697723228877  0.77444668686539875
  0.78527838811270256  0.79548912894084456  0.80586644150464681  0.81572774612160248
  0.82493476341965688  0.83431938896902746  0.84398006153244010  0.85379932436473949
  0.86279539345813405  0.87159175353136609  0.88091712341360928  0.89047652572340996
  0.90005728321746292  0.90926588729680757  0.91825306360431369  0.92644204856168999
  0.93471453144444439  0.94266243189860832  0.95082954276933385  0.95965264469168032
  0.96929325563636115  0.97862270808971519  0.98943706412992605  1.00000000000000000
 -0.00252498172908674  0.00905106117847549  0.01934021383571890  0.03037090895322081
  0.04162459439668438  0.05330383388712095  0.06477046261585859  0.07540353239544685
  0.08531810470352866  0.09503362256271068  0.10542407826699507  0.11686224005677462
  0.12840304803383784  0.13935169505319106  0.14995230245309191  0.16068630177868412
  0.17109246288557350  0.18090337460843209  0.19093168703729671  0.20099924643713099
  0.21159442078856744  0.22226532232421345  0.23342304915325601  0.24442192135445631
  0.25481196719508803  0.26513442026760292  0.27580932790460633  0.28614142989549068
  0.29592459035361418  0.30530646010360774  0.31475698523253670  0.32374800344530891
  0.33224622036649476  0.34045019979701396  0.34879341795966701  0.35751810977288073
  0.36664921420186286  0.37626404671345859  0.38627368827535841  0.39625708255783881
  0.40613470486359959  0.41619663469603235  0.42662154300143612  0.43716559896630497
  0.44764948278432815  0.45872222357738029  0.47116602405886465  0.48207092883125235
  0.49106965612015130  0.50005374008135839  0.51004811846025633  0.52027972885715479
  0.52999519208471579  0.53943542491180263  0.55005246137790209  0.56123118204900257
  0.57174643442247908  0.58180216871126034  0.59170130202950810  0.60170355093544481
  0.61193496286252957  0.62216333533507195  0.63290483349464510  0.64381441307353271
  0.65466901640286235  0.66512563276876835  0.67562800119944377  0.68643997213885510
  0.69746790038349882  0.70969055661728120  0.72293948758550819  0.73615475260069274
  0.74925159014103337  0.76266042516155375  0.77543016620303717  0.78702323975493149
  0.79784174234517280  0.80723793520484788  0.81683156946348767  0.82649101317215223
  0.83658274495720730  0.84739167103350732  0.85879460225918047  0.87100209672765661
  0.88287648350004433  0.89453703485893277  0.90543355730295871  0.91597043644148279
  0.92655541605971925  0.93730682870337423  0.94753841192388277  0.95731101881116798
  0.96774159949121774  0.97859407936553311  0.98943305117252589  1.00000000000000000
 -0.00329728250026503  0.01103300673631330  0.02294039972101923  0.03411924187481360
  0.04529367700169031  0.05640292716884797  0.06747328778048721  0.07852425462197385
  0.08974775357976444  0.10108811200793749  0.11269852012656816  0.12467502570220497
  0.13752873433513366  0.15157780241618460  0.16553901083643185  0.17731714214971786
  0.18870821360148815  0.19991309036107746  0.21102773625110868  0.22075760336719125
  0.23010843784751553  0.23900839293719522  0.24824962098209191  0.25759456722377783
  0.26659297612603045  0.27556169470654845  0.28510860118234571  0.29521738650546669
  0.30546131496014423  0.31583667666321968  0.32622580427712539  0.33670930372900010
  0.34756838445746496  0.35887541041955096  0.37042388002235044  0.38190358866116253
  0.39307013916882305  0.40374796433414617  0.41437741060082500  0.42588910334749969
  0.43753121177545362  0.44749266480883865  0.45677124798747903  0.46575298852474389
  0.47473849913924032  0.48341502919347706  0.49166289292489224  0.50034233241230375
  0.50984619965799360  0.51924659638447757  0.52960410469526764  0.53888645948157599
  0.54944616271018953  0.56009196975653575  0.57138903876418312  0.58274871333044431
  0.59370998554621268  0.60388339535929070  0.61325631943214498  0.62236959032862704
  0.63173163628243190  0.64138624797678490  0.65095702173233316  0.66041208954713293
  0.67057585654049656  0.68116176529801287  0.69154564591600964  0.70149674038767196
  0.71146120636734322  0.72104351475734185  0.73064469327673165  0.74049756457398919
  0.75015685955252198  0.76018971314720640  0.77026224136586674  0.78033011349841908
  0.79066163675934098  0.80159517556832649  0.81247560321761447  0.82219062703078849
  0.83151598751440337  0.84143038052479979  0.85233744481325069  0.86282641235996693
  0.87302108035285286  0.88323799389593494  0.89365231961787850  0.90409158805988510
  0.91512745513672922  0.92748804678238361  0.94062112477776427  0.95369310457043721
  0.96553681922276169  0.97696923104961131  0.98823920104343344  1.00000000000000000
 -0.00212655987564864  0.00886719265655243  0.01836477739336754  0.02909408034718465
  0.03948024621722583  0.04992582480726875  0.06114733916511787  0.07211410413077712
  0.08262794921022902  0.09318886284616384  0.10429522582706624  0.11446117570049373
  0.12398627507711124  0.13393703103687396  0.14459466063464682  0.15573783111486922
  0.16712874887719753  0.17812215686415681  0.18916104589199761  0.20087160927950889
  0.21194896095188046  0.22207327801373633  0.23237851046618144  0.24299277692502538
  0.25358895517523439  0.26404567949157182  0.27535984263372176  0.28740452048797299
  0.29912753820338189  0.31044133525624695  0.32202494776108048  0.33390447053041505
  0.34591598793567957  0.35756566223551228  0.36855089348954062  0.37960729605567733
  0.39078352528931848  0.40138933545071215  0.41088136630300121  0.42042014972573472
  0.43034144063103652  0.44075255631246268  0.45249612444092946  0.46420728350738216
  0.47687124835525357  0.48844174792522910  0.49934248815706944  0.51033632310171873
  0.52114389940986094  0.53213138106804070  0.54187661721195690  0.55237289785163235
  0.56291650348670907  0.57394121440130508  0.58501989496093831  0.59541141843039991
  0.60597772944317230  0.61690339515495307  0.62811430834812176  0.63904196021914306
  0.65050833316323253  0.66230467111785729  0.67258244625386310  0.68242425111791583
  0.69158349689992848  0.70047663213810196  0.70949030661886070  0.71771487603655870
  0.72640938019314594  0.73535741610908900  0.74483968263386469  0.75425260874156741
  0.76448239243205840  0.77478043787880935  0.78527005066365996  0.79535958804813645
  0.80476473995463116  0.81408950810839598  0.82351299295391089  0.83306779716764667
  0.84248035331072668  0.85160292594212361  0.86038158246543783  0.86893186109771881
  0.87768452052682711  0.88659452904571412  0.89593978610742575  0.90566840532651305
  0.91602143041209338  0.92684105557284813  0.93909680950012442  0.95168852070041399
  0.96397930129856901  0.97520906407259689  0.98749082632867369  1.00000000000000000
 -0.00275248188075200  0.00970597808940058  0.02071134343458567  0.03241933828165405
  0.04469639363007680  0.05687946085829911  0.06863470930105003  0.07993103316651133
  0.09105984478969753  0.10214460585059429  0.11292518793726726  0.12360471709397591
  0.13478974708126676  0.14564313769043513  0.15490067736308674  0.16361959530736148
  0.17257200057789859  0.18150378179212867  0.19031434160779859  0.19899012174453132
  0.20778301432875307  0.21706652385742442  0.22654796622435450  0.23650387161280273
  0.24682678684495374  0.25746651393910425  0.26802901265740781  0.27875872205734653
  0.28980958809544632  0.29958196237906620  0.30934437991908093  0.31877646421235262
  0.32819527304871737  0.33750364218414614  0.34706501910169901  0.35751461307668636
  0.36956214368832169  0.38214019091832496  0.39461638103994262  0.40660417256162729
  0.41796913042761363  0.42866443787264796  0.43937433870811332  0.44988051831116405
  0.46000991433043015  0.47060216247976128  0.48235025744541737  0.49617835331606247
  0.50816053485694923  0.51918950826367494  0.52923943312921662  0.53955131780402010
  0.55014823254999146  0.56054142907770343  0.57177375500742222  0.58251259518189580
  0.59269453130011418  0.60237045404415501  0.61198523113477010  0.62209857654285350
  0.63280923823907054  0.64344366544404086  0.65332441260047214  0.66275909415143497
  0.67210550893347398  0.68120762629784681  0.69016587181234823  0.69888334576181299
  0.70765516839933118  0.71738569119350903  0.72701984511368289  0.73698784792826000
  0.74652865702188764  0.75659102052452298  0.76708247054027145  0.77745925515485437
  0.78760276254247330  0.79813986655679059  0.80914712679156642  0.81994954274199461
  0.82999832914254712  0.84025264702863045  0.85042886871098289  0.86077657363009308
  0.87164313062501753  0.88313900682849555  0.89514971087745254  0.90779858887745613
  0.92009393290339470  0.93179993808554196  0.94385070545369654  0.95657083429778855
  0.96811680693266633  0.97898213876302276  0.98957391223079449  1.00000000000000000
   7.1663602222717316E-015  -1.0000000000000000     
 F F F F F F F F F F F F F F F F F F F F F F F F F F F F F F F F F F F F F F F F F F F F F F F F F F F F F F F F F F F F F F F F F F F F F F F F F F F F F F F F F F F F F F F F F F F F F F F F F F F F F F F F F F F F F F F F F F F F F F F F F F F F F F F F
  <DiscreteSampler_grid>
  grouped_processes
  1 # 1 for a reference and 2 for a running grid.
  10 # Attribute 'min_bin_probing_points' of the grid.
  1 # Attribute 'grid_mode' of the grid. 1=='default',2=='initialization'
  0.0000000000000000 # Attribute 'small_contrib_threshold' of the grid.
  0.5000000000000000 # Attribute 'damping_power' of the grid.
 # binID   n_entries weight   weight_sqr   abs_weight
    19   10   2.662284755190049E-010   1.352154913566088E-019   2.662284755190049E-010
    22   10   3.749449774432063E-010   4.369159227435264E-019   3.749449774432063E-010
  </DiscreteSampler_grid>
