 -0.00000001048465001  0.00000625964652201  0.00004600942397960  0.00012509650434841
  0.00023937588553747  0.00039616326883681  0.00059162810769929  0.00082218240541865
  0.00106554888149845  0.00131657548109925  0.00158421522390044  0.00188436550212299
  0.00219584875404096  0.00255030412425831  0.00291831397166457  0.00330395300895359
  0.00367454965834177  0.00403103074069062  0.00439130612796746  0.00475484198904698
  0.00515022091897165  0.00558186680170443  0.00599684490514363  0.00639488911957749
  0.00682173560385847  0.00726205519032173  0.00766819647297276  0.00805755856007715
  0.00846477252700700  0.00893536448149769  0.00942673674654787  0.00991725764870015
  0.01041920962621177  0.01095839030994484  0.01156902773508247  0.01223516505748289
  0.01298945999891895  0.01396921706343785  0.01565925836902888  0.01782830003973267
  0.01948101845825048  0.02100103367051482  0.02232744933412506  0.02356823420261233
  0.02477481042139881  0.02600885813732113  0.02728165456497860  0.02853792453386769
  0.02970494248093635  0.03084257551316950  0.03208229689506702  0.03346105970129025
  0.03494758584574448  0.03643584465445571  0.03790216448175959  0.03931392536781834
  0.04065975647488090  0.04200624870595014  0.04353572240602656  0.04506416737098075
  0.04666308448108593  0.04830892551974499  0.04995565146388879  0.05154285182037847
  0.05307731314433572  0.05493726676854845  0.05690260329936869  0.05887408862908652
  0.06090334615787645  0.06296872460398531  0.06504843482643236  0.06717623330699835
  0.06954290087794984  0.07188687321194037  0.07416158928724893  0.07638542525307332
  0.07874413998753235  0.08121817458210856  0.08378672491156797  0.08635917482533303
  0.08920494184114827  0.09229231968744694  0.09575110644943467  0.09973223564325005
  0.10394146324177150  0.10856095625561872  0.11336727636519987  0.11863250070396748
  0.12440045802505990  0.13080625664317308  0.13846999230088083  0.14794591503002330
  0.16260649367549296  0.19387481414272589  0.32056416128505261  1.00000000000000000
  0.00899172534219157  0.01798573334802587  0.02970240047652022  0.04199447811537148
  0.05494758708881640  0.06706551804695272  0.07770798178499602  0.08835133488397834
  0.09953813457086291  0.11066921530446583  0.12071427945474816  0.13060602743125563
  0.14337030235761250  0.15362221558744721  0.16320603458382940  0.17343745589733467
  0.18296100162072892  0.19292363408111296  0.20236397345693719  0.21112863125774395
  0.21952161294969377  0.22831243538337065  0.23805235915553946  0.24840511787840491
  0.25844372943071803  0.26872259522384684  0.27790425348905329  0.28618622690379858
  0.29460935072686301  0.30320423280857106  0.31204899441711836  0.32108098075160324
  0.32983198104373429  0.34030931527599023  0.35299262966240430  0.36690460926057195
  0.37971942264690534  0.39077459107037527  0.40134722460726763  0.41173915688485524
  0.42188742553045228  0.43185604035122160  0.44162398525885355  0.45179022512171296
  0.46281507448456904  0.47470983301965108  0.48555713444615134  0.49517296874791894
  0.50461993133611416  0.51422573479206646  0.52398927309460053  0.53434937591803033
  0.54629828923775314  0.55997885215895538  0.56904260235293413  0.57760225052629366
  0.58654518905842234  0.59563841646273230  0.60466065810780878  0.61355308095474725
  0.62239647102318174  0.63222588951708136  0.64295671204407001  0.65370663209463509
  0.66445482270102174  0.67522904365142833  0.68548509215642384  0.69608348606045634
  0.70676144107428740  0.71918705862203869  0.73012928344297079  0.74108829416935218
  0.75065346052376414  0.75974636546545027  0.76897519719164475  0.77779650713227244
  0.78657657977962980  0.79584640739227552  0.80582152640400129  0.81679457874048278
  0.82845475716340533  0.83914144181497152  0.84946469369767230  0.85959964204400174
  0.87002143429340328  0.88002833780684642  0.88991306632859168  0.89987504642193061
  0.91093423868883783  0.92185961928483628  0.93404188909733932  0.94565753420327503
  0.95756437248955284  0.96887620704867250  0.98120872762621081  1.00000000000000000
 -0.00001936917512131  0.00026351151224903  0.00072832809127304  0.00149479380508022
  0.00259492366960142  0.00381536388122025  0.00520310598878315  0.00700641670551987
  0.00881416240725590  0.01106483619364049  0.01345309199066446  0.01606868187227154
  0.01887848372216697  0.02205695058534611  0.02532077773777567  0.02872983896159291
  0.03186926706153405  0.03486117112136576  0.03801312447267539  0.04160498188203920
  0.04584407483396418  0.05059730291460871  0.05463248648918542  0.05880467050446814
  0.06298837222906845  0.06714602019669183  0.07144759013086814  0.07619193969588682
  0.08138413071848734  0.08623225193316553  0.09098494579070857  0.09612632363928846
  0.10187933662001968  0.10790501917412801  0.11370208460924607  0.11938509122276678
  0.12505969419100349  0.13087490795774770  0.13758561031424943  0.14543536403510834
  0.15355618900203311  0.16139306708367296  0.16918451763999870  0.17656740725436429
  0.18395868437746801  0.19185783666115769  0.19973745499997012  0.20728898244257515
  0.21429032342954127  0.22118988722008923  0.22802118248252437  0.23480317376843404
  0.24150592761143280  0.24836570111248488  0.25565514763310138  0.26305337889038566
  0.27056811882607407  0.27828104970769213  0.28693459322206127  0.29572557455296933
  0.30430848177145453  0.31362430356430482  0.32388116503080572  0.33401506818812604
  0.34378372993287409  0.35424682034934490  0.36494332570758203  0.37625529866780216
  0.38827558016367658  0.40012617774019599  0.41259786502771295  0.42482212826349164
  0.43709699602053237  0.44926720292816580  0.46152570007332977  0.47424723028816612
  0.48729837927203473  0.50010908208783311  0.51326707224300916  0.52676084568895631
  0.54018430243351045  0.55312175547279041  0.56547633621987003  0.57751165098536150
  0.58950618336085470  0.60164154383695190  0.61379222004872869  0.62582313898263620
  0.63822243264110112  0.65121094109835564  0.66413292923652523  0.67705609008629386
  0.68888423587642167  0.69739998468680153  0.70049968816002295  1.00000000000000000
 -0.00242506653761172  0.01129719636113286  0.02274862196339159  0.03374668949525430
  0.04403838295115805  0.05385075689342660  0.06430218485772816  0.07680015094171556
  0.09101431829669941  0.10444096797886347  0.11636990093341758  0.12850396117083990
  0.14023045239416515  0.15091104963769134  0.16047881559218352  0.17027754114388680
  0.18097672293807471  0.19286074526823208  0.20586104647847436  0.21817829228837418
  0.22996071602798496  0.24125591260673646  0.25278546753078363  0.26308716341722388
  0.27344383345117163  0.28352344704140237  0.29469916526220641  0.30595760244592690
  0.31667008421352005  0.32663200117290087  0.33696468628782150  0.34878820529130627
  0.36171013726918633  0.37414469962242797  0.38576395880094866  0.39708349353885736
  0.40834413100419598  0.42009426769303154  0.43247066733446249  0.44312347724290435
  0.45137154422604603  0.45973122698974239  0.46789668227675779  0.47620927689236270
  0.48455254668166126  0.49286854056550627  0.50125366386979353  0.51057119145009588
  0.52114939538591609  0.53255659202951144  0.54466022935661740  0.55901229990192514
  0.57080992528476926  0.58258328480891486  0.59400177722197889  0.60503042820264907
  0.61530573430760327  0.62583330678238647  0.63714199515325365  0.64813703774167697
  0.65914233127730182  0.67058796114081587  0.68251748943433133  0.69437780446958308
  0.70553670661215395  0.71579778091795365  0.72527342231473002  0.73430949096606801
  0.74276862767429863  0.75099874137083411  0.75844540665954319  0.76554963968997303
  0.77290208844010788  0.78078494935854204  0.78913865315794873  0.79740607340932590
  0.80539814879997440  0.81387977020917879  0.82275413159431288  0.83157441001970300
  0.84039045973936999  0.84945082445553943  0.85934750603389454  0.87116168492806489
  0.88335619096353646  0.89571348504484249  0.90792124402828844  0.91983526731034038
  0.93148141689413710  0.94292235409506253  0.95290928330281399  0.96334588543190292
  0.97350003800548102  0.98320811889898962  0.99177413148563653  1.00000000000000000
 -0.00238177762093934  0.00946697511095340  0.02012251560044217  0.03220352090474380
  0.04436901201945056  0.05617971001301991  0.06710844812904239  0.07800911951785994
  0.08834620510082718  0.09912678977593023  0.11054892488766364  0.12224581890871804
  0.13373782455383490  0.14533106056717660  0.15778138216396428  0.17073449615779218
  0.18158691428525817  0.19319150392004508  0.20405082322575913  0.21367051081477731
  0.22172186456093321  0.22987668301709538  0.23752601726891345  0.24641352704354996
  0.25675810225091583  0.26768326558363564  0.27795483902383911  0.28822195577060750
  0.29905085194354358  0.31111796423689908  0.32238882142706676  0.33266296380989496
  0.34303575997400604  0.35312911868854363  0.36313540640325537  0.37388092650434018
  0.38497882302201819  0.39637256526026476  0.40825056790029801  0.42054917569627914
  0.43268796539174165  0.44304453999248800  0.45177579699515452  0.46111140830620517
  0.47056069436265924  0.48007235881875232  0.49019533871902399  0.50002580266540508
  0.50995348940791718  0.52009740869825583  0.52954890714699943  0.53985837928881053
  0.54858711488847112  0.55693664659156450  0.56530949649112094  0.57488753162305672
  0.58491390264745546  0.59356275718640938  0.60184913788474803  0.61036007334141584
  0.61912482868232732  0.62876998743596180  0.63891893264378097  0.64934013475544061
  0.66171974680330581  0.67255102203174011  0.68515089484096514  0.69571546132491990
  0.70633997216744537  0.71754448144813443  0.72927668866282569  0.74205489074374786
  0.75588220811088769  0.76840434372172706  0.77914064779568482  0.78897329478930955
  0.79893241831717621  0.80860670730494577  0.81841683068816518  0.82781336619554324
  0.83786621678697837  0.84803590022385356  0.85741836308681030  0.86642830974795981
  0.87483602203917876  0.88426370934486642  0.89422591963416376  0.90632657619425983
  0.91886533367726575  0.93152349049632166  0.94379536499116923  0.95657655275839992
  0.96863565107448191  0.98027708155091686  0.99028860335799351  1.00000000000000000
 -0.00169104103105032  0.01101913253527000  0.02007710991477485  0.02860265275069993
  0.03732378905989721  0.04713604504402060  0.05698145870106118  0.06660929915529440
  0.07597815289838175  0.08619600885501566  0.09670536271017427  0.10672809358883824
  0.11582072889141026  0.12598922297424484  0.13688739718509610  0.14731652843256804
  0.15758044580621863  0.16781908886583122  0.17900339004651292  0.19123644001260692
  0.20267883197469605  0.21361313805297799  0.22348612999479520  0.23318695661924968
  0.24254807327473960  0.25165514614934553  0.25992593143696657  0.26796631730544984
  0.27633230998907971  0.28476497221086650  0.29558445624107854  0.30878564903960626
  0.31902624560431864  0.32867448673397048  0.33783160757982883  0.34650146238436169
  0.35507900501193229  0.36362947769735032  0.37301123051169227  0.38408991070883958
  0.39586636271036707  0.40752421444480691  0.41822372802326574  0.42818551173446939
  0.43778938218569485  0.44784107082804947  0.45827761970342995  0.46801448787596045
  0.47699873290717903  0.48620833636905336  0.49526336841885144  0.50445940070772899
  0.51385640101880392  0.52437676236881259  0.53497979567796827  0.54545856216044342
  0.55638783477497189  0.56846142953362089  0.58153955686798398  0.59471197391009201
  0.60647443388259126  0.61661812816502293  0.62604042799949244  0.63511410941791868
  0.64419530582561335  0.65273897217736998  0.66130224188347109  0.67072701298283532
  0.68068431242269289  0.69102986770804697  0.70207373330701595  0.71323918566836353
  0.72766360538927088  0.74223863087026254  0.75725012828663318  0.77054372035269558
  0.78223013203843050  0.79328841897191904  0.80312424078494504  0.81311433331235361
  0.82360504831140813  0.83497335653572846  0.84645611892105255  0.85819856794856875
  0.86960860637287107  0.88077167103794307  0.89202507050804414  0.90344112763521034
  0.91547555072996201  0.92804942627071363  0.94004568386774345  0.95169606339622392
  0.96272201986855399  0.97503577746681691  0.98754834933544755  1.00000000000000000
 -0.00265122136314725  0.00956205739760418  0.02039282771993066  0.03184977994442957
  0.04394536679851600  0.05560641517149899  0.06676271074545796  0.07781665005045059
  0.08819082188582192  0.09833303802220474  0.10865923293992029  0.11784082938570598
  0.12786775403014891  0.13891045418148190  0.15025831697811728  0.16153150318220189
  0.17306271060281309  0.18450002615562169  0.19469843767283102  0.20382519748383784
  0.21302748800712604  0.22159475580990104  0.23025115682479116  0.23941759218072356
  0.24954927848441666  0.26066159983959308  0.27273780133382142  0.28515162830366803
  0.29683964201876079  0.30782652160639845  0.31885382526361822  0.32976162836714523
  0.34056761536157359  0.35280987029846761  0.36444837467169405  0.37652040871558679
  0.38699757720561534  0.39798306897518515  0.40866715262228326  0.41852227356607868
  0.42795599648536525  0.43737394441057936  0.44779406968173113  0.45867703047765129
  0.46988887173547311  0.48172696738740167  0.49379086305351583  0.50425244504571554
  0.51335106653521179  0.52180809028982156  0.52973322863434502  0.53744791942043235
  0.54517412534659138  0.55364253574295696  0.56219420026792255  0.57135491396227667
  0.58031991442285413  0.59091396921373029  0.60404618906635177  0.61737784624818304
  0.63057319607573581  0.64354151260258818  0.65705805727566191  0.67096539685762069
  0.68434642162725223  0.69735444480650455  0.71009415476789317  0.72168764752022962
  0.73119763500268431  0.73953897390866485  0.74843997439273358  0.75847514686148598
  0.76859692093045828  0.77840948829935153  0.78857391270575139  0.79911568777453723
  0.80960184809886870  0.81999988768939192  0.83091694257728088  0.84167753742717655
  0.85165394800618166  0.86128877533811288  0.87101576868469222  0.88138833351819990
  0.89240454328373298  0.90308566920397826  0.91292943118999692  0.92150965943549268
  0.92942976230947516  0.93778245568951135  0.94672287008524192  0.95524640396496263
  0.96443504122719936  0.97395303178373793  0.98502726178561861  1.00000000000000000
 -0.00208306200491054  0.00841854356552677  0.01786451749437527  0.02803392101147130
  0.03812424184355018  0.04797172698858769  0.05832253431597280  0.06876038013084870
  0.07907072434426020  0.08940744562368591  0.10048662940778259  0.11249223420839206
  0.12482420196793118  0.13707760310090747  0.14793055448924811  0.15791985853973572
  0.16744312866403702  0.17730246911975694  0.18744228516489719  0.19823144890616776
  0.20928544444546296  0.21970699344920924  0.22907737911808534  0.23772727527090418
  0.24578915998311587  0.25385353790764825  0.26235518883426645  0.27127917653087036
  0.28097204624305400  0.29030396576716644  0.30315786579876436  0.31529747147219739
  0.32702096821327198  0.33894620752670263  0.35137987682602195  0.36344556734770161
  0.37474763887821361  0.38642299491274512  0.39864972536357834  0.40983255917760991
  0.42077536321480236  0.43169846420232022  0.43996927936673136  0.44935715614119032
  0.45831555096370830  0.46706290035947406  0.47469819739305574  0.48243053583528162
  0.48986783658623256  0.49773921106420937  0.50625623209152393  0.51596207022432816
  0.52610437817378197  0.53601861857959221  0.54574085545470896  0.55596756679201398
  0.56840693513158747  0.58132274602494960  0.59228612390635382  0.60190380987990910
  0.61160269513370125  0.62132462344591244  0.63102380377660650  0.64107548001488945
  0.65288208339882436  0.66566551823860276  0.67749430276135036  0.68855237865497476
  0.69955281914863221  0.71040156256883091  0.72111664573536716  0.73197217573326223
  0.74348270338403399  0.75544859250453888  0.76888134088869864  0.78288022371157151
  0.79637572811253610  0.80856849788620500  0.82004295449922193  0.83109333799942919
  0.84212923869974277  0.85246416062248442  0.86273825894713863  0.87397753634124342
  0.88458283588824393  0.89585961193797203  0.90819257904809048  0.92013128525947085
  0.93106680413668053  0.94168359242121469  0.95199408832459842  0.96193191759012098
  0.97191409893695224  0.98178198437217268  0.99138343198704493  1.00000000000000000
   3.1202211420526812E-014  -1.0000000000000000     
 F F F F F F F F F F F F F F F F F F F F F F F F F F F F F F F F F F F F F F F F F F F F F F F F F F F F F F F F F F F F F F F F F F F F F F F F F F F F F F F F F F F F F F F F F F F F F F F F F F F F F F F F F F F F F F F F F F F F F F F F F F F F F F F F
  <DiscreteSampler_grid>
  grouped_processes
  1 # 1 for a reference and 2 for a running grid.
  10 # Attribute 'min_bin_probing_points' of the grid.
  1 # Attribute 'grid_mode' of the grid. 1=='default',2=='initialization'
  0.0000000000000000 # Attribute 'small_contrib_threshold' of the grid.
  0.5000000000000000 # Attribute 'damping_power' of the grid.
 # binID   n_entries weight   weight_sqr   abs_weight
    19   10   2.524561390724390E-010   2.243512606133475E-019   2.524561390724390E-010
    22   10   2.835959380365132E-010   3.105211661309770E-019   2.835959380365132E-010
  </DiscreteSampler_grid>
