 -0.00000002349553590  0.00002565008423030  0.00019797290283152  0.00055891099016946
  0.00107485740133015  0.00176933521362473  0.00261872930777651  0.00364995380593851
  0.00489104966861525  0.00663758735050951  0.00870343284283166  0.01119904888032803
  0.01273806534312753  0.01365061198113644  0.01440961214432675  0.01516081282596921
  0.01591137723366902  0.01666971664769160  0.01747406269683978  0.01833942535062606
  0.01928683349143606  0.02035313839595457  0.02139151268387142  0.02242965547518314
  0.02349055118254670  0.02461737269475166  0.02580823828562314  0.02703742325279747
  0.02828020077789334  0.02952994366680831  0.03082803132099272  0.03221785686070837
  0.03364642788529253  0.03506717073898878  0.03645588861401131  0.03789018763078765
  0.03935864670169387  0.04085902469606489  0.04250841425141375  0.04427880647936902
  0.04609764872686403  0.04790446296013282  0.04967074395339206  0.05141545767965549
  0.05317729586002982  0.05500810075859715  0.05697091128369101  0.05895647132624864
  0.06093728651091640  0.06292266460025284  0.06489829570595866  0.06689088770854780
  0.06893531310260574  0.07123517350373050  0.07366072106598497  0.07614124999727101
  0.07867214692318215  0.08126651906200258  0.08386794367321815  0.08648744002188698
  0.08913289333724669  0.09179869189807176  0.09458349211321279  0.09754443114421009
  0.10050688868438487  0.10346886792392143  0.10660326921913352  0.10986149890762704
  0.11316588968889016  0.11655051047024670  0.12023649519969874  0.12427903664479158
  0.12860659216102571  0.13303222734265260  0.13741113080119979  0.14175898893474712
  0.14608641318937449  0.15048204367640114  0.15480840716502550  0.15975008284867559
  0.16530118296375049  0.17109247713383335  0.17704581910448774  0.18354734230998401
  0.19049846271570325  0.19757783708356721  0.20622501152471184  0.21646615904540167
  0.22739700357321749  0.23878814935511769  0.25156097291463136  0.26922894958811616
  0.29879354430442301  0.36400351166368822  0.63547820238581787  1.00000000000000000
  0.00946192290605666  0.01589208530934429  0.02577477456198716  0.03707964956803830
  0.04837620051176111  0.05988777750362521  0.07078775927766097  0.08122296328756975
  0.09031578464794227  0.09919109883886162  0.10890165170410887  0.11888291638853216
  0.12830985832414049  0.13721331034452933  0.14643696856001029  0.15644245719947800
  0.16699729457337831  0.17822925377675380  0.19002044299755641  0.20215485307525743
  0.21300876958738640  0.22303093851453418  0.23263616434980366  0.24220328270837252
  0.25152900390706051  0.26120524445007215  0.27088183304831970  0.28147539163711210
  0.29224436851509439  0.30389822721204207  0.31599769835056934  0.32857293309328239
  0.34141957909031195  0.35355893963040758  0.36505945138660406  0.37526966319819433
  0.38527567347356123  0.39529622731896336  0.40532832467071594  0.41568117961404261
  0.42510077017074444  0.43409167366331836  0.44289629117616647  0.45167305829083770
  0.46065130996138592  0.47055106624135734  0.48028480166220977  0.49029403895589846
  0.50039326091887515  0.51092416372486826  0.52125494243829917  0.53100513966924090
  0.54067601276122890  0.55071143153495683  0.56063083670983183  0.57028445626869684
  0.57991200091461326  0.58978386267882632  0.59986856403743205  0.60998927745001152
  0.62029044497882058  0.63074691875809807  0.64141989687001300  0.65212394882511748
  0.66301737656968174  0.67397855288428032  0.68495524949903053  0.69562383893650281
  0.70560572524494936  0.71502986349451114  0.72438609411626420  0.73420971919506217
  0.74457539611966439  0.75505753235994411  0.76548301744507596  0.77665696804336559
  0.78835579480006968  0.79975765420124134  0.81105835100850254  0.82259327973651697
  0.83387817922139151  0.84411539773985189  0.85438606305916454  0.86513201570977050
  0.87618310330725702  0.88702501994615324  0.89771008652600726  0.90878190375624757
  0.91943894826972261  0.92981844248869738  0.94035503908126317  0.95168832095240696
  0.96313039739380912  0.97496048348588638  0.98695988038205906  1.00000000000000000
 -0.00001814493751760  0.00019591625073568  0.00050460919844107  0.00096990427894411
  0.00157895064140948  0.00237227257362016  0.00322915517117191  0.00429147148921504
  0.00557266892299145  0.00705338895678619  0.00847854708550890  0.00995113047179408
  0.01169931215617731  0.01370268671936452  0.01581790153083394  0.01794255962898555
  0.02004227247073334  0.02218935997942346  0.02449299119661563  0.02681334653766710
  0.02902158801798025  0.03118548363949385  0.03336921319413775  0.03552176782401751
  0.03789339724600665  0.04044038426567934  0.04302453609119677  0.04575426812565751
  0.04863238722552142  0.05160410656526694  0.05456227412603872  0.05764527641431522
  0.06075095366336652  0.06385636203441536  0.06700195492571533  0.07027415208704287
  0.07369158667501677  0.07719950511191671  0.08083797569574240  0.08452106917929317
  0.08829373438848385  0.09212673297104891  0.09592626807096651  0.09974749813665400
  0.10371428083457264  0.10789940722464050  0.11218617433409965  0.11641402282530602
  0.12069449864138189  0.12534533596421071  0.12994457921963543  0.13452903664803859
  0.13909920956756106  0.14362243404480290  0.14825467606027942  0.15296582102380302
  0.15760631416889181  0.16223205214710174  0.16696359365794880  0.17177087582313658
  0.17654650720798920  0.18167255726080930  0.18706463540496526  0.19247977342124531
  0.19795782393781922  0.20364474613677994  0.20961410428810354  0.21579126280707059
  0.22168013710313866  0.22819989790794748  0.23493038760042273  0.24162862232065740
  0.24828983288801973  0.25516304037698545  0.26281193250468587  0.27060646299748448
  0.27834103996447479  0.28604652037879236  0.29404972288642939  0.30188560847892643
  0.30978028478373892  0.31765816113607270  0.32513628562150015  0.33252454196232223
  0.33996900143744324  0.34753448651066177  0.35540958631554442  0.36301749615695494
  0.37055362482296500  0.37806120396569914  0.38543180218939349  0.39302079000457840
  0.40009837972183382  0.40644646686695574  0.41202042039813319  1.00000000000000000
 -0.00330478751010203  0.01207414670647611  0.02577476878723798  0.03911210655219852
  0.05306736812130983  0.06629653802566160  0.07894461030680680  0.09091197706768964
  0.10217739586796451  0.11247173903349153  0.12212685471548376  0.13196437234274611
  0.14285575254995525  0.15386845580630398  0.16478884662803150  0.17502659882662497
  0.18511728494815324  0.19502023650488545  0.20515850499139485  0.21614597331472779
  0.22759050363737821  0.23892961697165058  0.24999041540738209  0.26103825624069615
  0.27182570168223452  0.28211021882258641  0.29184581841766027  0.30267228672995961
  0.31283889713346430  0.32340598643908591  0.33323212232024102  0.34354232400280216
  0.35410903644612296  0.36443572212934550  0.37453276050239520  0.38512703038823243
  0.39608406765556792  0.40684897809613979  0.41736976753868976  0.42790241793947087
  0.43896362393658600  0.45056738015787651  0.46222036247326181  0.47390647717007517
  0.48525958021823051  0.49618864588231398  0.50654902298135462  0.51622194833931878
  0.52572042162830812  0.53516025773956122  0.54463532440505347  0.55412957216265657
  0.56363340513551152  0.57403255347512627  0.58456713186195175  0.59502054075267263
  0.60590555821638092  0.61683654287548517  0.62736617695094932  0.63813804029963028
  0.64893533964635286  0.66128827089326636  0.67279241667287160  0.68398312906475744
  0.69445014685111084  0.70529007606149319  0.71490697448900931  0.72473381561323524
  0.73530389772376659  0.74621923500272813  0.75660423777563057  0.76659705463940397
  0.77783279601831889  0.78982039110427227  0.80163452977496408  0.81295669033964024
  0.82390635743983665  0.83460296438715187  0.84471390939709989  0.85433406818854274
  0.86426228781178138  0.87415221086126726  0.88405570015818291  0.89414488565006722
  0.90435968344841933  0.91422973985479994  0.92325561844906379  0.93194013058985126
  0.94076804170440365  0.94928095264229229  0.95777035812106537  0.96634059947932327
  0.97534217494153375  0.98401932924807056  0.99218809129720953  1.00000000000000000
 -0.00223736336917132  0.00930202701955337  0.01879648997338024  0.02925122315453056
  0.04058793652481065  0.05161095058247522  0.06226519098189458  0.07397531320474077
  0.08614400906217468  0.09778663852424661  0.10868626389135293  0.11852756714730245
  0.12833291205005995  0.13776236359016106  0.14775673300470082  0.15760792260706652
  0.16720301364896697  0.17795563673155387  0.18855985396400438  0.19937765877377822
  0.21017220540071901  0.22159718642945000  0.23295086246268795  0.24409174560654617
  0.25550664325013583  0.26751626357807101  0.27953631937201928  0.29173232277386074
  0.30124871376990470  0.31127980245351500  0.32076381079502947  0.33060448530626474
  0.34061384604280676  0.34996835805183574  0.36036687769121556  0.37132793573134704
  0.38330597231854441  0.39551748062063685  0.40668131255851536  0.41847281351156801
  0.42946830389667717  0.44012032790189320  0.44966403243899333  0.45950707973709887
  0.46947703704807586  0.47931562592505383  0.48920130133942197  0.49933624668813809
  0.51022691211310356  0.52106060480226746  0.53134260063655947  0.54152398961674819
  0.55182248359554276  0.56219912681720141  0.57261737096462351  0.58328994294260816
  0.59459599718272593  0.60589611355504347  0.61724781692724717  0.62776341029092542
  0.63765992786689607  0.64764621473008166  0.65748636589845555  0.66711493849830905
  0.67704160108142553  0.68666829527356499  0.69697126401725185  0.70697430205502776
  0.71755500286485585  0.72846067461032604  0.73876600912300228  0.74876808818313523
  0.75847962307628136  0.76787291198872509  0.77679065424719740  0.78577981585123780
  0.79537813772734256  0.80596236845820957  0.81683753000523629  0.82793507732313076
  0.83913464950279471  0.84992826364621188  0.86047763715269154  0.86994495479631784
  0.87955488212853361  0.88928524892391436  0.89951411298340767  0.90970400137472640
  0.91987568119992735  0.93054876277214293  0.94173888968043928  0.95290962795408640
  0.96360885505478067  0.97423870138627355  0.98553550199274498  1.00000000000000000
 -0.00252326368088114  0.01011329537779910  0.02022378031391776  0.03100250875216012
  0.04225416671688001  0.05458329258385814  0.06672403928445830  0.07871559191249887
  0.08987989563634063  0.10140023033029638  0.11296340313757226  0.12432016730861684
  0.13459532429281931  0.14442294138492490  0.15449722144874056  0.16491453281687557
  0.17611779093581370  0.18725791014114762  0.19809049704348397  0.20884745060652493
  0.21953048009832501  0.22988239236072536  0.23976499898448025  0.25072377823984110
  0.26304924573682925  0.27460596541695553  0.28470633481491592  0.29428537231130553
  0.30378109732050917  0.31295412414931784  0.32200365424955169  0.33102713155815566
  0.34165206987904895  0.35266897067007841  0.36331554700828600  0.37401415221891393
  0.38496247440388554  0.39595983277184921  0.40648147543781005  0.41652118668404053
  0.42609779331848247  0.43546885093011012  0.44482457307792200  0.45436660029155129
  0.46419620809742057  0.47424188983498944  0.48441334567648409  0.49511159967458862
  0.50617524250432344  0.51791740109090934  0.52930577307863580  0.54047234583988857
  0.55217320146400095  0.56303964917153759  0.57323172719972515  0.58330252998834253
  0.59457620828880720  0.60627864168137791  0.61769738147388664  0.62838665684111583
  0.63883960346281377  0.64921034841776759  0.65876872816469367  0.66866323909701053
  0.67828756741966789  0.68804556435770903  0.69869546360846602  0.70977008161409139
  0.72165974319897908  0.73391026544721716  0.74580326684467779  0.75731225086444387
  0.76766397463521430  0.77716751437195541  0.78603299228923451  0.79542818024062156
  0.80493814679480524  0.81442970836324324  0.82382264420537632  0.83341783332702213
  0.84392290849946905  0.85471765176773284  0.86518987337323594  0.87534467511297753
  0.88539571645588033  0.89554847958834327  0.90504239031151867  0.91409751371969017
  0.92341233357346442  0.93351390565990033  0.94427727377498172  0.95498880396472119
  0.96604742847418001  0.97748290440663732  0.98900423387305447  1.00000000000000000
 -0.00314990830477035  0.01153465455972082  0.02294374475222404  0.03351728018061564
  0.04428994878977666  0.05532120731963041  0.06538152443984770  0.07454360480965666
  0.08400523592388498  0.09458449453969907  0.10549888062581463  0.11638421234850645
  0.12743030753319276  0.13915952975219312  0.14918351125131901  0.15855326077851248
  0.16771680824683838  0.17724218518062329  0.18692167204581012  0.19638587674917779
  0.20624125360606013  0.21613563906634656  0.22611042793642408  0.23602926445514535
  0.24639556416147887  0.25770786148086128  0.26911714336497039  0.28242545166733968
  0.29456213415345894  0.30563985253940867  0.31648819206973766  0.32775322453604749
  0.33839071749790184  0.34827145363949574  0.35851203172311874  0.36944639877906554
  0.38046519847545668  0.39100991530327223  0.40164048181945844  0.41142897252462529
  0.42205911985042216  0.43269729090520515  0.44330156764301060  0.45385586543797701
  0.46446533141142954  0.47559484295109722  0.48639838748193098  0.49750327704067931
  0.50822550096223251  0.51819972673644366  0.52774079067500623  0.53724925572755078
  0.54773986195926083  0.55860795947828845  0.56947092776474406  0.57973914310319907
  0.59083333386325554  0.60216249579732994  0.61264447676140854  0.62228497875968758
  0.63142309210673853  0.64108938897786483  0.65115358784142829  0.66106882740570860
  0.67103725501617284  0.68194847304795403  0.69320365055379829  0.70470666446856656
  0.71669900840884382  0.72787145923675534  0.73854166672630561  0.74857548867613932
  0.75918986972371216  0.76971682795219332  0.78079639654418342  0.79149501645422382
  0.80147386633734841  0.81135897429610582  0.82160594324312775  0.83224762060379442
  0.84234246493733922  0.85235898901783691  0.86153524464416431  0.87066418063083839
  0.87948570148489535  0.88897673744415295  0.89873420589666897  0.90890885688800149
  0.91905168069230581  0.93031154442274111  0.94151190922343464  0.95381102168295695
  0.96541497863669856  0.97690462770108966  0.98858164836069107  1.00000000000000000
 -0.00285749807377387  0.01129356090475572  0.02277073066492579  0.03272372357898878
  0.04278968166893481  0.05353612375592150  0.06433454287363179  0.07401637504896548
  0.08317718469235748  0.09260047201026896  0.10195784651337721  0.11076972384489046
  0.11921211780494710  0.12830270130564500  0.13854471390170756  0.14908588522528732
  0.15945323885886831  0.17012449313745609  0.18144032383789011  0.19328262922672662
  0.20482920186087406  0.21671025723651549  0.22880573139776450  0.24029769372748833
  0.25174201512594280  0.26343706910028830  0.27548753225471811  0.28797308097373409
  0.30040799453725836  0.31186602213181586  0.32322884847350714  0.33434197695117290
  0.34600001376418599  0.35785980867948236  0.37008108711127058  0.38110041719742904
  0.39163896406387161  0.40252873156266838  0.41363213988217928  0.42403299649688808
  0.43366421441272174  0.44316794356084299  0.45300305682111086  0.46330256067771380
  0.47345161903805710  0.48370292107340029  0.49379355167787686  0.50395791297177062
  0.51429592534347279  0.52500715922707220  0.53539262575180979  0.54563357971280735
  0.55618951387247628  0.56749305053871768  0.57961953793247811  0.59230335162776149
  0.60428276834656469  0.61485954996910386  0.62451417444781032  0.63362258864379695
  0.64257327093786976  0.65175098186661384  0.66105419707409296  0.67091922267153570
  0.68126652289651735  0.69196773451489879  0.70285738738266335  0.71314963790503505
  0.72324084124392185  0.73299597491248214  0.74237268105024612  0.75193931970262629
  0.76185690828551733  0.77227307271975387  0.78309966197735337  0.79375153696144629
  0.80380692912690266  0.81365912512108651  0.82409147247011805  0.83460207681167342
  0.84522777423569462  0.85587180439142441  0.86672655830124767  0.87738280051747053
  0.88733665690461949  0.89694727603220925  0.90714481038324579  0.91698599008592085
  0.92713753369043983  0.93763478329504513  0.94847295795175579  0.95916795170059999
  0.96958942801706860  0.98034839976730515  0.99024769816528180  1.00000000000000000
   2.0230867962036638E-016  -1.0000000000000000     
 F F F F F F F F F F F F F F F F F F F F F F F F F F F F F F F F F F F F F F F F F F F F F F F F F F F F F F F F F F F F F F F F F F F F F F F F F F F F F F F F F F F F F F F F F F F F F F F F F F F F F F F F F F F F F F F F F F F F F F F F F F F F F F F F
  <DiscreteSampler_grid>
  grouped_processes
  1 # 1 for a reference and 2 for a running grid.
  10 # Attribute 'min_bin_probing_points' of the grid.
  1 # Attribute 'grid_mode' of the grid. 1=='default',2=='initialization'
  0.0000000000000000 # Attribute 'small_contrib_threshold' of the grid.
  0.5000000000000000 # Attribute 'damping_power' of the grid.
 # binID   n_entries weight   weight_sqr   abs_weight
    25   10   1.149472057950988E-012   3.572129687504969E-024   1.149472057950988E-012
    28   10   1.222508681672219E-012   3.755866708219263E-024   1.222508681672219E-012
  </DiscreteSampler_grid>
