 -0.00000000924864141  0.00001011191046700  0.00007475665206229  0.00021316874963839
  0.00042384207790117  0.00069842005654930  0.00102076355394051  0.00139830274007644
  0.00182344243328836  0.00230222432063742  0.00279203862596322  0.00332745689131776
  0.00388295589526644  0.00450375007724091  0.00515712174092793  0.00582295920015562
  0.00646533452072310  0.00711429320780698  0.00776227057060477  0.00844227080473168
  0.00914979321222676  0.00985836203956693  0.01057151509551653  0.01127675749905211
  0.01209268132630488  0.01290279206177675  0.01370481696638699  0.01451741997532786
  0.01537751744421499  0.01627875763331588  0.01717936109114043  0.01805976324615480
  0.01892787337919796  0.01984416733291835  0.02081518909436758  0.02179853835878443
  0.02275093394260846  0.02366814884360407  0.02456989354711241  0.02546135174582121
  0.02637607604153476  0.02734957249731958  0.02835066546956064  0.02934283674630089
  0.03035143968330519  0.03134818902445756  0.03233591016372563  0.03337238360228214
  0.03448739039514667  0.03565606509660630  0.03695467896353197  0.03819149638047279
  0.03943671633913254  0.04071886281793208  0.04205011022554754  0.04339993374311571
  0.04470629207254802  0.04620086404289244  0.04773847625264151  0.04926831048601106
  0.05080670639472277  0.05236228863437294  0.05393210635040124  0.05546829129918528
  0.05697552968189710  0.05852033557093388  0.06008160054399639  0.06171342629695589
  0.06340248770534437  0.06514691897487188  0.06694927921329630  0.06884260893485068
  0.07078127410127572  0.07273832329953338  0.07469446863349757  0.07666406940046661
  0.07874243601662315  0.08094471535752892  0.08335039480574068  0.08589330073893305
  0.08852319782192200  0.09122450976838718  0.09404243379698374  0.09705911652053571
  0.10016680904574743  0.10359450106347239  0.10782623458978925  0.11293107956241430
  0.11881374173500937  0.12496085275190541  0.13197068889909547  0.13980082385743592
  0.15743431180867479  0.18930498261325568  0.31982552043749002  1.00000000000000000
  0.00952607301927529  0.01545455511090656  0.02463012031899919  0.03526133047266950
  0.04592306191954643  0.05640209074067722  0.06790615802243231  0.08026888568771821
  0.09348226531111917  0.10564941146186375  0.11560256941461362  0.12471497238279197
  0.13382532991733573  0.14359376630870396  0.15316685042305661  0.16212507317424255
  0.17077049758651822  0.17973481779093772  0.18850071712069183  0.19756271263228664
  0.20714886153333409  0.21789967154175599  0.22865747425771069  0.23870638358867785
  0.24890903657273095  0.25958096742404740  0.27066418108813078  0.28111922214626051
  0.29248599015412596  0.30353766867158410  0.31433009831740555  0.32535845031241095
  0.33585763881567543  0.34654390090008624  0.35665495961432048  0.36696765306821916
  0.37724078015954543  0.38726619929108586  0.39743735849841572  0.40781550397303445
  0.41878494303530867  0.42998463613256549  0.44130102486555245  0.45287675241115227
  0.46374708047413388  0.47391359176087905  0.48379277873373344  0.49360246093249771
  0.50340726330698193  0.51322738078646069  0.52324363725996248  0.53328539398940833
  0.54374378857074124  0.55480697062836559  0.56624141193175781  0.57751136456667906
  0.58928968072450394  0.60111261330336263  0.61206822877171729  0.62241186895912759
  0.63237129912213863  0.64217784303133030  0.65207775841771254  0.66216813769050054
  0.67259804910753263  0.68332122654125504  0.69430829509838388  0.70587533111657086
  0.71755392011001429  0.72882497813292435  0.74026357229526496  0.75112106631031450
  0.76127024906871632  0.77081800396363132  0.78054937868405228  0.79036712703406065
  0.80064884230037381  0.81013360308634119  0.82014077038729571  0.83014514615913648
  0.84051842753074535  0.85155220930402620  0.86197353438618041  0.87174886156343678
  0.88121920013730126  0.89105342450045355  0.90081668007268656  0.91074997867606755
  0.92084404938807130  0.93146003110764475  0.94199113418178160  0.95225660655600286
  0.96287498145743644  0.97401275051626479  0.98589896359344953  1.00000000000000000
 -0.00001897020242496  0.00023687427973919  0.00067007845124533  0.00134086809553009
  0.00231003560357382  0.00352915406151449  0.00482698818369928  0.00632248259436850
  0.00790381945052504  0.00983411158344460  0.01220580653323437  0.01457712233231212
  0.01697064742501555  0.01962461290808071  0.02235615357959713  0.02506355045167646
  0.02790190141941375  0.03112037465278536  0.03455264298861224  0.03820334210167456
  0.04188318955549979  0.04549516581773240  0.04915115074770674  0.05300364885953439
  0.05711584924495135  0.06149884814797948  0.06620684765124729  0.07114269858373591
  0.07603831250308692  0.08081985480050886  0.08566664213892099  0.09080931131342668
  0.09621364839815093  0.10143242000163144  0.10688846360260429  0.11270359081643215
  0.11874114581392370  0.12502110303552375  0.13155996966479833  0.13844588437810978
  0.14549167296402171  0.15260575497152701  0.15941756985213795  0.16641238145938125
  0.17360073162789094  0.18099365499041672  0.18861282659972939  0.19645239686261246
  0.20447447376803121  0.21245790515120652  0.22056323263118463  0.22895461010545626
  0.23752504066924740  0.24611455471062446  0.25445291458149055  0.26239856781837140
  0.27074899649485062  0.27954230355395038  0.28847175551775561  0.29735972052367771
  0.30607350850478759  0.31486653773213935  0.32362540897554715  0.33265383979246133
  0.34216264945844926  0.35229296387443348  0.36342770968184884  0.37413283000401515
  0.38486744539566209  0.39590335573324309  0.40717799183971137  0.41853049605675346
  0.42994028929724359  0.44181847668627239  0.45315122685681897  0.46450299977243631
  0.47621560482416747  0.48824514066754199  0.50033171876230065  0.51266830694860388
  0.52506797083653722  0.53831612020441988  0.55137920538970830  0.56401352113690806
  0.57636716786671105  0.58952072365933716  0.60284818824296504  0.61627635706431050
  0.62982235261253394  0.64361199491195886  0.65738637863428584  0.67227491957550545
  0.68675560453108087  0.69710367710758747  0.70080469434606418  1.00000000000000000
 -0.00336867565357025  0.01073639318229526  0.02184951123135638  0.03165284965130034
  0.04120234670449093  0.05079259977612238  0.06097747394473743  0.07093862995393865
  0.08088438372030672  0.08998236437658209  0.09890153152415070  0.10797837928253334
  0.11694477921689732  0.12569177372815635  0.13558406953229254  0.14574678509148403
  0.15572447175213758  0.16532774932213282  0.17510835621163776  0.18530299336646647
  0.19546195294762692  0.20569063482119607  0.21539305846373719  0.22466743847305182
  0.23383470422780844  0.24263354836031378  0.25137617100977555  0.26011885817859914
  0.26890768924974906  0.27851003020570014  0.28772824653729739  0.29787038109837105
  0.30951327427765951  0.32124869367682013  0.33328269842304087  0.34486618596580759
  0.35646816713222940  0.36832710030351040  0.38023411207112934  0.39181970476686839
  0.40278702279339679  0.41324841615431840  0.42334799973277715  0.43302279172093305
  0.44250543277630727  0.45187621257401078  0.46164266714023600  0.47175474612783502
  0.48233946580780751  0.49204436402306828  0.50121305349387069  0.51015839251272088
  0.51875571930266440  0.52777469854017134  0.53732788147602517  0.54789068601860791
  0.55924163655755810  0.57030034085998293  0.58088962837770519  0.59112130289248532
  0.60134387401315992  0.61187270691104889  0.62291342780403014  0.63489254973935871
  0.64686168095718255  0.65831073739089574  0.66937217142227046  0.68069992488284992
  0.69212148020330477  0.70393957430018106  0.71593095889479852  0.72773496632700840
  0.73929491965648353  0.75060302101299092  0.76174922874872808  0.77295804250506794
  0.78408866938523936  0.79518834375990477  0.80649845408288978  0.81722069271395503
  0.82715631939527345  0.83724432228044254  0.84761439529538141  0.85857755079218157
  0.86903027569231317  0.88009266197756364  0.89130660405890783  0.90318296179358915
  0.91547744759356786  0.92745930194356718  0.93931982290233962  0.95071170431730023
  0.96237690018314093  0.97418978436775727  0.98665620413527022  1.00000000000000000
 -0.00262561785103484  0.01002225323300008  0.01993508306258788  0.03005819824980160
  0.04018787181402318  0.05071099046128442  0.06061359893667109  0.07052970279310433
  0.08052790506357481  0.09049332904794610  0.10065071515755206  0.11053978114364260
  0.12040198439639953  0.13014618912265569  0.13949317929839436  0.14923630841518962
  0.15907552374173950  0.16919740454632021  0.17894089027209084  0.18839785368552955
  0.19860651171608182  0.20886896947793193  0.21858298720289537  0.22801422546910644
  0.23799031178328758  0.24826182236819566  0.25803294129110593  0.26782600691576752
  0.27845156282431682  0.28950685295042838  0.30039793640462598  0.31189935545198549
  0.32434514330307879  0.33725321234823680  0.34919401029667424  0.36034117402479360
  0.37163797955362293  0.38329407011392602  0.39514944693842408  0.40624399752735851
  0.41720900975735270  0.42829654851461718  0.43914166037309138  0.44963456811218983
  0.45963823633193274  0.47113144772406951  0.48289775621783082  0.49489078080662652
  0.50718982948312408  0.51873854857988533  0.52910222374176696  0.53902270538188912
  0.54908114932425611  0.55890275602138018  0.56825682074258110  0.57729931929335432
  0.58735913889874591  0.59916006298309454  0.61026371230238852  0.62109979681039362
  0.63248123497944131  0.64411910448581144  0.65449956609950910  0.66360766618525469
  0.67291274848598293  0.68232043987034119  0.69258715970664197  0.70288966126390662
  0.71371792905726450  0.72562005335254687  0.73772724471186812  0.75052930874010937
  0.76032348968345853  0.77027744602615988  0.77949689135635469  0.78941142892398330
  0.79968081915954392  0.80973696387108629  0.81959648515528516  0.82988184933350084
  0.84019653443037368  0.85104510571779035  0.86164742680358575  0.87219167257456842
  0.88247592791835183  0.89301018595622927  0.90375783717636593  0.91435214528700104
  0.92508956632731409  0.93598389819060679  0.94673157354094040  0.95760353483566307
  0.96851677170561046  0.97972925905857844  0.98987607379165143  1.00000000000000000
 -0.00332233449482928  0.01162992823393276  0.02290566468473961  0.03324250392343792
  0.04299669552127383  0.05239885036210685  0.06167533530199774  0.07153300513838351
  0.08148555865559555  0.09109936931747546  0.10026734035117353  0.10990498112673122
  0.12048072751706686  0.13111927844318419  0.14156274131283747  0.15175756468759993
  0.16206125052054249  0.17168835256924772  0.18128603862837800  0.19121105931344143
  0.20133854800505926  0.21107898182268081  0.22075486213392614  0.23048872081382890
  0.24069105627201376  0.25120222304174272  0.26233561794354970  0.27366253347022251
  0.28483614111170319  0.29563423182048737  0.30608534632339857  0.31612010487351444
  0.32602167190397374  0.33604498844353758  0.34604045839837128  0.35619794021924739
  0.36679959375122800  0.37770428040646570  0.38901119047978810  0.40021267755558743
  0.41124330812717058  0.42179826015403227  0.43218624509720233  0.44313301747095346
  0.45457507872226427  0.46555376502613577  0.47591349014550943  0.48631546637210438
  0.49730118106139526  0.50880711827896263  0.52063415207412622  0.53248609480828069
  0.54401747084328644  0.55539858633306360  0.56614233384249213  0.57634230527461339
  0.58665190878386797  0.59716964504282077  0.60792844409038216  0.61878724348382608
  0.63005027724733043  0.64172141061836552  0.65275058185748291  0.66325833581632510
  0.67300220576747394  0.68260813250049812  0.69242910049800799  0.70238999808230485
  0.71176637982427027  0.72096847187036617  0.73009344503787554  0.74059981469615910
  0.75118857192258914  0.76268729596825047  0.77395995989952049  0.78611254527468211
  0.79741190439103871  0.80790163420653871  0.81888084949549256  0.82989742088611962
  0.84021075128988332  0.85063357719638166  0.86138208212736045  0.87282218058710703
  0.88417536524271823  0.89561401249368922  0.90747498580623154  0.91888526362367617
  0.92906255308608543  0.93855552308411461  0.94819040018994494  0.95816679565227691
  0.96829602752470367  0.97844747520133180  0.98912758090538688  1.00000000000000000
 -0.00289101100988523  0.00973042262073618  0.02070626017582753  0.03252527137462143
  0.04470113717535253  0.05657003250113604  0.06824991157809135  0.07997983324136056
  0.09129490082875900  0.10247944309813503  0.11389251988370123  0.12460460915187906
  0.13430130055931114  0.14377450644077952  0.15401708049314869  0.16466424120951401
  0.17538695738998955  0.18442037098355762  0.19503403682047385  0.20573938731859800
  0.21690340168993544  0.22837215609748418  0.23989539195190035  0.25093412789288266
  0.26119693730304966  0.27108496667367454  0.28079312469979162  0.29104468371227932
  0.30169409702376693  0.31402698466390450  0.32849918414421014  0.34225404785484176
  0.35393113374748880  0.36480220441370459  0.37490347238522076  0.38455251663603179
  0.39438065313768939  0.40447608651898559  0.41457831481174306  0.42436371643953308
  0.43401710737593774  0.44336444672556891  0.45270433075253264  0.46197444483064370
  0.47123625575475420  0.48052278750361066  0.48986405287890905  0.49944795663510000
  0.50944476875627853  0.51997378323179955  0.53072980330475772  0.54225734024657302
  0.55424118250147147  0.56545077731862159  0.57586317013051724  0.58579954456047645
  0.59533349759977383  0.60467393078254650  0.61408000759206072  0.62358682376959917
  0.63338402850238518  0.64287280584975648  0.65271866152605151  0.66271349579277228
  0.67304603253178119  0.68388324005161627  0.69473762879276746  0.70514777412038265
  0.71514776383171641  0.72502558197810008  0.73602862357723853  0.74851661825244775
  0.76082920296396861  0.77230992822948363  0.78339558086290551  0.79426675095884047
  0.80520909918449879  0.81584467644270842  0.82607410040438423  0.83593476026290958
  0.84632711052531695  0.85760366616817185  0.87036446716281524  0.88217821180935196
  0.89375107373921903  0.90507200790019560  0.91627161139002300  0.92741023170428705
  0.93830234707643911  0.94870563456355794  0.95818278310967175  0.96698495958213548
  0.97579810358863950  0.98405989055906107  0.99196036240848162  1.00000000000000000
 -0.00238659374015382  0.00972275206003576  0.01896683319567535  0.02756779175706690
  0.03634083281296246  0.04602203610318848  0.05602251460103171  0.06620697691820343
  0.07670674824786705  0.08766615900546729  0.09838814094478636  0.10861159468269824
  0.11865429615997275  0.12863252558162838  0.13832876417756304  0.14811803929966133
  0.15807131303427907  0.16813921202417922  0.17817838700829711  0.18841001850044442
  0.19909007992376540  0.20951361760006429  0.21963130413696430  0.22996672092295670
  0.24041250492297764  0.25100462476691032  0.26183469739709014  0.27251504281561295
  0.28273976824347175  0.29294624478162867  0.30333304898147179  0.31326234577993817
  0.32282656114304253  0.33261651901793532  0.34392687823038826  0.35553553660987103
  0.36711802409054545  0.37849471055505607  0.38974804599408952  0.40067772505356253
  0.41131693238832745  0.42153512816172800  0.43152773807866179  0.44194943141496074
  0.45269628745067503  0.46374766365865216  0.47439529982283474  0.48540204420341126
  0.49680542156231927  0.50850062505940519  0.52101912481290114  0.53302666022165701
  0.54523420471002459  0.55726207635130942  0.56912134979309703  0.58075907262281634
  0.59190027059232919  0.60268385320810047  0.61361867409516824  0.62519157902889388
  0.63737715408926754  0.64962087170667537  0.66107572385568181  0.67147007693251715
  0.68090235526675558  0.68975099371713300  0.69830131739631818  0.70712122709163983
  0.71694191277863895  0.72708970353915314  0.73733564690083919  0.74760927253135012
  0.75815406845204791  0.76927952245720743  0.77974369781631492  0.78979479165114685
  0.79982518082940157  0.81007537724589862  0.82087368151760287  0.83170265732174531
  0.84225698143660532  0.85249227546921169  0.86252499002720973  0.87240887553547009
  0.88234126143914360  0.89256247171402536  0.90336434227247797  0.91398674199826524
  0.92373449597434909  0.93323714973077421  0.94325045346007497  0.95379657818234576
  0.96518648183044609  0.97680937479253116  0.98836128217067176  1.00000000000000000
   5.9136801286825710E-015  -1.0000000000000000     
 F F F F F F F F F F F F F F F F F F F F F F F F F F F F F F F F F F F F F F F F F F F F F F F F F F F F F F F F F F F F F F F F F F F F F F F F F F F F F F F F F F F F F F F F F F F F F F F F F F F F F F F F F F F F F F F F F F F F F F F F F F F F F F F F
  <DiscreteSampler_grid>
  grouped_processes
  1 # 1 for a reference and 2 for a running grid.
  10 # Attribute 'min_bin_probing_points' of the grid.
  1 # Attribute 'grid_mode' of the grid. 1=='default',2=='initialization'
  0.0000000000000000 # Attribute 'small_contrib_threshold' of the grid.
  0.5000000000000000 # Attribute 'damping_power' of the grid.
 # binID   n_entries weight   weight_sqr   abs_weight
    25   10   1.450480555090582E-010   6.563040139768412E-020   1.450480555090582E-010
    43   10   2.739516858127510E-010   1.937403670580463E-019   2.739516858127510E-010
  </DiscreteSampler_grid>
