 -0.00000002251456479  0.00002871957248086  0.00025972146286594  0.00066514243184876
  0.00143468639248744  0.00220720021859299  0.00305530923833657  0.00435612696853877
  0.00638704487428419  0.01000207877189734  0.01236066996569107  0.01343578998866490
  0.01430742323089869  0.01503670703166461  0.01574515097897738  0.01653476988965001
  0.01750360527955988  0.01839844217488845  0.01936269663410491  0.02029628859759956
  0.02126539107719703  0.02232646121320454  0.02341052577132604  0.02481093194370106
  0.02658754802367962  0.02741679751306259  0.02812870029216753  0.02882355759490458
  0.02949487558903607  0.03027913129380736  0.03146112496486886  0.03334441522530780
  0.03568204166683428  0.03780956106841594  0.03967347361917378  0.04133226025252502
  0.04253458299470729  0.04394347330333462  0.04539012079086719  0.04708106066462820
  0.04902339535435088  0.05093986134958049  0.05319440344104694  0.05545810256419612
  0.05819722601439285  0.06068596741468987  0.06354166551569949  0.06605177547348333
  0.06818644044598868  0.07056253835998849  0.07259745392923771  0.07432549543207083
  0.07572789567416370  0.07717100391530006  0.07868247547118913  0.08050717245281837
  0.08332861277135886  0.08602211895099299  0.08883789016764430  0.09189514703172279
  0.09629785630578820  0.10213230421811634  0.10783967814207457  0.11301571432013192
  0.11874782844371762  0.12252682555097325  0.12606756921523368  0.12972105469088452
  0.13344656706461736  0.13724315442244678  0.14095378335357570  0.14422105247170716
  0.14733663204450978  0.15037546414134242  0.15333221851113840  0.15699162413957587
  0.16091285245713041  0.16499192180894487  0.16862802243748282  0.17192516283559608
  0.17505676197856254  0.17865211035425813  0.18345554339601011  0.18828025056894940
  0.19402262419830163  0.20160098696415810  0.21168585606797724  0.22239288953294820
  0.23428019822814081  0.24797713459319926  0.26505300008266131  0.28739021150063060
  0.31572638560534994  0.35660852643129903  0.45638544167845224  1.00000000000000000
  0.00915980933719585  0.01655278050226282  0.02963085657297453  0.04702262798991899
  0.06411528966464004  0.07673971899797524  0.08435839247467870  0.08978805113743291
  0.09389857259578631  0.10304884315996224  0.11199832718312075  0.11972594497697873
  0.12650221594416552  0.13233716478374175  0.13880329794129975  0.14740424674268923
  0.16036915775429650  0.17653948992767973  0.18852624886837291  0.19600678774365474
  0.20334756717462640  0.21146195473549406  0.22428137503261089  0.23438660408562140
  0.24392373222776084  0.25076245710616479  0.25992460840976733  0.27302202302576806
  0.28187389317036848  0.28897041347887981  0.29702919782195630  0.30339400944784134
  0.30882082275999218  0.31559883190727567  0.32608809701792496  0.33854503322593871
  0.34678871378128778  0.35378816418177400  0.36237658659807637  0.37401893758832472
  0.38072849953030280  0.38694455006722306  0.39297184503225296  0.39977546853900675
  0.40634874383938135  0.41277218614038863  0.41867345847922049  0.42494854020352446
  0.43270994675841989  0.44417967581428158  0.45922888850057525  0.47339264430969541
  0.48546968760167564  0.49584231969915693  0.50667264709942261  0.52192980751953622
  0.53271656236397946  0.54121179279674747  0.54922528903591672  0.56037735226736896
  0.57814553174326022  0.59903624701668889  0.61795567197401335  0.63350329548036133
  0.64697675098194940  0.65934345193559496  0.67227631943819988  0.68623736317910244
  0.70110962484223738  0.71534732311374682  0.72593812627397503  0.73471952992866985
  0.74467949483020424  0.75135920802596479  0.76049625470075088  0.77027035054118997
  0.78303790282127683  0.79641123539071501  0.80798738532026615  0.82360469072385278
  0.84123934566004421  0.85604145767630113  0.86643261995891085  0.87606864804190010
  0.88686156575167496  0.89523841652504932  0.90417449420767504  0.91391652636449694
  0.92506140058362862  0.93690069095240180  0.94704602909149005  0.95647645011088245
  0.96824071151223934  0.98363190584398064  0.99143432362779760  1.00000000000000000
 -0.00227410468246761  0.00316058668495495  0.00900291248453484  0.01634546503586900
  0.02631478667882962  0.03924752297616049  0.05640386281059388  0.07088772932977037
  0.08157198144893146  0.09082647052042751  0.10066022670009439  0.11135195009224744
  0.11997427853437130  0.12816450101622462  0.13652714211162689  0.14527373037486563
  0.15633764474912701  0.16646218573100116  0.17607935067268016  0.18601673833443944
  0.19402041182907681  0.19941113606765734  0.20472921872057409  0.20877828091819720
  0.21368811110670624  0.21902942606794451  0.22660244318851680  0.23415404015327232
  0.24542510352114399  0.25473050308483636  0.26363037593096839  0.27180163958879577
  0.28094877553409853  0.29379148282279927  0.31486249013823692  0.32973970635271088
  0.33902100530599572  0.34671856323674327  0.35429537930224791  0.36163606746221555
  0.37047650278456667  0.37996738794132967  0.38938141387847858  0.39831249260205343
  0.40628784716712685  0.41610299094783382  0.42799477535697700  0.44152529820691605
  0.45793052624175351  0.47008327047561427  0.47989622611595328  0.48882049294754365
  0.49748163646347393  0.50655191403316391  0.51847174690366016  0.53369596438840505
  0.54580057633699031  0.55479984257441695  0.56349368146230805  0.57236385975471982
  0.58116056751746081  0.58927032084163877  0.59714820639885258  0.60707422030681868
  0.62108572916671134  0.64287763791443586  0.66904828871064603  0.68355334179427996
  0.69293670556439413  0.70084369902901611  0.70850150212770568  0.71639451144794331
  0.73381706792476742  0.74791219080964810  0.75751921839349257  0.76536930791778113
  0.77293462418090120  0.78153960625923247  0.79388942549868236  0.80722493744483415
  0.82017145347501352  0.82725172821771353  0.83242977263193851  0.83776709103581259
  0.84606793916841094  0.85317289554421627  0.85998670143777878  0.87238986117743100
  0.89782243492982727  0.91982097365207671  0.93283462097633374  0.94445911419464834
  0.95657719372315331  0.96949920949336521  0.98393963789530936  1.00000000000000000
 -0.00218300383197315  0.01049176691864444  0.02267623509883190  0.03439571282540614
  0.04831033498999324  0.06355213292482081  0.07863345589212888  0.09036186108650240
  0.09943761529461487  0.10750016491180825  0.11546309637328596  0.12202880439118736
  0.12794607495770888  0.13460591042139239  0.14503054208326005  0.15741964953823054
  0.16776604284930111  0.17735878617735157  0.18665274408146235  0.19776750302050020
  0.20834733928092863  0.21620690795384523  0.22293617156096399  0.22802235622952155
  0.23320369824136114  0.23823950255063669  0.24411506140199501  0.25076061821632256
  0.26135994485745095  0.27243125070235041  0.28228471355738294  0.29104640773674112
  0.29959470682617950  0.30840795695024364  0.31868222733584239  0.33042149655816172
  0.34199257376337855  0.35430163171854784  0.36699413223079330  0.38219626750029217
  0.39850182454951300  0.41463393640673835  0.42989734327633711  0.44288533357604271
  0.45570606128981583  0.46681707628941327  0.47708386535501168  0.48675374350034589
  0.49577878908961714  0.50534084797588996  0.51525768069335665  0.52450955499905849
  0.53315216556135758  0.54317458746907299  0.55521949092899414  0.56734810585867335
  0.57851126693063804  0.58952324498830377  0.59958810830353848  0.60814086305387904
  0.61341104711504324  0.61929216092364991  0.62897014512069549  0.64150058839343038
  0.65473392359332550  0.66580357305951166  0.67550586215238839  0.68653151724489803
  0.69826707566594481  0.71085897567167478  0.72454674862146018  0.74046971503418235
  0.75959046359733562  0.78019799732300499  0.79331465314690153  0.80329608174113909
  0.81190429375490247  0.81989413495711427  0.83045646290324282  0.84069602863443471
  0.84854604522935673  0.85590925241420690  0.86274827303747781  0.86930111125239062
  0.87826679222200621  0.88899920226300055  0.89945925689071615  0.91096439016759245
  0.92236039471816322  0.93647462632251011  0.95106297844591581  0.96408873170014309
  0.97474326570183500  0.98458383253284842  0.99229191626642432  1.00000000000000000
 -0.00175396625377166  0.00648008186599184  0.01485843237108513  0.02486093025681961
  0.03615800599964241  0.04675855318051710  0.05696780288281617  0.07107335397418947
  0.08875403048523578  0.10236034218059097  0.11459723214498199  0.12779652195365915
  0.14247488151103693  0.15748408975150555  0.16926196367635968  0.17977604349633625
  0.19036324247657754  0.20170320610912354  0.21105201471850393  0.22046606199350241
  0.22904242656109058  0.23820968512996984  0.24830187506376958  0.25947925016111928
  0.27630855722572173  0.28802264289376173  0.29911663301702407  0.31231164689352170
  0.32243404143461157  0.33175107217768496  0.34326442964763115  0.36037471890727946
  0.37060551905116407  0.37775426802337636  0.38431129218399218  0.39038422683284019
  0.39576568810300805  0.40040179056888237  0.40952535883282815  0.41930626754393252
  0.42775983436129938  0.43664556404713023  0.44734660628637918  0.45672235314079995
  0.47121826123515820  0.48540422604447803  0.50082045665619790  0.51413016593024385
  0.52661124448964047  0.53891841574839339  0.55074157007704849  0.56183973056323544
  0.56952422350885934  0.58004241037904081  0.58957558276155586  0.59739676952949705
  0.60498961015753594  0.61495591270354855  0.62696831885659088  0.63623637826963375
  0.64490127204737835  0.65373577664772142  0.66265761774550058  0.67147504499466593
  0.68094125422478569  0.68961539315954756  0.69713066593980566  0.70384322459886695
  0.70989232130388458  0.71553445603312316  0.72208078005910914  0.72918985182554641
  0.73653717275217745  0.74520808952222650  0.75579338533806661  0.76724833845725404
  0.77964502846024419  0.78747910129881593  0.79525642244610917  0.80261906948678141
  0.81510013391176916  0.82580590641809715  0.83740193925770656  0.84920141698997986
  0.85924973772717839  0.86972176179708327  0.88193223932622600  0.89382469640538675
  0.90935446730977720  0.92453432069563546  0.94015695024559576  0.95542677412347909
  0.96549093638948813  0.97484256297549354  0.98406563622747578  1.00000000000000000
 -0.00179446749441399  0.01048734732535624  0.01831283930507431  0.02702538078860379
  0.03585725826787248  0.04373113659184856  0.05148841226443678  0.06253076693509538
  0.07964711013856170  0.09216262914930787  0.10211735192768957  0.11076877726591641
  0.11941540275353975  0.12878485810540444  0.13802442717831764  0.14792269630448612
  0.15831912311025850  0.16956736558318167  0.18485478520680537  0.20423378654131324
  0.22442915092020063  0.24636647567084638  0.26229069179143477  0.27319718659241649
  0.28326279153098322  0.29426313135840942  0.30961311749103093  0.32429312498392837
  0.33937343594691066  0.35196166476540708  0.36325632917896516  0.37470974196004847
  0.38916154987376161  0.40761474962277583  0.42392985899819102  0.43935047209990752
  0.45449111232543066  0.46871681312174490  0.48113520623569234  0.49257626722990550
  0.51064709592761015  0.52298899708885094  0.52888966095593737  0.53679357039183007
  0.54326742059724586  0.54849064666208036  0.55516993388906377  0.55993191009238141
  0.56340593057726784  0.56683688618264949  0.57042544497819403  0.57547289167910254
  0.58097331913135353  0.58428884072174669  0.58786547869820405  0.59168210259887566
  0.59890840523088085  0.60760266703445909  0.61643372873869495  0.62782984755388571
  0.64225182845934559  0.66037959699295945  0.67566259030875275  0.69047140304746291
  0.70798179792037319  0.72416836949403252  0.73715032644982603  0.74678984788203673
  0.75487330081927106  0.76111627003584081  0.76734272523500424  0.77482573451302117
  0.78050999263865384  0.78592448271758375  0.79255967959252904  0.80627130886609466
  0.81878568430696741  0.83299284723326683  0.84658414301381912  0.86226836111663929
  0.87598934354269098  0.88481864020364931  0.89223143252374593  0.90021112652681123
  0.90976322026162992  0.91859638437384161  0.92600386836589543  0.93325491149008821
  0.94119490013162022  0.95001893917578129  0.95651471245912234  0.96346806237329918
  0.97054641141758924  0.97731097818289958  0.98815238909669634  1.00000000000000000
 -0.00084268322165424  0.00245054335453332  0.00699166469963280  0.01017612212116642
  0.01341052217982603  0.01699117658946529  0.02139096136381530  0.02558501252000700
  0.02961944403578460  0.03434150422121689  0.03909723758804375  0.04454016245180368
  0.05108151899706696  0.05845327324087648  0.06500665344321303  0.07051015684097924
  0.07650451449274118  0.08252554803578611  0.08926781349617384  0.09833669090797485
  0.10704472305751014  0.11493061891113679  0.12309747303958450  0.12996971807662286
  0.13523954540522534  0.14039351926177493  0.14561915753804316  0.15149529080891133
  0.15706932693815701  0.16253782815783535  0.16864732541089739  0.17635614297919849
  0.18227689006153447  0.18776567748949713  0.19398529954670368  0.20028848809686647
  0.20669908762229844  0.21260190886782532  0.21906655840159289  0.22455630761145476
  0.23214948033734623  0.24350780298749952  0.25677021890324409  0.26689432616674885
  0.27593502524639618  0.28489087979867289  0.29382299772815312  0.30150067233318939
  0.30945633881740697  0.32266433286246776  0.33922140694104158  0.36268734646218415
  0.38714527336556531  0.41932719665184948  0.45257352949799229  0.48460761456062085
  0.51040961001247620  0.53173393080808995  0.55400928708435349  0.57374437936617595
  0.58957999237300640  0.61191746628091148  0.63500973631155799  0.65992940864956406
  0.68426929278467830  0.70789788334622439  0.72964745739832348  0.74594747241575166
  0.76494821215779163  0.78420079952434318  0.80212622286613156  0.81677399792953309
  0.82818254720580864  0.83721692803027958  0.84662294157982876  0.85603993953702340
  0.86535267739468713  0.87661867270031824  0.88630406024198705  0.89494311917089719
  0.90440356201508632  0.91582920196710260  0.92399939527786912  0.93208249342508986
  0.94011781451934628  0.94796437746381879  0.95569993984188339  0.96452629617411412
  0.97167836308941813  0.97623838611523162  0.98050053330356612  0.98420377491723454
  0.98773215361015232  0.99148265702526750  0.99498249531265537  1.00000000000000000
 -0.00378997241631208  0.01367182325985732  0.02644228233861357  0.03809351148430535
  0.05066883804132398  0.06478581526326894  0.08239342142185810  0.10344312778241584
  0.12000259655608267  0.12904106048412955  0.13698902538399868  0.14544578173178163
  0.15445182824595072  0.16322046310341118  0.17178876268506602  0.18096097506882863
  0.18902888070969601  0.19759810179197596  0.20736237342729885  0.21942028896268090
  0.22667763420928541  0.23332735068420898  0.24049232598669174  0.24806979339153987
  0.25632427770111282  0.27247860225455689  0.29292738701622217  0.31309096662071556
  0.32822989763712151  0.33841756807851681  0.34421176015010635  0.35045584983533162
  0.35624757710829658  0.36288414974956834  0.37240280288070726  0.38504179071454120
  0.39988562143426848  0.41352121181486740  0.42480551905940067  0.43545525154948683
  0.44682925261580519  0.45716028235027301  0.46860018735444475  0.47867102521909627
  0.49217986607577363  0.50571267073491044  0.51914892707242555  0.53146953000784181
  0.54063356128078854  0.54783137036073470  0.55493215773754245  0.56196233908667548
  0.57032749242154679  0.58173248772230923  0.59422646958877812  0.60753855477344898
  0.62016280920307831  0.63608790230318846  0.65100921217733776  0.66528265527852881
  0.67880860062514226  0.68948123227250691  0.70252276934801505  0.71273258041852561
  0.72482019485697380  0.73653133471057652  0.74702486428139980  0.75224042941168112
  0.75706276612194467  0.76156020962241699  0.76544326653243722  0.76972503111985102
  0.77844450247130004  0.78947070111093209  0.80075263431609345  0.81098202171061162
  0.81998242517257836  0.82773764335492417  0.83683980537211822  0.84888132002513061
  0.85996356617409830  0.87089305975097175  0.87826170224794686  0.88532341356813293
  0.89462344106293545  0.90514976756581145  0.91265324146317217  0.92050512190220590
  0.93077545628119018  0.94088225625110522  0.95055916738907853  0.95793876488146945
  0.96611148284558901  0.97595801659940051  0.98773029882331276  1.00000000000000000
   1.0061036070532993E-024  -1.0000000000000000     
 F F F F F F F F F F F F F F F F F F F F F F F F F F F F F F F F F F F F F F F F F F F F F F F F F F F F F F F F F F F F F F F F F F F F F F F F F F F F F F F F F F F F F F F F F F F F F F F F F F F F F F F F F F F F F F F F F F F F F F F F F F F F F F F F
  <DiscreteSampler_grid>
  grouped_processes
  1 # 1 for a reference and 2 for a running grid.
  10 # Attribute 'min_bin_probing_points' of the grid.
  1 # Attribute 'grid_mode' of the grid. 1=='default',2=='initialization'
  0.0000000000000000 # Attribute 'small_contrib_threshold' of the grid.
  0.5000000000000000 # Attribute 'damping_power' of the grid.
 # binID   n_entries weight   weight_sqr   abs_weight
    19   10   8.473232783774790E-021   5.314772496071098E-040   8.473232783774790E-021
    22   10   2.565798246058613E-020   2.730691621035061E-039   2.565798246058613E-020
    25   10   3.341639251316358E-021   5.166740548818729E-041   3.341639251316358E-021
    28   10   7.669752272142429E-021   2.137562832240187E-040   7.669752272142429E-021
  </DiscreteSampler_grid>
