 -0.00000000979372567  0.00001055770473936  0.00008053144283701  0.00022845581282287
  0.00044709386654472  0.00073456547568320  0.00107769057696592  0.00149222664928294
  0.00194317433089591  0.00244090956504050  0.00297001505659912  0.00354712260999250
  0.00418450356618726  0.00486644625810037  0.00556466690053721  0.00625262887601311
  0.00699177114681593  0.00772880985207496  0.00851728714234142  0.00935910767286575
  0.01021563244306729  0.01108453186284647  0.01193807781068155  0.01279818114878364
  0.01365785543851361  0.01452726994458235  0.01543479309441575  0.01635948251838135
  0.01727483876637516  0.01817138423583019  0.01902914074539190  0.01989682372208032
  0.02083103655942019  0.02177242298955216  0.02273286293231999  0.02370960072755816
  0.02465123382286409  0.02560412204540055  0.02658512147723571  0.02759054077612983
  0.02861932759649283  0.02966533324848037  0.03071164995211020  0.03178689178950442
  0.03282360585810065  0.03390061757567780  0.03500811914803972  0.03616609688401644
  0.03733911057236401  0.03850429728533720  0.03967607661652376  0.04089394803604192
  0.04208282052786214  0.04326008572672449  0.04441502701864760  0.04564477723831932
  0.04700476783228495  0.04835903659878254  0.04967984925148729  0.05106925293546071
  0.05248685885185260  0.05390239938984084  0.05531193754304001  0.05673026829290877
  0.05814356988294133  0.05955491709833050  0.06115249206667155  0.06290077651724796
  0.06470309297645080  0.06646268609836437  0.06824189801449274  0.07001910772809564
  0.07184000694335112  0.07369246163919300  0.07555494997564524  0.07742846794831042
  0.07949206670496448  0.08164469284853274  0.08400524146722566  0.08655477276945152
  0.08915651649947376  0.09182966611520930  0.09468190607754762  0.09767904410217240
  0.10080917579769459  0.10431711370848891  0.10843995810150198  0.11320807034734412
  0.11855157877625987  0.12439214284222486  0.13088411168208910  0.13950498155366670
  0.15548936622721896  0.19075596154326591  0.31998870742182955  1.00000000000000000
  0.00964114887108803  0.01515816108133235  0.02396878753727546  0.03418251095237709
  0.04453111668577312  0.05479001846871989  0.06539892217001897  0.07672258077912826
  0.08783044443701067  0.09840977572728313  0.10878254887423805  0.11854550905539282
  0.12797851476601541  0.13690022586773609  0.14602048998165695  0.15572576380055048
  0.16573696433323257  0.17613332742488072  0.18658282829008296  0.19713980087944039
  0.20794198011096546  0.21918299251662096  0.23027379033351061  0.24091946761573269
  0.25166483223501235  0.26245376823754735  0.27272308403928136  0.28230754232582983
  0.29155789353353306  0.30045172932240555  0.30918227140702054  0.31813222557256166
  0.32726270154280079  0.33642820279051744  0.34562769020966216  0.35495809282848279
  0.36513919017600666  0.37527963084309235  0.38531138590981812  0.39507246998009093
  0.40514160050330938  0.41543466722888400  0.42609082458194780  0.43661495944821110
  0.44669290719318006  0.45671460449796764  0.46713553963130799  0.47766671914968295
  0.48835901764503031  0.49942455136300318  0.51116146838023313  0.52399301288216649
  0.53672154725527255  0.54894502664257183  0.56071000782951441  0.57170504446395287
  0.58246880937525214  0.59346853123531063  0.60487613233365478  0.61663559228373177
  0.62855101233282717  0.64030492083670032  0.65137858546030325  0.66195506403351456
  0.67255436819570980  0.68276324178429881  0.69262060559309691  0.70218250219686162
  0.71226790622862624  0.72297369696502300  0.73338518140547782  0.74307867374958192
  0.75304421851545100  0.76337752015083382  0.77385579240711455  0.78434743615601177
  0.79552753275268207  0.80800489752475668  0.81846026557433249  0.82792253234471869
  0.83804033656682486  0.84849815276254303  0.85866643918145402  0.86823059548966164
  0.87811200688943913  0.88827102289386473  0.89815376086587795  0.90755085815901693
  0.91703895120001344  0.92641265711547727  0.93598595077355873  0.94615946680767327
  0.95682335383672212  0.96801776457741817  0.97918949404084776  1.00000000000000000
 -0.00001991284791926  0.00024218678211853  0.00068746855219198  0.00141312529094812
  0.00244739783525920  0.00375926278679823  0.00525644486647275  0.00707275092945659
  0.00909249596165974  0.01137903555855208  0.01384635872412411  0.01639036113289180
  0.01906749219525548  0.02186828241635607  0.02487466485820575  0.02817779394285359
  0.03167937268791139  0.03532203325994872  0.03910122353847766  0.04291684642236804
  0.04673024654465029  0.05057215693696750  0.05447431891523785  0.05852406832230733
  0.06273437140887780  0.06709734067038550  0.07169214019569878  0.07647517293028556
  0.08130233003960070  0.08626809937216401  0.09189461912211620  0.09789158873006969
  0.10414988365151828  0.11049068159418379  0.11697379763843169  0.12372082046483865
  0.13051441984391501  0.13735626250985281  0.14421741656477097  0.15106577680426755
  0.15792922006895171  0.16508087161751542  0.17270022049060033  0.18022615825303426
  0.18747112861132109  0.19441418255393267  0.20144769615116417  0.20909872663861651
  0.21677275064530754  0.22464302248465248  0.23259211060597176  0.24043875024787112
  0.24838345035859399  0.25682836930122604  0.26560045061116200  0.27453625460602937
  0.28364118704141150  0.29279062563952296  0.30197848718271253  0.31118196085320637
  0.32044358737799511  0.32974999969753604  0.33894130208266016  0.34840615709088263
  0.35790395704509714  0.36752059901913853  0.37707851229431627  0.38702940526557100
  0.39741099574583810  0.40768466326515712  0.41796347405782208  0.42815562473985030
  0.43925866794341711  0.45049030056413825  0.46157764924739320  0.47270001044231080
  0.48414495380463107  0.49571593071709313  0.50768459331960525  0.51989594992927413
  0.53270110527425008  0.54583863836526514  0.55880046454341115  0.57142657960885257
  0.58396278432548254  0.59664181808487993  0.60951815113647290  0.62258611655633900
  0.63577736589491995  0.64881106555519752  0.66109373609501054  0.67346346386932165
  0.68593173122019402  0.69654010380760489  0.70061921603389588  1.00000000000000000
 -0.00337567397176544  0.01130208620768450  0.02301007862817206  0.03405845108217480
  0.04453289905251590  0.05459404850516513  0.06474902644575059  0.07534361628080517
  0.08660881669343237  0.09781578958270867  0.10866027120841107  0.11957854145904105
  0.13022087664337695  0.14088153215552712  0.15122651442850094  0.16162767168043013
  0.17241443408305537  0.18420676999023772  0.19540357030405114  0.20679273452547628
  0.21809125929051879  0.22894003448603778  0.23945357312642132  0.24981150551430484
  0.25982716334288269  0.26976774652881436  0.27906143629432756  0.28853744373232465
  0.29816899787294926  0.30806688911710861  0.31745500034856311  0.32678691319772135
  0.33609982621886453  0.34571899391113065  0.35540698583125097  0.36535071818276815
  0.37544173162224781  0.38565757409565538  0.39605542001944072  0.40701993339698006
  0.41768310404920017  0.42746532265007697  0.43754532166002197  0.44804869135589709
  0.45822029764420080  0.46826077591836623  0.47862493026421654  0.48947975868128096
  0.50067611533145517  0.51194594075893174  0.52352294916178099  0.53589714109686548
  0.54821958082361799  0.56021312718882965  0.57197616159181841  0.58322727095332394
  0.59421159115078259  0.60532244619781261  0.61664952632941050  0.62775757085508577
  0.63829042575396544  0.64882528339673384  0.65939906892191047  0.67013500744454957
  0.68062915185930473  0.69143306764715629  0.70273200757217824  0.71419861973757393
  0.72579123713690552  0.73689532331411189  0.74790917197484785  0.75841951194390411
  0.76878795699110247  0.77868903385907851  0.78838201371868633  0.79802867855766890
  0.80747735080426697  0.81777424295131884  0.82815757868606155  0.83916107872131340
  0.85028686951991173  0.86129221686855362  0.87218219595482704  0.88294382604323352
  0.89344814223038738  0.90358204925917818  0.91336402972351383  0.92249631480162786
  0.93129644529657662  0.94033153094413369  0.94980243883607041  0.95964199316187548
  0.96957866645695923  0.97963777509871708  0.98983913504583043  1.00000000000000000
 -0.00248059634281572  0.00922941993949013  0.01949606355078684  0.02968583388965501
  0.04021925026408373  0.05027304542181646  0.06032620181390976  0.07075147023124685
  0.08166154118995353  0.09239674998192704  0.10281881994363365  0.11340177268462251
  0.12374611941324273  0.13380143310482390  0.14334453579023099  0.15382479890831113
  0.16442646687320789  0.17449036137745036  0.18463785617681616  0.19530329907003149
  0.20582791458694052  0.21576353724538053  0.22545103599161598  0.23534766114920891
  0.24539896399096112  0.25548337972461904  0.26553284468432697  0.27534512478651646
  0.28454320640637348  0.29392682075192289  0.30436583613129942  0.31575000500693884
  0.32749534580146022  0.33815057977481494  0.34786555762217214  0.35765897662764740
  0.36845280454879220  0.37918973933103228  0.38972719689130519  0.40065922798338954
  0.41282460501196772  0.42474105629329723  0.43631326006105042  0.44810515756580288
  0.45964892003377472  0.47127582916889721  0.48296182681109462  0.49498899167700866
  0.50743911839023526  0.51981171506761259  0.53180327835302121  0.54362407971504967
  0.55549522641683691  0.56703461054767612  0.57791407145891815  0.58872483780013629
  0.59961350907026356  0.61025930782490256  0.62076033343235937  0.63168372131836015
  0.64282393910491253  0.65323801896356359  0.66312346413123990  0.67353093456897739
  0.68436174934026295  0.69481593919980544  0.70462291473625549  0.71412155672976674
  0.72347650961195686  0.73290488065348369  0.74251512202091774  0.75231036889790215
  0.76332301664063607  0.77429012686167220  0.78561502421157603  0.79653113936271269
  0.80770916398178827  0.81770192698535649  0.82691141019575576  0.83654566244333539
  0.84680609321208333  0.85670796298066831  0.86575674412876014  0.87510186518727395
  0.88555821285794556  0.89635388053529541  0.90699907426831128  0.91727070691509127
  0.92870502115327758  0.94019091685637701  0.95101392095968251  0.96109532301212375
  0.97064912008842741  0.98027581251198581  0.98997759875664004  1.00000000000000000
 -0.00224850820983769  0.00923798287437196  0.01878490295848357  0.02896888251773685
  0.03898574400347610  0.04866070249784573  0.05798722460021358  0.06795994577000207
  0.07863759952311432  0.08946200896915463  0.10008937725894929  0.11051267016499774
  0.12105655649075341  0.13170243741218410  0.14234215541444459  0.15162198052788450
  0.16026148351894132  0.16899291102114172  0.17756213244919067  0.18597195813883000
  0.19440580090822371  0.20297884696706658  0.21240671201275763  0.22266245711214008
  0.23315968463204631  0.24454073105103036  0.25607640627598544  0.26811736478895670
  0.28030851701461373  0.29266327611869192  0.30534011192616656  0.31803365572162984
  0.33023669040057196  0.34218068582978589  0.35331542839839131  0.36454499376898913
  0.37568491773334101  0.38685692377445990  0.39816267477910494  0.40942093176786482
  0.42041076993203413  0.43103467302082304  0.44121008187682731  0.45106340806414330
  0.46110444282009971  0.47129382838507361  0.48140258221334403  0.49190389063451567
  0.50336544687379048  0.51541078315572819  0.52742864056645999  0.53914539484878321
  0.55076113264913018  0.56205264012081713  0.57301712253920067  0.58357721382654903
  0.59361951057023465  0.60354692658164555  0.61326758447481455  0.62292788927611742
  0.63250623663550887  0.64192635539385101  0.65176608093774424  0.66162777648160176
  0.67152687666363009  0.68158971822229875  0.69146799264827463  0.70188344665368185
  0.71209109658581993  0.72271646519144295  0.73288445414775638  0.74281694191180958
  0.75247190126396735  0.76298464651329778  0.77343836198121330  0.78445812871703424
  0.79572836776910283  0.80721410022796691  0.81894789765381593  0.83047888714499318
  0.84115992210268720  0.85161692310684023  0.86234252054819416  0.87341403999020606
  0.88431927059973603  0.89567967026550765  0.90628875632811356  0.91675187793724344
  0.92685642027699966  0.93746132085473244  0.94761401754883801  0.95777107588528543
  0.96879580946080945  0.97924801043912901  0.98960586628465441  1.00000000000000000
 -0.00267960405460875  0.01033751197264187  0.02162051078709771  0.03281466516375216
  0.04448219534664134  0.05666172724708866  0.06865461102772473  0.08030018658601680
  0.09186323833389300  0.10309942215125154  0.11402714558365094  0.12518454703480414
  0.13684470674220800  0.14903005548300613  0.16127570153022802  0.17272889900963381
  0.18325875166744418  0.19368191285603933  0.20419070713528648  0.21445510770510284
  0.22446860072302349  0.23510041903997153  0.24620820509532307  0.25652616167927028
  0.26614310212568820  0.27594209848309492  0.28564425058279985  0.29511064437007195
  0.30442806846080200  0.31402225786480337  0.32401622959500881  0.33429895617522354
  0.34490241473787425  0.35516169725549657  0.36453890943015160  0.37357026874511129
  0.38264499942084307  0.39207261198002202  0.40184795955986768  0.41174943782816131
  0.42171787254039150  0.43177290641476956  0.44208262972507029  0.45185339622844661
  0.46154943472577276  0.47080757558110881  0.48009648336996957  0.48959408972707175
  0.49928792611118944  0.50940568961153221  0.51987050048473504  0.53060876579231464
  0.54157557415657676  0.55264015604070105  0.56360668396485802  0.57392211529684345
  0.58430999947785245  0.59435844987861308  0.60487611420813792  0.61435326828704018
  0.62424350509176274  0.63421474200027783  0.64396637562657155  0.65298390863731848
  0.66167791434921652  0.67071428699424873  0.68000558027781055  0.68956620365813459
  0.69933343117923685  0.70969734602225365  0.72148465176543808  0.73426995183586552
  0.74719021666566821  0.76021089061782510  0.77262065419997938  0.78350233961680826
  0.79469174219945338  0.80563527221224562  0.81666329651577108  0.82705704718543360
  0.83751661549665390  0.84869416219672988  0.85896449132630648  0.86840116010933577
  0.87840540637653697  0.88895288568326958  0.89897193711262591  0.90855606990110638
  0.91926161258709183  0.93116121751524439  0.94266347897066460  0.95353573622122167
  0.96507450307635834  0.97735980276377743  0.98870553891661039  1.00000000000000000
 -0.00351877027921986  0.01164588277049137  0.02410861392159690  0.03601679783288610
  0.04733861141885657  0.05829971703957258  0.06946900223485170  0.08051413246831686
  0.09129448089990030  0.10191228880697449  0.11218901884322190  0.12216939480199851
  0.13211139676278594  0.14232257640527018  0.15312231720785449  0.16411786528870773
  0.17510744170627696  0.18585613411966123  0.19537329819887977  0.20433238165643114
  0.21348147451077737  0.22271188696868499  0.23200808065168319  0.24164390995377510
  0.25129436971079011  0.26168118581760674  0.27178795772848341  0.28163435119629310
  0.29139254528897851  0.30110075657228652  0.31100897068060324  0.32158291825571972
  0.33212339535045932  0.34386854964629182  0.35556880784073025  0.36599495376489721
  0.37660302405667062  0.38716773977107583  0.39743164079673571  0.40685112395705325
  0.41665244821439773  0.42786429952904459  0.43867858972193324  0.44848338056851728
  0.45813433033107082  0.46826759680916941  0.47848797917254537  0.48823011500005120
  0.49791217259788750  0.50790271192606484  0.51847676401460718  0.52921000865218248
  0.54065504391303498  0.55290359991076365  0.56490068594575371  0.57525570789015390
  0.58549200373912191  0.59592496698847119  0.60651972258135789  0.61643449314963250
  0.62638045736778236  0.63650408877057152  0.64644114869659064  0.65624572249317470
  0.66615089274658768  0.67604335626161149  0.68567194374178220  0.69513710372642268
  0.70453832713266318  0.71397030034321174  0.72334514677299855  0.73318160912381436
  0.74386508573414412  0.75483654619918872  0.76598590925346821  0.77728774923023958
  0.78891537789988686  0.80130809421867022  0.81400306316790461  0.82554347193752031
  0.83697443165675234  0.84820982726820071  0.85933226429874621  0.86983256980601420
  0.88088432271121064  0.89188698434931779  0.90315175035524708  0.91398010355761738
  0.92522450204476536  0.93649444403028581  0.94804555141633617  0.95899652770803001
  0.96938814375886084  0.97966686308772521  0.98992592185687223  1.00000000000000000
   4.4717294786080106E-015  -1.0000000000000000     
 F F F F F F F F F F F F F F F F F F F F F F F F F F F F F F F F F F F F F F F F F F F F F F F F F F F F F F F F F F F F F F F F F F F F F F F F F F F F F F F F F F F F F F F F F F F F F F F F F F F F F F F F F F F F F F F F F F F F F F F F F F F F F F F F
  <DiscreteSampler_grid>
  grouped_processes
  1 # 1 for a reference and 2 for a running grid.
  10 # Attribute 'min_bin_probing_points' of the grid.
  1 # Attribute 'grid_mode' of the grid. 1=='default',2=='initialization'
  0.0000000000000000 # Attribute 'small_contrib_threshold' of the grid.
  0.5000000000000000 # Attribute 'damping_power' of the grid.
 # binID   n_entries weight   weight_sqr   abs_weight
    19   10   1.359379937236298E-010   4.317541757764597E-020   1.359379937236298E-010
    37   10   1.441833423456215E-010   3.841735043786611E-020   1.441833423456215E-010
  </DiscreteSampler_grid>
