  0.05152171597540387  0.05158539581002246  0.05171203553728949  0.05185236559221733
  0.05202218915803575  0.05219554910095905  0.05236910119154160  0.05256151813436475
  0.05275498699125524  0.05295720230898202  0.05316309507405868  0.05336428275454477
  0.05358213011716548  0.05380116556096539  0.05401221874624472  0.05420466328893992
  0.05437644944576959  0.05452893523971284  0.05469664648799457  0.05486927052717384
  0.05504780655976215  0.05525884609006472  0.05549559981135271  0.05575940043785556
  0.05605598779058666  0.05636026746041609  0.05666878275088869  0.05697874349803013
  0.05728679615640133  0.05757700999219276  0.05785357480905282  0.05810298608646094
  0.05832946524280295  0.05856104309030407  0.05880729429686139  0.05907172134140189
  0.05932174085886616  0.05957985258463002  0.05988668634894817  0.06018955328619643
  0.06048560848207502  0.06080905447669704  0.06114501457577634  0.06143535768095558
  0.06170261263090077  0.06198785762926889  0.06230562186944107  0.06267835015941672
  0.06307727138494523  0.06347533663108078  0.06388400972341196  0.06429523036724100
  0.06472932661335656  0.06523154484301281  0.06579764717305371  0.06639490646756857
  0.06700338021199867  0.06761167865092994  0.06824395117985224  0.06889365419571500
  0.06956073848387333  0.07027384396089488  0.07102716739706556  0.07178210748072403
  0.07253691625702910  0.07334226959147559  0.07420714129245179  0.07507889202989343
  0.07592288225130581  0.07681879453160574  0.07763376925684805  0.07846649047810125
  0.07927300564437091  0.08015096725649563  0.08104189776461010  0.08209161466815831
  0.08333350272005129  0.08520503323209747  0.08720237066255003  0.08938586953005327
  0.09182974510984082  0.09454182969426514  0.09734799498514042  0.10018780923872944
  0.10317459002622160  0.10668264085034791  0.11034646382221379  0.11372781504250506
  0.11718264975504804  0.12226172608072025  0.13007332116968695  0.14132684215888294
  0.16386641849811734  0.21662776376171478  0.53053849094927574  1.00000000000000000
  0.00938240618799040  0.01644197953686153  0.02500292305170474  0.03392778919580507
  0.04349990965938171  0.05267953414540900  0.06280079193611576  0.07544168627313111
  0.08914535846810134  0.10185005795916886  0.11285481842127437  0.12298273099267464
  0.13293444535373197  0.14256092005301985  0.15222240474279333  0.16200159252072235
  0.17197731986403594  0.18332473678903030  0.19435409330983830  0.20327524231145300
  0.21003351988952704  0.21563997739468588  0.22293226168435917  0.23255047552032437
  0.24237981444340467  0.25020952572352578  0.25737193349430260  0.26492961587538882
  0.27499966072129367  0.28620442443629079  0.29747814561354624  0.30908559809461372
  0.32094224250952741  0.33238074663686834  0.34391309379830343  0.35614056617522105
  0.36813659289094525  0.38092461095724123  0.39562033897630888  0.40895645550517257
  0.42078825196579672  0.43191747504080402  0.44254558155331336  0.45265095506849840
  0.46241217234131055  0.47183649291912866  0.48236013545322626  0.49567433563518271
  0.50668923622177253  0.51633756193636571  0.52624676509980040  0.53721039310116492
  0.54717548255078874  0.55653590168405198  0.56762830913071383  0.57741104001478460
  0.58564552111827861  0.59301750872836823  0.60124521744663617  0.61049530018061693
  0.61906046414538596  0.62795871119200453  0.63843064265955463  0.65353651440153560
  0.66988930547758441  0.68264016086242352  0.69293832109348208  0.70277955990749719
  0.71671878146836598  0.73040067319124036  0.74332889302296679  0.75442878347037390
  0.76605732663920845  0.77871596017901235  0.79169290216611232  0.80647935928641790
  0.82240624641731486  0.83360650469246911  0.84121863304092603  0.84828372835240218
  0.85559530507855230  0.86287892164933300  0.87071224688517213  0.87946604477981805
  0.88978890041937320  0.90041139620187594  0.91194254463407476  0.92212612108306857
  0.93119519838212128  0.93968170334379020  0.94849540578662517  0.96017543040092290
  0.97336449265743941  0.98350516592958159  0.99085557526467438  1.00000000000000000
 -0.00000565598076761  0.00005379987308882  0.00009507936919342  0.00013988262740279
  0.00018958589892656  0.00023864940850035  0.00032948103113417  0.00040616666527237
  0.00046074311622529  0.00053229805242652  0.00064705750068430  0.00074654059067546
  0.00083711015723640  0.00094648126528789  0.00109688754527307  0.00128863268868646
  0.00148459654166842  0.00164473523694113  0.00177996200881607  0.00192794700202761
  0.00206542577890679  0.00220799167484387  0.00240791166130577  0.00260204333967745
  0.00275573450422447  0.00292712546538443  0.00311364614609687  0.00329282918330334
  0.00347180809380882  0.00368845724380816  0.00389166329211312  0.00408980321575349
  0.00431464842593139  0.00456859265652980  0.00482302995104351  0.00509572776661010
  0.00544026283456798  0.00578056751495674  0.00614664801233161  0.00652782376481181
  0.00688223516069708  0.00722171025194800  0.00756196094049404  0.00790340958098026
  0.00822280426401380  0.00846306955547688  0.00870513524146410  0.00892476591673208
  0.00912163985870308  0.00931579384695536  0.00952586211710685  0.00973878514355613
  0.00994043924626232  0.01015535940199108  0.01036555400491957  0.01057333275685573
  0.01079039810666967  0.01101491841551879  0.01132028133093512  0.01160277208696430
  0.01188321332866317  0.01213487086784168  0.01241379544714316  0.01273961027393321
  0.01309120800153962  0.01344862288993746  0.01378068251074021  0.01409578600341904
  0.01440908161926744  0.01479083968918775  0.01517657827861672  0.01555001659280444
  0.01591352705724606  0.01627358074302673  0.01664804938506773  0.01704622273933328
  0.01746681518836262  0.01788919532319571  0.01831847127362508  0.01873962792897287
  0.01912524477416457  0.01949252951721151  0.01987850870280601  0.02029872053009317
  0.02072305740151744  0.02109444360604903  0.02146523780442562  0.02190099598002090
  0.02237783632941180  0.02287694848175219  0.02336966535477394  0.02404660773572931
  0.02477651642714886  0.02537708014868668  0.02592196593240962  1.00000000000000000
 -0.00143424300057064  0.00559714073140789  0.01216625803273930  0.01770411476050465
  0.02484789332810802  0.03363850250205699  0.04509008977770912  0.05691717854799613
  0.06754577687904093  0.07681660735398954  0.08481403280304289  0.09213892138301287
  0.09938524885341998  0.10695415062124787  0.11549741746221891  0.12447975675788903
  0.13525842301344890  0.14461075232056569  0.15278188969742559  0.16021627692051388
  0.16844340305258121  0.17691654876093518  0.18580006029633878  0.19506996122807130
  0.20529469616048360  0.21635954673871616  0.22847532418183808  0.24180235783638540
  0.25531903300547248  0.26680459722203487  0.27922247931615984  0.29030576000446201
  0.29982337412064930  0.30788757136214634  0.31562804823051166  0.32412620414526322
  0.33413176990392468  0.34666551916202121  0.36127242195986303  0.37654826621814402
  0.39201473424390060  0.40518412833388373  0.41770323042786978  0.42879534630828520
  0.44024349501275406  0.45283989418447440  0.46608817889605819  0.47622618001142669
  0.48300562386890278  0.48869866774243637  0.49449997800820955  0.49974446305855119
  0.50525989160524021  0.51257172145606300  0.52039984995117217  0.52707047309822286
  0.53366685008451709  0.53929637667391916  0.54645553949975656  0.55562175284734927
  0.56583190811231399  0.57710495884152657  0.58887702669886532  0.60068130650064278
  0.61351300287101074  0.62664060830240587  0.63893814375658708  0.65063441737919891
  0.66275636838272056  0.67564800283608606  0.68990614092835567  0.70524912140604890
  0.71799942421315255  0.72640146797038851  0.73516763119102135  0.74375729399285695
  0.75310668706298978  0.76310705271543300  0.77491292210576113  0.78791311149220655
  0.80049178220484085  0.81511181525354204  0.83576237581720869  0.85570177270394199
  0.87340416113761199  0.88906290377501485  0.90272999450774172  0.91319414350001549
  0.92345335191694378  0.93348256695210363  0.94455155157006487  0.95776184091212824
  0.96914081707598199  0.97875403567121766  0.98831712350289624  1.00000000000000000
 -0.00241408698100124  0.01075456216723786  0.02202050828853493  0.03231678617565645
  0.04364911015965483  0.05467734640530294  0.06559205173735083  0.07817179040436675
  0.09293970709198450  0.10919097242833770  0.12655985092798261  0.14393560838050701
  0.16026630782582624  0.17339645091067965  0.18297069921878628  0.19195109559102627
  0.20091551607500491  0.21004880940176829  0.21912004695115259  0.22797921997503928
  0.23984052291843949  0.25460832562948066  0.27103326346578777  0.28720896596036566
  0.29971432432095801  0.31198509382423495  0.32534165376044150  0.33868579141785438
  0.35065929726026845  0.36228085624555445  0.37375636989747302  0.38549128125322474
  0.39539122237692431  0.40457906708799934  0.41381142994552533  0.42291256196442006
  0.43225299040668669  0.44155438688457915  0.45109381510182389  0.46078290260330829
  0.47172007590284010  0.48450271280127577  0.49761358313783560  0.50990446241915699
  0.51965260098621990  0.52922616512784926  0.53795214693175830  0.54590572613081967
  0.55412081183618234  0.56376590474141675  0.57439160890105390  0.58466704579701734
  0.59374411570697416  0.60180137953050228  0.61052797313130547  0.62063915594241947
  0.62964213278427039  0.63759774079485965  0.64487281990259404  0.65308912117074336
  0.66118981536079735  0.66949528151854409  0.67958399722776885  0.69096685132218882
  0.70237368719954474  0.71319212523372577  0.72391264205973127  0.73355572725680818
  0.74232721680766145  0.75146355551750288  0.76108182001341529  0.77203894808841533
  0.78369021513160597  0.79524802069484124  0.80671945551460889  0.81581388600005345
  0.82137606940172314  0.82727276871238187  0.83523277721135036  0.84266823847074135
  0.84895249346518509  0.85563985204962312  0.86338842714620134  0.86997747352464294
  0.87956229768138627  0.89022046832818802  0.90030076513094937  0.90859520603476251
  0.91689552172221767  0.92785241013792696  0.93897230456679548  0.94974467543265806
  0.96050114067692594  0.97082226253348680  0.98446064290076385  1.00000000000000000
 -0.00300939250108122  0.01424107216839052  0.02745275198836418  0.03740192837638191
  0.04641988819440871  0.05665773835147914  0.06808754471828991  0.08106641356912681
  0.09138427834644272  0.09956048675395138  0.10868824808404846  0.11802852898535246
  0.12693750311959129  0.13599736390116976  0.14390963192633727  0.15299916852944612
  0.16261500087245817  0.17105888535684566  0.17843447315251620  0.18652688250553470
  0.19373351021091617  0.20157978579828970  0.20961984582725846  0.21785208385921054
  0.22700912474002205  0.23825268499255295  0.25114294028371087  0.26519627278071523
  0.28003843914273868  0.29564951580307952  0.31183373392988722  0.32354415173423340
  0.33427816690323259  0.34347690198861114  0.35196096617988210  0.36028078307769568
  0.36932390424695966  0.38032352040044387  0.39222369682193603  0.40767337911454132
  0.42268819872710228  0.43446875118795492  0.44438295774599990  0.45427608338453501
  0.46368797536289291  0.47293671568566881  0.48250259493789821  0.49348902777361547
  0.50548013589696195  0.52104233554611501  0.53735035414258392  0.55276364976530745
  0.56501714850470841  0.57632360272430616  0.58759006579843331  0.60096017813847402
  0.61177636885547526  0.62074206234882134  0.62925342153480868  0.63849983838069924
  0.64800112640306884  0.65609006204130016  0.66337094473589797  0.67302657860359560
  0.68659555632917435  0.70443576599195279  0.71974508214020350  0.72944355117144721
  0.73760596350554763  0.74527443912966862  0.75235898220100850  0.76157331526076366
  0.77024665189389430  0.78007557728052657  0.79130658444702839  0.80093233004585573
  0.80885479976936125  0.81680734075230410  0.82505235130814525  0.83351740865461244
  0.84366086593565770  0.85457678078024568  0.86798360050977175  0.88268917079659226
  0.89547026696821375  0.90466614042745286  0.91236450174260075  0.91991749524730038
  0.92769563211939865  0.93524424233808268  0.94261887273190792  0.95106703615075838
  0.96142545283894809  0.97227175008207123  0.98361409413789935  1.00000000000000000
 -0.00453506138875974  0.01901696565758029  0.03493547261809172  0.04503582307922213
  0.05539243901541479  0.06568434688754746  0.07733497966583402  0.09221800514444253
  0.10561767648265190  0.11509162277783723  0.12481643186333097  0.13420040921845064
  0.14642733271630562  0.15807775682552808  0.17119441810677788  0.18649665933297679
  0.20340274881896683  0.21791987550566336  0.22984066205254122  0.24286110983746631
  0.25475252672028903  0.26423576081835665  0.27334437120535998  0.28652580272265638
  0.29537826816843615  0.30307857208196964  0.30952157594924834  0.31531254177291851
  0.32146026832300528  0.32804807319644702  0.33491994786030899  0.34068369800973097
  0.34685852425353697  0.35427576057548910  0.36641554583163843  0.37736791110471157
  0.39083011493961378  0.40552999661950689  0.41892083631760885  0.43189870941164948
  0.44636495617449745  0.46105815704057329  0.47547240082442221  0.48988290561270786
  0.50251076826856078  0.51254371881907723  0.52287635774546781  0.53411595784741617
  0.54403249662979358  0.55270804920515981  0.56195521580109109  0.57218876647015537
  0.58429319886745257  0.59734414746589615  0.60828051029490871  0.61724641724122598
  0.62642045430795468  0.63543817316739493  0.64414188511807136  0.65297312060556822
  0.66237017126699937  0.67450017976828236  0.68712723782820695  0.69756098490813701
  0.70779594216576514  0.71773902850309479  0.72705448432054554  0.73596915015406283
  0.74392008585237879  0.75220099719666378  0.76152160992476525  0.77217426389115440
  0.78364717177369059  0.79517623312119812  0.80610772798128694  0.81508653135399878
  0.82281120372954586  0.83124952165184518  0.84049655948404500  0.84963085108550629
  0.85856741823497329  0.86689224116264518  0.87439942449687214  0.88196359911314604
  0.89000843967862386  0.89859536154619102  0.90881123697388932  0.92010702086694052
  0.93047511556483631  0.94166632169766751  0.95318360830271587  0.96412181800393504
  0.97336589594065581  0.98256526489873963  0.99103903404015292  1.00000000000000000
 -0.00688669017581991  0.02071811486446016  0.03584776192735487  0.04681829929177990
  0.05838684641899249  0.06906582004555564  0.07940473525654937  0.09021902623680049
  0.10174466034683813  0.11401611261584935  0.12456930968748169  0.13229655707918503
  0.13889887748574550  0.14518306879612111  0.15121226007574770  0.15823198610875691
  0.16534197374488005  0.17348344804220098  0.18104239972276226  0.18821505401271246
  0.20015073012737178  0.21322118617584868  0.22425744221313124  0.23359054991638420
  0.24402463381107983  0.25541895474384241  0.26749629796563362  0.28052621187033100
  0.29328782110726798  0.30481435912504340  0.31691544954211009  0.32725340579559409
  0.33784032653050972  0.34808497195404253  0.35776620988842378  0.36684115162050346
  0.37629741203792877  0.38655040450093442  0.39737222779959375  0.41003856621076434
  0.42310728670553782  0.43638487687186289  0.44696674522036856  0.45495429202445720
  0.46140448715074572  0.46766625703266224  0.47418702416202341  0.48339148519623504
  0.49452650980167784  0.50566550904344443  0.51619800032881136  0.52591738807198241
  0.53584905335583144  0.54575002128291716  0.55430341049757104  0.56296917733852614
  0.57235235688575636  0.58168903413094031  0.58975473447276239  0.59765659315180542
  0.60861295494672385  0.62748730962802957  0.64442518411899752  0.65403369245734455
  0.66078732080766167  0.66882773417360042  0.67717549069372085  0.68568882196915604
  0.69328071610896191  0.70097906669191545  0.70838398650999324  0.71799708543632856
  0.72876150864285549  0.73850511965985810  0.74651778611741948  0.75462125118341650
  0.76222728428772346  0.76959558433158282  0.77722321295443386  0.78529717277275723
  0.79565517903567695  0.80657371698292635  0.81697507006120884  0.82778966290187317
  0.84099888116359034  0.85559575643324781  0.86920510975307153  0.88186928382704499
  0.89408632062141558  0.90669390985505705  0.91913972989974968  0.93030682372102713
  0.94233467528215198  0.96012266386179390  0.97979487296838030  1.00000000000000000
   2.2731080437109021E-023  -1.0000000000000000     
 F F F F F F F F F F F F F F F F F F F F F F F F F F F F F F F F F F F F F F F F F F F F F F F F F F F F F F F F F F F F F F F F F F F F F F F F F F F F F F F F F F F F F F F F F F F F F F F F F F F F F F F F F F F F F F F F F F F F F F F F F F F F F F F F
  <DiscreteSampler_grid>
  grouped_processes
  1 # 1 for a reference and 2 for a running grid.
  10 # Attribute 'min_bin_probing_points' of the grid.
  1 # Attribute 'grid_mode' of the grid. 1=='default',2=='initialization'
  0.0000000000000000 # Attribute 'small_contrib_threshold' of the grid.
  0.5000000000000000 # Attribute 'damping_power' of the grid.
 # binID   n_entries weight   weight_sqr   abs_weight
    25   10   7.852791519803011E-019   6.144957029185799E-036   7.852791519803011E-019
    28   10   2.186802844897137E-018   4.626463995601286E-035   2.186802844897137E-018
  </DiscreteSampler_grid>
