 -0.00000000436159415  0.00000150274896888  0.00001190677567946  0.00003197849310710
  0.00006661388597708  0.00010908013883524  0.00015293398993713  0.00020000264258989
  0.00025567695931369  0.00032616574027127  0.00040145649586039  0.00047947862027466
  0.00055962147209628  0.00065041799677590  0.00073487368773615  0.00082773725869770
  0.00092155008074529  0.00103260233087248  0.00115566956446017  0.00129522605073793
  0.00141690462356534  0.00154009689790578  0.00166218307206289  0.00178977468685314
  0.00192892538062391  0.00207124538297166  0.00221643830258617  0.00236699930295503
  0.00252706768875620  0.00268878703590708  0.00285918319883918  0.00304082962704569
  0.00322388637565442  0.00340729293350717  0.00358852101389408  0.00376770331602076
  0.00396749564261942  0.00417123936756454  0.00437167851905597  0.00456506443436971
  0.00475757982485999  0.00495426727841419  0.00513851017796072  0.00530676459457264
  0.00547091045294190  0.00562780505405445  0.00576320243493863  0.00590919405312706
  0.00606486777780926  0.00622678859240273  0.00638358751299916  0.00654977133020950
  0.00673530723192474  0.00692786598706349  0.00713286513165684  0.00733516276846273
  0.00753769180925000  0.00774103220857905  0.00794197461239356  0.00815226887706376
  0.00837260797074871  0.00858891981534889  0.00879207686560304  0.00898487584727993
  0.00917294913785811  0.00936029204492739  0.00955000090704061  0.00974303079749538
  0.00993082242285400  0.01010491154186421  0.01027905534284010  0.01045612755148283
  0.01063470190748677  0.01081172766628591  0.01098840946404561  0.01121783080425073
  0.01144971532898952  0.01167506887388300  0.01189166979460447  0.01211740515293987
  0.01236800660934137  0.01262718897475824  0.01289678067793345  0.01319137562780795
  0.01354157039213388  0.01407078211240018  0.01494101815783144  0.01622796949765779
  0.01743182621428569  0.01843414142283397  0.01986534779874846  0.02183510330686050
  0.02451526436178501  0.03058445877749538  0.05078229052130553  1.00000000000000000
  0.00912922033523713  0.01739295409843907  0.03123074967219322  0.04614740914707254
  0.05771981056897575  0.06800916502986620  0.07910628734228863  0.09124418491000653
  0.10383831631808049  0.11564619422694242  0.12696828872486593  0.13813915520032000
  0.14871483109032635  0.15908775594483648  0.17048017287035375  0.18461035778035781
  0.19938443865284636  0.21651893907208039  0.23505422973603141  0.25109946998319393
  0.26149546426167775  0.27159549861182630  0.28004096813633045  0.28772384466018780
  0.29531891521120168  0.30355728979601576  0.31249617220403664  0.32319518909399775
  0.33435449733899131  0.34512455036752110  0.35516469507660237  0.36465111623358598
  0.37463830357200023  0.38397395905322534  0.39411906619707371  0.40403939043820897
  0.41300599296673851  0.42196386370173761  0.43128383164294332  0.44281414927801738
  0.45580713936727041  0.46682443928409723  0.47737195214481987  0.48830889740117861
  0.50153433310955675  0.51242953554190662  0.52501822180222479  0.53808688192332532
  0.55178969599621930  0.56344497538179006  0.57377696216126106  0.58319212088401162
  0.59154738451817201  0.59941099053945557  0.60662469758948034  0.61385389428240222
  0.62160577517505067  0.63079605831133645  0.63974669175548038  0.64918994329127300
  0.65943041331110719  0.66874847649599956  0.67748065782628974  0.68690430296206018
  0.69719630563414647  0.70653593394584324  0.71563259113888800  0.72529875514560904
  0.73609802140510172  0.74797273145732857  0.75944957562351578  0.77046246502799687
  0.77977850138279925  0.78819756025346421  0.79755220585382858  0.80846480798697884
  0.82064932702900251  0.83300931384563115  0.84487385031293227  0.85580436955821571
  0.86618712391989672  0.87681330474564345  0.88746047485401924  0.89797927302937963
  0.90714932977769347  0.91579972264905207  0.92449274676079674  0.93301270497095834
  0.94142332308161158  0.95057578595434866  0.95939572745744162  0.96808846197549647
  0.97618545418321923  0.98458302186617830  0.99043875906036249  1.00000000000000000
 -0.00282794180696144  0.01159697098960046  0.02243259725117866  0.02977873265977480
  0.03729992751188760  0.04493109763569746  0.05195260041780533  0.05787380359687034
  0.06375637549621335  0.07036043274263458  0.07813345193990595  0.08917911490910216
  0.10303104286840283  0.11329474256287314  0.12079392956257337  0.12807888101222001
  0.13573663717713111  0.14349860929301891  0.15124205600810187  0.15786217264413777
  0.16459635821648161  0.17453695960907833  0.18652964808300182  0.19951399222895502
  0.21244859641968067  0.22469274043407844  0.23571129915416691  0.24525858559822825
  0.25454657506489009  0.26279528335168617  0.27063057004245028  0.27840571924775420
  0.28627081291728695  0.29438644607860803  0.30356830233754561  0.31274586868589854
  0.32151346529474106  0.32999135160080267  0.33747580459583049  0.34520651896817034
  0.35373914320062699  0.36341550970787256  0.37332027499470860  0.38221089300930067
  0.39090687602149721  0.40048078141890314  0.41132660362208340  0.42301030817563784
  0.43533851584470323  0.44533759915138776  0.45505100737294485  0.46479833378313828
  0.47379533704265914  0.48206249100014825  0.48993531845363536  0.49879612683905067
  0.51059226232339028  0.52389419073237620  0.53657879174637946  0.54922263480033251
  0.56193686705804724  0.57353785140402325  0.58471597261279318  0.59651956471913181
  0.60859641323994529  0.62206632372111970  0.63345677306424064  0.64490535152861095
  0.65664612356572793  0.66835205265071573  0.67914149860338224  0.69030412616698622
  0.70196821791623965  0.71379449216778001  0.72604449837336282  0.73895234035192514
  0.75355101772014554  0.76836252887923195  0.78157739064566034  0.79254552084472341
  0.80239901072360975  0.81280078749906826  0.82485099864824207  0.83799165285197175
  0.84992525687443721  0.86301644528402788  0.87809084779759539  0.89318854032232853
  0.90870976055854147  0.92228015207475655  0.93418849166662754  0.94658399836487594
  0.96066647944203576  0.97425487798913868  0.98690953176865015  1.00000000000000000
 -0.00229246674937810  0.01038879416337861  0.02124256773010618  0.03392531743957036
  0.04734852232400204  0.06079538701087204  0.07314736078420044  0.08500986815586169
  0.09748888995697584  0.11083233712028946  0.12495168309285590  0.14165851952884223
  0.15810004269795097  0.17003094901404658  0.17885961716264503  0.18730898125179229
  0.19600564194145798  0.20461462472171990  0.21400911681189017  0.22389176083208082
  0.23367729955819436  0.24466922279036113  0.25522207450422274  0.26632800213600516
  0.27730556850013471  0.28743444443619454  0.29730980005344393  0.30765027090752384
  0.31868000321989981  0.33002307198398056  0.34119506425994689  0.35174251026318026
  0.36086101020769190  0.37014602297365629  0.37922416779543999  0.38740814387453093
  0.39516829693405658  0.40366329636159692  0.41201748045190406  0.42266037088705161
  0.43502990252718327  0.44837059327005502  0.46258420113397186  0.47378504002909472
  0.48536199877562314  0.49804318266175501  0.51025972115982665  0.52157327077999216
  0.53198865475978130  0.54165876463897134  0.55086209159208621  0.56004821261804905
  0.56992380843168622  0.58046519602731494  0.59030411820571460  0.59955999147330652
  0.60942882567703860  0.61984493147309838  0.63001116794226975  0.63916589142067426
  0.64844944612510247  0.65834579569194451  0.66881550498973985  0.67914226972997560
  0.68922874304218906  0.69919975275875457  0.70912309715088440  0.71949233647270994
  0.73080768326030143  0.73939216942762287  0.74716538720539016  0.75478248820654292
  0.76481973043035556  0.77734625359513720  0.78655533794026866  0.79692004973012109
  0.80876979786504843  0.81834182676765133  0.82683483230897525  0.83574368532998267
  0.84418338743399479  0.85204532768789243  0.86025431606083946  0.86831102161012530
  0.87626538744773519  0.88511141834357754  0.89483510132734123  0.90488573271874595
  0.91553592460599176  0.92630326456872170  0.93735015565192847  0.94888895616848890
  0.96029522326848993  0.97273054249117308  0.98645285606969779  1.00000000000000000
 -0.00197599112881920  0.00883655945061569  0.01801304544834663  0.02890937016804621
  0.04089771239418220  0.05486074753171660  0.06931740478862759  0.07925884794472447
  0.09090685659905021  0.10188955627513685  0.11097233678774689  0.11831572974593692
  0.12581906499089310  0.13300966861016772  0.13964853132781280  0.14643987921003301
  0.15376194553836336  0.16142546785296349  0.16899505804496023  0.17756271094726783
  0.18644738318884860  0.19578005608576499  0.20558066176551143  0.21687858533098395
  0.22923763917064161  0.24073471703126623  0.25144630069629953  0.26107209349670624
  0.27124302276034301  0.28314858550645094  0.29567187346402368  0.30935176774935735
  0.32288764796242581  0.33518275291066463  0.34543075132394935  0.35541516475193896
  0.36598390929805125  0.37707142847954900  0.38783409658364998  0.39813986008814461
  0.40893043985360383  0.42056825158644429  0.43252850748635369  0.44392027170796455
  0.45529554564608343  0.46564089101125133  0.47669979304602533  0.48753001278639818
  0.49865509098148592  0.50956071151195037  0.52080296920652702  0.53170360787045745
  0.54203942776849401  0.55195233969878243  0.56300439618251119  0.57399021365107317
  0.58469272371433245  0.59548291980428791  0.60730404873947075  0.62050741006789867
  0.63209228466301925  0.64207881451593241  0.65127357232424021  0.66039453283649696
  0.66964523010256494  0.67867056666065484  0.68742236492288411  0.69588962716898939
  0.70572420139613312  0.71844811045709100  0.73301078402970454  0.74658275212888214
  0.75764457297358523  0.76741303070939937  0.77610506126482171  0.78512789872294375
  0.79368880619348692  0.80260118479791365  0.81267185907167072  0.82516341769765245
  0.83820294442338272  0.85173995342677722  0.86506163594901364  0.87875451173067287
  0.89229131771052095  0.90428647482452285  0.91699537627887606  0.92945189604553835
  0.94160956342271251  0.95254260511423650  0.96179868601991747  0.96981328236421394
  0.97763482042944483  0.98544255732881791  0.99281879096879688  1.00000000000000000
 -0.00226754064419904  0.01192050530118075  0.02455419154734921  0.03723620464695242
  0.04952908598112223  0.06216034197339410  0.07531074195464424  0.08889792203576428
  0.10229069908159130  0.11386617890381415  0.12313618881366907  0.13175147597046971
  0.14072272156501461  0.15095932948194199  0.16165589187759152  0.17355719900147745
  0.18445379844338136  0.19746211491555019  0.20932384833144688  0.22042363343875873
  0.23025792145856530  0.23855976726301087  0.24705837651783780  0.25588461810294083
  0.26423264686728326  0.27213385299431359  0.28015427331343301  0.28770628461211856
  0.29950502786077704  0.31096329608400580  0.32183870065638426  0.33126149580731878
  0.34063096609743176  0.35005790571132239  0.35964265856247912  0.37141686477619401
  0.38261843902911208  0.39489713324018583  0.40834676999164909  0.41938916361383988
  0.42968572634422891  0.43971728974242896  0.44971142745594062  0.45911609794310293
  0.46733763180459859  0.47618698279034588  0.48553539546924318  0.49613132544520477
  0.50718809825023414  0.52002125294860457  0.53444965051598281  0.54466787164513852
  0.55499738732978598  0.56679980443944245  0.58112439871753596  0.59428204063748802
  0.60649576970687413  0.61835218777729362  0.62967105220963882  0.64006641021591504
  0.65051288995691559  0.66166677410065589  0.67285475524454919  0.68391808025267187
  0.69686189763645812  0.70780433376586849  0.71639310528017641  0.72488535020560696
  0.73419691158638534  0.74297606775619118  0.75147965793916527  0.76003165789925164
  0.76808860986001815  0.77689607258282634  0.78625605193643422  0.79477469034838111
  0.80331904441522595  0.81198346357302964  0.82091087336799573  0.82950730430810249
  0.83951769204895155  0.84957367076301682  0.86209394781075677  0.87475661708886965
  0.88536044120065860  0.89519125758045448  0.90409467249298781  0.91332276274233037
  0.92245258755061244  0.93164075452916428  0.94066837312697293  0.95054737350911478
  0.96163247853702383  0.97472460583093834  0.98763254948095336  1.00000000000000000
 -0.00129780756897736  0.00498939413337467  0.00971543070866029  0.01424666686146517
  0.01890274571220400  0.02365038724681076  0.02840024553233872  0.03299609238627706
  0.03780457790996128  0.04288990574954506  0.04796005493037290  0.05293353678810083
  0.05825453861162233  0.06381655795666381  0.06968247558483288  0.07554881827915244
  0.08286152218343473  0.09187329219351595  0.10105600993154999  0.10919519619428417
  0.11613953158875399  0.12356487612523641  0.13111174286665433  0.13859906150406856
  0.14650554830168644  0.15469490353484436  0.16313194174516171  0.17394078730268914
  0.18621334666960709  0.19615639995871698  0.20633559445163033  0.21613076053122116
  0.22822381017777776  0.23714950053235129  0.24640732160084197  0.25557307792384532
  0.26557959566887174  0.27590344871197087  0.28753674740735502  0.30026249337540450
  0.31381433612597875  0.32711270886820432  0.34225263220276902  0.35943561719420658
  0.37848732107108424  0.39934075471976416  0.42135734571954570  0.44190559188972328
  0.45919017268650625  0.47562104954923506  0.49076691367412206  0.50696495887635284
  0.52312930291740756  0.53932265085135411  0.55596263171429139  0.57212434796561273
  0.58751592136104613  0.60385148289152502  0.62147638221129464  0.64171791671087186
  0.66059569727410294  0.67766294243194569  0.69338169512742254  0.70742135420359220
  0.72010977407954113  0.73135865776504816  0.74190403935073779  0.75152014674245915
  0.76134053771138321  0.77096089020598813  0.78115372647377879  0.79160886704829181
  0.80186936352497651  0.81319495972900557  0.82441343214348473  0.83560815103631736
  0.84690818690301273  0.85836617299216911  0.86933826136995940  0.87956439676683973
  0.88906443866726148  0.89727451420785242  0.90416563327567911  0.91067779204173882
  0.91731152028152718  0.92366354601126188  0.93003973816073560  0.93643928296509737
  0.94352882301632035  0.94993214140054283  0.95573497528502871  0.96257266220646975
  0.97063772811025539  0.97980154238387462  0.98967974820245763  1.00000000000000000
 -0.00169209200645181  0.00915505687633403  0.01865338339559749  0.02808091107930725
  0.03801993817677413  0.04885080749844091  0.05821233204214048  0.06762668428255741
  0.07633888151235163  0.08603044476547428  0.09894506507581119  0.11186521198481483
  0.12708631898539285  0.14288976942902618  0.15794460712556205  0.17153531404956773
  0.18390934927565339  0.19688393181399785  0.21092356083758945  0.22478274179712651
  0.23551689523918387  0.24376203272510449  0.25240520541468370  0.26151184261608112
  0.27239705505894551  0.28266127521690521  0.29235001203843575  0.30118824707404313
  0.31018039742985970  0.31890039333724085  0.32712433785550465  0.33575215022978916
  0.34387742512113550  0.35187912737955540  0.36263973031413499  0.37543743665599283
  0.38815724864459228  0.40042007902930549  0.41171219541791537  0.42163093526009682
  0.43104267794258005  0.44037094831226459  0.45111698756165602  0.46234333735469185
  0.47556141299228605  0.48640374896646471  0.49743692925646160  0.50689891029693035
  0.51698903767766946  0.52634261784167480  0.53666919356392495  0.54697864103682203
  0.55854923463070416  0.57017282657113288  0.58211387175738538  0.59256780886710692
  0.60364092393361890  0.61585268396255066  0.62724646663421735  0.63836510151923653
  0.65038321834418489  0.66378398281966677  0.67534553670982145  0.68534965635120559
  0.69434576816711091  0.70359792045609515  0.71372854933735086  0.72432520981159709
  0.73437207544000449  0.74352171769183206  0.75310413844057522  0.76265707917013537
  0.77254554436757383  0.78271778958944571  0.79442981287915837  0.80674261678912518
  0.81744162426176004  0.82773473341542070  0.83797540350358335  0.84911569534561859
  0.85920397309781771  0.86925584912333087  0.87801707637515147  0.88665340054466135
  0.89571764454088221  0.90523962119880308  0.91444166216673195  0.92297870935184834
  0.93082579471596283  0.93939482969092325  0.94893988590066070  0.95944329026838349
  0.96888095815444975  0.97842454861677075  0.98832816060909179  1.00000000000000000
   2.7482223860320248E-013  -1.0000000000000000     
 F F F F F F F F F F F F F F F F F F F F F F F F F F F F F F F F F F F F F F F F F F F F F F F F F F F F F F F F F F F F F F F F F F F F F F F F F F F F F F F F F F F F F F F F F F F F F F F F F F F F F F F F F F F F F F F F F F F F F F F F F F F F F F F F
  <DiscreteSampler_grid>
  grouped_processes
  1 # 1 for a reference and 2 for a running grid.
  10 # Attribute 'min_bin_probing_points' of the grid.
  1 # Attribute 'grid_mode' of the grid. 1=='default',2=='initialization'
  0.0000000000000000 # Attribute 'small_contrib_threshold' of the grid.
  0.5000000000000000 # Attribute 'damping_power' of the grid.
 # binID   n_entries weight   weight_sqr   abs_weight
    19   10   1.890636755287324E-008   1.235888997202277E-015   1.890636755287324E-008
    22   10   1.072662016668455E-008   3.633671110490661E-016   1.072662016668455E-008
    25   10   4.882631610893762E-009   1.057036969246578E-016   4.882631610893762E-009
    28   10   1.395455046861713E-008   6.277949330542071E-016   1.395455046861713E-008
  </DiscreteSampler_grid>
