 -0.00000000700181883  0.00000465527774728  0.00003651098783139  0.00010802539773673
  0.00022840466471747  0.00040659548413592  0.00060193975477808  0.00080877403835764
  0.00108827754649758  0.00143940117048845  0.00180048014746816  0.00217776215288291
  0.00252654460994740  0.00287961812656486  0.00328706566826437  0.00373807367423960
  0.00429587944247930  0.00482469190648240  0.00537525338316565  0.00599652868814314
  0.00672684056268011  0.00759826419087019  0.00855322745697658  0.00968695934389580
  0.01119094404189937  0.01220991329439273  0.01282670799252213  0.01328960855142840
  0.01368182524932053  0.01403784109283066  0.01433875698918125  0.01463250238484324
  0.01491124791273231  0.01516156521095306  0.01540903913682065  0.01565974403722185
  0.01591674863449869  0.01618900505376115  0.01647487796340752  0.01675154885642487
  0.01704193015566304  0.01732601790425225  0.01761188038970662  0.01790193933200434
  0.01818302745229273  0.01846191462770587  0.01874572824158847  0.01903699233329814
  0.01937741282409674  0.01973600568178421  0.02010941975240232  0.02048880716319560
  0.02086266187863367  0.02124537728108850  0.02161153683026579  0.02195996430212199
  0.02230166533953424  0.02264662757973546  0.02306421175512057  0.02350609572701219
  0.02391262108404364  0.02431368590420531  0.02472642860594200  0.02513696748505494
  0.02553581451902609  0.02593256007050553  0.02635808027810429  0.02679957964486607
  0.02724861366464411  0.02770958187248672  0.02820503780201717  0.02870095023833210
  0.02919407971627433  0.02969394375993132  0.03020589952876715  0.03074651392032251
  0.03129063848287707  0.03182689653061831  0.03253586987552247  0.03327799418622287
  0.03406493832183201  0.03495990987440375  0.03595297538816384  0.03694150300422346
  0.03807379454069809  0.03928057741974713  0.04045209503004995  0.04167458805075346
  0.04362061654353829  0.04586727163126975  0.04849581985454664  0.05143027201728149
  0.05712262516070214  0.07009961862901894  0.11550681948982507  1.00000000000000000
  0.00924733176652586  0.01797323590935227  0.03018825575249282  0.04217254798414316
  0.05216979578635553  0.06212627912603180  0.07350027747266467  0.08420189944345541
  0.09589942231115110  0.10575711260992694  0.11445891744471777  0.12323480665452502
  0.13219583743736096  0.14060949315884436  0.14794046220424170  0.15448866826395746
  0.16091221946068429  0.16861844709510973  0.17872116675722782  0.18898424666058550
  0.19726780120683657  0.20516308953186368  0.21353453272619116  0.22254999416305257
  0.23145678781071374  0.23965148326462027  0.24561571628379336  0.25237885943638916
  0.26003475247236341  0.27001869826276564  0.28294708631142779  0.29556892848308197
  0.30789096972425134  0.31939483914692751  0.33092618667410661  0.34287222878313550
  0.35411600578182023  0.36309726963181538  0.37141967848974744  0.37904008804475597
  0.38682857242498947  0.39469753503391952  0.40296889159202504  0.41078066677423736
  0.42008068435527574  0.43228402913947100  0.44487765007684676  0.45624255249262685
  0.46730397317402034  0.47868063594156252  0.49142821833950168  0.50369391877449632
  0.51491976667933637  0.52518202805511216  0.53585272486829949  0.54641609138168135
  0.55621060603767680  0.56654538297354207  0.57776288407295451  0.59022090734649535
  0.60275926182989348  0.61188033680334342  0.62044141003697528  0.62791376283824407
  0.63525985436609289  0.64300407850048291  0.65087220628288212  0.65859726649110217
  0.66927332827343444  0.68501261649688627  0.70205441768360355  0.71946758594330984
  0.73389276971555328  0.74736467533900308  0.75869022595065327  0.76901141791366390
  0.77915797880902116  0.78932545601485005  0.79922940286186239  0.81093314504083802
  0.82468925970639018  0.83922088282275187  0.85410375452697174  0.86795947389026540
  0.87984365651065788  0.89022587314893553  0.90136901792486412  0.91278501261213119
  0.92466739504508222  0.93623214509794495  0.94959891126810825  0.96161786420277584
  0.97227714709976953  0.98175684077502945  0.99134682951192576  1.00000000000000000
 -0.00255557088985766  0.01058842186246774  0.02209163686050521  0.03340997226402469
  0.04432599449315427  0.05443574531892807  0.06391664933446414  0.07336136093808970
  0.08237339787244645  0.09104525328692771  0.09942871811118020  0.10881854903672612
  0.11966017337389032  0.13061855269016603  0.14140747305273349  0.15237398394535581
  0.16292219142725797  0.17226938459817562  0.17995416804872352  0.18796799977210168
  0.19585425198171111  0.20369767068999278  0.21147610849134171  0.21914940938995109
  0.22624769205012180  0.23335396497227678  0.24130211381966465  0.25026947647651154
  0.25995411300153365  0.26974162704567300  0.27823615143053931  0.28681859129352771
  0.29656505141358219  0.30629271154909299  0.31620559144566285  0.32675484613749567
  0.33735872191431859  0.35392217637732210  0.36103091194470721  0.36886092406142257
  0.37649492723408146  0.38389419963024296  0.39180352659058149  0.39998344331201952
  0.40745908844424200  0.41472495790697939  0.42474371988213261  0.43630546539349296
  0.44752392918674166  0.45812244434883082  0.46743233206310381  0.47617491215583618
  0.48391533987176538  0.49084566736237711  0.49918203306626624  0.50761965876411030
  0.51643211788483212  0.52583887774722993  0.53466341578795329  0.54363901582727103
  0.55495912555346993  0.56640365842852791  0.57863736620158934  0.59272795375433518
  0.60900733271897955  0.62492644992499080  0.63719915943459904  0.64691431622496587
  0.65603467048490316  0.66536405181613312  0.67637092124222797  0.68723196690514110
  0.69833612524127187  0.71048579607924234  0.72806889876532332  0.74124343894071432
  0.75482025105757222  0.76744733268294762  0.78059787458704422  0.79383602604114456
  0.80674696401963497  0.82008287975827909  0.83288996587450681  0.84704481400964937
  0.86130268095867424  0.87591075646552674  0.88804132345618747  0.89928605719285482
  0.91129151631745442  0.92286663639634980  0.93453451290056755  0.94817779235474664
  0.96234587225531842  0.97528003442462374  0.98746221622575436  1.00000000000000000
 -0.00223492970395456  0.01216849697479164  0.02580608642514326  0.03988925235775544
  0.05299674679150330  0.06730279205074159  0.08219528315236857  0.09596319917212101
  0.10928431471247450  0.12226536465856150  0.13446426883797030  0.14606020293992611
  0.15813741356850120  0.16891596708150947  0.17784727691331650  0.18642813727753563
  0.19518907926366030  0.20445163093266897  0.21377797458662778  0.22249097140866267
  0.23199511423937541  0.24260891748381430  0.25473898053382904  0.26568465204152669
  0.27773774701191867  0.29096007393742557  0.30314775109290582  0.31462947212963871
  0.32396569414427490  0.33334526364073352  0.34263048180691025  0.35173165771213372
  0.35887574708073644  0.36564684065817116  0.37284494471973051  0.38127882326621515
  0.39016492432269606  0.39910127499644488  0.40756358858630864  0.41683021075945531
  0.42764574086019552  0.43882725601792982  0.44962573000016293  0.46025992753609035
  0.47156367131396776  0.48107537282314422  0.49013611365000820  0.49894430477117763
  0.50777158667495159  0.51661052384341999  0.52602959118111203  0.53550031442446189
  0.54596783413327166  0.55690347398976481  0.56875409315584990  0.58196384318884098
  0.59516883807239573  0.60751296619186312  0.62014664906174943  0.63233251672623947
  0.64326559648299431  0.65336242373839093  0.66287946537582265  0.67568096745187378
  0.68891089788096027  0.70098319021087929  0.71218235926192752  0.72094544802775351
  0.73041618162754773  0.74074952479150025  0.75163919923927924  0.76210051263235168
  0.77251331861079087  0.78327666087558045  0.79427661767156099  0.80327699307073885
  0.81379951624821212  0.82406673684583975  0.83424949761583989  0.84416058370859648
  0.85415878145719404  0.86495325861567374  0.87754905801083527  0.89033244528840394
  0.90161970711549189  0.91100736446377351  0.91974391975208714  0.92894838179867933
  0.93752381551770347  0.94447344947874523  0.95118927400747733  0.96015081158376314
  0.97044861050217435  0.98038339553766074  0.98957059528882019  1.00000000000000000
 -0.00164855532045945  0.00735055709724355  0.01475992676697657  0.02182334688979663
  0.02930058911692365  0.03676726693721299  0.04473558967262434  0.05343897294628216
  0.06197705648106373  0.07330507653816969  0.08443706260474224  0.09388042202534254
  0.10417529123786133  0.11429704070848021  0.12499039581536479  0.13570073478111414
  0.14546832012754046  0.15652873845324933  0.16731319256072624  0.17806915482093111
  0.18983012690128798  0.20282150476348282  0.21268808315308640  0.22106810248439743
  0.22952856340512964  0.23856733751194439  0.24746389006811514  0.25617697111529208
  0.26422301568044032  0.27324411421989248  0.28400657559540721  0.29538296484398030
  0.30826829735058869  0.32411063126806949  0.34101109631530485  0.35616878273408736
  0.36966127018145351  0.38227696980980252  0.39512391589135454  0.40784690498621956
  0.42111102956776036  0.43422212570896523  0.44499040065021145  0.45406094572956984
  0.46214044917236397  0.46807760648622093  0.47704561135044005  0.48504365048903170
  0.49244017483331232  0.49946888623203556  0.50645523366489464  0.51364088559549848
  0.52153756057901179  0.53118545528447514  0.54221491630243546  0.55354870486949004
  0.56581085031451672  0.57960033200402894  0.58956455597349711  0.59674564811334108
  0.60351872847671617  0.61093176416942074  0.61920962028540749  0.62815598407545781
  0.63685739904918437  0.64934157050332308  0.66579410254946858  0.67891272299320060
  0.68925999208655031  0.69988696315154564  0.71146480068272355  0.72314946291734727
  0.73525381030172066  0.74777437388854306  0.75880782396007540  0.76852903434408326
  0.77865146931003848  0.78918023499738466  0.80011222886606070  0.81147387954956074
  0.82411944757788669  0.83852986893038650  0.85069352859705272  0.86101228078213798
  0.87016792868187798  0.88016799573313298  0.89088858485414335  0.90134244952976272
  0.91219567192128237  0.92375478415702472  0.93728327975314707  0.95242280332527507
  0.96447955742707170  0.97775676813079671  0.98911828221535492  1.00000000000000000
 -0.00285587251762996  0.00870377435604172  0.01820028479468289  0.02801712167503072
  0.03715876406586430  0.04692288236509767  0.05806838205219187  0.07094577689645080
  0.08271002126565789  0.09029976799997264  0.09654859225602208  0.10310192349358016
  0.11157987675773676  0.11952019868887483  0.12716794424766331  0.13473110933518562
  0.14418026215098531  0.15536034760024209  0.16720491655886785  0.17741554827981809
  0.18631051138848947  0.19673354146640568  0.20794562992531526  0.21963705192733132
  0.23129543008761219  0.24336891253355941  0.25504632035471891  0.26696132265974182
  0.27914385000109038  0.29304985283548368  0.30580094535479041  0.31948041375446440
  0.33217182819879820  0.34463245437583834  0.35663213297665208  0.36723995598728715
  0.37620499816188596  0.38434861749214738  0.39240494804904602  0.40191200799554311
  0.41275707909468051  0.42320318684901814  0.43331870144276097  0.44472342636810652
  0.45617618630418399  0.46719366353037611  0.48014056108474301  0.49666961374504792
  0.51468543701985092  0.53128332490444385  0.54644399440295166  0.56288637759853388
  0.57883865681300573  0.59414138523392657  0.60623335285946645  0.61871630785244180
  0.62755008739992924  0.63545717006401359  0.64436846619826005  0.65349744057259551
  0.66344596403880030  0.67274506798680189  0.68043801068220999  0.68807701198443316
  0.69756702790189795  0.70775105050067166  0.71637448197277143  0.72427331220421232
  0.73287570125831680  0.74359220415745131  0.75568581471053675  0.76807218700790247
  0.78098665397980382  0.79246475441936470  0.80160238025495800  0.80996446337344818
  0.81886170635879751  0.82812433538024721  0.83849986008538968  0.84795013959459786
  0.85550566487082591  0.86217515901381803  0.86930628100538188  0.87702929223710646
  0.88710522028199634  0.89523854206934217  0.90319848532237512  0.91096860534744917
  0.92220930277895818  0.93713436684742857  0.95079317840115030  0.96170738651986665
  0.97020613481186657  0.97989194407549896  0.98969269210786059  1.00000000000000000
 -0.00225445473685946  0.00525600421812812  0.01245679092435496  0.01968434428205572
  0.02952332493376609  0.03799112386383935  0.04626250063611805  0.05357482142295038
  0.06019426646007416  0.06714552922855992  0.07526945186971504  0.08251518683241213
  0.09006931812615003  0.09827427425477736  0.10599734344040797  0.11337158582704256
  0.12103415810719502  0.12797205352638141  0.13466833511277793  0.14102257103045823
  0.14820457346834126  0.15600547127940079  0.16414869457859338  0.17209724639338889
  0.17949164770337733  0.18812426282345696  0.19989663049186251  0.21360853516307346
  0.22795864097223537  0.24223479426425229  0.25695081976289996  0.27111326115997009
  0.28263221137482253  0.29446654109073633  0.30785896054392431  0.32236276377659168
  0.33826342055454717  0.35662551741558496  0.37581385687811952  0.39078697408037910
  0.40597265454655157  0.42131784066895656  0.43724806010386141  0.45322803519982863
  0.46972018277145250  0.48906451918013755  0.50886219701306523  0.52600025571643594
  0.54206362129458274  0.55870956433414520  0.57510535283375375  0.59393338809782470
  0.61377373066911856  0.63198226240398225  0.65018136036218876  0.66637054524552364
  0.68100956292241976  0.69442193683948084  0.70762347162918848  0.71985424807924292
  0.73192440667761272  0.74129235417479156  0.75085514905464168  0.76081950381367680
  0.77140784616568581  0.78131463999065576  0.79138174395546390  0.80208250415808069
  0.81212460634567263  0.82053604167622585  0.82845659737682531  0.83540268528531558
  0.84162342787834243  0.84778785987990180  0.85421838574556952  0.86083351046147727
  0.86759854300285033  0.87423456300973545  0.88236146631830670  0.89107396800390171
  0.89953613008911326  0.90793529781610105  0.91610627915374232  0.92357512711665779
  0.93069561503453568  0.93783072739948181  0.94433305603888518  0.95034985501338809
  0.95621501774963791  0.96202969776292113  0.96792493556596582  0.97437841194558994
  0.98152192554694317  0.98824877749981188  0.99433175655693729  1.00000000000000000
 -0.00346056293347399  0.01110087100711322  0.02325789857569053  0.03351833582893599
  0.04347525851137311  0.05445635198224143  0.06411945437535953  0.07210386539155945
  0.07931071708681224  0.08672385514368156  0.09464775329523188  0.10375698020997792
  0.11252863983394934  0.12090842767356225  0.13020609328377472  0.14103418833414538
  0.15088624846510770  0.16160295412562889  0.17261566428126604  0.18449771353186536
  0.19551120184099674  0.20605446483082224  0.21655627048866588  0.22630547155279798
  0.23689764900114085  0.24766448155787105  0.25916254117061704  0.27101769847071117
  0.28241714888623493  0.29380894658068712  0.30651225456271686  0.31966384337241882
  0.33329092206238264  0.34685174466987484  0.35824000595976518  0.36743977522514498
  0.37629022350931962  0.38571716044407123  0.39551322755131335  0.40433403775223076
  0.41321257384650567  0.42355555318126642  0.43495377896296261  0.44649044352055445
  0.45680397389041083  0.46547313635322562  0.47369340732453991  0.48238980036683293
  0.49295228379081324  0.50477673231248676  0.51661779325972501  0.52864109992485819
  0.54090031426707064  0.55268386235660250  0.56396554474546834  0.57617381597191097
  0.58726116783889015  0.59822015028878994  0.61152157157594944  0.62427675343769518
  0.63372962575237113  0.64226775359439492  0.65215609969480992  0.66374540950387650
  0.67465029960400924  0.68441144876103666  0.69459995852834688  0.70569370468667625
  0.71774233919437291  0.73130669569687001  0.74674508380216620  0.76176423572594743
  0.77383179836570704  0.78474548163794688  0.79468362840132278  0.80433159316769387
  0.81445286297839681  0.82313945005553768  0.83289963586369953  0.84188605684901896
  0.85069672474747826  0.85911796949629005  0.86789479311725470  0.87668336220457899
  0.88560299221548955  0.89440198154650574  0.90207323867011602  0.90971869049400433
  0.91911892605462087  0.93106748459747302  0.94185231610796338  0.95193580071654937
  0.96252100815965480  0.97323586114206062  0.98575871370147194  1.00000000000000000
   3.1265430209926017E-016  -1.0000000000000000     
 F F F F F F F F F F F F F F F F F F F F F F F F F F F F F F F F F F F F F F F F F F F F F F F F F F F F F F F F F F F F F F F F F F F F F F F F F F F F F F F F F F F F F F F F F F F F F F F F F F F F F F F F F F F F F F F F F F F F F F F F F F F F F F F F
  <DiscreteSampler_grid>
  grouped_processes
  1 # 1 for a reference and 2 for a running grid.
  10 # Attribute 'min_bin_probing_points' of the grid.
  1 # Attribute 'grid_mode' of the grid. 1=='default',2=='initialization'
  0.0000000000000000 # Attribute 'small_contrib_threshold' of the grid.
  0.5000000000000000 # Attribute 'damping_power' of the grid.
 # binID   n_entries weight   weight_sqr   abs_weight
    19   10   8.327923466712903E-015   3.573315096279789E-028   8.327923466712903E-015
    22   10   8.759701998688631E-015   2.829821922931041E-028   8.759701998688631E-015
    25   10   1.488090550993904E-014   9.135800029092591E-028   1.488090550993904E-014
    28   10   5.817930371159503E-015   8.900486623653147E-029   5.817930371159503E-015
  </DiscreteSampler_grid>
