 -0.00000133429437732  0.00004472942562262  0.00019036711611397  0.00039147290772032
  0.00062682879516086  0.00089964946898401  0.00120789258343694  0.00153904537851102
  0.00188501431914178  0.00223947038206411  0.00264379846851487  0.00305144331305691
  0.00345827567903519  0.00386891272588675  0.00430266387703637  0.00474186249350286
  0.00518157347837454  0.00562879348427940  0.00608191656599171  0.00654052720312806
  0.00699955231594021  0.00745646143785271  0.00790545178756267  0.00834662710122817
  0.00881508933718052  0.00929701558733534  0.00976296478027357  0.01021989547996571
  0.01068884871429157  0.01118476370543256  0.01171715257760493  0.01230061750184540
  0.01298695491048179  0.01421160085340828  0.01665959720383037  0.01890341570790212
  0.02051612927761644  0.02186391420149934  0.02307773401341854  0.02424656196969775
  0.02540435952728213  0.02656069889908246  0.02773202062578900  0.02892836854931813
  0.03013763879388699  0.03135531711470877  0.03260067618494992  0.03388196242297926
  0.03514033115479039  0.03637896490778674  0.03761627736708616  0.03882671630476938
  0.04002431116862799  0.04127488454512744  0.04255225026379966  0.04387242892119746
  0.04521318603517547  0.04656828736827742  0.04794681344887478  0.04935994756888779
  0.05082631278347709  0.05225480284994872  0.05374736464357555  0.05528911788770299
  0.05686935298687359  0.05846555613793433  0.06007802700203096  0.06172980466652064
  0.06340461267607625  0.06507317693936729  0.06675149256317305  0.06842842782457761
  0.07014286432853928  0.07206379212006216  0.07400671706460368  0.07602525001893183
  0.07814153396671089  0.08035196899705496  0.08261907109845087  0.08493537604254270
  0.08733315136852894  0.08982915296807897  0.09250924033959963  0.09559198849466037
  0.09910271566355443  0.10256526149334003  0.10623114168078508  0.11032689975562435
  0.11515607039259115  0.12084664948150099  0.12817999998017460  0.13822981256741784
  0.15294366953335062  0.18598464562098474  0.32519876171083673  1.00000000000000000
  0.00935202828351979  0.01640273936222521  0.02691738948157414  0.03847674648354260
  0.05035401606498642  0.06237138646457207  0.07384147081302206  0.08498652269323848
  0.09600163639898801  0.10682864255444585  0.11717558815410607  0.12769583276566435
  0.13880690320468589  0.15006139909885530  0.16138092785912192  0.17313030720242392
  0.18481825855399395  0.19552604235959248  0.20577686100968218  0.21596210893245632
  0.22603664924032105  0.23611653504741531  0.24602567233326034  0.25610231109104292
  0.26638085858091465  0.27713258008706093  0.28811498392618673  0.29877463539360272
  0.30938545640657183  0.32035890576527587  0.33156414930831718  0.34269269721188339
  0.35379721198268099  0.36496122370708411  0.37624526425849308  0.38747989881431605
  0.39846945560168345  0.40930429382575434  0.41985403095841545  0.43013624302978576
  0.44057046624057922  0.45120335272076179  0.46165714719157924  0.47235133087471809
  0.48404532446831494  0.49627550895904260  0.50778079559966205  0.51845494999726904
  0.52938211076613884  0.54034618341564400  0.55097450594010489  0.56140504936734248
  0.57112287740063827  0.58036603459094016  0.58952702862715889  0.59868068420874854
  0.60800790214296008  0.61712657596064346  0.62650388582954353  0.63707392597528600
  0.64764596379939310  0.65813621924173249  0.66879188444604309  0.67999163270468899
  0.69075957130473753  0.70075290994883643  0.71025044725188657  0.71977067742378020
  0.72932381238236299  0.73874109161327139  0.74812582279902173  0.75744598847291866
  0.76681273176080966  0.77602473753512047  0.78504588627441185  0.79356228359772196
  0.80206482868694862  0.81039763896344608  0.82037976681893809  0.83080301524326083
  0.84070665124792454  0.85032495871140423  0.86002884786563261  0.87018586063520476
  0.87993201353880490  0.88948029978361143  0.89936941824913208  0.90981340094282970
  0.92021698757231607  0.93048493335749094  0.94137467904875227  0.95320168039939457
  0.96468136937315607  0.97577033829228998  0.98720680163586638  1.00000000000000000
 -0.00005180434894334  0.00060573769011615  0.00182432609755160  0.00348558653302946
  0.00532654173069456  0.00768247672605880  0.01043519545048214  0.01335206462599121
  0.01628695018965739  0.01968125543099585  0.02314928118828087  0.02648770288848343
  0.03008815262645179  0.03417177701788993  0.03826389574485589  0.04212314127328853
  0.04599626963578598  0.05000298606677753  0.05416470586155253  0.05850643244566677
  0.06297242689323798  0.06757271353579428  0.07245644172767177  0.07738008163781011
  0.08209416029378284  0.08693910786478334  0.09210048833332463  0.09740496573444199
  0.10275065559981285  0.10812745124903592  0.11361717361455473  0.11924434126103432
  0.12499440926571490  0.13106385932565354  0.13732323479830238  0.14360512348881349
  0.14996805540479113  0.15649090738992036  0.16330532869074948  0.17054846204894686
  0.17802087788885604  0.18552034710639639  0.19320874603783300  0.20100451313228906
  0.20820589307881818  0.21541004671280647  0.22272282976257621  0.23015043778257244
  0.23770691427200910  0.24546184366972884  0.25351896168107985  0.26175675231489887
  0.27004105114848431  0.27836625721929420  0.28685841667027762  0.29518276048293790
  0.30357889504363317  0.31276087178285772  0.32212802041514449  0.33158783555905014
  0.34126071133513364  0.35129257975013639  0.36161861517987143  0.37197091154024131
  0.38219442981049229  0.39241808306937437  0.40282873346923087  0.41348352077142986
  0.42427895698035206  0.43511622033067837  0.44586056393786988  0.45631080305764293
  0.46667834139905573  0.47713257266317677  0.48741666703413788  0.49762225857312242
  0.50793431254424037  0.51856623352579179  0.52963461364626385  0.54092056918197706
  0.55205108370632894  0.56331294342967797  0.57443453562092039  0.58568278876932600
  0.59712982748022592  0.60873597513064315  0.62016599268055794  0.63117033332405237
  0.64200539938042589  0.65293367729978158  0.66396358166822922  0.67558956578545615
  0.68792544245985454  0.69705874243877908  0.69978608372896089  1.00000000000000000
 -0.00317127397594847  0.01109089798936689  0.02403822929910278  0.03615346776384056
  0.04757231988706263  0.05882115143866148  0.07011685773986084  0.08135232348242284
  0.09222689341941646  0.10271725127634147  0.11342423805479873  0.12385068615855072
  0.13391695045227339  0.14422784825375942  0.15582145863108149  0.16697719465959870
  0.17741995383490097  0.18855911674240280  0.20043291594221258  0.21101615953578970
  0.22047319514764502  0.23041842868419052  0.24169828309122898  0.25335098055429717
  0.26457768374593860  0.27641218275278234  0.28873320029427130  0.30095743855767337
  0.31248879597152912  0.32349739625182411  0.33403603794956904  0.34447468752297944
  0.35512735157731656  0.36623409703628412  0.37749380512148251  0.38910731530810949
  0.40107781324391445  0.41303993889014795  0.42428116865768262  0.43523723202969250
  0.44686791466275905  0.45916672563215694  0.47102889460047354  0.48254581759820470
  0.49341917366059718  0.50434297692998686  0.51468326508941631  0.52459706101473247
  0.53425988657231527  0.54441993543624778  0.55486879032299097  0.56482694864049432
  0.57473483737355235  0.58501617813275408  0.59627478434063108  0.60726239486514777
  0.61734437697026556  0.62716920116648389  0.63700272149077763  0.64676573093385603
  0.65625351588789449  0.66622814887076454  0.67660200295305606  0.68716733147379161
  0.69785851397399901  0.70835782083171728  0.71792556350776005  0.72695798684877522
  0.73607346024995823  0.74563771862595263  0.75558859166477677  0.76514042867290832
  0.77449623131052214  0.78391448028964528  0.79357273647935422  0.80356954113586487
  0.81346638091477397  0.82313842548581428  0.83263451165106728  0.84224227522632877
  0.85204214181175131  0.86217643682131018  0.87219181550955482  0.88211355653014301
  0.89187611435140524  0.90150030917160784  0.91150052763685507  0.92121753237819359
  0.93050045880257370  0.93937632235729385  0.94852937679441574  0.95806286932724838
  0.96814396143456805  0.97816689190152140  0.98893114479366562  1.00000000000000000
 -0.00332513877579561  0.01130714191645384  0.02331681885665578  0.03489076602779436
  0.04621536786780359  0.05698587205026707  0.06765793711022158  0.07813558730830635
  0.08819516685343072  0.09797145401785595  0.10755160368714674  0.11693234959555721
  0.12675244418672094  0.13627453695932606  0.14476773229099318  0.15642963933954421
  0.16756641364473582  0.17906806222511643  0.18962773920983667  0.19954427986406476
  0.20930801611467525  0.21867105393127317  0.22842254938286119  0.23847273041509906
  0.24933979202711792  0.26061871448611917  0.27172448940020411  0.28207093841011077
  0.29256932389523782  0.30341415337981120  0.31398955532420936  0.32375206620100505
  0.33329922400302092  0.34363475264117882  0.35461990475164146  0.36603819261256765
  0.37712787347169358  0.38764491439994136  0.39754511742406234  0.40721623048491912
  0.41717238240371618  0.42788094641469065  0.43896224194122468  0.44952273590579522
  0.45984976813983963  0.47035481795626094  0.48058841566885219  0.49030883704777850
  0.50024716636711231  0.51081740658925157  0.52129328755475779  0.53115568207064634
  0.54113231896779002  0.55208682840663847  0.56338400911584186  0.57466585689523431
  0.58582293002912467  0.59692362509276620  0.60798292059144565  0.61898588206189642
  0.62991258019135199  0.64067161202368494  0.65136023988469183  0.66205212294535676
  0.67272182431908711  0.68342634811562653  0.69460314812047697  0.70599917540578938
  0.71677695232745775  0.72725679894459661  0.73814563024963220  0.74916141762978528
  0.76033491045973667  0.77244472712367873  0.78240585786655581  0.79319099930262349
  0.80367978196594370  0.81413678705314596  0.82441865206979381  0.83486038364658233
  0.84494718596477270  0.85513301620094773  0.86525499897288127  0.87601779134725932
  0.88713826397017737  0.89803609200017431  0.90872567061303433  0.91906375562401132
  0.92947923881058381  0.93965569631654566  0.94897798650035625  0.95879358318741992
  0.96958185072657643  0.97988000426939470  0.98998793963098686  1.00000000000000000
 -0.00253332808485526  0.00980782581283454  0.02028616259516594  0.03086187401230722
  0.04153462135693520  0.05445562642241367  0.06584240957594906  0.07631642389769219
  0.08619228299034044  0.09598323771887460  0.10601336681658925  0.11644252319890017
  0.12682915217641277  0.13664503671715411  0.14655298715501233  0.15671961121904865
  0.16713236710051382  0.17705752365624841  0.18680117170748231  0.19793033545034461
  0.20931468382614213  0.22043306632783966  0.23118940022188891  0.24143162720337880
  0.25158161185278788  0.26142591092370504  0.27125348868642402  0.28134660442691461
  0.29169338259865552  0.30286598383405650  0.31409223469783987  0.32532717296707875
  0.33602475840349771  0.34660681644478741  0.35713652165160420  0.36780883986963619
  0.37841333482240685  0.38974519431274635  0.40051476451202811  0.41048265247874227
  0.41983412546941745  0.42872592272012294  0.43822948747614743  0.44838674607232076
  0.45876568429603898  0.47008393225201517  0.48104745778149610  0.49189676089664541
  0.50203232490633520  0.51284685053849166  0.52386276936027765  0.53551901816945824
  0.54758785873038618  0.56025528713543038  0.57225043038241619  0.58385756387146381
  0.59541266906911228  0.60670348046596889  0.61775912812742040  0.62841513260971460
  0.63888518695383845  0.64956383728141653  0.66031875503329940  0.67111572372280748
  0.68175214879815715  0.69268263332565816  0.70355674059545326  0.71363564026703807
  0.72334497181017943  0.73282178229011108  0.74226180758054772  0.75143442961698770
  0.76034770155320974  0.76957985362241077  0.77961278225490227  0.78984795283900844
  0.79954662517587460  0.80913232172127125  0.81883509728820092  0.82883407393502062
  0.83903053110147485  0.84972635531685536  0.86101037115820345  0.87230020104675599
  0.88339880402419435  0.89449668027568230  0.90584894671809435  0.91725390747846591
  0.92806346118109240  0.93846926645017192  0.94839927405295843  0.95863449193537353
  0.96838006295499901  0.97822452503097690  0.98871901295899867  1.00000000000000000
 -0.00217651865313055  0.00926719882788953  0.01923555824141757  0.03022060964276647
  0.04076508583536693  0.05203220750102364  0.06309451669217317  0.07451881840035364
  0.08557623372337168  0.09667441688718799  0.10815308965053906  0.11954744766730965
  0.13025618721215224  0.14030056289183263  0.14994040150262158  0.15937876481128829
  0.16899077491029710  0.17887535105858593  0.18895235039593600  0.19971231178433288
  0.21009452339436011  0.22094095068507910  0.23122119796035182  0.24169870411054542
  0.25165232067919496  0.26080122203925715  0.26953746194455425  0.27847137293566959
  0.28780118710929298  0.29735680662889419  0.30669969250946838  0.31683114828175579
  0.32788178021223247  0.33940307847881429  0.35054539552391045  0.36186951295367820
  0.37352869496319824  0.38501282392198849  0.39612306153102556  0.40606592473655506
  0.41648663896012655  0.42720134496540957  0.43760893369372944  0.44736443444839885
  0.45699918743032097  0.46716492615375793  0.47753066853222353  0.48767186300047999
  0.49803573968234860  0.50849765453969176  0.51966851224875454  0.53004397712088935
  0.54094637038879390  0.55121221797684405  0.56088377629026509  0.57037994761846245
  0.57991806676503910  0.58966406903328006  0.59931756255970747  0.60936711656371911
  0.62017484311512039  0.63114212522528357  0.64201647202423773  0.65306649302601816
  0.66453125568002158  0.67579381953817952  0.68694543637934891  0.69782022797843679
  0.70878927942336933  0.72003812795165245  0.73149649459783539  0.74275529230234971
  0.75354131635573540  0.76444729972342595  0.77557878515848033  0.78684393465641256
  0.79703606989062303  0.80638629160932318  0.81598691759840725  0.82604075950359901
  0.83654078121888320  0.84711645045987516  0.85781009277973908  0.86884533885326432
  0.87990411988789408  0.89072238400062531  0.90141964277793873  0.91195749322130781
  0.92258440944356135  0.93330961675646718  0.94438173349433074  0.95568169654540780
  0.96667007709049801  0.97779794504712736  0.98889057890986243  1.00000000000000000
 -0.00210067309597042  0.00883093827756585  0.01827901232727628  0.02840113125977534
  0.03832830179131978  0.04832046107807353  0.05835537070659572  0.06858938958365943
  0.07890129613462328  0.08896505833523599  0.09950131938622844  0.11137036427449402
  0.12402570373166388  0.13550008013405970  0.14609074083762991  0.15655646561311498
  0.16709088376736220  0.17776255976023578  0.18784783980484718  0.19764328992285263
  0.20766612437792853  0.21890723036720086  0.23069066264078811  0.24290907557837818
  0.25515488386827878  0.26690009387680291  0.27734379906361800  0.28702742229553468
  0.29652063892089014  0.30573327844716086  0.31497676277869530  0.32396259168337965
  0.33290864335505255  0.34187123438901190  0.35138337171789241  0.36159542302967956
  0.37154746947699491  0.38143143424583620  0.39287285665272453  0.40493990252196560
  0.41669807380544627  0.42791035535532934  0.43861254195424182  0.44903177206802553
  0.45906174162552776  0.46854155029278083  0.47804699448198301  0.48794166783080017
  0.49772938962585833  0.50737745359621544  0.51680945100114384  0.52728746997290510
  0.53815245488411323  0.54885486886941148  0.55963182322863525  0.56969934484642915
  0.57973488605553691  0.58983610510154760  0.59986539988760257  0.60970422346317343
  0.61970658351258989  0.63022001988514831  0.64122572311306791  0.65169498497291001
  0.66222612491436861  0.67357170153771062  0.68589015638941386  0.69770095694613776
  0.70905178671013769  0.72038128704883420  0.73139163207670632  0.74237496369998990
  0.75309639456877164  0.76450723203781568  0.77540936922135539  0.78637906987045725
  0.79750006756610115  0.80870020605151371  0.81909377697987018  0.82898698577815055
  0.83947663953652896  0.85002814697735041  0.86035788598290441  0.87037791488183802
  0.88108541923085026  0.89252938590919229  0.90294949946596570  0.91271758642870982
  0.92235115720307648  0.93230795018628676  0.94248915321049775  0.95227711387860603
  0.96236171470556864  0.97450693392969834  0.98647576241048462  1.00000000000000000
   2.0711862332536900E-016  -1.0000000000000000     
 F F F F F F F F F F F F F F F F F F F F F F F F F F F F F F F F F F F F F F F F F F F F F F F F F F F F F F F F F F F F F F F F F F F F F F F F F F F F F F F F F F F F F F F F F F F F F F F F F F F F F F F F F F F F F F F F F F F F F F F F F F F F F F F F
  <DiscreteSampler_grid>
  grouped_processes
  1 # 1 for a reference and 2 for a running grid.
  10 # Attribute 'min_bin_probing_points' of the grid.
  1 # Attribute 'grid_mode' of the grid. 1=='default',2=='initialization'
  0.0000000000000000 # Attribute 'small_contrib_threshold' of the grid.
  0.5000000000000000 # Attribute 'damping_power' of the grid.
 # binID   n_entries weight   weight_sqr   abs_weight
    25   10   4.833765517346849E-013   6.950384340381528E-025   4.833765517346849E-013
    28   10   1.125795801022732E-012   3.567888444230918E-024   1.125795801022732E-012
  </DiscreteSampler_grid>
