 -0.00000001236188897  0.00000583192156468  0.00004515980048321  0.00012141207032502
  0.00023859379602367  0.00040242628405957  0.00059002199431152  0.00079909046032691
  0.00104344213359807  0.00131189538360425  0.00160048028683639  0.00192268705977540
  0.00226945611911164  0.00263468437881024  0.00300722799169863  0.00339657246091084
  0.00380941276532645  0.00422730017614779  0.00463524217648191  0.00503976044174665
  0.00547255992309395  0.00591253788028710  0.00635138890582478  0.00682206876123966
  0.00731714574563229  0.00779420703470753  0.00826324252586296  0.00879474264606815
  0.00934433846432125  0.00988647216191771  0.01039406985115293  0.01090782084647286
  0.01148079754047221  0.01212250544695662  0.01289552938062100  0.01393253487831782
  0.01576581726800833  0.01801916358228932  0.01975443231298184  0.02125676554966296
  0.02263119969997088  0.02389863886860373  0.02513050204380439  0.02639213059434856
  0.02762164796950542  0.02886135595324935  0.03012501034964744  0.03131190394956545
  0.03258235740096158  0.03387014649507861  0.03513730640209548  0.03641619245849984
  0.03773367193633938  0.03905168535990969  0.04036320881826369  0.04170284779330563
  0.04318671318601039  0.04469118141258230  0.04617313045741245  0.04764009550989202
  0.04912722070871731  0.05062078271273350  0.05212707538177443  0.05370649869466101
  0.05535162909832513  0.05702161403955187  0.05871287635956768  0.06048040468048634
  0.06226714835334859  0.06405516010916859  0.06586440638576581  0.06773326803709694
  0.06963908057806702  0.07166016374330345  0.07394715413749484  0.07632038824948253
  0.07865773613634258  0.08098507605251200  0.08331339688041543  0.08570078770651123
  0.08816983162419201  0.09099810218579775  0.09420740787128136  0.09762069310686813
  0.10130499644686657  0.10510029766288238  0.10909559165779430  0.11335778063494206
  0.11871317241515437  0.12560828370546692  0.13399778272425500  0.14412407046024681
  0.15911601642056702  0.19243529642332960  0.32205142910434942  1.00000000000000000
  0.00980530847151755  0.01473738555591936  0.02336191061121982  0.03312294359547018
  0.04269523449377150  0.05269579331820019  0.06331331546882886  0.07438843502913546
  0.08632415658279763  0.09923753737368188  0.11202334509335041  0.12365809342099504
  0.13495130562190957  0.14615529954690032  0.15729195438755883  0.16890426492169772
  0.17810973868910585  0.18793458157049442  0.19743233968753471  0.20694773813945164
  0.21547265709025112  0.22382879041511722  0.23261033787611421  0.24226418705507075
  0.25169505097213046  0.26100765905467810  0.27028862818352878  0.27990656698782290
  0.28953035272766814  0.29931146466107761  0.30964918661074387  0.32088152477093729
  0.33230393179267764  0.34347157559698777  0.35471103513912200  0.36609470775723146
  0.37755445437151425  0.38926283483374863  0.40006815356682779  0.40978367923914050
  0.41954389103450046  0.42964250907241358  0.43999092628600728  0.44960808187965445
  0.45980235618010840  0.47116896781758699  0.48250162151608889  0.49339108253208835
  0.50429021225194992  0.51590762624125786  0.52821691225301415  0.54061784970593618
  0.55212598020692816  0.56300919314935627  0.57418419109494090  0.58514766487114322
  0.59618136999573024  0.60783325034587499  0.62011274748050904  0.63129607012992695
  0.64175338345056487  0.65177539891743830  0.66147753624635053  0.67113458424100525
  0.68061948129501126  0.68993737108049424  0.69921514193269274  0.70838383130800742
  0.71744380542656527  0.72666907814822557  0.73621882492057344  0.74628486810202943
  0.75577477437953833  0.76475180733507842  0.77396441228316404  0.78374023110584401
  0.79389870924391559  0.80482619150067203  0.81574233317621525  0.82574340630097154
  0.83556546825208189  0.84496357401129574  0.85482709862846329  0.86476849315636661
  0.87517691477175763  0.88625184797787171  0.89698217620692500  0.90720390519347327
  0.91748189983000628  0.92839107527835607  0.93946832751844844  0.95009678245958495
  0.96084294271541060  0.97280198344616753  0.98595438400159985  1.00000000000000000
 -0.00001984059529037  0.00022433476197382  0.00065799522922329  0.00135740013685109
  0.00228388332982054  0.00339332665675225  0.00480223258166956  0.00656655336870260
  0.00855389303731704  0.01075856527161932  0.01322289950419576  0.01591524354860899
  0.01872686588512254  0.02164423458427531  0.02453434442724555  0.02756523340679995
  0.03086221337985019  0.03439392084116925  0.03789207250713412  0.04145908726519504
  0.04510510089188755  0.04892152172085066  0.05296562931343787  0.05715301030044321
  0.06146500378844457  0.06651338246055392  0.07173936000918296  0.07699349482200475
  0.08240104692665266  0.08781516016709100  0.09330986457275944  0.09865623801740661
  0.10409710460682808  0.10989111629593439  0.11598594968462614  0.12230855270279467
  0.12868815026822858  0.13506248833842052  0.14156849601344432  0.14825967419204467
  0.15528944353874630  0.16235015230596311  0.16945061514860826  0.17658261854964447
  0.18391047762339452  0.19134683954612128  0.19867395586745334  0.20634282297980019
  0.21445093749244412  0.22280849644446743  0.23124432826818894  0.24000823960549353
  0.24958090950501038  0.25973586179709079  0.27031287071506910  0.28108065009331673
  0.29174524113839029  0.30246130346541994  0.31293537713919334  0.32315067199292535
  0.33313042771085760  0.34303050470321905  0.35273942481303161  0.36192761701317994
  0.37148859643834292  0.38124775947023104  0.39120415588918139  0.40154604902644392
  0.41163061755868979  0.42157803210514205  0.43172055310879415  0.44201682981253970
  0.45220660624274533  0.46217992932579099  0.47190568307659631  0.48373439010301816
  0.49607235116629639  0.50874321237196674  0.52170530899410406  0.53435785823407844
  0.54556071260031136  0.55662799098012727  0.56749613377432528  0.57826799129157558
  0.58993162305196323  0.60201046397343461  0.61392843765858129  0.62565881871070139
  0.63708858124516243  0.64827586968392303  0.65910484270234826  0.66976133951680772
  0.68055547993859622  0.69154362462632979  0.70170890073322634  1.00000000000000000
 -0.00235423855327954  0.00933538531110164  0.01848475514854593  0.02805702222565114
  0.03747650380861414  0.04792364872470554  0.05988534841158200  0.07109659807013496
  0.08118407751565346  0.09138270082630867  0.10131269914107929  0.11070978660274734
  0.12000946387619263  0.13025364705806949  0.14155855395954464  0.15307106528056352
  0.16487499139487605  0.17727725185879925  0.19003690910273024  0.20301767666130771
  0.21609872386213283  0.22907133324305043  0.24162456928788548  0.25360349256916837
  0.26508988672097661  0.27687967892309168  0.28796701693834653  0.29936599285244597
  0.31108503959826783  0.32122325867462365  0.33084666694896020  0.34008579038550907
  0.34943225123302601  0.35888225303914589  0.36861670056731599  0.37879191975664289
  0.39097642533359589  0.40368789579845654  0.41543628604726973  0.42690741564992191
  0.43768783875894907  0.44835592009561404  0.45919516386349768  0.47027703662648684
  0.48153932018829620  0.49311356061687878  0.50480226430308983  0.51691709932547725
  0.52800176898012208  0.53885531647850105  0.54905368869203808  0.55877809848690341
  0.56879082581087625  0.57993657830261036  0.58977057010916789  0.59899964654385840
  0.60814068581767644  0.61721004663849333  0.62594633989527371  0.63454018837893855
  0.64369004042524569  0.65401684593531995  0.66502850496439636  0.67527848450308570
  0.68524669808944139  0.69534088624387702  0.70543854645321302  0.71535891148535746
  0.72545398685121809  0.73599867064364699  0.74672024184234698  0.75744357251686656
  0.76811619307212520  0.77876259048070906  0.78919551957447553  0.79932382700971583
  0.80953478425856029  0.82020592703157169  0.83134133787040521  0.84242184611161386
  0.85289860891278746  0.86280413120306032  0.87241796601917632  0.88211002750517120
  0.89176873091298248  0.90115028324455426  0.91029527016250711  0.91990565484678810
  0.93006830827546505  0.94038536502233605  0.95006115097992028  0.95971788230079169
  0.97024700639915540  0.98031747666134250  0.99016214400368607  1.00000000000000000
 -0.00294568158798961  0.01111678255000926  0.02326640176100243  0.03475795298968078
  0.04607404429604613  0.05715594357425886  0.06864087255500828  0.08020347165452772
  0.09088279751044431  0.10063017390384410  0.10991012445490035  0.11895713196698013
  0.12823376862503991  0.13713948335358828  0.14625058836437271  0.15621274771952925
  0.16702956735736879  0.17911580433132696  0.19101390391458481  0.20111320028193372
  0.21102897334609724  0.22112987691120414  0.23159638341022237  0.24186635986589955
  0.25253457201345419  0.26426462601310025  0.27597645935943604  0.28697634444029085
  0.29967591737432520  0.31323071695795152  0.32613167854136710  0.33886079600899810
  0.35087402292621123  0.36102257149626354  0.37062441829110276  0.37977433465822302
  0.38915334125636941  0.39912374565106129  0.40910876018447284  0.41862355912947791
  0.42844261415745477  0.43816288132081632  0.44726329548186544  0.45686891122025725
  0.46687850138781312  0.47694110360036124  0.48667106305101132  0.49622367691756641
  0.50606146616778169  0.51635245832082677  0.52668079278524049  0.53698940385900562
  0.54719470806666537  0.55726313554400486  0.56716618432491306  0.57753723175787819
  0.58885506491837103  0.60110208950200494  0.61336689361783037  0.62509580029441447
  0.63679670567617785  0.64860863940346392  0.66022510975224502  0.67147425816565598
  0.68265907505678058  0.69389848752931615  0.70497152835037957  0.71576124025384547
  0.72584546247041670  0.73712945918156758  0.74815250997065119  0.75815447568828875
  0.76791375313126931  0.77771551383359327  0.78753549293624203  0.79678811118645831
  0.80603977734186516  0.81630330131794782  0.82711260444183698  0.83707490956282504
  0.84603222877003748  0.85483383274285274  0.86414122936674431  0.87409998513221676
  0.88459063596556220  0.89458917405920713  0.90482365484393201  0.91472729737602088
  0.92412120663417618  0.93337239679188155  0.94269457687608826  0.95165968123742484
  0.96083339537077384  0.97227207916743630  0.98499996077794172  1.00000000000000000
 -0.00215813848365777  0.00902345918074215  0.01907412765275967  0.02955593358794303
  0.04080461650532555  0.05185892023316549  0.06356534440598204  0.07528754268161834
  0.08637731017346224  0.09729255930079325  0.10769442573956982  0.11771674450000449
  0.12715808665494194  0.13601963567144046  0.14452647585514661  0.15297585167377717
  0.16154662256846622  0.17060066014152356  0.17950461029957138  0.18916598997287629
  0.20009604231442310  0.21197239374248925  0.22382994467994555  0.23517119391958960
  0.24623422975024600  0.25814792114010099  0.27072183751527945  0.28208823022821883
  0.29284098913741013  0.30322232175878944  0.31324437755960399  0.32314365575128362
  0.33321593028024488  0.34311535724864073  0.35278373001393271  0.36284357265457301
  0.37337793892207649  0.38394310367844764  0.39449029085863940  0.40554756945602949
  0.41706433912628699  0.42831523397050164  0.43893086962653038  0.44890742977202719
  0.45881605449538565  0.47057283349412043  0.48222082829837892  0.49303163470138156
  0.50328834519954735  0.51336905342436079  0.52326901766289868  0.53281719507540837
  0.54290929775117380  0.55485589800905744  0.56648069337135343  0.57677053587447547
  0.58674160370069184  0.59624857380580620  0.60592655025607212  0.61553790797267538
  0.62567286092554808  0.63619082064191879  0.64703965780546546  0.65816777366163837
  0.66903202972082199  0.68036783609559359  0.69216422794044341  0.70480318754567672
  0.71656666998788932  0.72785288021812167  0.73929443863875965  0.75010711189139034
  0.76119759973897294  0.77192207015918435  0.78268958698722146  0.79364694376187506
  0.80426547945380289  0.81466704655816424  0.82505031768616388  0.83668148929776209
  0.84912584547040515  0.86119285740944362  0.87242737223231404  0.88320170082135852
  0.89348501852845164  0.90286836707246332  0.91218486467196402  0.92174354203266140
  0.93087389347136551  0.93947559543932591  0.94801897409846192  0.95645431540547277
  0.96677277770703540  0.97819302990742030  0.98917990406214351  1.00000000000000000
 -0.00259346789385219  0.00957664502292673  0.02070583780006246  0.03224042935815366
  0.04456482256096389  0.05707610360772304  0.06912624758477269  0.08123426451029576
  0.09268390168205312  0.10380610639340131  0.11492054880510987  0.12562805304384042
  0.13553130794994089  0.14486459561088899  0.15399433576987734  0.16349006520164477
  0.17332352506564941  0.18287192323473844  0.19193707919128589  0.20101296442033628
  0.21050656103105428  0.22052149706811722  0.23083317233922876  0.24074136679639835
  0.25109755064934808  0.26000492465725961  0.26904089913207591  0.27795385492625180
  0.28757830708435511  0.29899008103807390  0.31197258747667034  0.32464344459428501
  0.33758408415352803  0.35034932407574909  0.36296710117637870  0.37504348284173572
  0.38651699267827150  0.39750412299620203  0.40855878524811973  0.41972766971363995
  0.43060479430923421  0.44162291450176561  0.45301894492228512  0.46430469309445332
  0.47675532714890506  0.48696185442288503  0.49732097977096912  0.50764992112090057
  0.51764561449885826  0.52686942658779667  0.53555018287947698  0.54408203971295255
  0.55238115017046907  0.56109425602764762  0.56985180574482264  0.57865938158217622
  0.58788061111489121  0.59725779729731088  0.60621020572258277  0.61835528894958836
  0.63054725309927295  0.64337476168912067  0.65604458299757396  0.66816003203563135
  0.67988544057167144  0.69094209611903590  0.70151710577961546  0.71216517233447652
  0.72292681245267332  0.73383540913760992  0.74470795503210485  0.75559726866725052
  0.76683403870556499  0.77857794289760629  0.79003880266053228  0.80068599550635888
  0.81094445285741812  0.82129500325669125  0.83185887691773652  0.84202260959011421
  0.85149929483515763  0.86044502532267619  0.86921406097114295  0.87812950635707809
  0.88730953837781024  0.89642614349114835  0.90611040407982313  0.91563650143882536
  0.92660331111360239  0.93758200375593748  0.94835760886234033  0.95898437548337456
  0.96940514945541134  0.97966002238008310  0.98991131434478596  1.00000000000000000
 -0.00252279360463524  0.00968805205723072  0.02020451886695466  0.03147072297681578
  0.04236034513773675  0.05282057876851354  0.06285380791197961  0.07286776808365869
  0.08315957945869022  0.09367079429757430  0.10502671565142199  0.11690280806100263
  0.12860189643625825  0.13911422838161636  0.14928041224880384  0.15917213588167189
  0.16908017517743740  0.17864372325732936  0.18766634443813865  0.19874549022026833
  0.20976988178281764  0.21934657389238768  0.22925796998397266  0.23877389263558635
  0.24808502219301337  0.25756957481650161  0.26753543149521225  0.27851128895857713
  0.28954471690352540  0.29979474985214799  0.30957735951165805  0.31972311403277498
  0.32928775968777746  0.33943542104393831  0.34975549982032156  0.36205503419856122
  0.37439614731664700  0.38434517988909089  0.39407836102494148  0.40435004021853727
  0.41467919089789257  0.42450199988134979  0.43443569134632554  0.44541562107053240
  0.45668138367635280  0.46754709997043548  0.47839849359694842  0.48928492710725641
  0.49986395489158342  0.50881324663659477  0.51774219315386782  0.52694833424401066
  0.53595644695910694  0.54498889614054835  0.55409129370384935  0.56368170546219121
  0.57402149449294793  0.58467407178761255  0.59565821957697707  0.60735035619983457
  0.61954943145899055  0.63140095021441389  0.64312917247184320  0.65518112762644709
  0.66742628298063966  0.67933268781639267  0.69134464789148176  0.70396364647113630
  0.71628602539606967  0.72754189334450059  0.73810194049733757  0.74776289874102964
  0.75726422262921944  0.76634312170900176  0.77578940582661937  0.78548075682855123
  0.79590417852154050  0.80759658858785588  0.81860162326286356  0.82973012681341440
  0.84078362142218566  0.85257503433033477  0.86395866701710911  0.87512812743518953
  0.88657895309802270  0.89765447481599236  0.90811709165399446  0.91860596744908429
  0.92870882991506609  0.93862447997064158  0.94884118173289245  0.95852866690541194
  0.96831849855549401  0.97820450201044395  0.98915891080814888  1.00000000000000000
   3.8422643934587041E-016  -1.0000000000000000     
 F F F F F F F F F F F F F F F F F F F F F F F F F F F F F F F F F F F F F F F F F F F F F F F F F F F F F F F F F F F F F F F F F F F F F F F F F F F F F F F F F F F F F F F F F F F F F F F F F F F F F F F F F F F F F F F F F F F F F F F F F F F F F F F F
  <DiscreteSampler_grid>
  grouped_processes
  1 # 1 for a reference and 2 for a running grid.
  10 # Attribute 'min_bin_probing_points' of the grid.
  1 # Attribute 'grid_mode' of the grid. 1=='default',2=='initialization'
  0.0000000000000000 # Attribute 'small_contrib_threshold' of the grid.
  0.5000000000000000 # Attribute 'damping_power' of the grid.
 # binID   n_entries weight   weight_sqr   abs_weight
    19   10   1.246676865531313E-012   3.932048134978645E-024   1.246676865531313E-012
    22   10   1.153003810393780E-012   2.176342249876257E-024   1.153003810393780E-012
  </DiscreteSampler_grid>
