 -0.00000000436159415  0.00000150274896920  0.00001190677568197  0.00003197849311216
  0.00006661388598188  0.00010908013883210  0.00015293398992463  0.00020000264256443
  0.00025567695926159  0.00032616574020235  0.00040145649579408  0.00047947862020523
  0.00055962147202529  0.00065041799669574  0.00073487368766675  0.00082773725864197
  0.00092155008073116  0.00103260233088902  0.00115566956452156  0.00129522605080961
  0.00141690462367140  0.00154009689805542  0.00166218307224610  0.00178977468708562
  0.00192892538091629  0.00207124538330602  0.00221643830296641  0.00236699930338417
  0.00252706768922626  0.00268878703638570  0.00285918319936656  0.00304082962761157
  0.00322388637626077  0.00340729293414606  0.00358852101452636  0.00376770331672539
  0.00396749564341713  0.00417123936839273  0.00437167851992537  0.00456506443525986
  0.00475757982578750  0.00495426727930639  0.00513851017867998  0.00530676459527765
  0.00547091045364413  0.00562780505471949  0.00576320243556318  0.00590919405383690
  0.00606486777855881  0.00622678859314881  0.00638358751371025  0.00654977133096452
  0.00673530723261766  0.00692786598773703  0.00713286513231139  0.00733516276915478
  0.00753769180998386  0.00774103220931474  0.00794197461309074  0.00815226887779037
  0.00837260797146307  0.00858891981602916  0.00879207686621647  0.00898487584784146
  0.00917294913838677  0.00936029204544715  0.00955000090738250  0.00974303079765297
  0.00993082242289444  0.01010491154178112  0.01027905534282121  0.01045612755146843
  0.01063470190745975  0.01081172766624910  0.01098840946382065  0.01121783080407767
  0.01144971532877270  0.01167506887368316  0.01189166979436270  0.01211740515274115
  0.01236800660914437  0.01262718897466081  0.01289678067786158  0.01319137562767646
  0.01354157039220580  0.01407078211239485  0.01494101815773765  0.01622796949726365
  0.01743182621397227  0.01843414142249415  0.01986534779868274  0.02183510330695062
  0.02451526436169729  0.03058445877526582  0.05078229052183045  1.00000000000000000
  0.00912922033522492  0.01739295410039779  0.03123074967719410  0.04614740915249218
  0.05771981057074198  0.06800916503080448  0.07910628734360609  0.09124418491425354
  0.10383831632760621  0.11564619424186828  0.12696828874892646  0.13813915522647233
  0.14871483111780032  0.15908775597057093  0.17048017290485812  0.18461035781288612
  0.19938443869088646  0.21651893911737427  0.23505422977601428  0.25109947000493660
  0.26149546427578141  0.27159549861975602  0.28004096813775742  0.28772384466138090
  0.29531891521413278  0.30355728980556912  0.31249617221905251  0.32319518911897871
  0.33435449736732042  0.34512455039298612  0.35516469509909293  0.36465111625264096
  0.37463830359593087  0.38397395906885068  0.39411906621005138  0.40403939044670828
  0.41300599297856933  0.42196386371761291  0.43128383166561235  0.44281414930836915
  0.45580713940161793  0.46682443931166379  0.47737195217475559  0.48830889743412820
  0.50153433312793960  0.51242953555196757  0.52501822180315705  0.53808688191927168
  0.55178969599132333  0.56344497537524396  0.57377696215425567  0.58319212087954342
  0.59154738451648747  0.59941099053889746  0.60662469759071802  0.61385389428735471
  0.62160577518434412  0.63079605832575480  0.63974669176852361  0.64918994330403124
  0.65943041332066343  0.66874847650306191  0.67748065783293809  0.68690430297114247
  0.69719630564578072  0.70653593395834535  0.71563259115038746  0.72529875515598496
  0.73609802141473690  0.74797273146564180  0.75944957562973869  0.77046246503148963
  0.77977850138032501  0.78819756024346110  0.79755220583446218  0.80846480796099074
  0.82064932700220505  0.83300931382308374  0.84487385029575468  0.85580436954528372
  0.86618712390700314  0.87681330473188346  0.88746047483955093  0.89797927301752789
  0.90714932977006213  0.91579972264508946  0.92449274676062843  0.93301270497335875
  0.94142332308562149  0.95057578595926195  0.95939572746286950  0.96808846197939535
  0.97618545418570035  0.98458302186674007  0.99043875906040402  1.00000000000000000
 -0.00282794180686908  0.01159697098630099  0.02243259724704174  0.02977873265440010
  0.03729992750693819  0.04493109763159132  0.05195260041457281  0.05787380359217085
  0.06375637548955138  0.07036043273450063  0.07813345193183573  0.08917911490191810
  0.10303104286995055  0.11329474256552129  0.12079392956611130  0.12807888101551473
  0.13573663717956166  0.14349860929327801  0.15124205600782448  0.15786217264418206
  0.16459635822176921  0.17453695961986282  0.18652964809914413  0.19951399224759123
  0.21244859643832448  0.22469274045146012  0.23571129917008557  0.24525858561533159
  0.25454657508148310  0.26279528336822866  0.27063057005786656  0.27840571926356966
  0.28627081293295004  0.29438644609596454  0.30356830235711879  0.31274586870371357
  0.32151346531127883  0.32999135161486781  0.33747580460807153  0.34520651897923726
  0.35373914320233135  0.36341550969610442  0.37332027497131764  0.38221089298397959
  0.39090687599308988  0.40048078137970367  0.41132660358005935  0.42301030813273288
  0.43533851579446264  0.44533759911263898  0.45505100733439802  0.46479833375026364
  0.47379533701265075  0.48206249096896464  0.48993531842444166  0.49879612680822344
  0.51059226230138433  0.52389419072485044  0.53657879175410939  0.54922263480659683
  0.56193686706302204  0.57353785140864133  0.58471597261932817  0.59651956472801348
  0.60859641324278790  0.62206632372474835  0.63345677306105475  0.64490535152582107
  0.65664612356173602  0.66835205264632680  0.67914149860191564  0.69030412616624448
  0.70196821791802999  0.71379449217155000  0.72604449837745255  0.73895234035387691
  0.75355101771769206  0.76836252887187562  0.78157739063830933  0.79254552084000929
  0.80239901072083597  0.81280078749704943  0.82485099864476852  0.83799165285009014
  0.84992525687117459  0.86301644527598842  0.87809084778568380  0.89318854030770467
  0.90870976054659125  0.92228015206450442  0.93418849165700024  0.94658399835638640
  0.96066647943693140  0.97425487798745047  0.98690953176737795  1.00000000000000000
 -0.00229246674982311  0.01038879418181576  0.02124256775834247  0.03392531747878226
  0.04734852236499300  0.06079538705019977  0.07314736081692369  0.08500986818798961
  0.09748888999133236  0.11083233715774854  0.12495168313063466  0.14165851958084785
  0.15810004274404776  0.17003094903672961  0.17885961717684948  0.18730898126584192
  0.19600564195612422  0.20461462473550632  0.21400911682608134  0.22389176084763215
  0.23367729957147307  0.24466922279932601  0.25522207450685297  0.26632800214423735
  0.27730556851384408  0.28743444445294641  0.29730980007135172  0.30765027092504804
  0.31868000323875822  0.33002307200419723  0.34119506428111046  0.35174251028387615
  0.36086101022509293  0.37014602298943650  0.37922416780726936  0.38740814388482986
  0.39516829694344291  0.40366329637193255  0.41201748046383196  0.42266037090596370
  0.43502990254704083  0.44837059329456530  0.46258420115348781  0.47378504004750310
  0.48536199879750691  0.49804318268358372  0.51025972118094864  0.52157327080141969
  0.53198865478199409  0.54165876466225693  0.55086209161687927  0.56004821264473459
  0.56992380846160573  0.58046519606078317  0.59030411823577167  0.59955999150186134
  0.60942882570850654  0.61984493150313114  0.63001116796864098  0.63916589143419344
  0.64844944612456867  0.65834579567714113  0.66881550497070918  0.67914226971478231
  0.68922874303246240  0.69919975275295254  0.70912309714743305  0.71949233646877619
  0.73080768325374723  0.73939216942442698  0.74716538720166858  0.75478248820388183
  0.76481973042833062  0.77734625358463505  0.78655533793071941  0.79692004971598673
  0.80876979785245040  0.81834182675546707  0.82683483229380528  0.83574368531571008
  0.84418338742269983  0.85204532767646723  0.86025431604905322  0.86831102160117757
  0.87626538744083149  0.88511141833808860  0.89483510132245958  0.90488573271343531
  0.91553592459768196  0.92630326456140999  0.93735015564314383  0.94888895616252988
  0.96029522326465000  0.97273054248858637  0.98645285606698407  1.00000000000000000
 -0.00197599112859664  0.00883655945322605  0.01801304545532224  0.02890937017919866
  0.04089771240713509  0.05486074754545164  0.06931740479852221  0.07925884796023598
  0.09090685661755704  0.10188955629321191  0.11097233680117001  0.11831572976013463
  0.12581906500515977  0.13300966862317459  0.13964853133893168  0.14643987921966028
  0.15376194554437489  0.16142546785522860  0.16899505805143292  0.17756271095697515
  0.18644738320264537  0.19578005609976912  0.20558066177747331  0.21687858534397877
  0.22923763918611023  0.24073471704858779  0.25144630071342089  0.26107209351379196
  0.27124302278078599  0.28314858552905253  0.29567187348804980  0.30935176778886486
  0.32288764801443187  0.33518275295993738  0.34543075136356316  0.35541516479082597
  0.36598390933756414  0.37707142851894926  0.38783409661895940  0.39813986012457042
  0.40893043989407724  0.42056825163112155  0.43252850752702571  0.44392027174641208
  0.45529554567963648  0.46564089104573553  0.47669979307984239  0.48753001281971003
  0.49865509102046751  0.50956071155546223  0.52080296925804204  0.53170360791675231
  0.54203942781243286  0.55195233973882085  0.56300439622811604  0.57399021368778791
  0.58469272375311210  0.59548291984370738  0.60730404879398769  0.62050741012333410
  0.63209228470843071  0.64207881455682203  0.65127357236337668  0.66039453287897298
  0.66964523014611832  0.67867056670311354  0.68742236496341846  0.69588962720819203
  0.70572420144646231  0.71844811052457003  0.73301078409976661  0.74658275217674985
  0.75764457301080357  0.76741303073875011  0.77610506129757117  0.78512789875324107
  0.79368880622373994  0.80260118483121257  0.81267185911495443  0.82516341774409929
  0.83820294447317356  0.85173995348222420  0.86506163600309760  0.87875451179082309
  0.89229131775872472  0.90428647487790381  0.91699537632894357  0.92945189609605738
  0.94160956346021896  0.95254260512828726  0.96179868601600993  0.96981328235469622
  0.97763482042092475  0.98544255732248176  0.99281879096571868  1.00000000000000000
 -0.00226754064345803  0.01192050529573751  0.02455419153957609  0.03723620463714335
  0.04952908597162478  0.06216034196487806  0.07531074194735550  0.08889792203016895
  0.10229069907887832  0.11386617890482352  0.12313618881653403  0.13175147597350279
  0.14072272156677912  0.15095932948988730  0.16165589189260110  0.17355719902359321
  0.18445379847578328  0.19746211493908367  0.20932384835736073  0.22042363345813393
  0.23025792147671900  0.23855976728504902  0.24705837653964219  0.25588461812209023
  0.26423264688344389  0.27213385300983173  0.28015427332471482  0.28770628461264258
  0.29950502783892952  0.31096329605054324  0.32183870062493836  0.33126149578277614
  0.34063096607268906  0.35005790568507178  0.35964265853521621  0.37141686474289570
  0.38261843899870107  0.39489713320077358  0.40834676995294150  0.41938916357890021
  0.42968572631086077  0.43971728971091173  0.44971142742675779  0.45911609791883684
  0.46733763178275034  0.47618698276275312  0.48553539544077923  0.49613132541705235
  0.50718809822322353  0.52002125292114776  0.53444965048896154  0.54466787161464203
  0.55499738729242953  0.56679980439939925  0.58112439867106269  0.59428204059686651
  0.60649576966817609  0.61835218773933842  0.62967105217591990  0.64006641018793664
  0.65051288993295897  0.66166677408125651  0.67285475522657934  0.68391808023656930
  0.69686189762064576  0.70780433375386509  0.71639310526808120  0.72488535019125699
  0.73419691157228795  0.74297606774260816  0.75147965792792315  0.76003165789065275
  0.76808860985505578  0.77689607257921067  0.78625605193493986  0.79477469034831094
  0.80331904441351387  0.81198346357116713  0.82091087336568624  0.82950730430372788
  0.83951769204855042  0.84957367076585877  0.86209394781832216  0.87475661710329822
  0.88536044120819413  0.89519125758114582  0.90409467248634268  0.91332276273447022
  0.92245258754179005  0.93164075452152617  0.94066837311925777  0.95054737350132545
  0.96163247852809952  0.97472460582335441  0.98763254947694834  1.00000000000000000
 -0.00129780756895812  0.00498939413375013  0.00971543070933614  0.01424666686198364
  0.01890274571239661  0.02365038724701609  0.02840024553279190  0.03299609238736811
  0.03780457791071170  0.04288990574986670  0.04796005493175456  0.05293353679110981
  0.05825453861640624  0.06381655796277894  0.06968247559273799  0.07554881828769511
  0.08286152219601928  0.09187329220936238  0.10105600994934455  0.10919519621155682
  0.11613953160413792  0.12356487614330042  0.13111174288410987  0.13859906152120166
  0.14650554832039686  0.15469490355363358  0.16313194177240967  0.17394078733284676
  0.18621334670234940  0.19615639998140610  0.20633559447500227  0.21613076055498029
  0.22822381020908072  0.23714950055019007  0.24640732161390122  0.25557307793179024
  0.26557959567993833  0.27590344872504402  0.28753674742218005  0.30026249339088634
  0.31381433613880910  0.32711270887756916  0.34225263220895280  0.35943561719837264
  0.37848732108100192  0.39934075473813924  0.42135734574705586  0.44190559191696344
  0.45919017271388457  0.47562104957807194  0.49076691369867176  0.50696495891111937
  0.52312930296703597  0.53932265091097786  0.55596263177802763  0.57212434802710299
  0.58751592142790143  0.60385148296805147  0.62147638230593638  0.64171791680597590
  0.66059569735876500  0.67766294251110548  0.69338169519622606  0.70742135426388220
  0.72010977413179100  0.73135865781384579  0.74190403939655525  0.75152014678566748
  0.76134053775172028  0.77096089024681613  0.78115372651415071  0.79160886708686728
  0.80186936356729221  0.81319495977290590  0.82441343217415386  0.83560815105425346
  0.84690818691124992  0.85836617300081763  0.86933826138221959  0.87956439678146170
  0.88906443868160456  0.89727451422119042  0.90416563328541666  0.91067779205173993
  0.91731152029061558  0.92366354601927159  0.93003973816714369  0.93643928296929368
  0.94352882301980490  0.94993214140364712  0.95573497528940310  0.96257266220929094
  0.97063772811389815  0.97980154238757655  0.98967974820456106  1.00000000000000000
 -0.00169209200704265  0.00915505687623449  0.01865338339203035  0.02808091107327122
  0.03801993816459606  0.04885080748236522  0.05821233203384802  0.06762668427675116
  0.07633888151043583  0.08603044475626818  0.09894506506795771  0.11186521197618755
  0.12708631897518310  0.14288976942283371  0.15794460713021077  0.17153531406705558
  0.18390934930286895  0.19688393184754144  0.21092356087142369  0.22478274182837354
  0.23551689526546182  0.24376203275091607  0.25240520544470257  0.26151184264726135
  0.27239705509437256  0.28266127525187640  0.29235001207063188  0.30118824710660919
  0.31018039746586323  0.31890039337338250  0.32712433789074785  0.33575215026654798
  0.34387742515521746  0.35187912741384025  0.36263973036585367  0.37543743670098895
  0.38815724868608664  0.40042007906975657  0.41171219545637411  0.42163093529833012
  0.43104267798143231  0.44037094836169394  0.45111698762102997  0.46234333743311479
  0.47556141306627991  0.48640374903392286  0.49743692932778666  0.50689891035662071
  0.51698903773813465  0.52634261789853554  0.53666919362581311  0.54697864109344774
  0.55854923468156592  0.57017282661391910  0.58211387180297502  0.59256780890602712
  0.60364092397688340  0.61585268401005389  0.62724646667635475  0.63836510155872295
  0.65038321838361479  0.66378398285609641  0.67534553673614939  0.68534965637202450
  0.69434576818461657  0.70359792047493486  0.71372854935953500  0.72432520983625592
  0.73437207546332472  0.74352171771900999  0.75310413846856805  0.76265707920184056
  0.77254554440260814  0.78271778963395255  0.79442981292791104  0.80674261684266890
  0.81744162431037415  0.82773473346104631  0.83797540354719946  0.84911569539004694
  0.85920397313916841  0.86925584915376564  0.87801707638859672  0.88665340054648678
  0.89571764454476177  0.90523962120424428  0.91444166217069489  0.92297870935378357
  0.93082579471626559  0.93939482969026367  0.94893988589999312  0.95944329026728825
  0.96888095815320274  0.97842454861526229  0.98832816060835926  1.00000000000000000
   2.4734058948717901E-012  -1.0000000000000000     
 F F F F F F F F F F F F F F F F F F F F F F F F F F F F F F F F F F F F F F F F F F F F F F F F F F F F F F F F F F F F F F F F F F F F F F F F F F F F F F F F F F F F F F F F F F F F F F F F F F F F F F F F F F F F F F F F F F F F F F F F F F F F F F F F
  <DiscreteSampler_grid>
  grouped_processes
  1 # 1 for a reference and 2 for a running grid.
  10 # Attribute 'min_bin_probing_points' of the grid.
  1 # Attribute 'grid_mode' of the grid. 1=='default',2=='initialization'
  0.0000000000000000 # Attribute 'small_contrib_threshold' of the grid.
  0.5000000000000000 # Attribute 'damping_power' of the grid.
 # binID   n_entries weight   weight_sqr   abs_weight
    19   10   1.531415771782733E-006   8.108667710644141E-012   1.531415771782733E-006
    22   10   8.688562335014480E-007   2.384051615592923E-012   8.688562335014480E-007
    25   10   3.954931604823949E-007   6.935219555226811E-013   3.954931604823949E-007
    28   10   1.130318587957989E-006   4.118962555768657E-012   1.130318587957989E-006
  </DiscreteSampler_grid>
