 -0.00000000452659698  0.00000235798351891  0.00001772068052045  0.00005204864932016
  0.00010221694715956  0.00016996420883103  0.00025942777595674  0.00036030185632644
  0.00047294336369245  0.00059887466721112  0.00074027301653524  0.00089837397153764
  0.00105918394896881  0.00123352008519228  0.00141235027515343  0.00160386805802561
  0.00180536770141233  0.00202321381959716  0.00225639472613391  0.00250583662380137
  0.00275796509736829  0.00300720579458132  0.00326316731672990  0.00351846909625237
  0.00378921208808947  0.00408770693058378  0.00439737292330174  0.00471052387624233
  0.00504193639776615  0.00541180983617667  0.00580644111072291  0.00621242009145320
  0.00664704647294352  0.00712893339498994  0.00763811302876305  0.00815570773311848
  0.00870237978126428  0.00931870267217587  0.01010695449845124  0.01114348216898530
  0.01186095417150618  0.01230866896403434  0.01263394390313095  0.01288758374249196
  0.01310252803464630  0.01329713803853051  0.01346599126606469  0.01363015077432971
  0.01378415956720775  0.01393201975493308  0.01407728351642996  0.01420879151202148
  0.01433950846375455  0.01447128174213897  0.01460659869757261  0.01474509962926367
  0.01488302985621915  0.01501664706715619  0.01515038055298308  0.01528389537570632
  0.01541547376089937  0.01555276081398559  0.01569446642385351  0.01584115541614257
  0.01599085869476738  0.01614387310446379  0.01630439360661929  0.01646474860165826
  0.01663099453548146  0.01681005886721490  0.01698113074396107  0.01716527616110469
  0.01735935569063084  0.01755453246232241  0.01777823622000280  0.01800548593410274
  0.01823267226417066  0.01846224037678863  0.01870686012043603  0.01900775703420200
  0.01932123132154824  0.01965258979934820  0.02001210116876033  0.02041222493275536
  0.02083612590573401  0.02131836064226649  0.02182504830415601  0.02236886971286264
  0.02297443247866807  0.02362328392090218  0.02457831678545996  0.02624366915204464
  0.02869378535360415  0.03471768323660344  0.04959347081086896  1.00000000000000000
  0.00954849582249480  0.01533733775829017  0.02405636275390689  0.03467380916119477
  0.04548702060752342  0.05600933641629668  0.06669705610574161  0.07694621627805873
  0.08705057910260444  0.09706432930104672  0.10745887300542824  0.11860635494785542
  0.12965579473800609  0.13986448280102734  0.14966572725467306  0.15922539611988901
  0.16924393009958363  0.17994991486712661  0.19121575121010245  0.20288504856326120
  0.21484398719734851  0.22636056957557890  0.23668565969552893  0.24632109995771792
  0.25610297319447722  0.26631315241133807  0.27618963393258145  0.28440630405440970
  0.29335878225900658  0.30300890900556665  0.31311794392137504  0.32283673182557715
  0.33239576092471179  0.34323176517766191  0.35477120329150774  0.36552744299502526
  0.37555071319665756  0.38505494690371761  0.39460732513644348  0.40418836454617729
  0.41372740028146160  0.42360003839247640  0.43427428926345318  0.44604977300388038
  0.45836534979772331  0.46972318870092644  0.48075079457744346  0.49125276714915656
  0.50217841107252248  0.51246337978870704  0.52246215574801658  0.53285664493602314
  0.54338955020180590  0.55466870048357664  0.56553788041194286  0.57658517300062151
  0.58761837568194919  0.59968777654770389  0.61063646769058477  0.62109372502994087
  0.63132174288961518  0.64209505833363856  0.65305498328266276  0.66363282360986675
  0.67344199968825924  0.68337220879825911  0.69271579658518323  0.70278530944150597
  0.71263197216784713  0.72260822276128001  0.73256491105666777  0.74275100570771191
  0.75354783306346873  0.76487113286610431  0.77620231283117613  0.78673599665691996
  0.79701259085607323  0.80718805357693391  0.81755871422716297  0.82830712968496834
  0.84016316816240011  0.85309806378315733  0.86528345629485504  0.87718590216347547
  0.88882546292165243  0.90083421654801721  0.91244040866446874  0.92318017741679570
  0.93350715266794360  0.94382278257734886  0.95391412682464405  0.96387799294580856
  0.97355469981030573  0.98292215331882349  0.99095741399598325  1.00000000000000000
 -0.00310618235497977  0.00941642987180226  0.02010224079778854  0.02975489889494067
  0.03891627055735403  0.04767489361838916  0.05631686207448058  0.06504662950770909
  0.07365203181536746  0.08187252689701635  0.08961992527815835  0.09734011392885639
  0.10545585189566201  0.11407065607791919  0.12258851679534125  0.13032397739777915
  0.13819311233240020  0.14639082947280460  0.15551287071891473  0.16488407339743219
  0.17395239057453296  0.18293453967664750  0.19246275691823669  0.20297841523786081
  0.21315370121051200  0.22213594570135245  0.23120551886926982  0.24041695043993092
  0.24954863485890463  0.25842783639233058  0.26752506273132870  0.27786821919473403
  0.28923894232362485  0.29989235145702342  0.31021622056014636  0.32007039260372677
  0.33042367566483322  0.34103736287054021  0.35178803187926283  0.36226106589177931
  0.37190581442759385  0.38106778551451326  0.39003384514609474  0.39917224005752749
  0.40848610189403411  0.41843842177775964  0.42847359001495483  0.43843796353516984
  0.44780852246975678  0.45747086041156615  0.46767984292474751  0.47789608556748264
  0.48797689022410889  0.49836029036306162  0.50913627788068350  0.51967671512552671
  0.52978811920001745  0.53976930897026443  0.54987898282306924  0.55997049604376792
  0.57081566939443706  0.58205530284148221  0.59318848031586946  0.60486867410367839
  0.61720243968630872  0.62966760291918500  0.64203181407797361  0.65437239817368520
  0.66662940760431144  0.67882361358357257  0.69108169259200292  0.70331660850559852
  0.71541380161949042  0.72799059520654397  0.74193272547461908  0.75556078803457805
  0.76759323747288544  0.77861074188532509  0.79008283069409035  0.80283130325609109
  0.81618573600363453  0.82936187523008542  0.84068056171305483  0.85088928781597262
  0.86104016888580037  0.87200165959228404  0.88353094755521977  0.89471083879169200
  0.90636818241796635  0.91893828539044009  0.93237930068084685  0.94586806176894578
  0.95950229841537449  0.97323970038374419  0.98679038204824954  1.00000000000000000
 -0.00280294394499783  0.00972965342048426  0.02004513962954881  0.03053925956137480
  0.04141020428443683  0.05222691355901354  0.06284951515949873  0.07351744187706767
  0.08432817394942760  0.09592739806568139  0.10807505317168151  0.11987094494726734
  0.13055505608173698  0.14072906493726481  0.15110099807264304  0.16197318758467835
  0.17331430574736359  0.18480871854958053  0.19649824907831023  0.20805886508788490
  0.21920508864280322  0.23019090164276199  0.24122234292758399  0.25234715250696138
  0.26348139481707722  0.27480498635754258  0.28600277324688228  0.29655880491523628
  0.30636600068492986  0.31586192671636948  0.32557527712812162  0.33502203410868864
  0.34413406668075502  0.35352056254744008  0.36345735843927385  0.37338866618284217
  0.38318633303283389  0.39280814163172634  0.40399562416793416  0.41516661047417636
  0.42595640536549667  0.43688697762986484  0.44906115317531098  0.46101170524664159
  0.47223911527395790  0.48404083218467314  0.49640178508088539  0.50850890005800653
  0.51988410285250652  0.53063858125145880  0.54118144933274059  0.55181358253133739
  0.56247547271193143  0.57312341704153946  0.58420211177542403  0.59633112699098723
  0.60886234508439907  0.62093972179188073  0.63282649017193782  0.64443254829104279
  0.65456156970674340  0.66420258763872797  0.67355052480324917  0.68301731861161519
  0.69225143841890835  0.70109617506501354  0.70988420153097498  0.71935569163220880
  0.72894417403961165  0.73820404518344895  0.74688234527228781  0.75517482398963176
  0.76357207570126062  0.77259647173835733  0.78204099704426122  0.79161475421207816
  0.80098951824209808  0.80978934405781833  0.81915929115008135  0.82942490881812159
  0.83937590878384993  0.84909714672439918  0.85918991071359208  0.86829632673882429
  0.87725761213518816  0.88615708521375658  0.89555912159802253  0.90564653856603305
  0.91622799965194213  0.92779712107630730  0.93985187091710054  0.95236346859738696
  0.96458444302318669  0.97724178214108215  0.98868038816615600  1.00000000000000000
 -0.00325899535087633  0.01043103717184140  0.02224649247408270  0.03369265668809000
  0.04496491859378839  0.05568290116572305  0.06607865520184532  0.07620292988091576
  0.08642336135370503  0.09707230571210365  0.10848214998977765  0.12003345789903579
  0.13089464778495960  0.14118709613012292  0.15162501455514973  0.16237748025681031
  0.17252188577334068  0.18285091720213506  0.19307958310028905  0.20344534318153720
  0.21402577645045689  0.22513998734717811  0.23623928824221430  0.24654358023475462
  0.25661821434772869  0.26717763974155900  0.27899577919760760  0.29106960339319693
  0.30242673942780951  0.31289925304992622  0.32254888682907357  0.33213142641631471
  0.34183320846920712  0.35171900068120748  0.36135580769675385  0.37115026214343483
  0.38103346054079223  0.39065681882840059  0.39952199289101609  0.40873674306951119
  0.41842386346915522  0.42771942222185033  0.43669003917244348  0.44591206525460003
  0.45542714258898848  0.46546461393220712  0.47556456724222468  0.48733500422352705
  0.50015183678721586  0.51240716067974335  0.52350276964331155  0.53421880253608522
  0.54555703516196641  0.55679254273817913  0.56807544854577796  0.57910005668624420
  0.59025400563101493  0.60130355097583854  0.61127935031815306  0.62122407738235375
  0.63105680082349103  0.64037559149476131  0.64956079871528249  0.65840888283368282
  0.66757761359532475  0.67669540244037163  0.68603727455077990  0.69416221639919407
  0.70222655417977942  0.71025837844089712  0.71891032994364634  0.72802450905285454
  0.73757382053671328  0.74717618061434277  0.75795409568766403  0.76989067552067580
  0.78189441344941113  0.79360588566402746  0.80504699830722770  0.81702386618906053
  0.82979812273825593  0.84251633035399143  0.85440431689267116  0.86517013479913341
  0.87492991062847325  0.88491779148446958  0.89506767430733170  0.90583580993310264
  0.91823259054928252  0.93187701372832910  0.94489349100635545  0.95694768096918270
  0.96868357276964256  0.98004787855690856  0.99029615169378715  1.00000000000000000
 -0.00252780117767254  0.00906460008528552  0.01943903931715807  0.02943640354333214
  0.04006715513816982  0.05009213624367771  0.06010080416072291  0.07020707426892740
  0.08056282435795983  0.09141530168276624  0.10211053069588158  0.11331906767028428
  0.12464577647117163  0.13540358479386738  0.14575340740396214  0.15691934742845540
  0.16843514032736595  0.17978682579236901  0.19098471337962569  0.20227342915250562
  0.21414165321003761  0.22557090819788675  0.23730841463636540  0.24866069551403530
  0.25946421699502670  0.27028651611128945  0.28144070819264100  0.29310378768336143
  0.30314336572050282  0.31400759493246522  0.32512529307041599  0.33662534022820201
  0.34743588692548943  0.35846289540861365  0.36936108706803567  0.38061467180241199
  0.39136376901089071  0.40206141490821518  0.41264752323870291  0.42389736418439833
  0.43547648625760699  0.44703208137386119  0.45838192128263411  0.46933964273228945
  0.47999466993442724  0.49050140119747659  0.50128752706785606  0.51279187589100994
  0.52369041669160099  0.53348689383334025  0.54321043305648220  0.55291471988201812
  0.56229933808896115  0.57109094035704500  0.57987673316686383  0.58982120108897829
  0.60082609324773062  0.61187967959309864  0.62298708996207031  0.63498800200335925
  0.64760536165873728  0.66032076155025976  0.67279603258859588  0.68477070875766965
  0.69634369304415389  0.70700088616812440  0.71746219760743679  0.72774402425718732
  0.73835271246387413  0.74888325258065380  0.75915352917649215  0.76930809165139780
  0.77933390657668777  0.78941827650250518  0.79921104295883072  0.80930437910619513
  0.81905788584103634  0.82898226289203636  0.83849836448501369  0.84763930296904066
  0.85712232891628037  0.86664976670853622  0.87619181549608105  0.88552742417490726
  0.89441651816651868  0.90371900462427213  0.91347944435270334  0.92378736705820497
  0.93469202566373866  0.94517942747109829  0.95496483512730701  0.96433648050957932
  0.97389870464801120  0.98294849160345921  0.99150732374809047  1.00000000000000000
 -0.00253453829665473  0.00626782012225263  0.01394550462690513  0.02093613495473033
  0.02818049980097869  0.03547799324294564  0.04258133696940360  0.04920807832481899
  0.05611729684334180  0.06249876263127158  0.06872936403908778  0.07528392982409589
  0.08177808330306767  0.08839275650845137  0.09471639944835802  0.10107175783409662
  0.10765378783673311  0.11430272836464307  0.12129718372618312  0.12895056618196579
  0.13697962288610932  0.14519915382575113  0.15380077677683102  0.16303635658763552
  0.17300126370456184  0.18303364729350224  0.19283817843136819  0.20270017624244707
  0.21277608851584442  0.22328270048996385  0.23429838692282123  0.24598400730716546
  0.25815287337473963  0.27057271762196622  0.28372525917077801  0.29696798682457459
  0.31052444539558471  0.32468018133066184  0.33889493355226263  0.35275497989148125
  0.36821900887704628  0.38503638905386661  0.40278340537089624  0.42109788049767605
  0.43851477692522178  0.45534149866721851  0.47187040359390342  0.48874653088174769
  0.50596797085115763  0.52327396570992291  0.54161167723943016  0.56036737100777767
  0.58134709637296045  0.60061935693273849  0.61821690796276418  0.63351915999013420
  0.64740302753290957  0.66138914690832529  0.67416800720394021  0.68702972516907512
  0.69996680481235585  0.71206740610777663  0.72381459428945072  0.73618239263621477
  0.74892200046359436  0.76082310261356523  0.77229482523326776  0.78407586186315337
  0.79523421761996471  0.80540420566163973  0.81548000353757422  0.82581270363406967
  0.83613671338989159  0.84477610381911417  0.85295992522011677  0.86111951224636873
  0.86958588121905234  0.87838266913510565  0.88768069829087404  0.89682579009549768
  0.90657710980812511  0.91516704146869199  0.92340652472489149  0.93107090506217072
  0.93818882864740227  0.94437367276436601  0.95026846358316841  0.95620687342749378
  0.96204387529913216  0.96773395104048454  0.97339254295405220  0.97886841258671742
  0.98397109135434491  0.98918915966821297  0.99456736239835286  1.00000000000000000
 -0.00267065481040389  0.01092297809876243  0.02142604070239278  0.03228257137852435
  0.04293461532621347  0.05360988142428632  0.06417717021535950  0.07534391226855167
  0.08685410769261809  0.09895463361190207  0.11110549388973037  0.12319853410924850
  0.13541761805366540  0.14765260123505894  0.15952534249510253  0.17184480532855775
  0.18477732608055594  0.19635295923108415  0.20725787625274120  0.21761807194475422
  0.22781575744581681  0.23820486525826087  0.24945942261718926  0.26076420501443826
  0.27163568198838944  0.28214642803482537  0.29282536241874330  0.30380524238048462
  0.31467982111646897  0.32513736407347571  0.33533753078216127  0.34582895574333794
  0.35648882107624774  0.36674198200271152  0.37652073765881289  0.38610684664908113
  0.39609115796953992  0.40653741703006208  0.41730469624152755  0.42840843775140269
  0.44000328477737916  0.45217845574020077  0.46411203732482248  0.47513860349743553
  0.48497923981868812  0.49448371598660218  0.50414164191295685  0.51370876634157558
  0.52257306569278372  0.53146035643463141  0.54075741723225146  0.55113770810502227
  0.56161875642567349  0.57215613905921858  0.58266086743300172  0.59339017765795610
  0.60367141331937357  0.61384493017091624  0.62402863909865935  0.63433511782857299
  0.64474613465413466  0.65485776522344552  0.66504914674545823  0.67513645343710249
  0.68495978706073313  0.69584900424727425  0.70757322462533778  0.71768570770063089
  0.72773957210832019  0.73735341811877009  0.74674010520779854  0.75575467448011568
  0.76510998381763784  0.77482884222578285  0.78497917603158252  0.79443911402773970
  0.80293491970364028  0.81133883123858719  0.81986907214301319  0.82892072299942365
  0.83925205285398763  0.85102686978746045  0.86088380837782175  0.87017204432763484
  0.88035371792489581  0.89084837548305584  0.90076496267733497  0.91033724440864527
  0.91987061878001930  0.93088993172061463  0.94276296849438912  0.95451276970291732
  0.96607465518705993  0.97716101668897482  0.98840441665847112  1.00000000000000000
   1.7007354755006745E-014  -1.0000000000000000     
 F F F F F F F F F F F F F F F F F F F F F F F F F F F F F F F F F F F F F F F F F F F F F F F F F F F F F F F F F F F F F F F F F F F F F F F F F F F F F F F F F F F F F F F F F F F F F F F F F F F F F F F F F F F F F F F F F F F F F F F F F F F F F F F F
  <DiscreteSampler_grid>
  grouped_processes
  1 # 1 for a reference and 2 for a running grid.
  10 # Attribute 'min_bin_probing_points' of the grid.
  1 # Attribute 'grid_mode' of the grid. 1=='default',2=='initialization'
  0.0000000000000000 # Attribute 'small_contrib_threshold' of the grid.
  0.5000000000000000 # Attribute 'damping_power' of the grid.
 # binID   n_entries weight   weight_sqr   abs_weight
    19   10   2.403509798370557E-009   3.203097541158918E-017   2.403509798370557E-009
    22   10   4.277809457902544E-009   1.583127260867237E-016   4.278465591971567E-009
    25   10   2.118179446630926E-009   2.440898011229992E-017   2.118179446630926E-009
    28   10   4.192028704970925E-009   7.399706215603902E-017   4.192034927995833E-009
  </DiscreteSampler_grid>
