 -0.00001410861996188  0.00020148051547094  0.00057463177839770  0.00112229646487550
  0.00174222973249017  0.00237295236267430  0.00302556183924283  0.00366455073311294
  0.00426810206852693  0.00487504760753376  0.00553491774601329  0.00623135616600379
  0.00695721222597563  0.00768340946676176  0.00841851594018816  0.00916702793678893
  0.00990632771651587  0.01061324343806697  0.01134913093827560  0.01220830229739923
  0.01346939259627549  0.01605056042786057  0.01922644074075442  0.02168866874344021
  0.02379886278137169  0.02580640710021329  0.02757879556507118  0.02930333916061933
  0.03103356840467714  0.03274069781882415  0.03435633133517700  0.03596750324391712
  0.03765574458008897  0.03942017657155611  0.04110804771892528  0.04282035809373772
  0.04455074990065643  0.04627063621842322  0.04798616273915229  0.04966518805321717
  0.05130893353841905  0.05297534772236808  0.05472361480126585  0.05660674625687272
  0.05860470583176347  0.06056663193869729  0.06246498925964288  0.06433132748857695
  0.06625207488185998  0.06808873844368683  0.06991864256608514  0.07190726006602248
  0.07398031975508382  0.07607922450609787  0.07824157954998719  0.08043272485700309
  0.08265510830019721  0.08493139259409874  0.08721066611689625  0.08938718907361601
  0.09144346159215408  0.09353965268833260  0.09570447881588054  0.09796618504126271
  0.10028135441420992  0.10264256688539466  0.10495087332298725  0.10729232302450831
  0.10972056723476038  0.11226734921314289  0.11494128902616958  0.11763246148950673
  0.12035094386452308  0.12318343693833862  0.12614926968698126  0.12929700818798232
  0.13275653287825398  0.13654187767241871  0.14042459766133505  0.14423016387664953
  0.14785367451835613  0.15177609054968275  0.15627255057700268  0.16130464049434676
  0.16683106018167138  0.17278828864741022  0.17935834973486783  0.18669635823238648
  0.19496419975946078  0.20509687650740038  0.21904001760783171  0.23806445470379795
  0.26502330217337600  0.30623005996135394  0.40138578405200703  1.00000000000000000
  0.00924277708258153  0.01706946557367500  0.02757764851429901  0.03747681750412994
  0.04773062453689062  0.05849493414260981  0.06913706331808391  0.07909186522886923
  0.08911922105217547  0.09889076255563586  0.10820079128775356  0.11726832498881318
  0.12725202941559935  0.13885056717252123  0.15095776803651967  0.16225066411570357
  0.17250496012935898  0.18231348408504694  0.19255699025045042  0.20315894829093964
  0.21337838844787424  0.22296422566701052  0.23265837031760503  0.24279241225013809
  0.25357036038601749  0.26471045509303781  0.27572936342738030  0.28663934539129216
  0.29753949131116281  0.30854990198324928  0.31916619949318714  0.32929001042548239
  0.33945157265749920  0.35001905346284284  0.36100346341171169  0.37250760645468006
  0.38396727781083384  0.39476620183872735  0.40452959888297119  0.41362387005921120
  0.42258764324860498  0.43172121156935028  0.44143134807217060  0.45147410931526938
  0.46146304994246312  0.47134940414334520  0.48123656897429112  0.49087121071767748
  0.50093250983477233  0.51179263031906463  0.52275879041520068  0.53307829410886520
  0.54313229734252522  0.55367211167087271  0.56450232646115528  0.57531581589942460
  0.58636274421777057  0.59794410158168931  0.60953482316503549  0.62023363417781130
  0.63042000149739552  0.64075158007116284  0.65154308488856005  0.66244289908163190
  0.67402123214112042  0.68591641821928118  0.69753425601773567  0.70880128122111374
  0.72017875140087706  0.73128843451548720  0.74226377932629028  0.75319987650799414
  0.76442250006930634  0.77524321721979106  0.78561150995853601  0.79631820304868273
  0.80685596725555209  0.81710473822687557  0.82688546108887295  0.83611105635529581
  0.84457768080412066  0.85349333459292198  0.86277180853833313  0.87318894560024340
  0.88310152135090025  0.89358978078027140  0.90482109086507612  0.91661513162247177
  0.92737290953478912  0.93771632240473402  0.94744764327620745  0.95607622331127740
  0.96566632797438878  0.97625731256048820  0.98804713086252338  1.00000000000000000
 -0.00001834038546553  0.00010224860468507  0.00020699505158889  0.00032855004813170
  0.00047135292683481  0.00063478853761876  0.00080223867195015  0.00096895144678738
  0.00113968228224552  0.00134101119928261  0.00155513263094103  0.00176123627262389
  0.00196701855691032  0.00217397605915031  0.00238247173515026  0.00258270280404022
  0.00278356235230471  0.00299746668193588  0.00321301125763175  0.00341896701747211
  0.00363055851322160  0.00386143478258906  0.00409853618826753  0.00434558045729384
  0.00458787345633658  0.00482418155154687  0.00504526162306377  0.00526212783786889
  0.00548448384561661  0.00572507674879450  0.00598049496388202  0.00624853752563696
  0.00652516287962974  0.00679568058872772  0.00704839373768510  0.00729749262627657
  0.00754604048892126  0.00781327997898073  0.00808283621012365  0.00834038326318382
  0.00858932167334209  0.00883256854170453  0.00907371889493444  0.00933449895512055
  0.00960727988190626  0.00987765790414508  0.01014039679622717  0.01041120577854752
  0.01068713100879607  0.01096839577077794  0.01124702360166266  0.01152359826214717
  0.01179964020136108  0.01207134379188742  0.01235164878754748  0.01264168413140200
  0.01294150482308076  0.01324737138108982  0.01355270615757110  0.01385716148143452
  0.01416295685627844  0.01447365499873812  0.01479767205939618  0.01513113629327024
  0.01546894846902831  0.01582069206140354  0.01617998113947120  0.01650238046501446
  0.01681629734928827  0.01713324379143563  0.01746061823572909  0.01779058399850800
  0.01811819680384994  0.01844579577425337  0.01877967109637392  0.01912414951137359
  0.01948212584606075  0.01985534984282062  0.02022219987404577  0.02057362278307814
  0.02092459501600734  0.02128351457377009  0.02164894961427622  0.02202503418166129
  0.02240328285959792  0.02279130482854351  0.02316597286875504  0.02353794966770079
  0.02392151956959270  0.02430499647476526  0.02467687510839166  0.02503307304559715
  0.02536750453365287  0.02567043102053987  0.02596270398019281  1.00000000000000000
 -0.00292264066420787  0.01130182958647155  0.02174724871401581  0.03112592892693929
  0.04102800425033519  0.05088499996164578  0.06200448310051020  0.07481935505905184
  0.08759174813385463  0.10046530192834002  0.11356934906661598  0.12658597959338821
  0.13951853428460836  0.15191431677152314  0.16396930242900445  0.17613587175168607
  0.18848130048648451  0.20064749341859539  0.21232210870407298  0.22406239076289469
  0.23509939121190451  0.24570509914468197  0.25635725997369957  0.26662288240767057
  0.27654548942587520  0.28641610133640727  0.29681842496753419  0.30745144493283144
  0.31861231349439251  0.33040612178990336  0.34250325023260447  0.35502667123597131
  0.36652006762064387  0.37752315074912585  0.38740385172521913  0.39719339507370605
  0.40724895857119398  0.41795337939244626  0.42876560851467632  0.43837389284280270
  0.44888199364243708  0.45924729888584970  0.46916961505012023  0.47855522101765280
  0.48806889865631325  0.49773816144624905  0.50769111921336352  0.51802743505083526
  0.52859473464269824  0.53874825698046247  0.54842915406559833  0.55777949847075448
  0.56749190130958072  0.57787894679397533  0.58868005840010185  0.59916710570705944
  0.60914336162696803  0.61917003567276419  0.62946953129842509  0.63983812038885057
  0.65015965421315236  0.66047564977282947  0.67090851528097828  0.68145577123760037
  0.69191274510928646  0.70200037336828058  0.71189312068423372  0.72150405109669058
  0.73082488225056186  0.73995491795861301  0.74926945830776281  0.75882231573903891
  0.76848351704346340  0.77852074960708051  0.78879552071221248  0.79910039806796673
  0.80935433684353797  0.81971442315099186  0.83004407254881507  0.84008236304198836
  0.85015162501132935  0.86042744807017368  0.87058533397851412  0.88085315228108996
  0.89121479418189431  0.90148994575244767  0.91168141393305058  0.92177390222213684
  0.93200595455464130  0.94224499842140219  0.95181120670285324  0.96115629716289797
  0.97063401181789144  0.98056310025642057  0.99048707764728505  1.00000000000000000
 -0.00304647939247248  0.01039777109290817  0.02242947953785896  0.03407545386622559
  0.04554137545326656  0.05658357555298275  0.06693449252170509  0.07668785477138154
  0.08647480296419288  0.09656084413691450  0.10716687640059115  0.11735675485143589
  0.12774749453360471  0.13836049290038593  0.14882466751675336  0.15961216995432304
  0.17012752859000757  0.18045872089824286  0.19078153133880280  0.20176067077312099
  0.21299870345695784  0.22397997293874919  0.23503391565246004  0.24638596433059637
  0.25675711210470265  0.26645407984366770  0.27628623592614876  0.28687330435894848
  0.29756706582679193  0.30775588562614048  0.31856511808892668  0.32999820524602946
  0.34093935479654774  0.35167289196728474  0.36207875474049422  0.37202395606548094
  0.38235695609631076  0.39311207909108747  0.40339185392889015  0.41272280187826621
  0.42204517253688917  0.43176056342968228  0.44205600028456865  0.45280664637476048
  0.46368614012686821  0.47447080343765702  0.48494764705640253  0.49564192384401989
  0.50626547953581258  0.51649386253158480  0.52660555926774433  0.53731236898273027
  0.54844441627433194  0.55919511439452507  0.56944679673432175  0.57959713231914500
  0.59005429072877935  0.60059428839178353  0.61091690892975858  0.62118009070398883
  0.63148512802366885  0.64170899880946919  0.65139421028246636  0.66082467362030117
  0.67009353865585508  0.67977461912111092  0.69025748194381908  0.70086116658121056
  0.71135837052182793  0.72226803391186534  0.73309137213882769  0.74383075622379813
  0.75450483133611901  0.76502722887917762  0.77549841660335472  0.78541513077172787
  0.79510280865483851  0.80567405376244194  0.81679353452227976  0.82737520667394548
  0.83783096052071893  0.84785882176941596  0.85917476884246502  0.87011886773809288
  0.88074466046023836  0.89176410557932084  0.90246201333100551  0.91240592107666285
  0.92252512545301812  0.93347574190971994  0.94516473628222109  0.95548668301943196
  0.96605609730940967  0.97673555222285102  0.98835218626934207  1.00000000000000000
 -0.00213611523650458  0.00869840341718424  0.01941603640627539  0.03001338101087256
  0.04066674729812275  0.05089206689555820  0.06109418999691898  0.07161409585132994
  0.08282054207016445  0.09378642572114994  0.10441512554313023  0.11470981069079669
  0.12531749901347572  0.13581071289470723  0.14617515469395315  0.15641711130380884
  0.16763498655429268  0.17895185698882110  0.19096962717498217  0.20259525454254798
  0.21321255757436761  0.22321295909109939  0.23310019618490771  0.24327581707228763
  0.25485078050097310  0.26716595491555373  0.27761579542348586  0.28737236385692594
  0.29713640227569499  0.30706169417586471  0.31682858939327180  0.32689971341055107
  0.33721018555081167  0.34793875399859786  0.35855037056153799  0.36951690557468292
  0.38090263835606830  0.39272921075117034  0.40503562276849786  0.41722358926532188
  0.42842143940174676  0.43932212112807029  0.44955788762652937  0.45958034707821394
  0.46960675853935130  0.48001526669447842  0.49085144409040515  0.50169376278751243
  0.51215872798565920  0.52197993833017098  0.53203870620754112  0.54174107001258032
  0.55133752880189590  0.56107522140651889  0.57104993855148800  0.58127686562611913
  0.59132961447210219  0.60145839523094868  0.61215042457703128  0.62332944449635797
  0.63451870469224092  0.64558984463019464  0.65626174819139915  0.66677541840545962
  0.67711224385880697  0.68692487173462169  0.69697436443715000  0.70672129875866008
  0.71697018319796879  0.72804836749785529  0.74052931808724576  0.75191910716881827
  0.76220565519955841  0.77214422737468247  0.78355736127625364  0.79422866896806521
  0.80516373948279507  0.81498114903171204  0.82442811443210484  0.83398459747224207
  0.84393639598288306  0.85377450034814972  0.86339056297618533  0.87337650561995273
  0.88434405472765354  0.89563049297102870  0.90623158470350096  0.91633577431991164
  0.92574505369157034  0.93524166208465842  0.94426552632789174  0.95410759794515876
  0.96479905856812709  0.97699842306212692  0.98875724770441653  1.00000000000000000
 -0.00264249520832146  0.00916501212578168  0.01998392382720663  0.03068093526721808
  0.04168386639263820  0.05220680382080856  0.06297893784090128  0.07358369307270454
  0.08401878051424926  0.09466262932257979  0.10497841483027251  0.11493583021703252
  0.12461134314040877  0.13462326920034726  0.14439836460604705  0.15444987960255871
  0.16435161550622304  0.17592697862266068  0.18720313277885126  0.19826401746063993
  0.20917574718986440  0.21997873012600419  0.23077283232574303  0.24108696237474470
  0.25120514971671720  0.26121091401828911  0.27170423614200340  0.28264753974973583
  0.29347446640251523  0.30416032959145117  0.31520247817163133  0.32603306459844472
  0.33649315654718737  0.34640018547596763  0.35727161981598693  0.36815627289470815
  0.37853744267674422  0.38839488704085251  0.39862826474870067  0.40868113333917977
  0.41898595428512242  0.42971395089632103  0.44104407220735342  0.45238796180467761
  0.46305475937582347  0.47306057265409363  0.48312353854419138  0.49348950199655844
  0.50432326729059374  0.51526441712542626  0.52624290393044393  0.53731566026342736
  0.54821010644673340  0.55903030825116584  0.56990340488101210  0.58091410876338256
  0.59172703424605466  0.60182478983463339  0.61140496452828408  0.62017226441964401
  0.62866192279647914  0.63663204880333879  0.64634315689951316  0.65660720093146363
  0.66694657886863407  0.67777025604390162  0.68927047431844446  0.70044463719986794
  0.71191936161182179  0.72351177232836195  0.73460074483884596  0.74551543513743712
  0.75597552300411863  0.76607679488328051  0.77583658001934874  0.78585253043204084
  0.79685346267132107  0.80819995295498903  0.81812857786913562  0.82777304993887213
  0.83805206058601911  0.84901993785600327  0.86006304344615081  0.87054583409985808
  0.88153116424173028  0.89284578427144923  0.90377940067371210  0.91499529307199734
  0.92600511137130115  0.93687348983733354  0.94716577785315526  0.95724161695410925
  0.96669036893148974  0.97679201887356737  0.98747768622062393  1.00000000000000000
 -0.00258098326262941  0.00948628714451736  0.01992046810017714  0.03141007721507130
  0.04226452962922012  0.05258417736196876  0.06251278894671622  0.07219765489977553
  0.08205912436029354  0.09129552069560791  0.10066933531891926  0.11016685458080137
  0.12190238643912532  0.13254757215006044  0.14330623744886528  0.15354286642963527
  0.16159516633785426  0.16998110176197551  0.17846888353279558  0.18888166477728918
  0.20074726794432096  0.21201347975994492  0.22228660418246940  0.23256714422579378
  0.24358787829098655  0.25528901024274259  0.26690360564242205  0.27796554325274780
  0.28863257026660422  0.29879432556687674  0.30881773793317480  0.31906161104528918
  0.32945362072806317  0.34020879917765934  0.35137694999900482  0.36296264800799871
  0.37451688130374672  0.38560370195757060  0.39624608407837553  0.40657514199398215
  0.41684964526899265  0.42675257333918576  0.43710316179894126  0.44738884133212031
  0.45782778516220013  0.46808259657670620  0.47847383661786913  0.48866967329960814
  0.49862572689055007  0.50896727521579066  0.52011796854811998  0.53220668156553641
  0.54490827311337631  0.55741000608349034  0.56971960071083927  0.58193487899403540
  0.59393520904511643  0.60590928724034665  0.61697629864572578  0.62840795850237352
  0.63972175064618708  0.65114141207382059  0.66385575184086432  0.67586826642724396
  0.68764330668839124  0.69874102287556905  0.70923338879832964  0.71820978376448341
  0.72709229036870648  0.73609592663115275  0.74488765253077360  0.75372038566823218
  0.76313685049818625  0.77398728017425467  0.78466573390892980  0.79494265745422665
  0.80508664433568466  0.81562090589908987  0.82673775274437677  0.83738092980112955
  0.84679834259971865  0.85614913927848368  0.86611508058274522  0.87684757228066801
  0.88756453782166489  0.89819025004485731  0.90828562960305892  0.91826088335566203
  0.92826894647130165  0.93846622789371825  0.94889618339638426  0.95915892159172056
  0.96934180009365389  0.97974945921068712  0.98968592130702782  1.00000000000000000
   3.0477144045245281E-019  -1.0000000000000000     
 F F F F F F F F F F F F F F F F F F F F F F F F F F F F F F F F F F F F F F F F F F F F F F F F F F F F F F F F F F F F F F F F F F F F F F F F F F F F F F F F F F F F F F F F F F F F F F F F F F F F F F F F F F F F F F F F F F F F F F F F F F F F F F F F
  <DiscreteSampler_grid>
  grouped_processes
  1 # 1 for a reference and 2 for a running grid.
  10 # Attribute 'min_bin_probing_points' of the grid.
  1 # Attribute 'grid_mode' of the grid. 1=='default',2=='initialization'
  0.0000000000000000 # Attribute 'small_contrib_threshold' of the grid.
  0.5000000000000000 # Attribute 'damping_power' of the grid.
 # binID   n_entries weight   weight_sqr   abs_weight
    19   10   3.307832479873521E-012   2.569093685787708E-023   3.307832479873521E-012
    22   10   1.085232317095314E-012   8.420578823339679E-024   1.085232317095314E-012
  </DiscreteSampler_grid>
