 -0.00000001172463342  0.00000601681082887  0.00004499871466680  0.00012525606755024
  0.00023989450866999  0.00039402044916721  0.00058810395373972  0.00080483128427101
  0.00104001944023908  0.00131912242593167  0.00162814820404038  0.00195153074318595
  0.00228128699393218  0.00262104671654739  0.00294836472579425  0.00333366276765818
  0.00371106321502616  0.00412090571136471  0.00453356279241485  0.00493448541526671
  0.00533706672823340  0.00575941616017354  0.00617160243418805  0.00660964548977899
  0.00706156665641997  0.00751801032820003  0.00797533083500027  0.00843566478427689
  0.00892264204899448  0.00941100385186915  0.00988272756237866  0.01033013473437697
  0.01078469125132746  0.01128801213808807  0.01186272235822153  0.01250674840412779
  0.01330966163313800  0.01463514092775291  0.01678837259094800  0.01860548736522400
  0.02020454185062516  0.02173029108888216  0.02316122627947957  0.02452152485517722
  0.02586373787503212  0.02717555962715688  0.02846760991917454  0.02975602744400911
  0.03103571382893065  0.03230627293190798  0.03357936366026953  0.03485018064418594
  0.03607314468258513  0.03729039229157990  0.03857414729599720  0.03985190086943247
  0.04119404689257073  0.04267737082200899  0.04419040319702624  0.04565224067127776
  0.04708551397667469  0.04854114191653675  0.04999170645729191  0.05145039475139904
  0.05294102993337396  0.05455720442670090  0.05634891215863983  0.05825687777404704
  0.06013647162941638  0.06203298976419003  0.06396736751836420  0.06592957870136301
  0.06786569397660143  0.06981821807828079  0.07202521653088945  0.07434175713590931
  0.07673447764722455  0.07921693943179489  0.08172641060510009  0.08429961931767953
  0.08692615667605058  0.08972014800345054  0.09282796734148292  0.09628390563859707
  0.10031751550623601  0.10465500345904100  0.10931462323262729  0.11435219409657320
  0.11998227191476375  0.12798182709518507  0.13663823009286213  0.14626349478761319
  0.16135624118224801  0.19786385497832659  0.31724715858367081  1.00000000000000000
  0.00886580857210830  0.01725805757285361  0.02748345069481874  0.03725675443910538
  0.04718767007800483  0.05703417326055790  0.06673099768526143  0.07625573075301426
  0.08598703063259033  0.09660852835256636  0.10707265742552968  0.11654301296168293
  0.12559089597394091  0.13471069989809728  0.14435785135636781  0.15443537148970138
  0.16499289708992831  0.17787498544344479  0.19193547142198206  0.20335702708798187
  0.21408636142649179  0.22374659444047293  0.23391581734655048  0.24409915183105219
  0.25432077177780193  0.26466002293238156  0.27523054646691641  0.28659414974601610
  0.29776654127192398  0.30823962095431073  0.31866687641302166  0.32855124910755645
  0.33882406590893077  0.34965830319598651  0.36120340279483748  0.37330187777610485
  0.38465229187784522  0.39619671621092328  0.40724297263008308  0.41869475171275533
  0.43013270188382391  0.44065295962345935  0.44985376169801011  0.45853665223778245
  0.46698230474048469  0.47551729168741691  0.48452477232374069  0.49354822844402779
  0.50267335115385747  0.51215373870591174  0.52188117863466887  0.53190141276737035
  0.54210593879760993  0.55204064428025490  0.56183527518539855  0.57189395763207462
  0.58140650334535193  0.59198357035693516  0.60215663585641532  0.61229802933795985
  0.62252124540089127  0.63279690464085181  0.64352062884730354  0.65340046100937532
  0.66363340918846159  0.67442471006891380  0.68544642536226219  0.69549469903530226
  0.70548138917132397  0.71683712926337295  0.72863720607197258  0.73950203182852459
  0.74983545510866345  0.75985736953789274  0.77022669944702138  0.78035731054657931
  0.79068713689557257  0.80145940236247148  0.81267836464901733  0.82392059974122100
  0.83472669611108641  0.84510104532940666  0.85562625317257324  0.86653989327863989
  0.87729918835510490  0.88799090532624658  0.89852928322918790  0.90872304800727877
  0.91939364017939251  0.93074857401764644  0.94188714400554607  0.95211504948310333
  0.96250953136020678  0.97416417503011921  0.98678037008021258  1.00000000000000000
 -0.00001950060327237  0.00024677980890623  0.00069769129693844  0.00143352005228900
  0.00240369421751588  0.00360011954034130  0.00500033755879496  0.00664273777523130
  0.00841222531175430  0.01046298353182222  0.01293758740570889  0.01549864302866476
  0.01801770058415676  0.02055515879058759  0.02330194325129124  0.02609093665029463
  0.02906237132014251  0.03218305102714816  0.03547225369597620  0.03886285911699276
  0.04245597919217694  0.04638567886415278  0.05051533405906462  0.05475036177659898
  0.05902094971546970  0.06341269921410789  0.06764364175189998  0.07233818097918773
  0.07720351568280380  0.08178275081650485  0.08631430760371685  0.09128594691947246
  0.09621814718517360  0.10122775100606791  0.10641938994736579  0.11213352778514160
  0.11826694152192288  0.12434556951849893  0.13041379489853397  0.13669522203802043
  0.14272140153327925  0.14882535928095264  0.15502591851436048  0.16117081686543541
  0.16847033249973328  0.17544764214787134  0.18305442774638406  0.19119984320037078
  0.19958102464770103  0.20803666271282850  0.21664262131135756  0.22544443331337222
  0.23476761337196647  0.24391364621172856  0.25267351605898575  0.26103863098958402
  0.26924145073993505  0.27771621242818434  0.28678415839085342  0.29592302783608421
  0.30526714592584292  0.31524663883816345  0.32534090234053498  0.33548741224206413
  0.34619101083435155  0.35714331322359733  0.36860388643941344  0.37997117339293807
  0.39125316706007907  0.40272506386623474  0.41438259591171961  0.42598186589791531
  0.43781292833122482  0.45006917584352735  0.46278268498032826  0.47509133111259383
  0.48725343770517698  0.49922741688850880  0.51124562561464038  0.52324291810012724
  0.53496804574967716  0.54673965751811471  0.55838631569061414  0.57020595482092051
  0.58189045935358674  0.59363237075915498  0.60602951520228365  0.61852985606130673
  0.63194152451651719  0.64453144252939554  0.65677819543979232  0.66870948062424618
  0.68025001054036582  0.69152644794081386  0.70199280223672589  1.00000000000000000
 -0.00311652387615466  0.01171252852432179  0.02401170604245189  0.03712156253510294
  0.05002685301380519  0.06342566223429145  0.07579346919955375  0.08849364036731970
  0.10080441966824830  0.11229631285420022  0.12365382675443408  0.13538403014886499
  0.14766562153341467  0.15990328893015296  0.17087972531646731  0.18076220030025777
  0.19029403470676537  0.19962010075200479  0.20909732556673033  0.21847205235457046
  0.22791248548120541  0.23771788828613427  0.24727203918306478  0.25733706407720863
  0.26798918443431258  0.27877123235234985  0.28941081966971688  0.30040613740079197
  0.31215803999199204  0.32465850157721715  0.33639315097817568  0.34654102730718100
  0.35608718316405830  0.36595251834070835  0.37583656117001824  0.38545500331034338
  0.39504296222298818  0.40543580148481984  0.41628641142651207  0.42653270919100789
  0.43646259316907721  0.44619019613418121  0.45612790585931495  0.46638478455880616
  0.47693368665824232  0.48815196495297758  0.49890302074131165  0.51011782866865130
  0.52082265115259052  0.53188018376779223  0.54254464515596645  0.55266796592174428
  0.56218896999245260  0.57102087922841660  0.57954914220705533  0.58814623165117041
  0.59716618121859066  0.60696577651465411  0.61723623238907521  0.62697658390190036
  0.63728852556686977  0.64825004907375283  0.66030278219449845  0.67140958513004223
  0.68255425085718002  0.69375974126941031  0.70548043742733402  0.71800226556840896
  0.72989192042241613  0.74047516155473836  0.75079874545526748  0.76105735761901105
  0.77208294306219094  0.78293786201793936  0.79309606779798936  0.80243256796439999
  0.81188047207553971  0.82213334608195920  0.83223102401471816  0.84175408531468809
  0.85088274761861871  0.85996535737029534  0.86901271395830970  0.87833967607527763
  0.88766408543824837  0.89710193294967455  0.90649599822553373  0.91582634327874846
  0.92584012664095161  0.93628349364005092  0.94674556014059763  0.95726074878176792
  0.96798455289802077  0.97881072769911492  0.98919097011260970  1.00000000000000000
 -0.00238930160767255  0.00899644061307663  0.01929910038221787  0.03033073928597390
  0.04167450199828455  0.05368885596029611  0.06471676028018208  0.07495354464306959
  0.08515291196902502  0.09540756093726845  0.10634389681463223  0.11728893438895280
  0.12927507707778671  0.14161726908898734  0.15359216384119331  0.16501395668429292
  0.17619699961598412  0.18747686498816732  0.19898636051563359  0.21059208874715604
  0.22165401194651757  0.23269593757136703  0.24389655291254325  0.25518684649816004
  0.26652254086641780  0.27765941408926387  0.28860795817378138  0.29937821674388537
  0.31040551953465567  0.32203915656712923  0.33395110718166193  0.34598065753912871
  0.35736485147249586  0.36728529982434560  0.37691302752130096  0.38564110112070732
  0.39423214117464483  0.40289655586939199  0.41150700874440171  0.42041020238625104
  0.42919107384342087  0.43894355714660882  0.45065549239022828  0.46288786886571237
  0.47452171233492008  0.48533235577412126  0.49592574381567772  0.50696348850128692
  0.51864948520641929  0.53042708250828374  0.54184636495572058  0.55363555872478631
  0.56530563412321433  0.57673827266545308  0.58907074405582538  0.60230750052174220
  0.61365367935511472  0.62415950758802130  0.63390139423317071  0.64314552475570341
  0.65228011873712155  0.66117427065867851  0.67056693385510868  0.68069620702896949
  0.69070223452079149  0.70088838359027328  0.71103623617419365  0.72120394052233283
  0.73149357539431459  0.74239529107019953  0.75390391000118417  0.76522971520821659
  0.77555486789988559  0.78494976971781316  0.79403303473043918  0.80323582257167370
  0.81259590435908502  0.82182938733425515  0.83092169042115771  0.84008368013661561
  0.84903794136472943  0.85844786299151421  0.86843328028175626  0.87853076179085021
  0.88993730576896124  0.90031429437063637  0.90986403347543321  0.91965621111952134
  0.92888875529680104  0.93867871060643782  0.94801968021068628  0.95724766785770921
  0.96714688727273812  0.97721802545174030  0.98820108722971467  1.00000000000000000
 -0.00202604387161276  0.00821288433717285  0.01674270212523855  0.02648848006130151
  0.03591076850546593  0.04593639919693051  0.05699799236673578  0.06839468955020271
  0.07961566346744496  0.09036900305342727  0.10083039910214923  0.11149477933469856
  0.12223119530192517  0.13300631978341354  0.14424084048971467  0.15555214646809087
  0.16702161012125580  0.17833356853680254  0.18921762600604067  0.19909748689370532
  0.20872272011996387  0.21823521536644430  0.22824425803369486  0.23796149404388825
  0.24794067850506260  0.25774207020606693  0.26787385987928286  0.27809484728806555
  0.28801762478148313  0.29770353077281608  0.30725154501253099  0.31744585711636775
  0.32908780924899389  0.34070052149113289  0.35217814246769397  0.36444602853280816
  0.37725274413671339  0.39022420144962866  0.40254261694997417  0.41505399252957620
  0.42644398163240699  0.43729614554005442  0.44713525709226365  0.45658833530238147
  0.46623322314044208  0.47628629063879335  0.48626592301381444  0.49637378073741123
  0.50669634702636490  0.51758976169799620  0.52860803598957173  0.53936971920894627
  0.55112383403550902  0.56323586525041358  0.57459302419171709  0.58532220610965546
  0.59602416144378167  0.60641242104969040  0.61737107075845865  0.62756730445633513
  0.63709123590392813  0.64674143507976589  0.65540253621189593  0.66364245968408975
  0.67153360318110700  0.67982831745937100  0.68885678177617649  0.69853154484313684
  0.70850736970356709  0.71982009485476306  0.73149002089069648  0.74259038202920058
  0.75404286649308294  0.76627773269118427  0.77882973045040416  0.79149341997646516
  0.80300190587080511  0.81416200930049221  0.82590973435809234  0.83669408376971766
  0.84695358345434868  0.85671861851637565  0.86635620412359049  0.87611022908336744
  0.88564522508720678  0.89515114772526483  0.90506284618911526  0.91517521351614328
  0.92545353859176638  0.93534613608544703  0.94590085611885688  0.95691628721888955
  0.96746601320645043  0.97769105024260161  0.98878368663461935  1.00000000000000000
 -0.00249368521748321  0.00924208697061474  0.01950039833538139  0.02988140080718854
  0.04062723318123695  0.05158921059060159  0.06297297521273376  0.07399813686570977
  0.08529053475498739  0.09736401531090733  0.10874776520732389  0.11950265903654865
  0.12993274965220725  0.13970569193429835  0.14934641903121831  0.15958521669802517
  0.16987620673567919  0.18147431232204345  0.19182857717783414  0.20100085590635530
  0.21020244591184448  0.21924103838890260  0.22854528093078366  0.23803345293015502
  0.24818536288357249  0.25980437760975950  0.27167334874426513  0.28218162477119685
  0.29220405743697792  0.30202272978070632  0.31142853624970751  0.32082143652096967
  0.33070181598144754  0.34138915332973285  0.35244694812610566  0.36325900516049964
  0.37403988120456561  0.38499175277670067  0.39601956646898723  0.40694044742461577
  0.41777017105484715  0.42834427784162843  0.43911110531235770  0.44996970697895328
  0.46060759213418084  0.47034930182326734  0.47966177643171981  0.48857454889482849
  0.49847198368351398  0.50926522870186552  0.51950104518112727  0.52903870680251808
  0.53837673015330101  0.54859716912075673  0.55942422143507764  0.57090705002048769
  0.58285031956560185  0.59230452232574438  0.60138641318763286  0.60998941377029403
  0.61854054778216794  0.62731979350681311  0.63589329690715379  0.64438212823858221
  0.65392810153001801  0.66416583852073663  0.67455615713665629  0.68529346878035202
  0.69567357942166086  0.70603497464282616  0.71627109966560187  0.72612530119910701
  0.73584992111863390  0.74590696741297713  0.75682635415252697  0.76835609140052208
  0.77971072964097188  0.79098293147301868  0.80281034161595977  0.81473372818598533
  0.82662117316862216  0.83879952544070446  0.85200512361792269  0.86397381161211262
  0.87610163778295091  0.88895652240417955  0.90114750241983355  0.91207454809480304
  0.92391183845978053  0.93568712447198787  0.94693169371336616  0.95718710519163441
  0.96827878563225256  0.97843068856686410  0.98955491134886997  1.00000000000000000
 -0.00283860404508210  0.01022841122446396  0.02226762994167522  0.03357048451293002
  0.04450141429149183  0.05566725448973377  0.06702734518673381  0.07830250203029890
  0.09058963865461846  0.10258770862435160  0.11467849472238104  0.12670109704839613
  0.13816785049031638  0.14931075430487184  0.15999177372845658  0.17024834322241711
  0.18059924679161898  0.19129820123900554  0.20215837624364832  0.21222739141686342
  0.22159352492667272  0.23107248080696874  0.24063546333930608  0.24999831045582729
  0.25857377191952813  0.26726951914670144  0.27534447224817571  0.28377932438904452
  0.29280662695186027  0.30197417417244149  0.31092061846395241  0.32030799599542087
  0.32981201366283147  0.33919217063518659  0.34863565330606233  0.35871013022590603
  0.36972017696471443  0.38070419869072192  0.39136245737542430  0.40177032742438684
  0.41217340911566575  0.42311148658904130  0.43393775308406651  0.44434338394146744
  0.45479609750551464  0.46568693614694218  0.47689269829093617  0.48737971888401349
  0.49719901399098193  0.50712712705773955  0.51711040598559699  0.52733612339623182
  0.53760864392823826  0.54809888578829735  0.55922155105112747  0.57077664793881056
  0.58237997782144024  0.59336091908770805  0.60418740320405917  0.61518842954112463
  0.62658262933313924  0.63855225546504313  0.65043805262315757  0.66216203502481319
  0.67384732288069027  0.68561256875847865  0.69695502302665380  0.70796199632864720
  0.71786761219013318  0.72730986949777865  0.73644239980204695  0.74528140653482333
  0.75425318468039693  0.76361820901098221  0.77420598766629434  0.78553289312324936
  0.79683760812476712  0.80821006253703220  0.81930331172326265  0.83040409477843391
  0.84156921887923286  0.85324446908437990  0.86526999838611229  0.87721676996130937
  0.88825465082993194  0.89880420143548800  0.90933411310454282  0.91982239351228112
  0.93077285928385978  0.94141742898955272  0.95088076289173096  0.96075946218474617
  0.97085859702150046  0.98079160628005391  0.99043937235678448  1.00000000000000000
   4.1383072730004795E-016  -1.0000000000000000     
 F F F F F F F F F F F F F F F F F F F F F F F F F F F F F F F F F F F F F F F F F F F F F F F F F F F F F F F F F F F F F F F F F F F F F F F F F F F F F F F F F F F F F F F F F F F F F F F F F F F F F F F F F F F F F F F F F F F F F F F F F F F F F F F F
  <DiscreteSampler_grid>
  grouped_processes
  1 # 1 for a reference and 2 for a running grid.
  10 # Attribute 'min_bin_probing_points' of the grid.
  1 # Attribute 'grid_mode' of the grid. 1=='default',2=='initialization'
  0.0000000000000000 # Attribute 'small_contrib_threshold' of the grid.
  0.5000000000000000 # Attribute 'damping_power' of the grid.
 # binID   n_entries weight   weight_sqr   abs_weight
    25   10   1.070546103470759E-012   3.029161313664766E-024   1.070546103470759E-012
    28   10   9.167796924551242E-013   2.089980230977002E-024   9.167796924551242E-013
  </DiscreteSampler_grid>
