 -0.00000000261443364  0.00000125485528972  0.00000886761296983  0.00002559041154771
  0.00005133562483358  0.00008372824450390  0.00012402542617650  0.00017082195705449
  0.00022007918911907  0.00026966066276970  0.00032419501418619  0.00038547285402775
  0.00045199790580491  0.00052287568132306  0.00059644022586788  0.00067486344623550
  0.00075352799026203  0.00083430206994550  0.00091782090382629  0.00100412399190422
  0.00109525096073728  0.00118987589349522  0.00128405231781107  0.00137873924583185
  0.00147637620173800  0.00157669489015132  0.00167225750375321  0.00176958600410748
  0.00186529484289860  0.00195990256187651  0.00205434024017750  0.00214734307855563
  0.00224369358494108  0.00234539394249805  0.00244925314214249  0.00255278237096012
  0.00265596933298975  0.00275506690689956  0.00285205677875874  0.00295184156822711
  0.00305205890846986  0.00315169211526887  0.00325246046531881  0.00335663254250368
  0.00346340997839681  0.00357477191183539  0.00368578918113119  0.00379632477006539
  0.00390660689563404  0.00401531576729993  0.00412177606365953  0.00422716657111009
  0.00433031427267290  0.00443646144553101  0.00454614208275768  0.00465856035556796
  0.00477224063812161  0.00488590270826342  0.00499863521710688  0.00511847034513830
  0.00523859709021720  0.00535754201753417  0.00547506084033774  0.00559198921582151
  0.00571447364141679  0.00583768847343310  0.00596102365433348  0.00608393218829302
  0.00620485944281287  0.00632621716494532  0.00645422013656822  0.00658448697855173
  0.00671619014827058  0.00685075499559700  0.00698806078602458  0.00712709684591538
  0.00726960744046365  0.00741536972249243  0.00756284297178805  0.00771460299241466
  0.00786772781667941  0.00802673623202241  0.00818332067467816  0.00833362729527990
  0.00849722046864905  0.00872280342764532  0.00894658382044238  0.00917778300924214
  0.00942319120519297  0.00968930011172122  0.00998510979117803  0.01032316877011619
  0.01073617679307037  0.01141059411864794  0.01208637171102098  1.00000000000000000
  0.00936219952801309  0.01606795733123530  0.02539818986891365  0.03643077371407293
  0.04687101642706889  0.05737414448076201  0.06745939294897957  0.07700823758942779
  0.08662607990994267  0.09588481805855173  0.10509681076935849  0.11496974536575427
  0.12566669676866687  0.13708982055048913  0.14889478243724008  0.16161870801121708
  0.17370561281373373  0.18584830755049658  0.19847137372238768  0.21037327447397181
  0.22098616015137484  0.23095452988591747  0.24025491383526099  0.25006748550732383
  0.25987745623027853  0.26957357131092241  0.27945339108377321  0.28978113015768958
  0.30123523953477277  0.31323989238966288  0.32484165339493498  0.33689782063311219
  0.34925629265200359  0.36063961609526535  0.37107088252104070  0.38104546944008749
  0.39100641867292762  0.40131537475112627  0.41207793398640952  0.42363895082347314
  0.43564947593787062  0.44740120437948644  0.45884119692879105  0.46956595700970238
  0.47997392941166583  0.48981484666906394  0.49943461922415033  0.50851198946580622
  0.51801312294993129  0.52792026021020710  0.53756926477263278  0.54652809364202148
  0.55516064465805448  0.56411285160599633  0.57365191451139996  0.58351121045914267
  0.59361529196938367  0.60316510205892093  0.61389924755646497  0.62466916249161020
  0.63587137120106885  0.64704307160490582  0.65767217462493788  0.66780371618284096
  0.67771151904836335  0.68768309682187789  0.69788388225616993  0.70809453017339519
  0.71763268879516051  0.72692349569317738  0.73658626454433929  0.74648634610104903
  0.75610558469775035  0.76542002600931058  0.77486937181818394  0.78418145798600281
  0.79322350718711987  0.80215849020534868  0.81163673673086290  0.82208546371466951
  0.83293379979032534  0.84395469740693019  0.85497115696379089  0.86617481568973831
  0.87786210098374606  0.88903493446899828  0.90005482677767756  0.91000288212970926
  0.92029595928693897  0.93086710597844391  0.94168252977638456  0.95266104907838511
  0.96404596971382128  0.97651765882174446  0.98804460890782198  1.00000000000000000
 -0.00002143060419518  0.00026196566658299  0.00076607865186965  0.00159048013461405
  0.00270286750402275  0.00406022019317116  0.00557010939403858  0.00741117710732226
  0.00973161178475595  0.01227498873803952  0.01495016162423587  0.01760672614865163
  0.02051721511381738  0.02381003341967067  0.02726745287840074  0.03075651344354267
  0.03443949812725540  0.03842742696061244  0.04274936704770137  0.04712446657411793
  0.05161609003046637  0.05636353314812061  0.06119190042659881  0.06622442637173324
  0.07114394860240128  0.07568108600174972  0.08029281386435579  0.08506141669713785
  0.08998663990004052  0.09552304739948728  0.10170798756786362  0.10812299754154073
  0.11451518933987784  0.12098061862585310  0.12762106337700291  0.13443948505306674
  0.14111485028728826  0.14788355303193179  0.15446457267924057  0.16132292386536690
  0.16837525102085907  0.17556736969344447  0.18269402677071556  0.19039233818870904
  0.19798970107927422  0.20649511304161153  0.21541524630778269  0.22443378787174958
  0.23353596133140939  0.24273557127968856  0.25218298007805046  0.26157983489559533
  0.27127868343744233  0.28101123229562064  0.29089111516872973  0.30104894561517165
  0.31144089865678187  0.32195346419081838  0.33300350761292014  0.34453013134802307
  0.35686265397199046  0.36974361819788892  0.38295492084757310  0.39627259737474496
  0.40968864182458142  0.42335571244772974  0.43733914686786196  0.45195789110839890
  0.46602758390264898  0.48066782220985199  0.49616650358416037  0.51193423357290546
  0.52799309098379732  0.54459100454475029  0.56172805816302585  0.57929297794914092
  0.59805263954259058  0.61733920435810985  0.63656608534878789  0.65526177587332035
  0.67351142588832857  0.69192379147505079  0.71082190741464635  0.73094181894229060
  0.75158180571552791  0.77218680721263544  0.79274919091736906  0.81378274685601337
  0.83603049878057956  0.85902501025326405  0.88173652352895682  0.90425346823930131
  0.92730328609575341  0.95115266814074106  0.97549797865185162  1.00000000000000000
 -0.00229713390291079  0.00943235970646768  0.01913432640503237  0.03067130709049329
  0.04251068240349688  0.05735281090531764  0.07125429215836009  0.08447051798825396
  0.09748028913948865  0.10948841570460381  0.11951715823796799  0.12972087512455516
  0.13982028091509277  0.15002631934611826  0.16006004347305838  0.17050722528504325
  0.18174771424005839  0.19278585373864493  0.20408931089779836  0.21491355236437190
  0.22622763484024855  0.23748260221574233  0.24920553097518097  0.26153116268416471
  0.27406714682552291  0.28635509088875666  0.29850024064257208  0.31000608152069958
  0.32158694679960831  0.33389024876346002  0.34668753235185068  0.35890293487639857
  0.36932178216143857  0.37969072500287288  0.38972407083807514  0.39967577296913093
  0.40982975465352373  0.42043845754930742  0.43117609955733149  0.44145552603465515
  0.45264841925789273  0.46365398221568105  0.47492910847279074  0.48581579884638915
  0.49644168662181376  0.50726149454032887  0.51833332010360156  0.52923634304499056
  0.53997907936553402  0.55117586825956755  0.56291372331733569  0.57476762577901808
  0.58638337473449287  0.59716808371626173  0.60748055202065554  0.61715976258667482
  0.62680941037094251  0.63613506164093103  0.64534048070438543  0.65500087517958339
  0.66494316503143092  0.67531584930236721  0.68581051204813293  0.69510732673131681
  0.70392739691912531  0.71284540961867238  0.72144813404735775  0.72991351037226515
  0.73851090324608071  0.74729568264019619  0.75570946805728167  0.76406379917481904
  0.77270649719809281  0.78205074212892822  0.79137365912876545  0.80033781300786222
  0.80877590118032494  0.81824160660462708  0.82888848367085488  0.83974742292125693
  0.85115462331843783  0.86250667555101068  0.87374070589138042  0.88421200559988078
  0.89453460974200982  0.90514811507730752  0.91589887215266175  0.92678994459779551
  0.93792593484362141  0.94732963249753588  0.95723894981825863  0.96619188416508295
  0.97536686302207831  0.98371808247650472  0.99173125566883025  1.00000000000000000
 -0.00259678948424829  0.00923498735305589  0.02002305975927491  0.03090574921292756
  0.04221622426607007  0.05392377021685239  0.06574326116635598  0.07704108629189618
  0.08728583006438433  0.09665654993964480  0.10601553902688553  0.11576709363833475
  0.12562861525025926  0.13522075865380698  0.14493723290026009  0.15538435393005093
  0.16552635062574428  0.17535760758175825  0.18547535599603243  0.19640947477205828
  0.20845080270523633  0.21892341783387620  0.22930045757406878  0.23872550658145025
  0.24795576453512280  0.25736265448243217  0.26686471313685756  0.27685975742136426
  0.28717444245003215  0.29752989590563139  0.30789272385311039  0.31756494935815699
  0.32669927459350473  0.33578219894642997  0.34480230880822321  0.35388058463226202
  0.36285617078553756  0.37175428556826473  0.38085399348239835  0.39008277802512276
  0.39962486321725282  0.41065935002998322  0.42131453709999234  0.43130409366560440
  0.44163438882047340  0.45197315258588422  0.46326335398903928  0.47473560127747316
  0.48621540981865352  0.49796286618107299  0.50947425555434833  0.52071891645464929
  0.53129511814365171  0.54149229580809111  0.55216587409326257  0.56318447127055871
  0.57350631835332633  0.58320111996852142  0.59262617748932256  0.60229060052648009
  0.61202046812865618  0.62165228453291921  0.63198416113829736  0.64261577670984482
  0.65341265913962310  0.66452760454090265  0.67628731038211531  0.68834144815999210
  0.69973701573786529  0.71115833304909315  0.72191298546356564  0.73281646986692428
  0.74385995082862677  0.75609793573816830  0.76778328083928959  0.77940904519700793
  0.79012012301637213  0.80099721178599692  0.81143500560927617  0.82219646479410813
  0.83322883798926228  0.84524262122814775  0.85724875405865175  0.86849663959998580
  0.88040998291166339  0.89292666210237759  0.90554447567337248  0.91762337625296331
  0.92894830487484481  0.93922564717553125  0.94935933325996869  0.95989963861229211
  0.97076216855347175  0.98096294975291443  0.99081705159693978  1.00000000000000000
 -0.00242771877924571  0.00952667836355631  0.02068671275242907  0.03171039092443396
  0.04252102170388154  0.05259755555729146  0.06292097548180631  0.07386743851809566
  0.08502587642794340  0.09608809782067054  0.10773500747172286  0.12020889784674454
  0.13216460948993811  0.14331817246711365  0.15448242388994707  0.16556463427243340
  0.17538883069345232  0.18511820078274707  0.19499506967422497  0.20482369288851704
  0.21470259328948454  0.22460941503484913  0.23478502296688239  0.24557011433819595
  0.25630722229286296  0.26735528250085122  0.27862556086241175  0.28999321163030173
  0.30083394114318862  0.31135770045730904  0.32136443839612505  0.33110948399717832
  0.34098465083562929  0.35061826021947579  0.36022366881698215  0.36974033099904463
  0.37943784834146721  0.38937781584994108  0.39909415843534168  0.40894373828035763
  0.41930576333321440  0.42955769803266175  0.44039513512977480  0.45155932087282546
  0.46275513598996265  0.47365889050568555  0.48428648903145072  0.49438679046704370
  0.50452369804817920  0.51496811508005380  0.52611529890064890  0.53669800564670334
  0.54754649180162973  0.55859199209985189  0.56932116889572715  0.57995129862398598
  0.59038041161448973  0.60047875628672187  0.60965890779870402  0.61808824353287317
  0.62697286627559345  0.63646934852027026  0.64621750661009991  0.65597534177773309
  0.66548559281522124  0.67539121120784695  0.68535697829063569  0.69485206893069662
  0.70472885237231275  0.71489586180270204  0.72499270637498681  0.73509283748601173
  0.74511058052899859  0.75540286666431777  0.76591991867063980  0.77720379165573461
  0.78888901583928261  0.80081507287222586  0.81225718364922372  0.82334442405158159
  0.83384822687554394  0.84387921393367771  0.85399428562817514  0.86440365786701234
  0.87485882019431116  0.88512908394250212  0.89527711962455070  0.90579926092643726
  0.91689901321909195  0.92819123713799434  0.93959907471576987  0.95082524252516920
  0.96212094282314542  0.97430357962459180  0.98679301210734549  1.00000000000000000
 -0.00270835261859651  0.01019907248952467  0.02208079583078313  0.03374446785507961
  0.04534605443001295  0.05712323370732344  0.06910419989784805  0.08105918596044231
  0.09307564358248920  0.10475619443195458  0.11591776859328939  0.12630213471341939
  0.13571969010733148  0.14495456722386671  0.15388885220830228  0.16272580402524692
  0.17191344936636149  0.18153060151393330  0.19153125271701313  0.20155525784937495
  0.21243870989266064  0.22444880018056851  0.23549097944571903  0.24600708547700428
  0.25595080330086090  0.26607452114940189  0.27623653502974194  0.28623851876875278
  0.29655800260963949  0.30677667733237479  0.31676087446826512  0.32680505178167224
  0.33778726504499273  0.34969967099583332  0.36077345503094271  0.37136206097999697
  0.38240419389969643  0.39379901803733225  0.40424377814553503  0.41451599526018712
  0.42471336384788189  0.43482510873810903  0.44468795913260789  0.45463087722100154
  0.46505997972930901  0.47563863835616949  0.48642290200793886  0.49706610253248484
  0.50775802561093619  0.51824148335731757  0.52859804748845751  0.53919680020186245
  0.54983822739229238  0.56146236133820271  0.57196074385660978  0.58259794370156603
  0.59306718086078125  0.60398221788877016  0.61395887845401798  0.62479100736472248
  0.63461521960522238  0.64443875630161729  0.65334752705855725  0.66172012007477743
  0.67008210234606724  0.67861151492255500  0.68763294213309101  0.69755330241628533
  0.70790345458218151  0.71838570226728937  0.72901135409429796  0.73966814172312412
  0.75094863667051315  0.76311313453631913  0.77528262556459704  0.78677195690788559
  0.79786925059212765  0.80838855399211318  0.81918914625678729  0.82981091745221847
  0.84074669443647043  0.85160109565867115  0.86217550997543946  0.87299815468573883
  0.88339077352575412  0.89404344455508467  0.90428658788011462  0.91401370656871939
  0.92418835472192906  0.93415628684171070  0.94489009013270753  0.95555989245884998
  0.96736714923043887  0.97882311086136098  0.98951102642844568  1.00000000000000000
 -0.00229327955167027  0.00939934939162996  0.01910562452172589  0.02916243278482198
  0.03949722704066858  0.05003117356587199  0.06068656548328809  0.07113391559834144
  0.08161691067566899  0.09206876652647886  0.10214620815928113  0.11240598163627062
  0.12267633482778408  0.13412880244673395  0.14598779395261277  0.15768173574251004
  0.16911384484650172  0.17959643729597879  0.19008904653511824  0.19963024482709549
  0.20928360123289644  0.21881359622523680  0.22857446973833478  0.23865768166785981
  0.24867563460603881  0.25875468971489141  0.26914231544749373  0.27981814272564004
  0.29132302290316536  0.30303091107730828  0.31511870500993916  0.32641922780066279
  0.33654711693602796  0.34609061528222701  0.35559939560736858  0.36515286400544322
  0.37475995335212364  0.38482611459612537  0.39509230219530023  0.40527532917901898
  0.41544235284387832  0.42546751874327099  0.43562555066190961  0.44534961297704190
  0.45526084753768858  0.46636582811340099  0.47733750047749091  0.48772201319018521
  0.49808410745770465  0.51099112140980507  0.52289349291010911  0.53419030251686395
  0.54483903631294417  0.55585241133236973  0.56667814909060366  0.57746429340527072
  0.58794248255030956  0.59751702534059226  0.60762338688360884  0.61857359226805764
  0.62980083258522457  0.64105635234888314  0.65235707894970962  0.66312183426968885
  0.67302983836349839  0.68242533825673368  0.69240141943963596  0.70333550425961411
  0.71464636478214860  0.72579899689737370  0.73692426517137510  0.74796339904768505
  0.75929543323883908  0.77132994170490343  0.78417780560322636  0.79664090707263790
  0.80799490147779007  0.81878002771020786  0.82931140589586250  0.83952604870143510
  0.84913200353606522  0.85925944152544609  0.87004337889443417  0.88071521990181223
  0.89129511340445700  0.90134684557506350  0.91100389806697268  0.92046702102397915
  0.93012887477687711  0.94028625444296121  0.95040897421013915  0.96047643020593099
  0.97060824063574336  0.98068154176161848  0.99028027561980003  1.00000000000000000
   8.8985542441539918E-012  -1.0000000000000000     
 F F F F F F F F F F F F F F F F F F F F F F F F F F F F F F F F F F F F F F F F F F F F F F F F F F F F F F F F F F F F F F F F F F F F F F F F F F F F F F F F F F F F F F F F F F F F F F F F F F F F F F F F F F F F F F F F F F F F F F F F F F F F F F F F
  <DiscreteSampler_grid>
  grouped_processes
  1 # 1 for a reference and 2 for a running grid.
  10 # Attribute 'min_bin_probing_points' of the grid.
  1 # Attribute 'grid_mode' of the grid. 1=='default',2=='initialization'
  0.0000000000000000 # Attribute 'small_contrib_threshold' of the grid.
  0.5000000000000000 # Attribute 'damping_power' of the grid.
 # binID   n_entries weight   weight_sqr   abs_weight
    25   10   6.419906317439589E-005   8.769778421857087E-009   6.419906317439589E-005
    28   10   1.674312439159110E-004   6.433253189265002E-008   1.674312439159110E-004
  </DiscreteSampler_grid>
