 -0.00001280405855547  0.00019738366574844  0.00060655775134943  0.00114743445823788
  0.00173552292337264  0.00234082610529251  0.00296108284033979  0.00359669244916347
  0.00423238578242180  0.00487168175909585  0.00554584500414622  0.00623531057324618
  0.00693684672169013  0.00761991234197009  0.00828840683167054  0.00900323293486135
  0.00970818328054947  0.01039881412150472  0.01110094079894302  0.01184317397511604
  0.01281559729922250  0.01460649052102572  0.01808953811768944  0.02089103129157276
  0.02291566378089200  0.02476665777996563  0.02657617619529673  0.02831165477494058
  0.03005431409463211  0.03185920551527333  0.03336032609437188  0.03496043304419992
  0.03659686627428925  0.03829383638975001  0.04005683916136799  0.04170732830125143
  0.04323765450398460  0.04475228051429121  0.04625090028406331  0.04773712043376134
  0.04930756472777878  0.05086473447666637  0.05245287118213492  0.05411017510587825
  0.05586256477024498  0.05758843273957188  0.05933484952824546  0.06112318163484106
  0.06301499290767082  0.06494836203345991  0.06687768574954088  0.06878721006583273
  0.07074990167549307  0.07281406039746598  0.07508413917745910  0.07737494780969180
  0.07960856283848079  0.08177767119046657  0.08388332458739443  0.08596851876222160
  0.08811076055416253  0.09035009009089083  0.09272713664107368  0.09529648476173545
  0.09787992152051853  0.10036774302371222  0.10279973827990549  0.10526292363757070
  0.10775345616823592  0.11042232964004586  0.11323966170180334  0.11601790456147106
  0.11883724625169043  0.12168879052584473  0.12457699760433211  0.12768929125397338
  0.13102459994016494  0.13439295567440451  0.13781249767787490  0.14139344242584825
  0.14515744073874981  0.14904527267272799  0.15295370262225111  0.15722228388720053
  0.16287570011719749  0.16913733988758459  0.17589662575124537  0.18333278649638676
  0.19190171227980546  0.20214225963202670  0.21544264123806928  0.23417146871005484
  0.26029735291965822  0.30424474148601482  0.40644248463230309  1.00000000000000000
  0.00884682636051119  0.01833944181245224  0.02885250755627653  0.03853004547415678
  0.04872191411615499  0.05868792252525818  0.06849461512802459  0.07825940846842000
  0.08865992698826350  0.09999500469319055  0.11075898754646141  0.12051110042243626
  0.13082151499420636  0.14128308231611494  0.15154168390098871  0.16130351807949750
  0.17143301962126367  0.18196044014682175  0.19251629613412213  0.20292522720298420
  0.21325646448046146  0.22374146654133004  0.23431223666494683  0.24466208070685713
  0.25426952358362365  0.26362217998290516  0.27333245157905867  0.28421444273284213
  0.29538669865267647  0.30632182630441718  0.31713252074858184  0.32802611181905034
  0.33958869390145785  0.35149278600245909  0.36233739834538337  0.37285588269828507
  0.38336085426720862  0.39287335476109841  0.40177460094976286  0.41093863495183924
  0.42092525725131819  0.43200400086730334  0.44362374911215402  0.45549726539232055
  0.46692367763725018  0.47745389637493452  0.48743486209073944  0.49740735165249761
  0.50784047432862622  0.51866777539343367  0.52946461137035228  0.54016979315232216
  0.55096871325045838  0.56146841856190233  0.57235140509218452  0.58291179543825311
  0.59341530939180132  0.60433209763061402  0.61581433098379401  0.62760403958041544
  0.63880665057095853  0.64979604330130092  0.66068580952059230  0.67186325825606108
  0.68348953275198898  0.69506981608429430  0.70652835418929061  0.71674412958743494
  0.72686092616898357  0.73716997370317117  0.74775675645462680  0.75757309946974982
  0.76649884308725069  0.77628563309842757  0.78658604738644322  0.79715814540806129
  0.80830627102451658  0.82000480183251012  0.83118188171733187  0.84153106022921320
  0.85128522241367255  0.86106021353870954  0.87094040589515886  0.88132731379360563
  0.89154426039442525  0.90130566380887145  0.91062902655579758  0.92053596496660028
  0.93105563271550673  0.94175176950192951  0.95197511444136795  0.96229313380948645
  0.97226445615757873  0.98265320729730454  0.99125832286800908  1.00000000000000000
 -0.00001944102142273  0.00010713594481784  0.00021760823403046  0.00034512994230794
  0.00049905008875967  0.00067728407781783  0.00084268388678301  0.00099634071992570
  0.00115938464737683  0.00134811673472906  0.00155997034402954  0.00177067936285288
  0.00196761685701702  0.00215539971059031  0.00236029147280436  0.00257928303900711
  0.00280828935128583  0.00305075550257967  0.00329579641009474  0.00352580426247187
  0.00375229427662239  0.00398313414913580  0.00421074489806963  0.00443328807846882
  0.00464566632934261  0.00484798290693627  0.00504092867432885  0.00523796788855304
  0.00544800929497596  0.00567019241971067  0.00590928066505059  0.00617373695633450
  0.00643149972650085  0.00669000933497111  0.00695304605732803  0.00722255806463208
  0.00749266989966990  0.00777677426949917  0.00805729948062067  0.00832843479572461
  0.00858799021684516  0.00884566408752416  0.00909879601750539  0.00935706010894174
  0.00962407392897451  0.00990013066519804  0.01018580781270176  0.01047151007215475
  0.01075255347566275  0.01103766676163656  0.01133789166686818  0.01164944470486962
  0.01196398234164283  0.01227347532903639  0.01257079754828867  0.01286703793905312
  0.01316301236254609  0.01345542332533785  0.01374403560153160  0.01403975471268992
  0.01433996838635393  0.01464129514949679  0.01494374154598578  0.01523893289045857
  0.01553275031783822  0.01583004112923057  0.01615304650152162  0.01647976790901320
  0.01681609523091660  0.01715922576485949  0.01750320631821158  0.01784934545988128
  0.01819178749770068  0.01852696428847501  0.01885796896962268  0.01918204555897034
  0.01950318412097000  0.01984170725619823  0.02019177313617390  0.02055197327655277
  0.02091501852553918  0.02125712258921990  0.02161230109740466  0.02196897422125849
  0.02232828493067285  0.02268921357661763  0.02305777269305066  0.02342656538782519
  0.02379492348251764  0.02416784164561913  0.02454533704471194  0.02492860037069560
  0.02531418412881429  0.02567277832508760  0.02596651606093229  1.00000000000000000
 -0.00257970631544611  0.01030445118548537  0.02151490465487402  0.03389467025177398
  0.04611836559724804  0.05809434110009844  0.07001883344465040  0.08228890217201915
  0.09471709275104548  0.10693475435235936  0.11930008598171167  0.13194176117659220
  0.14500122053054762  0.15768253932533180  0.17000677769927564  0.18173809374407876
  0.19295371697634997  0.20459942241717205  0.21586738535712030  0.22682717779489858
  0.23703128207343457  0.24700672211423894  0.25729980985809053  0.26764608437428367
  0.27803033704140867  0.28842274254933276  0.29931326723086915  0.31082024183943202
  0.32242869056453083  0.33340187141916783  0.34384370396260661  0.35440801246603681
  0.36542259512850955  0.37642527476318294  0.38706430439911366  0.39779858746398561
  0.40886019201817314  0.41972711543229624  0.43003487250933486  0.43959869795306983
  0.44870627925511941  0.45783729200570311  0.46701696115214342  0.47664974235174790
  0.48658380320123262  0.49697885385212442  0.50777747338379720  0.51899412698207092
  0.53011038167493107  0.54078569906516805  0.55106663339291395  0.56148906155885714
  0.57193346025733638  0.58286637032533928  0.59378933535215839  0.60457243002521455
  0.61565420201253840  0.62734217698569616  0.63903346138460115  0.65073445480865533
  0.66026523266337678  0.67060626564387438  0.68025238524981557  0.68926226196591045
  0.69818451458712261  0.70738233974580011  0.71668493140324629  0.72579820467979206
  0.73514873967696337  0.74483686458737053  0.75497807219689794  0.76508766879449053
  0.77502287033482842  0.78490933953788700  0.79513260350302617  0.80550626695457750
  0.81579883740791714  0.82582113564088955  0.83568833364905626  0.84580608089846387
  0.85560486255082291  0.86492511457767174  0.87424050979099210  0.88412534308425350
  0.89435690536639767  0.90411227523522109  0.91418703894007658  0.92429822047027987
  0.93409239680286937  0.94360448608809622  0.95300368780646871  0.96273224689741932
  0.97233679784502292  0.98161980679703276  0.99094759048976067  1.00000000000000000
 -0.00196200598847114  0.00819232860451796  0.01725927276678857  0.02767641561376191
  0.03765394673652329  0.04817444850200031  0.05948990029758310  0.07149303189758559
  0.08287755348620235  0.09388358180690554  0.10490089144449866  0.11660856006385878
  0.12889117872295158  0.14068967415803468  0.15079666625390087  0.15996148790619472
  0.16982372193252793  0.18005948052315879  0.19044261840419316  0.20033574349421396
  0.21045826006306242  0.22164899975202768  0.23318659859152585  0.24433680597526092
  0.25506027685462723  0.26562169005970770  0.27645648832291803  0.28765509674367579
  0.29916657156083731  0.31044198256409550  0.32172808117125745  0.33282108556379597
  0.34384732532004020  0.35487121056556187  0.36529289297038126  0.37506848759011102
  0.38423132733447296  0.39340326219413618  0.40339038725258436  0.41407064420653444
  0.42488633671492271  0.43552325711987355  0.44566269279286569  0.45560574072995957
  0.46581457712013202  0.47576246509554798  0.48629313358919601  0.49725509149592151
  0.50831514398007405  0.51922260499340300  0.53017640495123330  0.54140718585111980
  0.55252347131305435  0.56350738575565318  0.57481034734074987  0.58618503317759629
  0.59748951098023140  0.60813073216330493  0.61849333485629854  0.62888373068051129
  0.63957645359703108  0.65024164214619473  0.66097740263848503  0.67152131060072362
  0.68121375334557621  0.69061311928788760  0.69992417546869579  0.70914221482857265
  0.71794443691862964  0.72709985559412704  0.73708798789978047  0.74723811757973224
  0.75709743312918454  0.76660278463894360  0.77688328910568005  0.78776188443236939
  0.79834447890769822  0.80838147670681659  0.81875777832455665  0.82994269690643474
  0.84130292638615933  0.85227503864730814  0.86271772746074016  0.87299404074631248
  0.88300517020724667  0.89281001755710832  0.90280902960150566  0.91273803215370364
  0.92298002393924949  0.93420228667265570  0.94481721730003310  0.95605333554978178
  0.96658791693038426  0.97746157534818690  0.98861216535905216  1.00000000000000000
 -0.00190624762598795  0.00750825382256981  0.01698787133670506  0.02672603260903998
  0.03739479215015827  0.04814308524106096  0.05907759580263628  0.06998295183554915
  0.08060417282825962  0.09077119713620578  0.10065040673066816  0.11084785304317538
  0.12168524399559155  0.13245597186638997  0.14317996410718462  0.15399503048236490
  0.16488559939757255  0.17601787313906256  0.18731306527265482  0.19850419230971578
  0.20983078989001763  0.22119983318533293  0.23222981020797401  0.24289230348537078
  0.25350635165605195  0.26486288600548558  0.27726406439454099  0.28927596090332025
  0.29981972618824321  0.30979737888661213  0.32030873945938204  0.33136752498469896
  0.34277508978372917  0.35423985308621686  0.36552958632472476  0.37677596827269022
  0.38803579872409028  0.39952533536611656  0.41159452747705616  0.42353788499172679
  0.43504511264127077  0.44575719506127420  0.45661413608885892  0.46807611561573431
  0.47925084450002686  0.48937843045133672  0.49868837140770839  0.50841954453417770
  0.51796609336596511  0.52734373432683634  0.53708440288539538  0.54742200407594421
  0.55770279733229233  0.56757297830158049  0.57730854518507368  0.58712384159792119
  0.59717804007262865  0.60806452519170873  0.61950053899636115  0.63042945209005785
  0.64072772618035001  0.65098661594004426  0.66128528102376793  0.67152775880015436
  0.68148166951242528  0.69148804066596170  0.70165832676347106  0.71228432652777163
  0.72339955050618587  0.73446200720204868  0.74528789985601185  0.75613320365370795
  0.76667855108516458  0.77677742316801979  0.78699129791510603  0.79816976712166376
  0.80960308554765914  0.82035337131207986  0.83090723642841691  0.84133656994740214
  0.85135355051117867  0.86122459287765651  0.87059165979123632  0.87969892488030899
  0.88923294542339304  0.89912023998321233  0.90905561496461840  0.91895938166117186
  0.92872394665622782  0.93777063815734296  0.94697315943499272  0.95600312490384864
  0.96597279953472837  0.97661267286519671  0.98770812146342635  1.00000000000000000
 -0.00223082146168337  0.00911656689894152  0.01890235945181125  0.02845400122727385
  0.03814960877803378  0.04792839103104775  0.05785196472843360  0.06801256279619414
  0.07842759358265794  0.08905466611377408  0.09956190402875398  0.11033541632682077
  0.12131057927702765  0.13222080436536340  0.14320978380309640  0.15382321773397806
  0.16428680047219280  0.17442707580529149  0.18444780444158915  0.19594267785092925
  0.20809761515206329  0.22020660179992180  0.23153505555577214  0.24156474658651017
  0.25123129376917303  0.26119117202470549  0.27185011876032172  0.28320146465618784
  0.29434432855500836  0.30573303518766076  0.31663777951716610  0.32805491562306516
  0.33858932710573225  0.34950224497003857  0.35968522169112532  0.36917794964812034
  0.37853444618463994  0.38831561317878882  0.39887898236154734  0.40959917076710306
  0.42042447456805332  0.43203453168685763  0.44323572641591213  0.45328438464462201
  0.46337175223846083  0.47362786559134018  0.48410926318457626  0.49426144093220481
  0.50451348598000390  0.51509282717370186  0.52548811634008541  0.53522569014725596
  0.54473141469466180  0.55462990455485806  0.56564972914333145  0.57722111737574211
  0.58827558914252520  0.59849350511651711  0.60894680915492982  0.61934450001144881
  0.62931767920692561  0.63946537452925567  0.65016114010994774  0.66113689439114476
  0.67212632590975629  0.68287010664868752  0.69351134372957735  0.70370159367771257
  0.71426943349274330  0.72473462740842831  0.73465427869134359  0.74363290331966936
  0.75272462826890352  0.76273084483440845  0.77336787159672982  0.78360541493557156
  0.79378152836421978  0.80422827793922380  0.81458783289101522  0.82457142394792748
  0.83505249578569229  0.84620141161564588  0.85750661635459879  0.86821115005176563
  0.87875052746242011  0.88889349077402791  0.89866307712398596  0.90858250555021991
  0.91970683616493698  0.93173541992330899  0.94363496735616914  0.95507972954984199
  0.96609460374400502  0.97708421294402381  0.98808044455845512  1.00000000000000000
 -0.00196968461158540  0.00848097348399746  0.01787236978645380  0.02799261526819845
  0.03860008267321168  0.04860387839283684  0.05845127424134090  0.06899664622996719
  0.08063280620568661  0.09249599160341131  0.10390420289124881  0.11549519266094661
  0.12715797685114621  0.13764329652348226  0.14801533464285266  0.15864728949172915
  0.16957637062500280  0.17960258018177144  0.18964737170373788  0.20045427020046078
  0.21183881247479650  0.22267126081788252  0.23373725813911422  0.24459095286465987
  0.25504500860069529  0.26516013921898784  0.27571248958621514  0.28678572751633297
  0.29832427444553417  0.30939955734065927  0.31994342248737012  0.33046396476876200
  0.34146999509037085  0.35300892542974466  0.36429938660403410  0.37528139020684831
  0.38626229854209226  0.39762120123654526  0.40928655731609076  0.42078690391089335
  0.43203253087800059  0.44308787510080649  0.45396718072449566  0.46500489300148246
  0.47637165230928652  0.48788445374167067  0.49929128967169850  0.50972405088413297
  0.51887256683481542  0.52783532674292633  0.53703903482593585  0.54639522650820627
  0.55529098694008727  0.56457903326450687  0.57465126479470563  0.58519416097389643
  0.59492448437871370  0.60428487192418701  0.61445291404492863  0.62582172113655432
  0.63573508520722499  0.64591135914609199  0.65610261048498697  0.66624358687521557
  0.67610100277200813  0.68551304828782678  0.69498977216859281  0.70376648275828679
  0.71327641899543648  0.72296668406296472  0.73306776132926332  0.74308196960530681
  0.75259913022609803  0.76247883091369051  0.77303663791115773  0.78421822041681200
  0.79563382430292828  0.80715726428988865  0.81827415367210432  0.83014012384559244
  0.84156856994740559  0.85287687678656643  0.86409568481767662  0.87472874405064760
  0.88466889941353133  0.89474102220463847  0.90479827795799639  0.91449881963857993
  0.92408239655142566  0.93404431841565372  0.94478251207647213  0.95578573035130843
  0.96644762811789009  0.97733438740752809  0.98805042526451115  1.00000000000000000
   3.0145591795597948E-019  -1.0000000000000000     
 F F F F F F F F F F F F F F F F F F F F F F F F F F F F F F F F F F F F F F F F F F F F F F F F F F F F F F F F F F F F F F F F F F F F F F F F F F F F F F F F F F F F F F F F F F F F F F F F F F F F F F F F F F F F F F F F F F F F F F F F F F F F F F F F
  <DiscreteSampler_grid>
  grouped_processes
  1 # 1 for a reference and 2 for a running grid.
  10 # Attribute 'min_bin_probing_points' of the grid.
  1 # Attribute 'grid_mode' of the grid. 1=='default',2=='initialization'
  0.0000000000000000 # Attribute 'small_contrib_threshold' of the grid.
  0.5000000000000000 # Attribute 'damping_power' of the grid.
 # binID   n_entries weight   weight_sqr   abs_weight
    25   10   6.684109201804914E-013   2.428845997886856E-024   6.684109201804914E-013
    28   10   3.456374416416404E-013   4.167583240138051E-025   3.456374416416404E-013
  </DiscreteSampler_grid>
