 -0.00000000916256274  0.00001035074931694  0.00007418416776687  0.00020614399409869
  0.00040608298887105  0.00068137770673073  0.00100229436970399  0.00140150400127277
  0.00186993927155471  0.00239330372619814  0.00292849972878595  0.00345749467214075
  0.00404612268926923  0.00465778925249262  0.00528435936972631  0.00592823320675077
  0.00662573659290578  0.00735986715611380  0.00806605613882136  0.00879296870189613
  0.00954963382106780  0.01032094482183829  0.01108471852446903  0.01194537940621116
  0.01280794670640651  0.01366471181122252  0.01453845802821924  0.01544034568932620
  0.01635854070531735  0.01728684731991249  0.01822532431673576  0.01916834354953830
  0.02015037088475818  0.02124001489509463  0.02234037890861660  0.02341343690883131
  0.02449625453025728  0.02558293307551158  0.02671709758695131  0.02788609334987039
  0.02905669927122977  0.03025918614516748  0.03145971151971085  0.03262099781624178
  0.03375986628034677  0.03491942198667385  0.03612224421744599  0.03731068570618551
  0.03849547687668341  0.03970147308614933  0.04092358814246478  0.04215101431826791
  0.04337741197709599  0.04462655095184750  0.04590500588565598  0.04722153216275446
  0.04856615815253558  0.04992755511559937  0.05129893616763526  0.05268137951931191
  0.05410614273707200  0.05557105502489400  0.05697888619798593  0.05838421424900072
  0.05982436277794442  0.06135423844397202  0.06297933002742225  0.06464094046938215
  0.06630046740201788  0.06797493246019165  0.06965959555300298  0.07137642390797432
  0.07314129041173338  0.07495018714801084  0.07677940461754618  0.07880214631373764
  0.08086083915240529  0.08316365198688482  0.08561226951052077  0.08806534396078713
  0.09059481785036415  0.09322329753949483  0.09602373926465643  0.09894884326634369
  0.10186159408229933  0.10526449723795701  0.10960156014712916  0.11442225926850377
  0.11980660976795759  0.12587357431099780  0.13271626377293624  0.14200897438613552
  0.15761140849532906  0.18918084543053434  0.32088318513984537  1.00000000000000000
  0.01006393621225776  0.01365056901190365  0.02108413776918477  0.02976973190761102
  0.03949904344805318  0.04994339025885784  0.06096035967292803  0.07263531876064597
  0.08421063446373719  0.09503241481131883  0.10573145829731462  0.11647020518572905
  0.12708268456383007  0.13765502735487903  0.14861396145774347  0.16014562513656488
  0.17170253489041426  0.18280020829887911  0.19355576452001286  0.20429300250479457
  0.21567260176895450  0.22756289115515643  0.23891742401099222  0.25009829205828132
  0.26169658294012038  0.27334066685993402  0.28503409021593384  0.29631208787692270
  0.30821195376079386  0.31909695319500742  0.32972767615976672  0.34038276223379654
  0.35051620311495291  0.36133134129822569  0.37216759071406857  0.38308704142952216
  0.39365914788901507  0.40356148833071154  0.41320633038771271  0.42316547946047089
  0.43345387058749790  0.44434836370606245  0.45523717568411404  0.46734368470318810
  0.47987297550280011  0.49173067589710717  0.50295744323250813  0.51367868976132036
  0.52389249971591911  0.53417736158174889  0.54458043339047646  0.55489248237393651
  0.56491515720510521  0.57500600998396290  0.58516503649282681  0.59546817509227135
  0.60557547170719628  0.61546119013363465  0.62540947869547658  0.63559215750623188
  0.64591905405050953  0.65495431725123376  0.66398940996425293  0.67275625840229536
  0.68148477446945144  0.69020744907588560  0.69874437595992567  0.70735927085146810
  0.71683831493993344  0.72672798841681474  0.73717335978101906  0.74793660370040604
  0.75821194996984409  0.76808297775944501  0.77813673801274519  0.78837574845250480
  0.79872086104967288  0.80923022389018306  0.82030665862362639  0.83213928605368082
  0.84406664331464887  0.85546083814857543  0.86606526396170447  0.87615643330904924
  0.88622747513249411  0.89648685493325719  0.90747120812625448  0.91870821193968921
  0.92939516298316560  0.93997854497483402  0.95099282561015508  0.96172800956754778
  0.97170709302003555  0.98223372474639103  0.99113953049875780  1.00000000000000000
 -0.00001988664508555  0.00023589839543928  0.00067346139324395  0.00136293273232482
  0.00226610567343113  0.00343964305782502  0.00477638343072910  0.00641530248575709
  0.00825057591658982  0.01040958675037021  0.01276425500381725  0.01513228443580288
  0.01766574964873434  0.02049745285052881  0.02337013326076963  0.02643398375919726
  0.02991238287104618  0.03353531651488817  0.03707085310950107  0.04055496674615734
  0.04409590565219999  0.04804204004230179  0.05245705297182499  0.05708231359055979
  0.06187967315272270  0.06692228602261431  0.07192818909955628  0.07679549589176204
  0.08168691085593628  0.08683851352095003  0.09245447981403747  0.09814191460230456
  0.10418346869987619  0.11014825554474583  0.11618191073180391  0.12224666638977771
  0.12824346906279022  0.13411351537514207  0.13995518456206640  0.14614228745388916
  0.15271852726592694  0.15937316209253771  0.16599971256791385  0.17256295577138303
  0.17901525887985362  0.18633434218345851  0.19377495568660219  0.20139434317093774
  0.20927497008869278  0.21719345024136749  0.22504214074257342  0.23301552151498667
  0.24105195364671642  0.24912363295088646  0.25740772003686940  0.26582674706465997
  0.27434379055933911  0.28306430018968226  0.29188215845418641  0.30065438523034427
  0.30938137543018057  0.31864650655173010  0.32772554918111502  0.33715425532029958
  0.34695673684303052  0.35705667819509401  0.36729130137183391  0.37751779777483274
  0.38818677688466724  0.39931969137900464  0.41033446279942765  0.42156490562903148
  0.43308477646550053  0.44486732480822128  0.45677780111195643  0.46860251552257437
  0.48034201768130491  0.49260528003793635  0.50473018511962175  0.51681255473193677
  0.52888572622960184  0.54100175302327713  0.55388690872367752  0.56662364808957788
  0.57906939148959846  0.59175181336199445  0.60474527817877144  0.61759364526130334
  0.62977610897243164  0.64184768400212611  0.65389449857276827  0.66578316342676525
  0.67763415184265186  0.68983162510861218  0.70226471443100902  1.00000000000000000
 -0.00320299569775550  0.01113375094073934  0.02332927286173029  0.03506323296567683
  0.04689972601571086  0.05903829366401990  0.07090784056468107  0.08284623200286227
  0.09498002657203389  0.10667317047898513  0.11737784590336356  0.12784030613021347
  0.13830833420956193  0.14891911204940939  0.15948204495215673  0.17052000823671198
  0.18210269919537866  0.19402145331050663  0.20637024313265159  0.21897892442231889
  0.23133120185249895  0.24279978368193972  0.25309238776700804  0.26249517564727487
  0.27200064732497459  0.28170579897758280  0.29119910926507275  0.30036637600888466
  0.30966237422681847  0.31909794909013245  0.32842146666082955  0.33787753265757348
  0.34745726338919081  0.35721870871552253  0.36746143122553410  0.37871525513244841
  0.39064451693618113  0.40078683962503864  0.40942387299702082  0.41828422390999304
  0.42708384432374724  0.43606383975520430  0.44488432013156554  0.45323991261732804
  0.46217554623095070  0.47240379199537463  0.48296626999965592  0.49396004364494739
  0.50475756598015364  0.51474238842947839  0.52509667971062002  0.53559198078967263
  0.54609286581028527  0.55645195714453610  0.56723459542480925  0.57875828656208184
  0.58995436226025444  0.60043978795375563  0.61054126510034745  0.62068253387370675
  0.63117538936540996  0.64186548725924197  0.65257086634750494  0.66320612070157325
  0.67333552709863354  0.68296175471975273  0.69242576722254257  0.70191799905486751
  0.71154757226179310  0.72122861249589454  0.73116107389474183  0.74170241388456848
  0.75219538891066784  0.76289409313838707  0.77318464130202613  0.78323641195979243
  0.79358831978553634  0.80420940108030947  0.81503230620470235  0.82550775974335244
  0.83651950089641858  0.84812606020738135  0.85950467801077224  0.87081337041709583
  0.88231263464835752  0.89381857881008608  0.90497862396561568  0.91608075516021581
  0.92771222604936332  0.93928184086706146  0.95023669672254008  0.96128010407380871
  0.97150186304599451  0.98163565234296402  0.99067302764926057  1.00000000000000000
 -0.00253224530967124  0.00913463990379490  0.01984861472867976  0.03040024184893648
  0.04146232561850668  0.05236990084435782  0.06330221503853410  0.07464597956194205
  0.08707846211494522  0.09988025632229312  0.11164234882436679  0.12225710901694903
  0.13213627745785600  0.14170720218976771  0.15122373858313923  0.16066558777534978
  0.17003607783088057  0.17899432112803959  0.18822167853464059  0.19834293487635002
  0.20840197010808273  0.21881428600291847  0.22945115647400049  0.24008353233937610
  0.25050644373514791  0.26065062389162424  0.27069810774896330  0.28090477159891686
  0.29140888808620380  0.30207750029140545  0.31276272068478866  0.32332598518292877
  0.33414065398606735  0.34501752763107246  0.35563174865312264  0.36572261676474649
  0.37563834429973936  0.38552632704418804  0.39565028734440100  0.40581454389407196
  0.41747573245520608  0.43153116539796149  0.44428917366920945  0.45567610841051903
  0.46665703287498295  0.47760836490674191  0.48869407340156534  0.49989277131362342
  0.51141007133599237  0.52203147290857410  0.53146784685760251  0.54094321289637137
  0.55034965824604209  0.55971505317156511  0.56909813332089676  0.57887011904959285
  0.58934117764850336  0.60035655820694678  0.61169295034259430  0.62337198902249158
  0.63517470598762604  0.64700862667245929  0.65862964175545624  0.66920359435894627
  0.67841807726414838  0.68709896183783781  0.69577233864869836  0.70457428845173142
  0.71393071698312105  0.72280554096333394  0.73297264258457773  0.74512889198343457
  0.75739090074377369  0.76934732155920571  0.78100659541483919  0.79282521519291993
  0.80470619553665967  0.81643989098330383  0.82728227882261052  0.83725949948667899
  0.84704078477732436  0.85729582805336879  0.86866760257505760  0.88020451780829945
  0.89123544518721654  0.90185537736224808  0.91222096603112224  0.92233639420932412
  0.93222510426946170  0.94221298558670752  0.95248642051031418  0.96259921189781161
  0.97243575130155180  0.98201230594403688  0.99119222155374032  1.00000000000000000
 -0.00313100398238963  0.01089949513567054  0.02281793527849881  0.03459339982494624
  0.04615798277138800  0.05769934246395379  0.06938397720657971  0.08104512921702862
  0.09252017724724330  0.10382861588135144  0.11495396646717930  0.12572453460585811
  0.13612668344284559  0.14658499129468666  0.15702233676880387  0.16741129362790227
  0.17789265983045904  0.18820124227153140  0.19785993519308234  0.20726229883146546
  0.21715754629216194  0.22750606418124980  0.23784255024536663  0.24792105064585629
  0.25766205792959695  0.26719114288867907  0.27674454765536777  0.28634866619481603
  0.29600329123529739  0.30531735245262048  0.31569063667332231  0.32790043120495194
  0.33921615375408382  0.35032346891718735  0.36091220460582407  0.37135594031845076
  0.38143290705098759  0.39163219895062984  0.40249103713572598  0.41346313588241362
  0.42346471640655919  0.43316634013168959  0.44294492111388417  0.45296644441598605
  0.46322304596518027  0.47377990199964476  0.48556230311300724  0.49792392752367337
  0.50859914295002506  0.51881428814691011  0.52844638921879883  0.53826973519468535
  0.54807085082761897  0.55775007843644464  0.56761721140195176  0.57785445768964472
  0.58890058215070118  0.60112765286061187  0.61126115170015838  0.62109147892275851
  0.63148848298942795  0.64192472535455358  0.65148439591203755  0.66038225837646802
  0.66982420610330007  0.68055723770632015  0.69082562418067495  0.70046586024583002
  0.71041101225271719  0.72085136036238517  0.73105453011243082  0.74068241424746462
  0.75053717916130536  0.76027053704042191  0.77052062727340409  0.78103575699914718
  0.79142637307609576  0.80156671448926631  0.81181196843630710  0.82306570117118272
  0.83392281477561503  0.84475378846017291  0.85573958703694575  0.86887229098267094
  0.88056848210322824  0.89120572878157522  0.90191670890543474  0.91338500584291460
  0.92481052845642786  0.93608189175164858  0.94666904390457329  0.95728619696712713
  0.96769487384903119  0.97823728019302236  0.98891652517100437  1.00000000000000000
 -0.00210950365936223  0.00788957956187161  0.01741267340601983  0.02772446358937279
  0.03837112741905105  0.04784005651332612  0.05684734455906627  0.06665443614138858
  0.07746316642376813  0.08874963940932178  0.10056280707773223  0.11236679139931717
  0.12399211145286528  0.13475597841104495  0.14564974397729011  0.15675671746323322
  0.16756495984156469  0.17807135588266113  0.18861053306265288  0.19967923368692242
  0.21065414790537795  0.22158775098839237  0.23280720145113495  0.24414460048056422
  0.25563550443262256  0.26715768770366483  0.27846693031029224  0.28918721964161087
  0.29915423492292631  0.30894755549323694  0.31912285518641936  0.32976809205340341
  0.34053209535584195  0.35077393127734091  0.36150320320682561  0.37270882926444904
  0.38374509345613245  0.39443363448483787  0.40471156230651489  0.41488703633208346
  0.42489016976728544  0.43475598663262449  0.44487503037144738  0.45524478834490395
  0.46506317547273668  0.47455197354537942  0.48434151152329991  0.49476464685014054
  0.50499538246310405  0.51520646054227182  0.52571191880567336  0.53673486531834558
  0.54731889780272458  0.55827772769953288  0.57036719295921356  0.58283131724926485
  0.59361388132280002  0.60406883906469333  0.61382970726593478  0.62339005786761059
  0.63254637309795425  0.64186627489528580  0.65130345143690382  0.66155884695623290
  0.67162525528420736  0.68319918714046801  0.69573056250807419  0.70839633785874290
  0.72067104543946414  0.73215412955719483  0.74281611514713219  0.75337304377120817
  0.76384131418620449  0.77397282458474781  0.78369805445979734  0.79356682153307223
  0.80361736044752052  0.81346167599848129  0.82325165663697575  0.83280915276989786
  0.84303630581968214  0.85322399082518585  0.86341948876012620  0.87390632750126773
  0.88521306554198598  0.89603380039181768  0.90724834251350661  0.91862662497281633
  0.93042962829172549  0.94197341981519656  0.95327336847267430  0.96288151637888986
  0.97190470764371706  0.98126891242591052  0.99063235622486367  1.00000000000000000
 -0.00221057530866166  0.00898971809393685  0.01834543661947846  0.02854371091988664
  0.03843355056216438  0.04886840235505759  0.05989025093562267  0.07013170467822752
  0.07967063931918972  0.08921095746406478  0.09889881068322486  0.10805388892541583
  0.11753777974396257  0.12788470641478222  0.14042419000024492  0.15179204973608018
  0.16199466232745896  0.17236460018239252  0.18329485825268849  0.19444474944526643
  0.20542318076224836  0.21687736574757427  0.22923930243645477  0.24001845715006637
  0.25129576505052048  0.26372851107952233  0.27443573261836102  0.28437142643398394
  0.29401230332953249  0.30404189653056651  0.31411566888269682  0.32409932596047447
  0.33367593188285338  0.34300465877985797  0.35247521113525132  0.36196124597950002
  0.37183887341474076  0.38159735312804677  0.39136076422374033  0.40099360600426115
  0.41104298625882441  0.42103809679809689  0.43109297829643672  0.44172928518070081
  0.45268868737683515  0.46353192853664771  0.47416071135968252  0.48465843076150689
  0.49542368709061840  0.50652571601908447  0.51804225034266538  0.52914956081093656
  0.53977747676103160  0.54993814511312578  0.55992477199177348  0.56995508940181239
  0.57975042113883701  0.58951096102041856  0.59928380911781420  0.60882816863575373
  0.61913584287908174  0.62890664631100490  0.63843871196694046  0.64816909403336620
  0.65834407869618405  0.66860112513557479  0.67883704883060125  0.68935303751300570
  0.70000094406134139  0.71005379486627118  0.71931635000083904  0.72878896562139983
  0.73847208053738778  0.74858166584210839  0.75885801210466419  0.76943427392325758
  0.78094651127499914  0.79243936606180931  0.80399297776421552  0.81535466100548670
  0.82708365892150471  0.83940522714242072  0.85207739869482080  0.86386714693248401
  0.87462524815313691  0.88554205936892838  0.89669092190438981  0.90836435102262159
  0.92053083594384655  0.93339016344776471  0.94549733621388610  0.95671260784147694
  0.96749929944304025  0.97838779747186233  0.98908210995830459  1.00000000000000000
   5.9569757956418969E-015  -1.0000000000000000     
 F F F F F F F F F F F F F F F F F F F F F F F F F F F F F F F F F F F F F F F F F F F F F F F F F F F F F F F F F F F F F F F F F F F F F F F F F F F F F F F F F F F F F F F F F F F F F F F F F F F F F F F F F F F F F F F F F F F F F F F F F F F F F F F F
  <DiscreteSampler_grid>
  grouped_processes
  1 # 1 for a reference and 2 for a running grid.
  10 # Attribute 'min_bin_probing_points' of the grid.
  1 # Attribute 'grid_mode' of the grid. 1=='default',2=='initialization'
  0.0000000000000000 # Attribute 'small_contrib_threshold' of the grid.
  0.5000000000000000 # Attribute 'damping_power' of the grid.
 # binID   n_entries weight   weight_sqr   abs_weight
    25   10   4.181825431851477E-010   2.724941283997194E-019   4.181825431851477E-010
    43   10   2.443826945646063E-010   8.440191115950619E-020   2.443826945646063E-010
  </DiscreteSampler_grid>
