 -0.00000000400350620  0.00000168873618704  0.00001152736354363  0.00003186461214687
  0.00006177808510292  0.00010342906343905  0.00015314160183613  0.00021432985725034
  0.00028493272683050  0.00035945552527649  0.00043550150915231  0.00052296871996794
  0.00061487028290135  0.00070777207333568  0.00080472089828626  0.00090960786347599
  0.00101749342663093  0.00113239766841462  0.00124236904416030  0.00135810915041642
  0.00148180563378472  0.00160912009368304  0.00174071642723442  0.00188351026213686
  0.00202662376219555  0.00216965161363899  0.00231465888116560  0.00245890890259373
  0.00259889089142735  0.00274108923022573  0.00288389463274649  0.00303671518825280
  0.00319088528710841  0.00334508294927948  0.00349888595627240  0.00365598344895919
  0.00381516754740203  0.00397782068825948  0.00414813719286367  0.00431449018367931
  0.00448040285721021  0.00464706690053257  0.00480905208422194  0.00497314943368908
  0.00516430840112818  0.00535766896014709  0.00554958835073166  0.00574449529050425
  0.00593992491119493  0.00613366904184928  0.00632516290491013  0.00651498070869469
  0.00670496586749053  0.00689513422344246  0.00708467179559833  0.00727316967474934
  0.00746101976390302  0.00764919866668236  0.00783568389645524  0.00802297212157756
  0.00821406464979503  0.00840805477009224  0.00860378994481015  0.00881574163550115
  0.00902112170374039  0.00922246370653306  0.00942044105347205  0.00961259599973407
  0.00980138440212092  0.00998812728165720  0.01017357496646577  0.01035967586156811
  0.01053931792248261  0.01071534295190753  0.01089258260740043  0.01109788445892783
  0.01130135023931615  0.01151212361012755  0.01174134214681652  0.01197391597619648
  0.01222014738629939  0.01248134702916335  0.01275431062713593  0.01308859476066566
  0.01347870713386401  0.01400611975188734  0.01506342601936186  0.01666760332839556
  0.01799270109375497  0.01917230985097005  0.02096089466141704  0.02285372046371268
  0.02569467479154544  0.03186194433519528  0.05063883422650483  1.00000000000000000
  0.00958026369123380  0.01547246634376581  0.02477983342824195  0.03558003821419206
  0.04611924882150697  0.05629469097321627  0.06707934807738355  0.07858763111773633
  0.09017765054937540  0.10157173307496092  0.11228267898539433  0.12250195164901458
  0.13283432440754767  0.14375422447716077  0.15467916424480338  0.16554514254855740
  0.17573182577504964  0.18573682063788977  0.19539523394784791  0.20497122708948770
  0.21499759773403318  0.22469785749216964  0.23418177749275890  0.24381703441904359
  0.25314130012310532  0.26222638460785780  0.27115852700574300  0.28082800375142014
  0.28995654009481325  0.30028914159754255  0.31049540516984819  0.32070325417437329
  0.33079108287401882  0.34060138471578066  0.35046883249293603  0.36031047320412196
  0.37000159978191033  0.37984391945158846  0.39033615239399855  0.40086120606989678
  0.41163352110545870  0.42257753398996389  0.43409963039299920  0.44562243664909290
  0.45667038998509374  0.46732551556219598  0.47769456585337122  0.48788640315450993
  0.49792106472934877  0.50808976606663758  0.51844598943734188  0.52955221331418867
  0.54131192988987975  0.55322968854463139  0.56491582605113599  0.57621106687407186
  0.58816850178300306  0.60009298519084553  0.61125614330018174  0.62155347472437317
  0.63199830683861702  0.64258602188498104  0.65308691975626021  0.66369169935977990
  0.67421570477096826  0.68485119835644559  0.69536546072269512  0.70618518611698666
  0.71779429193821220  0.72951383389803759  0.74102854870451962  0.75173464447844385
  0.76133908438195996  0.77043615279973809  0.77964222686801365  0.78918440860123906
  0.79895822825669915  0.80856704724056494  0.81865920677381787  0.82972013754075191
  0.84087856715520781  0.85199850225754914  0.86347193304119030  0.87495627669362419
  0.88665898225562134  0.89767143887549072  0.90902144009143770  0.92016061581832587
  0.93102768298102179  0.94135883182515345  0.95142269410585989  0.96175848902702021
  0.97194086033717009  0.98220754671709887  0.99109404223630093  1.00000000000000000
 -0.00002151877216704  0.00025912743216633  0.00073401298096687  0.00149667438007962
  0.00252528965151780  0.00383955056219840  0.00546958241905752  0.00740934810974870
  0.00951625433096794  0.01190340622879960  0.01441091257087827  0.01710431395502082
  0.01995133234965186  0.02272040871433719  0.02565439358348471  0.02876706194297412
  0.03213953032260278  0.03580493528146247  0.03979835827569570  0.04401886768116667
  0.04835116194149544  0.05253733270798211  0.05659917133657710  0.06083042139230556
  0.06519743002351069  0.06986923605863900  0.07476218525664931  0.07984654947568923
  0.08502761490487257  0.09031277941552393  0.09571141746351366  0.10169271619133902
  0.10792928677239769  0.11415334631513439  0.12052190926777601  0.12708322609235334
  0.13354655096479623  0.14012317352749054  0.14707835428937119  0.15412223280774678
  0.16129284752270115  0.16880101640866876  0.17651821965989647  0.18452372065542791
  0.19376920703508113  0.20220101068747903  0.21052963043096334  0.21880610323984104
  0.22759400648677547  0.23657966744506198  0.24570594380475858  0.25468366367016865
  0.26344744301257206  0.27240162315034233  0.28193398016252141  0.29196703127405615
  0.30213870784054286  0.31242032147754561  0.32306764813906103  0.33347024184726537
  0.34504979300615884  0.35766116653186614  0.37048733576789761  0.38345912843955082
  0.39851806538238599  0.41310463210182763  0.42771344975618580  0.44265713740820067
  0.45777212229416303  0.47283184273478868  0.48822289801296342  0.50398675222019995
  0.51975028803070511  0.53546814265839415  0.55136001595074091  0.56762191227455971
  0.58384818191865129  0.60070404180001979  0.61860114510401565  0.63696498213292152
  0.65534886760390454  0.67364843178376221  0.69203689186969530  0.71066791882143932
  0.73023421814108869  0.75039220060984879  0.77088217093017386  0.79195839445117644
  0.81397436018486380  0.83703163847698014  0.86020039733543641  0.88307855250508804
  0.90861777642033204  0.93540717650363492  0.95894825380940640  1.00000000000000000
 -0.00299689843766287  0.01085563449245327  0.02223127242378117  0.03290932984962953
  0.04384655296737106  0.05424340830108836  0.06481414900917071  0.07510337497703702
  0.08529430491316549  0.09564891907876227  0.10630184779886470  0.11688081777315459
  0.12732021309613364  0.13779361455318387  0.14883173663305466  0.16059017840320775
  0.17233826319516043  0.18402598683105520  0.19555430549895039  0.20667620900880423
  0.21725878508663235  0.22793835685427738  0.23944951787591212  0.25128457819104888
  0.26294252282937797  0.27499667362590868  0.28730600403916007  0.29927996163241294
  0.31118681929735309  0.32355336085044439  0.33627510082888395  0.34858924689780285
  0.35993600795325503  0.37056279513684770  0.38111924563930388  0.39191520307197564
  0.40243131458368220  0.41244996351923530  0.42232345225234513  0.43222462662189026
  0.44215970422647249  0.45201775071747857  0.46229204988277861  0.47348381860581684
  0.48550715424013957  0.49896154943667376  0.51167865272211688  0.52370157498685077
  0.53351361285224619  0.54367178691173035  0.55407374739585646  0.56477592131742993
  0.57487841374343074  0.58473630513332120  0.59429182338590980  0.60364906805033147
  0.61307980829904185  0.62242902587668814  0.63190015047449299  0.64153020192069654
  0.65189418518486242  0.66306095558183109  0.67370008109581758  0.68412482578279787
  0.69472223694418966  0.70553338693064560  0.71568519136639153  0.72567031954060834
  0.73564283804155672  0.74629837550028388  0.75669431235332696  0.76720547583188359
  0.77767930946459285  0.78750868425143061  0.79816451878952988  0.80890537295726406
  0.81907135057576741  0.82921841232975080  0.83968947724526077  0.85029273922843340
  0.86062790347724405  0.87086502218872486  0.88091217817895773  0.89127282137742825
  0.90137112625519022  0.91134233140644560  0.92081960712498290  0.92975413583008093
  0.93841404836508113  0.94687805332606600  0.95535375627187036  0.96397506215977358
  0.97260636900541253  0.98141903757135540  0.99043404159547244  1.00000000000000000
 -0.00195651465377943  0.00786038478864376  0.01644736550753059  0.02555292015060230
  0.03508576043023186  0.04510063250594872  0.05650875317465203  0.06747751116617928
  0.07825930249589372  0.08979151197743226  0.10308310138373135  0.11561715287314547
  0.12745230232535606  0.13830826806126253  0.14903339251664408  0.15978370228956476
  0.17049081973686958  0.18061104370824244  0.19043024237979972  0.19993498080744493
  0.20961857431269806  0.22016441560267694  0.23067377492062952  0.24111890167115338
  0.25150925506633520  0.26299501560523342  0.27453401122435683  0.28629631240323195
  0.29765883164331775  0.30871119003821335  0.31925446936287349  0.33012356699742623
  0.34022743040183939  0.35053347087293535  0.36071161526625434  0.37111764592824836
  0.38114951859120361  0.39076562306079693  0.40087208817995174  0.41101018162735276
  0.42126752700340253  0.43146161002984962  0.44160001917085318  0.45180520557613885
  0.46186497869893367  0.47135034371802215  0.48066575173647208  0.49031910919318400
  0.50036278725264882  0.51062403686786439  0.52089503979513863  0.53123319340587527
  0.54181290061511089  0.55206722008939857  0.56186829127398963  0.57176891290582332
  0.58185676537206621  0.59213493923355387  0.60244065301101613  0.61346457060799209
  0.62465990148101125  0.63527459101963368  0.64589706289832727  0.65690802474385857
  0.66807771331114818  0.67868670814034060  0.68909882544213008  0.69950291567622969
  0.71073772272763180  0.72190148195165382  0.73231856375008342  0.74219122866303411
  0.75236615906308324  0.76318228776244379  0.77383171082195257  0.78416609235701251
  0.79454544254878101  0.80525620904944450  0.81651641753732529  0.82860356320988604
  0.84065578799914442  0.85221882421582129  0.86351787921345491  0.87459040388360454
  0.88572281171284761  0.89649710598542798  0.90706864348530858  0.91748198100803235
  0.92745048965750687  0.93707740094345326  0.94721578690752706  0.95730235746937753
  0.96767049248777171  0.97779388620774643  0.98869064801586548  1.00000000000000000
 -0.00239168297463272  0.00903354046727820  0.01907953308402423  0.03033783492676840
  0.04170535365678397  0.05279224426642853  0.06367065456508889  0.07459391000069467
  0.08548776220909718  0.09561084869543382  0.10524870740694602  0.11480495507886447
  0.12421388525822677  0.13493751182405259  0.14540566450657497  0.15655344799054785
  0.16767819397106443  0.17908961596967568  0.19051774602580002  0.20166568129148624
  0.21224366351157928  0.22224966886473982  0.23179225388003255  0.24118509458130472
  0.25080395580887127  0.26056019844629641  0.27030451643558501  0.28023158229954204
  0.29008035134100729  0.30030061207866471  0.31122314616764735  0.32289551567172387
  0.33484912915339882  0.34644593053323491  0.35773416407349479  0.36813132811471388
  0.37834358301776105  0.38800615547817735  0.39756887598251012  0.40720426723632386
  0.41745137150828804  0.42814783191030198  0.43873758515896083  0.44888267558214667
  0.45958312734193729  0.47029832162332619  0.48105328068528619  0.49147996996804194
  0.50228096993797933  0.51320361102327783  0.52410826870848992  0.53406013593800339
  0.54416280086886637  0.55416285989532443  0.56462657812362282  0.57521169220485413
  0.58569810221495155  0.59581427470402126  0.60568020711899762  0.61539800193048300
  0.62502543954490986  0.63465561524430858  0.64445258094904267  0.65472604641714771
  0.66525718787620358  0.67617909456161973  0.68762750248421745  0.69936191304624862
  0.71110578155633974  0.72272431091835065  0.73370988245520508  0.74424852790639728
  0.75482549200792215  0.76535389273629117  0.77557146997277659  0.78550281237415065
  0.79605003820772990  0.80723621766822062  0.81792583218329085  0.82820407418184128
  0.83875293717874377  0.84966813652515560  0.86106404279510984  0.87318505239737720
  0.88595823172321519  0.89862289066333900  0.91084977581668469  0.92097882588959612
  0.93056080108251749  0.94000317714050197  0.95010753127314584  0.96026875670659539
  0.96989050199633076  0.97915923393173943  0.98952600549228209  1.00000000000000000
 -0.00224779307381682  0.00848337561512115  0.01821401521810648  0.02784037875535703
  0.03755622255287679  0.04730829892680580  0.05725309108334665  0.06752762256587358
  0.07812403029839438  0.08893478484723864  0.10002762074600513  0.11112924762768936
  0.12227505047425451  0.13319728036829159  0.14394258967409945  0.15428892115364060
  0.16466932077374200  0.17538025920577224  0.18637373744346916  0.19696366765496556
  0.20754755683396614  0.21813454164711987  0.22884457284637860  0.23917487834426238
  0.24932583105337533  0.25891447753102803  0.26855498846726766  0.27852774522435969
  0.28853167288358728  0.29857161973963542  0.30891326438904532  0.32032599743081785
  0.33260766324779523  0.34454094089957232  0.35665742235634362  0.36932653573296659
  0.38127397216797743  0.39219879299462812  0.40247460682535435  0.41238655508854194
  0.42221864054692121  0.43190974817506872  0.44183610409536944  0.45233204480223904
  0.46241153003869884  0.47173115772544005  0.48136281939308340  0.49126701645119897
  0.50136109151019859  0.51175833694610162  0.52297968044946952  0.53567174313738075
  0.54844522794981998  0.55993146170725483  0.57092134063058220  0.58126026352286075
  0.59177000874491026  0.60199379234193318  0.61193198899788614  0.62161271697153642
  0.63143664309200054  0.64131611657740772  0.65139247379691978  0.66188830747703820
  0.67324433427807040  0.68558727169929090  0.69722181423198426  0.70827931052620519
  0.71851028575264142  0.72814030628514326  0.73794039366573727  0.74796548141063357
  0.75833189111077981  0.76856887904190341  0.77883741085272140  0.78920863298642763
  0.79968657398277854  0.81042797858539006  0.82132205454238050  0.83206773449982152
  0.84318620112777010  0.85415754710088587  0.86548635358664472  0.87649322686352316
  0.88693873651736210  0.89714442090635982  0.90657738064332982  0.91608709902263186
  0.92519182744942630  0.93458882624470996  0.94423649097744933  0.95415130158646744
  0.96438504234196409  0.97504459729136439  0.98665979345478383  1.00000000000000000
 -0.00219566941919696  0.00919528269268949  0.01886426299843528  0.02904842647408422
  0.03942228668854082  0.05006460850984555  0.06140437268738549  0.07264454469278731
  0.08368807235219652  0.09449832070423715  0.10532522073159183  0.11538171799283045
  0.12546016201958360  0.13542610687700379  0.14549391586154720  0.15550984400059517
  0.16585938902868938  0.17616141742344796  0.18622912112577406  0.19675976760182620
  0.20720916276966314  0.21772907055420132  0.22785651498492321  0.23803577803314074
  0.24875617609033021  0.25987221484367140  0.27074074379629365  0.28069955639077582
  0.29068205475459646  0.30129820729228413  0.31210009105790004  0.32226335171780557
  0.33240719518497169  0.34280896688661533  0.35319689307980406  0.36349204664317958
  0.37363767655483071  0.38371819534839302  0.39368055731706192  0.40407057187516088
  0.41490466255493441  0.42569181987829074  0.43626273333611199  0.44686443184186903
  0.45785509161980459  0.46927351202113560  0.48081541344069290  0.49200805974109474
  0.50310860520945710  0.51421327881176204  0.52475108484698552  0.53455509218962582
  0.54462665475465399  0.55505892835312365  0.56554546368186687  0.57607077392223349
  0.58665377787012929  0.59731776582504714  0.60773201683491096  0.61799462992485865
  0.62849646223999234  0.63906894616075771  0.64975598372680632  0.66061392717867073
  0.67158267264644322  0.68272429443028271  0.69399799410577412  0.70533346980964218
  0.71631576594156821  0.72701812911447516  0.73784778801874429  0.74896850146678007
  0.75977397511508393  0.77029304503380713  0.78129383301787014  0.79260778544257326
  0.80406239247518485  0.81620213791430152  0.82785781488315158  0.83843480421165817
  0.84854423554450331  0.85898371149907915  0.86965399584961089  0.87989758068885593
  0.88961852223818783  0.89973995008068852  0.91049771500855003  0.92089983066566705
  0.93073329599960009  0.94043962207497100  0.95063945936059102  0.96108251883605855
  0.97131345086347987  0.98111691508967946  0.99046133734599195  1.00000000000000000
   1.4747552431219340E-013  -1.0000000000000000     
 F F F F F F F F F F F F F F F F F F F F F F F F F F F F F F F F F F F F F F F F F F F F F F F F F F F F F F F F F F F F F F F F F F F F F F F F F F F F F F F F F F F F F F F F F F F F F F F F F F F F F F F F F F F F F F F F F F F F F F F F F F F F F F F F
  <DiscreteSampler_grid>
  grouped_processes
  1 # 1 for a reference and 2 for a running grid.
  10 # Attribute 'min_bin_probing_points' of the grid.
  1 # Attribute 'grid_mode' of the grid. 1=='default',2=='initialization'
  0.0000000000000000 # Attribute 'small_contrib_threshold' of the grid.
  0.5000000000000000 # Attribute 'damping_power' of the grid.
 # binID   n_entries weight   weight_sqr   abs_weight
    19   10   2.129931057349368E-007   1.161631544579579E-013   2.129931057349368E-007
    22   10   1.461779932795809E-007   8.514968825800823E-014   1.461779932795809E-007
  </DiscreteSampler_grid>
