 -0.00000034273659181  0.00001302010915919  0.00005380115459871  0.00010970351160793
  0.00018383107767055  0.00026721721833574  0.00035655325768858  0.00045388272205308
  0.00056196317956352  0.00067040535427510  0.00078554065951800  0.00090591400196962
  0.00102955840591426  0.00115462957278341  0.00128311431186324  0.00142149452062244
  0.00156268356898541  0.00169698932000967  0.00182977576069191  0.00196963314876361
  0.00211135563757860  0.00226166069024627  0.00242230906034086  0.00258622449680887
  0.00274563331994839  0.00289978014667487  0.00305762584239840  0.00321668873541133
  0.00337326580279725  0.00353263888042895  0.00368604049050277  0.00384181346438535
  0.00400553902182207  0.00417859529898919  0.00434866064735756  0.00452861375702339
  0.00470802662025683  0.00487941313358884  0.00505550868444961  0.00523374553049772
  0.00540756236317080  0.00557992348093352  0.00575411478570243  0.00592640627704536
  0.00609562410371546  0.00626645226419737  0.00644019951256453  0.00661516790814164
  0.00678850334539802  0.00695737469979014  0.00712052715078226  0.00728236675660839
  0.00743993788668401  0.00761301417980833  0.00778926645752278  0.00797218570097072
  0.00815046023718678  0.00831993793431800  0.00848846873504914  0.00866394011905705
  0.00884348529785452  0.00901438306151336  0.00918116432754946  0.00934806084133958
  0.00951405226428911  0.00967652965662177  0.00983380023111719  0.00998811259745195
  0.01014211564600686  0.01029632275874884  0.01045341754278214  0.01060092268460823
  0.01074266491184767  0.01088585152451765  0.01103651423939349  0.01120023242570659
  0.01137796358196835  0.01155936701992934  0.01174325394512107  0.01192847237388651
  0.01212008125372853  0.01232188570682864  0.01253802074763606  0.01277553049031483
  0.01306120009558886  0.01340697874929610  0.01390967081196696  0.01519394431021005
  0.01699341500325203  0.01834018382778252  0.01972245791919777  0.02148018318935080
  0.02397543208504249  0.02989542575889655  0.05180667002737665  1.00000000000000000
  0.00949192784859978  0.01624479981818733  0.02622328337853869  0.03639330655014716
  0.04647309848576105  0.05688723760013575  0.06737817137181901  0.07821720291800939
  0.08951137861455381  0.10100699440355501  0.11248761693630835  0.12358162103587771
  0.13499948648137819  0.14648554666485467  0.15783589503364251  0.16832106059984855
  0.17806877945696351  0.18791823108165351  0.19809119335592995  0.20858090223651427
  0.21863947692294772  0.22870121141352615  0.23920671165151927  0.24989695616745233
  0.26051861074504545  0.27110502053059771  0.28171516759105530  0.29223020335251565
  0.30244406308087679  0.31259377892996881  0.32298548965590140  0.33319266544098614
  0.34339263378111862  0.35307811032147274  0.36328789886621032  0.37340621512788541
  0.38421428149192755  0.39478402003667118  0.40480677675609644  0.41459312687650846
  0.42492604525605671  0.43545955452180496  0.44527700156841171  0.45476685848148363
  0.46479242029431705  0.47493089504742048  0.48543919196459789  0.49641257817614221
  0.50748225278538894  0.51832873350439779  0.52890689862223406  0.53933344831811514
  0.54968228859612855  0.56010414736317982  0.57058526577617719  0.58134880639757291
  0.59177424342797669  0.60200180225909972  0.61229520490343270  0.62272719733028425
  0.63292022600915843  0.64302560411200560  0.65365756193377966  0.66461966135499750
  0.67513065568649577  0.68525908198815288  0.69505291438456684  0.70533689867832405
  0.71554847086972428  0.72558981156509084  0.73540991647004250  0.74528932803599113
  0.75546119513491283  0.76612607783166964  0.77649744381814556  0.78597744244585033
  0.79511955420925562  0.80408357517727291  0.81345174596055991  0.82307142230982477
  0.83302418211033014  0.84340838456733314  0.85400320488401471  0.86449661132430644
  0.87489518897097873  0.88554539072076022  0.89639448385019094  0.90720558125770911
  0.91784615194205954  0.92827782275092352  0.93884030438641852  0.94991577024725071
  0.96109338378995857  0.97203045974526303  0.98284107353409722  1.00000000000000000
 -0.00163593711882917  0.00655781659806194  0.01473944857405633  0.02285361210229823
  0.03164140499767196  0.04044524692439069  0.04922488816618435  0.05816346573181998
  0.06707060941953323  0.07648832074343302  0.08558169617981409  0.09374415199800246
  0.10158944717550766  0.10946371777189058  0.11781013529119912  0.12614068006675375
  0.13469335295030904  0.14316456537787134  0.15223050756481171  0.16153195212682930
  0.17047308102492667  0.17936479614963691  0.18834391878153053  0.19731304551375484
  0.20622401378826000  0.21529132133914713  0.22440083557577886  0.23339348903701815
  0.24236451457082403  0.25167099520354985  0.26111481026948963  0.27046146984311764
  0.27966219037910772  0.28900043953223703  0.29864344073128529  0.30845767685016057
  0.31835882195199489  0.32824354064974248  0.33777019881946568  0.34697708399863497
  0.35587377721065400  0.36482763683299940  0.37415759695454381  0.38358035935084328
  0.39308105496266094  0.40236077333346593  0.41151769068543109  0.42088406596331451
  0.43013391800030254  0.43962939176886717  0.44909786290019699  0.45884353149330720
  0.46944370066709273  0.48020647849042425  0.49075606190752896  0.50101756078107906
  0.51137851795288070  0.52216543046516017  0.53366382226003284  0.54546392161309265
  0.55677322400690954  0.56741607668405603  0.57781913432319176  0.58845323428613672
  0.59944222088522259  0.61082757268301380  0.62270664887631955  0.63482004981150131
  0.64708694462898031  0.65951201690047634  0.67185997619376403  0.68417173237210960
  0.69636975138372459  0.70815022759270696  0.71988058431404722  0.73194278441855076
  0.74470412580361534  0.75772347024132802  0.77062575212801354  0.78375689837858797
  0.79665088781271087  0.80928862551705616  0.82218436819899887  0.83503206536516716
  0.84743670919345759  0.85982970656450863  0.87279017799765235  0.88646236342493179
  0.90031956845815331  0.91380126448600885  0.92765723122616917  0.94165879067629621
  0.95581538492845664  0.97055623613623565  0.98532220488235722  1.00000000000000000
 -0.00207028968849285  0.00882689839948435  0.01818009384292641  0.02813501509424281
  0.03810126382187190  0.04852726499104483  0.05914742925626663  0.07013339984298628
  0.08090836687381103  0.09114779374174260  0.10140464496050031  0.11208921810944061
  0.12327515409012221  0.13390057106634615  0.14421877529798144  0.15520052946110233
  0.16631645738138434  0.17764683434127687  0.18841236805356362  0.19927195719102764
  0.20975330409267412  0.22016193261735212  0.23079071017176947  0.24145639433662247
  0.25178268712756585  0.26178448748860284  0.27208644539932936  0.28245255263779134
  0.29284735094561654  0.30318169590927130  0.31357426905005958  0.32375414061340629
  0.33355100644242514  0.34337624433090363  0.35362472855656590  0.36385655565541480
  0.37364247582575061  0.38319381460873048  0.39312560127162943  0.40365965440367635
  0.41433650421984081  0.42464084923258316  0.43474252387194373  0.44468428700873180
  0.45500997028679890  0.46560438178423830  0.47584053103753349  0.48585879909774354
  0.49610234717941831  0.50689801980938387  0.51802810267016941  0.52900554454668380
  0.53975479003509685  0.55048634925199402  0.56117773480675981  0.57191758887843280
  0.58277266005089490  0.59374325567420805  0.60480661351754972  0.61557411594550904
  0.62592746374537855  0.63586560144776005  0.64569454960471184  0.65587968428587651
  0.66650069280509328  0.67741911349142503  0.68851011942040641  0.69964662621232210
  0.71103956742407581  0.72195580874501375  0.73272486498007339  0.74318037762961819
  0.75364810881845234  0.76377496488452878  0.77374669607694280  0.78362453989598901
  0.79373911959272847  0.80398685080577370  0.81449581927777071  0.82498840226067049
  0.83522745328294323  0.84505787169497815  0.85503993841432535  0.86523975829826705
  0.87526325015483097  0.88513712745227124  0.89552099770642535  0.90684004422346542
  0.91879788922469041  0.93038565519784888  0.94203640782180553  0.95426210806849643
  0.96583192562924158  0.97698527433758420  0.98838582551385878  1.00000000000000000
 -0.00260658118054600  0.00977479286209149  0.02037053182279928  0.03157887746600550
  0.04266288047424743  0.05337897301048122  0.06395504962860739  0.07384382219677484
  0.08351377298259589  0.09324057551928193  0.10234084007559779  0.11201373698945039
  0.12184600734215013  0.13269414866189713  0.14362731389445466  0.15432972328033412
  0.16512392290380018  0.17585549651457597  0.18681742922425629  0.19784006348302755
  0.20908400864761847  0.21989412573003297  0.23073733639862284  0.24145693315036829
  0.25261595153923694  0.26367152257146076  0.27465867624022933  0.28547920076559369
  0.29597030432841237  0.30616205769152172  0.31613755358949186  0.32603661091975955
  0.33591495476048278  0.34569011266371619  0.35509253424222387  0.36459384242044507
  0.37413495851667444  0.38423035781397602  0.39450812573396182  0.40500043566524702
  0.41517910250237561  0.42481999543442589  0.43431984846210731  0.44415112483037428
  0.45442883560677633  0.46459284624560404  0.47472771330237212  0.48534614927438785
  0.49630960315592471  0.50702008957037548  0.51760584910758567  0.52807835855247964
  0.53851423787237296  0.54864688924301974  0.55867914159402754  0.56902557720119673
  0.57949952274033323  0.58984052966779610  0.59987706933004215  0.60998586354627482
  0.62035334216404425  0.63073292615584586  0.64103191074165056  0.65101777075210476
  0.66086738529657285  0.67094761108373591  0.68072508047037728  0.69019327844350775
  0.69971530129070225  0.70959837949497306  0.72011397633873020  0.73126846513999966
  0.74264715718282548  0.75379613971084558  0.76505613300873843  0.77603502782260303
  0.78736248871687364  0.79893549022942245  0.81040110575392543  0.82213205584910665
  0.83389729031627935  0.84516883283451472  0.85624712908151568  0.86718732384439701
  0.87821354931962026  0.88918239039414215  0.90018541807339314  0.91194868896937609
  0.92409108934790796  0.93593022872755072  0.94732343271664110  0.95802354832100223
  0.96874047652572071  0.97931109104580083  0.98959920456836725  1.00000000000000000
 -0.00291748987289067  0.01038517711885644  0.02197663669747108  0.03351019246856769
  0.04432698598129831  0.05443104720174787  0.06445540505468794  0.07457287176120875
  0.08460576910590527  0.09448756193489306  0.10417197780909346  0.11434381357487705
  0.12448245040739844  0.13430507704310363  0.14364379958223544  0.15368287873481534
  0.16337579005869621  0.17369371536629802  0.18398299614620575  0.19513872970804891
  0.20666384828896009  0.21775055742256208  0.22900027976239581  0.24042819769873072
  0.25211518054833382  0.26288473758252984  0.27315379041684201  0.28371989025164390
  0.29411048396595135  0.30510110958888320  0.31637921270130087  0.32766255949240930
  0.33817424492350179  0.34813143977210970  0.35826328303005811  0.36917343702526972
  0.38017701902650264  0.39127812994159950  0.40206893551373712  0.41247270456161078
  0.42314754202581728  0.43403142320365656  0.44524400182627888  0.45592764238954236
  0.46673133095473007  0.47715365475614946  0.48752786145182142  0.49710081256262229
  0.50679593214734087  0.51610216687412658  0.52524634485597832  0.53484522803721912
  0.54468816272369325  0.55493561575327222  0.56528942828079609  0.57549586965957400
  0.58576431422541697  0.59558990817068513  0.60588321030216152  0.61654024714708244
  0.62738112527700218  0.63785663116632252  0.64825158855159570  0.65870179113195160
  0.66924302003250569  0.68010686297361433  0.69089839565237465  0.70163574923211103
  0.71249961952685226  0.72387316964139758  0.73524764994619496  0.74613110387191361
  0.75650785332412118  0.76671316593690819  0.77685061016168999  0.78671120484754198
  0.79679656039687174  0.80658324541328330  0.81670462866725024  0.82722473827626386
  0.83810696067514390  0.84899474830674981  0.85982484616580646  0.87039203530020970
  0.88150702073511733  0.89246664561196909  0.90389273852223262  0.91459330197577726
  0.92541878703771563  0.93593824436989048  0.94689046645997355  0.95716420379308043
  0.96746800263653143  0.97782494135037412  0.98882325453991871  1.00000000000000000
 -0.00111781101136085  0.00407663553798229  0.00944618857120314  0.01481458860056384
  0.02049836962396086  0.02631533929336377  0.03208504194136798  0.03783597659456733
  0.04365491677450885  0.04965989066467125  0.05580436221955660  0.06206518096088139
  0.06839608973085191  0.07491662505004204  0.08178349740817221  0.08893964038726239
  0.09614077918778706  0.10324936566987133  0.11048135260240494  0.11776185153027083
  0.12511650918428738  0.13285806152653876  0.14109392022798459  0.14959970559502633
  0.15854881717764582  0.16769165712844589  0.17694781736857323  0.18671342346385217
  0.19719070728130694  0.20746457185110984  0.21755278917127213  0.22772812846831561
  0.23873339170878510  0.25002463237638733  0.26168293433118850  0.27402959978351171
  0.28719730352810996  0.30070466294221776  0.31443068358668136  0.32889945623803363
  0.34385946479466217  0.35958719139673667  0.37626011344047150  0.39361280959673189
  0.41188642778624956  0.43053820600063791  0.44990721181895782  0.46954133350793614
  0.48940724915233197  0.50993080382873734  0.53095526765181467  0.55131630168088863
  0.57062358924985612  0.58934306498088751  0.60723922623162430  0.62522665964470470
  0.64264695222116774  0.65894492570641539  0.67437130474917306  0.68935279080930179
  0.70403591302399859  0.71809023108319714  0.73084269083505171  0.74246043168296083
  0.75344407978298777  0.76410381846310993  0.77430226624544474  0.78421358970795296
  0.79413920816549788  0.80421667034640298  0.81401667774314712  0.82319764540195051
  0.83208209065852445  0.84079585712095772  0.84945124291114948  0.85792636257528876
  0.86571133389266752  0.87345313162228044  0.88119787786746873  0.88905690382119018
  0.89682624453534732  0.90455924151287581  0.91219844441929776  0.91971459049121218
  0.92723572425019363  0.93458073691540067  0.94200028243704559  0.94932542171369438
  0.95642154188140116  0.96304185045884816  0.96930400242931214  0.97548899730688388
  0.98151140647776025  0.98759447487484031  0.99378610969706227  1.00000000000000000
 -0.00276874186503016  0.01023689319173285  0.02047807634450789  0.03145409362004225
  0.04242999500787128  0.05376140266690296  0.06466645448291385  0.07488354330105400
  0.08493287779992709  0.09506671885234352  0.10550557577673360  0.11635628875833068
  0.12726187115862450  0.13765969777463422  0.14763128590212660  0.15768116523860265
  0.16846287605439869  0.17959418006450784  0.19049419835385140  0.20105239725759799
  0.21171697865058456  0.22243575126299520  0.23342876806027166  0.24439505659714725
  0.25517652790726747  0.26589556226141925  0.27668955954174351  0.28734277086169729
  0.29772593754049442  0.30817314759236675  0.31900559137058065  0.33039575369797736
  0.34186108329086939  0.35278127299071216  0.36279201165268699  0.37263830276243076
  0.38273579245456785  0.39296866987961854  0.40333159574256483  0.41393822520022683
  0.42516570086900518  0.43635587132135223  0.44738658487559629  0.45812362054011463
  0.46873019157669199  0.47923345842552645  0.48981174542773831  0.50066460913520616
  0.51176474057056276  0.52282605564460205  0.53401152172342192  0.54542250592181662
  0.55672800880954865  0.56759816751554815  0.57802963342626246  0.58837725324432433
  0.59873592815072629  0.60905195116540733  0.61913096863310424  0.62900748046465382
  0.63915774550949556  0.64973643267910641  0.66048783308182735  0.67086269338584170
  0.68101262082248037  0.69129050778823631  0.70165035663900399  0.71191921383502654
  0.72179007757352331  0.73109516570514443  0.74027704987594178  0.75007744422526901
  0.76013092819927608  0.76991783928502810  0.77972306584578011  0.78991171242634428
  0.80036456129421807  0.81054272579491848  0.82060540480120114  0.83059948855097410
  0.84056633758973198  0.85074729199240795  0.86126827240796089  0.87217130785824659
  0.88203397857669885  0.89184649533048244  0.90190271275646972  0.91206027582679572
  0.92259354114307968  0.93290727098529080  0.94365531648671708  0.95497512731365986
  0.96658135387920152  0.97815806765369850  0.98911367402697203  1.00000000000000000
   1.5434282283407437E-014  -1.0000000000000000     
 F F F F F F F F F F F F F F F F F F F F F F F F F F F F F F F F F F F F F F F F F F F F F F F F F F F F F F F F F F F F F F F F F F F F F F F F F F F F F F F F F F F F F F F F F F F F F F F F F F F F F F F F F F F F F F F F F F F F F F F F F F F F F F F F
  <DiscreteSampler_grid>
  grouped_processes
  1 # 1 for a reference and 2 for a running grid.
  10 # Attribute 'min_bin_probing_points' of the grid.
  1 # Attribute 'grid_mode' of the grid. 1=='default',2=='initialization'
  0.0000000000000000 # Attribute 'small_contrib_threshold' of the grid.
  0.5000000000000000 # Attribute 'damping_power' of the grid.
 # binID   n_entries weight   weight_sqr   abs_weight
    19   10   1.305564789257389E-008   5.082835306510823E-016   1.305564789257389E-008
    22   10   1.945264237530343E-008   1.683050324202177E-015   1.945264237530343E-008
    25   10   4.205625307158177E-009   4.095048840818042E-017   4.205625307158177E-009
    28   10   2.220247980769819E-008   1.791580240365705E-015   2.220247980769819E-008
  </DiscreteSampler_grid>
