 -0.00000001538686285  0.00001602417001772  0.00012132272751104  0.00034766251195281
  0.00069442827071600  0.00115645785315970  0.00170902610313968  0.00236120333163442
  0.00314509553674526  0.00405477373557665  0.00511286735782820  0.00635235879108329
  0.00796075918694644  0.01005040330743953  0.01205817052704102  0.01302487704812461
  0.01371786052484263  0.01430935592808841  0.01484460356395914  0.01537844683240744
  0.01591420551242918  0.01645431278478365  0.01700568457999771  0.01758052932962349
  0.01817325104103256  0.01878651815140906  0.01944348357277071  0.02011788657284868
  0.02080282908937786  0.02149914689974443  0.02220356741529681  0.02290435514883493
  0.02360983007494202  0.02432349070760475  0.02512164405942842  0.02598406254289765
  0.02686751488637389  0.02776280205788975  0.02866705638706856  0.02957035761876672
  0.03048109279433688  0.03140403288973697  0.03234536773443056  0.03335575050782615
  0.03439498533966654  0.03544171545050496  0.03650343772705958  0.03759543007030880
  0.03869410186565093  0.03980000647873692  0.04090890268385503  0.04205974177375658
  0.04327227619718187  0.04453573723644225  0.04581452764584035  0.04708367394334788
  0.04837462686862621  0.04969594529774198  0.05103675089436910  0.05237541979515117
  0.05374207934106742  0.05523403404719500  0.05677104497669080  0.05829907190474994
  0.05981769185565598  0.06134070395320364  0.06287132441394318  0.06443096197969617
  0.06603171143451247  0.06765693147451404  0.06931588061808494  0.07111611912122380
  0.07324327532765627  0.07539122298027696  0.07753639226192074  0.07970195894945008
  0.08186684698750359  0.08410087164651542  0.08638374609300022  0.08874674562919369
  0.09137889611739876  0.09432051731294887  0.09749433820403203  0.10089700442830973
  0.10439980564023835  0.10805659219110811  0.11189204398840677  0.11625018516718091
  0.12139849948060406  0.12787940804596817  0.13658180538349404  0.14663282624243959
  0.16258495096647724  0.19750622653407879  0.31907628612915678  1.00000000000000000
  0.00939127466478985  0.01627249179790789  0.02620650966112998  0.03671933625052269
  0.04663429363703760  0.05641169037668049  0.06678365586505576  0.07786245702742191
  0.08899093658317760  0.09997546513604097  0.11100237690095009  0.12236740193294456
  0.13342563738494628  0.14460209597934737  0.15554881431776529  0.16619096199669545
  0.17573179634750785  0.18477623571275512  0.19401386848078092  0.20328082088024976
  0.21270705995619743  0.22226355682985768  0.23244064937128961  0.24325317177065434
  0.25410173065466107  0.26511173932675558  0.27594757828196209  0.28658882152748683
  0.29696140344711192  0.30681009713459845  0.31659912425660303  0.32614433442951712
  0.33573789748670313  0.34536202650782977  0.35509002361275355  0.36504001414013398
  0.37540840740577025  0.38640019691198424  0.39750979694189720  0.40837520301479657
  0.41900581359181388  0.42940386107707595  0.43947529995273005  0.44906876731761158
  0.45865445424389190  0.46808621131483585  0.47717633075185395  0.48667375596349349
  0.49629139706141917  0.50709434124513797  0.51805883626656790  0.52928125767417922
  0.54074637619808619  0.55127739347467342  0.56176805186195777  0.57244926698708443
  0.58352469943099872  0.59459358521562911  0.60590691150682507  0.61751890947157029
  0.62895369517149435  0.63985905902052354  0.65057579555452749  0.66101242690282691
  0.67130514412190501  0.68182244349567345  0.69296048642554808  0.70467468648929266
  0.71592322479004189  0.72662052496468055  0.73740067115108421  0.74810363678433001
  0.75867576165996553  0.76885596746368723  0.77923831851680314  0.78997281154817411
  0.80083673831148583  0.81181087357943194  0.82180415893507064  0.83168909534615842
  0.84123677489603876  0.85044278994990308  0.85965200740292058  0.86913420711364653
  0.87922397403250852  0.88992126776978109  0.90073348049292667  0.91153467870284555
  0.92217664864708571  0.93260998256531613  0.94303951961635080  0.95344632940576368
  0.96417785309081072  0.97533292663279503  0.98680468305732549  1.00000000000000000
 -0.00002072955265532  0.00024183441797479  0.00069100556940344  0.00139573949589330
  0.00235814885943146  0.00354319251446390  0.00492703643069449  0.00660926416031875
  0.00856387513745045  0.01076395281641111  0.01302964603769144  0.01557841858316131
  0.01820220126711637  0.02091016036036451  0.02374922922739659  0.02671150850259107
  0.02973744387817950  0.03305629039579618  0.03674574523754769  0.04067516447094205
  0.04468430185670978  0.04862544400198542  0.05285658097034977  0.05719976415154878
  0.06142989425946154  0.06596635739397357  0.07076481856736595  0.07587079563509376
  0.08096681541095639  0.08595668089194961  0.09090278254003406  0.09590631023936605
  0.10092771517724017  0.10615648152190094  0.11155635206586056  0.11728534360371629
  0.12333962494086612  0.12965921751905296  0.13667337882861297  0.14390766991248835
  0.15086948308201420  0.15780191221246745  0.16473093228016655  0.17179337896659469
  0.17898753966187048  0.18577003320600283  0.19246885567896699  0.19924161126993978
  0.20638085639938536  0.21373963158974540  0.22125507707662814  0.22891995418068894
  0.23663543337607676  0.24445665368178304  0.25269733009730933  0.26122705706210669
  0.26970627161284916  0.27849625052403271  0.28765100162546298  0.29703822973873439
  0.30673233115164183  0.31651963413158279  0.32634792596580153  0.33622854068002406
  0.34626287759316693  0.35653403586054139  0.36670266873905211  0.37701310224103707
  0.38770647999002533  0.39883211592736234  0.41011556675738808  0.42143477705895432
  0.43311186176158484  0.44522661382155654  0.45681838413520354  0.46864711942358417
  0.48099016399260480  0.49374078449165931  0.50620438694438030  0.51855059704491235
  0.53108119131523257  0.54377244008388792  0.55656838145554544  0.56939000851055588
  0.58195674127670083  0.59538778730448161  0.60886734308758650  0.62202312030333329
  0.63476226708154493  0.64761656200750262  0.66063321605422232  0.67430869494290246
  0.68798664464935388  0.69784987140668242  0.70045648749163469  1.00000000000000000
 -0.00225689762001588  0.00933626753884847  0.01936187153773078  0.02979022088417607
  0.04029647225194478  0.05222359413944447  0.06460353618416978  0.07589926551595888
  0.08686177088221084  0.09758377053200640  0.10808946973887361  0.11878092321283068
  0.13038639059611062  0.14231655750773464  0.15412435502856525  0.16581735974664763
  0.17690105224756958  0.18759338544507145  0.19827181755053852  0.20911285396986576
  0.21991003982954657  0.23102714123520945  0.24283943263128127  0.25426421831878554
  0.26500912219929579  0.27522634587629818  0.28528289741690693  0.29544234571509564
  0.30578139725453257  0.31638041190944172  0.32722091661001196  0.33801503946103384
  0.34879005478179764  0.35944343909603060  0.37016716575677461  0.38104508682955796
  0.39191010452098146  0.40224842246579595  0.41224858290247623  0.42228682039310794
  0.43252599622778454  0.44226323446382160  0.45150905032127647  0.46084702767162145
  0.47092210751510455  0.48104941776149029  0.49061836918688234  0.50024843365566152
  0.50996316006344544  0.51987932495222000  0.53036898265138965  0.54149868364462184
  0.55280873873431613  0.56417105360723818  0.57494447944610039  0.58575833363294194
  0.59624599984824711  0.60695513991761940  0.61771945950712748  0.62861828542063924
  0.63945895541092168  0.65037066590285320  0.66134447507454974  0.67218263924242494
  0.68297134239235380  0.69407533021599643  0.70566610178272959  0.71657784816770731
  0.72680461477187663  0.73692305258571600  0.74695569042207721  0.75695711294462298
  0.76692262945748813  0.77699134481032806  0.78713478858526276  0.79715182856886924
  0.80697131130083977  0.81703159028587224  0.82743452617789204  0.83771149267781775
  0.84794245267944190  0.85854816224415775  0.86937868480522484  0.87990784306816405
  0.88986549163580331  0.89993384597863413  0.91050900105778154  0.92144816410745767
  0.93297301072534100  0.94362817668647736  0.95328095342471841  0.96277986540229532
  0.97215493757343774  0.98144225503816462  0.99048492163409840  1.00000000000000000
 -0.00238619200788932  0.00878484358022697  0.01880977483277115  0.02898502401807620
  0.03964350988696891  0.05027903481274018  0.06078102077434282  0.07050354669880651
  0.07984451849687460  0.08903201186034682  0.09817864002433438  0.10772464923258346
  0.11732511812634280  0.12697365438858921  0.13717891147112232  0.14763360054254548
  0.15874285672115099  0.17025927024242873  0.18169751608923501  0.19235061293141797
  0.20227361036302180  0.21202573565862054  0.22188836800069142  0.23181400614211523
  0.24141390432468154  0.25086025864352568  0.26037755094562443  0.26992490754165582
  0.27980858765674915  0.29035654142173567  0.30177491913689086  0.31314457671616036
  0.32427597994512514  0.33503933736707542  0.34556569375414142  0.35590027650169181
  0.36609682261665127  0.37630820796875147  0.38626831234928416  0.39615424367061119
  0.40631432826884811  0.41657899466786741  0.42676315702257051  0.43733610308516074
  0.44876965205542974  0.46068355918002701  0.47255427553596668  0.48419672492669014
  0.49561757833134340  0.50707887163761645  0.51865251992587125  0.52987546892835469
  0.54051285331705679  0.55090612330094235  0.56096227937463494  0.57108027714644538
  0.58178660910087654  0.59288292224936912  0.60370275688202901  0.61412262701360409
  0.62436516508821727  0.63434465880956059  0.64415097620800521  0.65404786343122745
  0.66376669330462124  0.67338806779546589  0.68282315611686961  0.69278355402117786
  0.70326617604984987  0.71366098016008173  0.72409900867938759  0.73450427538281415
  0.74477694316053722  0.75526017457463768  0.76587010217738749  0.77667843941583548
  0.78740968158922831  0.79812576289043957  0.80861562995983705  0.81901009301691441
  0.82940928990123142  0.83993182507968411  0.85061140488983189  0.86142267383007287
  0.87243024817126558  0.88345714314826573  0.89441517946102800  0.90547873864386952
  0.91654776486155332  0.92766398718622478  0.93901571429864084  0.95092055245849194
  0.96292471598098017  0.97519185818132470  0.98744327321407432  1.00000000000000000
 -0.00262360676684116  0.00913737011277298  0.02032740247525777  0.03202437427931088
  0.04366767520036237  0.05472884028573869  0.06503695009501141  0.07507352306670538
  0.08487195333085858  0.09443903376480234  0.10372403240515536  0.11388392658604862
  0.12387479595486044  0.13472805793537332  0.14586222133877044  0.15679019707582451
  0.16752794086261155  0.17761470714508273  0.18761734926688245  0.19769430201475877
  0.20788394969517018  0.21872703273804497  0.22968961670265736  0.24134193907640875
  0.25273341445652403  0.26389265419558033  0.27526433799777178  0.28731955098440964
  0.29925758081901049  0.31126892822947477  0.32346241239238477  0.33484137125543662
  0.34494767015997235  0.35475377870926861  0.36453518657670453  0.37419525418097893
  0.38370087966130312  0.39305183812604755  0.40288257567897701  0.41275746798285790
  0.42290338098573454  0.43300164909562999  0.44281244938034336  0.45221337537241130
  0.46162976709799319  0.47101778018688750  0.48038707813766246  0.48955999290836755
  0.49882770513002800  0.50862464086156589  0.51880730590801749  0.52923300279183561
  0.54010969915035778  0.55111636512013096  0.56186587613360617  0.57192313184212573
  0.58190636724014144  0.59219862489231445  0.60232893776923768  0.61198262140777959
  0.62149445471267639  0.63110193875664367  0.64095920362367742  0.65112020682580585
  0.66146852311217552  0.67212505949596679  0.68306993190282983  0.69385947635439382
  0.70435607049600679  0.71475434943060590  0.72524911000613679  0.73623170497057799
  0.74735407597497305  0.75866513104582800  0.77027916230254934  0.78175111903137462
  0.79328110577089572  0.80508516010681430  0.81641863599150766  0.82729436519125255
  0.83854242354590414  0.85008122328609048  0.86162535439916288  0.87302882845430030
  0.88407890395223832  0.89495932969453096  0.90609371229101299  0.91758592842339171
  0.92857443028726838  0.93891763115716975  0.94879725287637917  0.95871407990865654
  0.96870822876940699  0.97860936842455093  0.98939896114649917  1.00000000000000000
 -0.00273711564202858  0.00969271771154506  0.02001870144707472  0.03096363836272703
  0.04181234449946339  0.05225554746907733  0.06225139745976020  0.07279285127809250
  0.08361637514736357  0.09461359697628222  0.10527743607378247  0.11563948113720428
  0.12600539788743237  0.13684656039172827  0.14802626291958085  0.15930842564569186
  0.17115999534311149  0.18330062065160149  0.19443058710060226  0.20507939831934308
  0.21607768317802878  0.22716170849883130  0.23781566605517349  0.24812493115506856
  0.25833099391253722  0.26837476442580765  0.27828723602832717  0.28805475300760686
  0.29794736761588081  0.30800954361292687  0.31847328492190186  0.32959495654343490
  0.34087770970978964  0.35223458796714485  0.36325626280272177  0.37392078761878800
  0.38419346806688864  0.39422998662236702  0.40417912540260215  0.41421948626087590
  0.42389502172426202  0.43321762947783748  0.44287582469169695  0.45261524738346331
  0.46238956141773707  0.47213845535645038  0.48183181492227695  0.49206361335504051
  0.50207042481188868  0.51168251596590997  0.52125921981194034  0.53095672981921671
  0.54076690001479200  0.55060328512569856  0.56034298580511033  0.57053881356122860
  0.58181187346551355  0.59357966778478932  0.60587365755163003  0.61806366340551866
  0.63006413735985067  0.64220866792549169  0.65427270577150876  0.66615516791108920
  0.67785081422154825  0.68909765439529147  0.70028794274607209  0.71097941450553270
  0.72068208531061051  0.73061329059477831  0.74083757701999819  0.75105283381315668
  0.76124551189913725  0.77175755424626657  0.78249247537276201  0.79345989646454773
  0.80494807748523423  0.81629835063689460  0.82724900398030565  0.83826880437479223
  0.84927866783485484  0.85998807279718570  0.87063669422713752  0.88215919784447261
  0.89386331775541228  0.90407587548344048  0.91338511120631671  0.92294122909213183
  0.93258269949121309  0.94199542947487658  0.95106467452375509  0.96030185885118857
  0.97046289335431046  0.98044535956175149  0.99029592354107410  1.00000000000000000
 -0.00246334835311546  0.00927122408442826  0.01951402396936385  0.02962425555438293
  0.03983644069429781  0.04981104106077510  0.05985552511868632  0.07000605367062829
  0.07988220699233956  0.09021790581148909  0.10035853897195873  0.11061418204677786
  0.12091525192550229  0.13187676783814190  0.14358885269089441  0.15626771240084142
  0.16898903746741334  0.18100832774871667  0.19214078484380792  0.20255683455170381
  0.21322909728185094  0.22353776196953526  0.23360856573419406  0.24337515621737688
  0.25376185752110642  0.26412998481036765  0.27518037118463312  0.28719399819809749
  0.30007332708526752  0.31282543861207723  0.32438873014557212  0.33548160661120413
  0.34659806716562308  0.35722597976774129  0.36742191325768769  0.37774921849194371
  0.38832483278360969  0.39859637197800329  0.40816136726786062  0.41740598609019197
  0.42686683183084578  0.43666902025398985  0.44686225901449284  0.45707493166384078
  0.46737685832226916  0.47779290416170778  0.48818313048000656  0.49845572746695932
  0.50818961131942353  0.51801102166358415  0.52822254618675268  0.53836611105860033
  0.54764259267177928  0.55684553913286838  0.56618453066632768  0.57607457487179548
  0.58539468678915108  0.59404151032601560  0.60264839421122329  0.61148513708218799
  0.62054460947425427  0.62986206173342718  0.63911689810176264  0.64836399131158240
  0.65811302607886757  0.66833497831943900  0.67864007139357208  0.68906322405684339
  0.69981506296720974  0.71075705260671118  0.72144927172235673  0.73251742403665798
  0.74427758564453095  0.75587481105516174  0.76691164863585870  0.77744625876149753
  0.78787956900453382  0.79853676713724087  0.80921070711965448  0.82019462998762060
  0.83142056088640703  0.84296677619626270  0.85518340301490414  0.86770964443479248
  0.87966952594783587  0.89066619693364002  0.90172558516039247  0.91266446565859338
  0.92333492653624738  0.93420645078803932  0.94532703785859484  0.95678874182505225
  0.96799790059190483  0.97893624418809932  0.98959442667195296  1.00000000000000000
   1.9155955984221732E-016  -1.0000000000000000     
 F F F F F F F F F F F F F F F F F F F F F F F F F F F F F F F F F F F F F F F F F F F F F F F F F F F F F F F F F F F F F F F F F F F F F F F F F F F F F F F F F F F F F F F F F F F F F F F F F F F F F F F F F F F F F F F F F F F F F F F F F F F F F F F F
  <DiscreteSampler_grid>
  grouped_processes
  1 # 1 for a reference and 2 for a running grid.
  10 # Attribute 'min_bin_probing_points' of the grid.
  1 # Attribute 'grid_mode' of the grid. 1=='default',2=='initialization'
  0.0000000000000000 # Attribute 'small_contrib_threshold' of the grid.
  0.5000000000000000 # Attribute 'damping_power' of the grid.
 # binID   n_entries weight   weight_sqr   abs_weight
    19   10   6.559141386836777E-014   1.018638912686798E-026   6.559141386836777E-014
    22   10   9.840000133752110E-014   2.338557188729646E-026   9.840000133752110E-014
  </DiscreteSampler_grid>
