  0.02639646100029576  0.02678315241132233  0.02723372658133581  0.02779701234449058
  0.02833756547600081  0.02886629762128891  0.02952159722318652  0.03023149071038643
  0.03103174281743838  0.03184787699264829  0.03275347578899033  0.03373657182741135
  0.03462141182217666  0.03560654526439324  0.03671170446138782  0.03788281622622246
  0.03913118741904241  0.04048915192925612  0.04201219016713926  0.04390191730783427
  0.04581113073669261  0.04770869627532980  0.04962678792729158  0.05137383455951980
  0.05339224619314473  0.05558541840011397  0.05803722229589320  0.06029794163943334
  0.06310605987045152  0.06621489629372258  0.06915257126891171  0.07198553481448286
  0.07471511935808389  0.07724476110132847  0.08005101775276875  0.08312381875183378
  0.08654490649553022  0.09026619277847917  0.09415113787957245  0.09852191095186354
  0.10370433521358423  0.10920867550298517  0.11506847410456286  0.12104147490399365
  0.12682011287885478  0.13284968971842701  0.13924268858126573  0.14686426688133994
  0.15553987445095430  0.16388167308188034  0.17139073313005937  0.17851149649657272
  0.18593806696040532  0.19401253674762606  0.20292164671326829  0.21348060480146769
  0.22531141959739787  0.23707101281741638  0.24780481252150283  0.25866052986323579
  0.26982081686125609  0.28100687462214868  0.29261912982067423  0.30660082751176004
  0.32244467795948017  0.33744815416199669  0.35182663603937980  0.36566428668117756
  0.38209230915788250  0.39949062099921717  0.41731669315886361  0.43538447495855043
  0.45186284330848775  0.46600822914937395  0.47890791993892529  0.49016010912823577
  0.50213994651739302  0.51774846960249343  0.53459465853669330  0.55388005210805447
  0.57358180906364775  0.59210137945771790  0.60867511585579093  0.62468541357179841
  0.64100839184556402  0.65935707223876128  0.67891348163368959  0.70060834466264321
  0.72273678045631140  0.74207301145826754  0.76290761331330237  0.78987025117603582
  0.82270923064120594  0.85939629316092847  0.90380767961662056  1.00000000000000000
  0.00941311644424080  0.01624513263342550  0.02571708154211091  0.03716449105515694
  0.04885443667475297  0.05964310772027848  0.06994174907756033  0.08009588241864078
  0.09002824691203713  0.10006889474262877  0.11206521851091458  0.12424693351587907
  0.13434875172395469  0.14328145761912681  0.15213761535397149  0.16196000527108886
  0.17233045772070266  0.18373632060277298  0.19338981724166532  0.20184335856880176
  0.20947144962714526  0.21730427311572109  0.22596075578494643  0.23551874280075633
  0.24877446602644029  0.26278623732412493  0.27523581502457067  0.28404975378032654
  0.29277471134110117  0.30132493890810924  0.30976781478457560  0.32123793964652969
  0.33246499995899459  0.34449308706191428  0.35631616439376235  0.36912204433657442
  0.38130352501646825  0.39363837567479981  0.40460332518065012  0.41365557917196888
  0.42191145311517930  0.42986927618490250  0.43878567491531911  0.45166239836464289
  0.46605995716765070  0.47617966488135138  0.48486665594055106  0.49226375245036452
  0.49898185432389908  0.50647701499972464  0.51402219157643558  0.52313337933749404
  0.53353546995561063  0.54355227927266991  0.55317230235902781  0.56313870867218285
  0.57390720079696489  0.58467425065037426  0.59357992470648802  0.60007617802082525
  0.60698686162064586  0.61421663923342495  0.62263284350595571  0.63226545113884447
  0.64230949104139312  0.65321847149463041  0.66558242338827278  0.67869893138122883
  0.69215724344342300  0.70837743179178048  0.72607501513890549  0.74429133506083367
  0.76218314894516415  0.77965428491837219  0.79369381437091902  0.80446095138041307
  0.81371401213628458  0.82295750675990509  0.83334320487176927  0.84528142210140589
  0.85699667683104963  0.86813683878567560  0.87665017029153525  0.88380529455716705
  0.89022138527217998  0.89683182263209649  0.90535427230248000  0.91776731702779601
  0.93250230498852416  0.94350914761778404  0.95232216657630775  0.96163690420708636
  0.97110605135690442  0.98160889095669279  0.99115315174115004  1.00000000000000000
 -0.00174019419738945  0.00556128951467443  0.01411025186700254  0.02111130314773687
  0.03139992766611581  0.04099778169525263  0.04977027118095315  0.05749596614839938
  0.06550253249710136  0.07387761625872651  0.08586968492353714  0.09863416567228860
  0.11091749426951003  0.12525205248534826  0.14111937661939192  0.15960540316092339
  0.17529386954514276  0.18753958218299371  0.19784514957721225  0.20750231348200834
  0.21764765854875839  0.22952652827442996  0.24218136032756873  0.25492289510229355
  0.26808635605062547  0.28161608274233652  0.29674907706201320  0.30906530756542311
  0.31765069915421185  0.32445620441385592  0.33145963500366993  0.33926516990976135
  0.34863531833276690  0.36019815605202321  0.37150795121167657  0.38211350017363838
  0.39085347901129758  0.39956471575183627  0.40805914646546965  0.41707926096919573
  0.42677527176254282  0.43702732579877540  0.44853810412308948  0.45965496448545412
  0.47069793730059484  0.48084058320365752  0.49124061496615012  0.50263183038266346
  0.51487468854385265  0.52715891759820765  0.53880843738432815  0.55050163270798025
  0.56247889346191016  0.57271066484944444  0.58277501772170182  0.59301281078132917
  0.60366243710954692  0.61370141246088239  0.62399193597181146  0.63335001887203735
  0.64311273429194660  0.65280345159112518  0.66261519021712367  0.67223493059830808
  0.68095556618943454  0.68894707014288692  0.69813210983183072  0.70991537398346083
  0.72326489388795501  0.73528643643575187  0.74673736349515185  0.75763216849244763
  0.76590585135128975  0.77354182445655739  0.78197484291466601  0.79103786127242237
  0.80022762373704504  0.81013115482402376  0.82035977364023382  0.83180275748864252
  0.84381405812120680  0.85451377739205558  0.86513709566087327  0.87685596368598528
  0.88903392088078514  0.90141104648411152  0.91316380291553045  0.92304671315504838
  0.93383458980723022  0.94374098729424449  0.95409219798296541  0.96599317529212925
  0.97788772070812191  0.98701726475412777  0.99389906931194183  1.00000000000000000
 -0.00318852892689777  0.01437179142235915  0.02629589010113102  0.03765476835908342
  0.04902738950125168  0.06039444248698610  0.07397929893608303  0.08518263867212056
  0.09663445229222369  0.10890783134643353  0.11991366552190172  0.12717480473375181
  0.13386664882595731  0.14178342024265037  0.15235722328423662  0.16147698978066694
  0.17013584074494917  0.17951432840453430  0.19013249326363532  0.20131172818853035
  0.21245867675187113  0.22476670818740899  0.23662414084392361  0.24674141781246595
  0.25595760204175860  0.26579814523102085  0.27568744792706251  0.28381455100615088
  0.29142376135571929  0.30044967239602505  0.31175305378190704  0.32439382691136637
  0.33647657816848309  0.34800420865652315  0.35947470761542788  0.37078171950748617
  0.38342940363855038  0.39601681811388412  0.40860758042558071  0.41815505818249810
  0.42872762903800732  0.43909687192305580  0.44925469799829298  0.45936381820998901
  0.46919579662427979  0.47888137554911375  0.49215533424860108  0.50522321806039361
  0.51314346188417859  0.52060556106860278  0.52839105364414596  0.53767733666366835
  0.54810643684005222  0.55819373294872698  0.56819578324774478  0.57894781792924954
  0.58905851363330841  0.59933843553481969  0.60938494443861746  0.62018613330931938
  0.63239856614536760  0.64463622086534078  0.65602944283779929  0.66625870310792856
  0.67559375529728039  0.68486180618836978  0.69468521466172273  0.70486952543554360
  0.71497189973098230  0.72518452593935812  0.73591325826753906  0.74679605634421542
  0.75988730020942208  0.77044851462449249  0.78019212490541867  0.79029307552069605
  0.80072228761875075  0.81108543734315897  0.82137533488805214  0.83247152992421147
  0.84289470935431698  0.85203652578130173  0.86089002517584801  0.86994242021339530
  0.87998174645906402  0.89078337199123359  0.90132332598285725  0.91183738919520319
  0.92287806602348810  0.93435893237524970  0.94945870610723426  0.96356979147903210
  0.97514566455835272  0.98394706446245384  0.99196472961357318  1.00000000000000000
 -0.00273784360798917  0.00982497018799762  0.02000988129207767  0.02957273842943203
  0.03916214215510860  0.04925379915733356  0.06075213291233827  0.07331215555938250
  0.08556503809538687  0.09705611447910011  0.10790402182519844  0.11895854031465410
  0.13017627735478968  0.14148089747078724  0.15260594089189647  0.16317330220212170
  0.17351238173867928  0.18321474158784085  0.19286711717796506  0.20353008712432011
  0.21506844755364435  0.22907501661870511  0.24008108270671352  0.25187752945423647
  0.26549524702198368  0.27718451070237771  0.28652123621306369  0.29531516747528697
  0.30417333450417777  0.31381311065351708  0.32369937191949799  0.33306748266714192
  0.34341290609568637  0.35540256091268180  0.36809588566270596  0.38335104104829304
  0.39666820959205334  0.40850594032105508  0.42138883584321457  0.43559903592421156
  0.44669099457998307  0.45718269309620535  0.46706901046792759  0.47597791309363519
  0.48814477753967345  0.50297485236550377  0.51547921290269827  0.52714959009699969
  0.53859806629961160  0.54809007821320055  0.55686733667221699  0.56580983223018577
  0.57473996794809579  0.58476819653311463  0.59644623504028615  0.60780479320120406
  0.62037023229131660  0.63308384781969906  0.64350022950168462  0.65261983972678805
  0.66194532361623415  0.67319995288705725  0.68476312064086853  0.69446691967210183
  0.70375140836267092  0.71399574064747084  0.72668706794647442  0.73898600845455087
  0.74905368553659957  0.75665406954493630  0.76319859585326655  0.77134957751718936
  0.78105162921109672  0.78923747032211045  0.79626447853863014  0.80323761510296809
  0.81019747525000452  0.81839700571150054  0.82709263706242708  0.83460628888784349
  0.84450163240798448  0.85393907153814275  0.86443874960864409  0.87592170249163781
  0.88667110679010763  0.89676367234665832  0.90592458880798943  0.91326154294411865
  0.91953389307407851  0.92738001981180718  0.93670664843520235  0.94539587470344655
  0.96050916891127858  0.97426862049196084  0.98795416316105522  1.00000000000000000
 -0.00231502379718326  0.00804328206733507  0.01876405354334780  0.03148538385841125
  0.04594593999617191  0.06055934518012925  0.07533046947045019  0.09101754379945289
  0.10539888848615613  0.11773775754857548  0.12906979018759454  0.14033357215921138
  0.15161028993501588  0.16172428887255763  0.17205337558755263  0.18260165386383403
  0.19307069204614874  0.20372915642789649  0.21482503401547970  0.22707262108089893
  0.23615284125383887  0.24358369015871675  0.25002287143494412  0.25596772987389738
  0.26215874298345831  0.27426166263410784  0.28659637277779226  0.29843933130946276
  0.31039927782096360  0.32137136680312073  0.32887991506434056  0.33663478703291499
  0.34412596409988327  0.35269352722473152  0.36255006592809941  0.37454322261496042
  0.38747615228761517  0.39890686396297176  0.40961623331171376  0.42003343029521739
  0.42831579199666908  0.43654881507448356  0.44580479898590503  0.45696516655377700
  0.46749916030655120  0.47697332986014129  0.48640665248917003  0.49603742237439669
  0.50543172676341319  0.51370876154972678  0.52249761425206509  0.53228800850377533
  0.54193861851239944  0.55220538540779296  0.56134251705641247  0.57008888501153843
  0.57775523032753884  0.58513389579485897  0.59324444146652777  0.60174518413100364
  0.61058769519453959  0.62053802003432101  0.63253869590236012  0.64569814686287541
  0.65819863556668101  0.67121045833484405  0.68525573992412459  0.69915209148950963
  0.71270135767585963  0.72541332128895664  0.73580638178185553  0.74516356457682620
  0.75457151819276236  0.76427969166898491  0.77750710408420098  0.79224545252327228
  0.80787401409732407  0.81987454389864522  0.83101599566015394  0.84007999272572065
  0.84998199372854144  0.86255271273457701  0.87453308925405226  0.88564315919003356
  0.89526592158659835  0.90477781266513302  0.91437291160608281  0.92229313326253060
  0.93026158558734262  0.93884702759119121  0.94774762465391182  0.95665719581625330
  0.96554544540659282  0.97489359960401034  0.98649892796300453  1.00000000000000000
 -0.00241480048803562  0.00613123416670620  0.01425640610119007  0.02183888473759501
  0.02849690602736505  0.03470516039448093  0.04025549429898126  0.04521166934738910
  0.04888214687977359  0.05260403310148200  0.05620787139115423  0.06000703877237950
  0.06451457356919518  0.06889969276567007  0.07346788593021419  0.07782820418901289
  0.08191196380894551  0.08585069076928592  0.09195297632658096  0.09766524818297163
  0.10379727006723849  0.11717966635023189  0.12823004810835884  0.13957034836906304
  0.15063703774695175  0.16334444214461266  0.17675685071106453  0.18821440902154804
  0.19931432286207434  0.21040410043481053  0.22150413271909594  0.23162291228083143
  0.24113115870130530  0.25095023911752884  0.26235002135039415  0.27822311129877214
  0.29335630803539736  0.30807220218961029  0.32405816743513671  0.34342221908887149
  0.36073988706942944  0.37774112179640540  0.40792067566906104  0.44717229996818159
  0.48561349302851237  0.52287327165061825  0.55546989187136819  0.57874850285601220
  0.60050313347841811  0.62281918030375882  0.64569230172774483  0.66302687588923692
  0.67964490742011530  0.69641875169203260  0.71207147877510379  0.72624830134829754
  0.73894755891684893  0.75058307507470423  0.76164374903813414  0.77196329269911268
  0.78135365271747981  0.78896051954056101  0.79525741743862377  0.80126107770954946
  0.80739548261621152  0.81546463429821359  0.82479476088824855  0.83400845301237914
  0.84223990730757581  0.85005171547971026  0.85717052594210219  0.86426593315584377
  0.87139337872045719  0.87807090444090707  0.88472554242548052  0.89140785640044895
  0.89817400853404938  0.90479834439768403  0.91180042587693699  0.91809033164216991
  0.92381094058539315  0.92925988560401929  0.93478949120079324  0.94038300089932747
  0.94582681766180154  0.95156754731919879  0.95693632622038627  0.96209103565521126
  0.96725477083047218  0.97215571688726732  0.97708011570867792  0.98172209316439385
  0.98625374212672900  0.99081459063301180  0.99540411652473659  1.00000000000000000
 -0.00233021156028411  0.01053649148490211  0.02284141055984024  0.03385854175074025
  0.04243671576393884  0.05118120700028802  0.06065276066778895  0.07075813269482131
  0.08247252406882331  0.09461803352470839  0.10663134365652108  0.11768752073917657
  0.12854023825614863  0.13808903711553638  0.14572274031274926  0.15274911618236109
  0.15931747037152472  0.16601332569021277  0.17421984691892242  0.18428115445424681
  0.19523667823053764  0.20772663886435888  0.22138317206977406  0.23429035147796171
  0.24625050937865473  0.25753200258070214  0.26892877586031644  0.27970883105076200
  0.28893220489199994  0.29980970128923295  0.31108207112845282  0.32324343673192696
  0.33551128215775017  0.34355770687519616  0.35276808405960269  0.36227253319414265
  0.37139783690876077  0.37929996512630876  0.38725200649723884  0.39520745556280545
  0.40353617856603929  0.41372695685921940  0.42307474902256204  0.43278762372847640
  0.44197830792429510  0.45285528266423986  0.46222720804360801  0.47035805021471089
  0.47877865940211112  0.48822883602240119  0.50019723032524865  0.51285204292927633
  0.52575443624862517  0.53871979000480885  0.55177778462859184  0.56541715834261641
  0.57886235963376420  0.59157964628234416  0.60334622962131401  0.61511766772520005
  0.62699172523437186  0.63871888267414256  0.65120908866239413  0.66431638362883927
  0.67512248933536390  0.68555573225422695  0.69507482274024679  0.70459533811571684
  0.71361531086258856  0.72425847253703513  0.73380922140911364  0.74458611940815611
  0.75494103771423526  0.76579684713820984  0.77699654270640517  0.78762041289339857
  0.79772453693821943  0.80768110690845807  0.81672911858881414  0.82858075847333168
  0.83841853403758704  0.84734698514376916  0.85526429254303871  0.86468178055370770
  0.87525877994677481  0.88599591724306226  0.89671279628146350  0.90888578394132602
  0.92304890024322384  0.93692349450663237  0.94924753569036358  0.96024667442641320
  0.96984820801690874  0.97902113449021921  0.98885459699114986  1.00000000000000000
   9.4327956472303415E-028  -1.0000000000000000     
 F F F F F F F F F F F F F F F F F F F F F F F F F F F F F F F F F F F F F F F F F F F F F F F F F F F F F F F F F F F F F F F F F F F F F F F F F F F F F F F F F F F F F F F F F F F F F F F F F F F F F F F F F F F F F F F F F F F F F F F F F F F F F F F F
  <DiscreteSampler_grid>
  grouped_processes
  1 # 1 for a reference and 2 for a running grid.
  10 # Attribute 'min_bin_probing_points' of the grid.
  1 # Attribute 'grid_mode' of the grid. 1=='default',2=='initialization'
  0.0000000000000000 # Attribute 'small_contrib_threshold' of the grid.
  0.5000000000000000 # Attribute 'damping_power' of the grid.
 # binID   n_entries weight   weight_sqr   abs_weight
    19   10   8.827052075265323E-023   5.807449070041717E-044   8.827052075265323E-023
    25   10   7.431189919284089E-022   4.686464647920450E-042   7.431189919284089E-022
    37   10   1.437153893037774E-022   1.200443575930442E-043   1.437153893037774E-022
    43   10   2.346516024361202E-022   3.574502560605805E-043   2.346516024361202E-022
  </DiscreteSampler_grid>
