 -0.00000000620845259  0.00000273050027195  0.00001983013456253  0.00005564598265511
  0.00010909508126562  0.00017787798142964  0.00026187612744364  0.00035718119549358
  0.00047015108868577  0.00059211589193417  0.00072838439771592  0.00087305502001633
  0.00102729123615362  0.00119090447782133  0.00136421884425979  0.00154383637858867
  0.00172417576793506  0.00190705575008944  0.00208973106630196  0.00227770098057705
  0.00247630785178116  0.00267823661499335  0.00287896013125085  0.00308663329168775
  0.00329783964488980  0.00350594613092611  0.00371436051378386  0.00393212868296162
  0.00416841020864324  0.00440193785632970  0.00463699456419770  0.00487594369409502
  0.00512277640571293  0.00537269391866039  0.00561908892535372  0.00585903620159605
  0.00609378447240586  0.00633451220238825  0.00658215286090248  0.00684004845960956
  0.00709921598865995  0.00735181574029093  0.00759933826411102  0.00784687295823902
  0.00809707912220033  0.00834756333840803  0.00860127471005763  0.00888328251516661
  0.00915340555715296  0.00941432308812310  0.00966761364127438  0.00991514136852424
  0.01016194902617892  0.01040628057245191  0.01064742823246023  0.01088210162114015
  0.01111616000462400  0.01141682387870411  0.01171656045178743  0.01202486168527005
  0.01234958692852512  0.01271150283675287  0.01313118834070899  0.01367425129270176
  0.01458700034511303  0.01626078329780889  0.01762065987724592  0.01865883770868937
  0.01965422547232420  0.02062447164143121  0.02155219408122652  0.02246420952056250
  0.02334288394924066  0.02422297581803181  0.02514485943938021  0.02612146193497562
  0.02712493789159287  0.02813358794508096  0.02918345139097807  0.03024108706081949
  0.03130239882912293  0.03246937574085965  0.03381955405612554  0.03513129153103854
  0.03647927749546880  0.03794069326267079  0.03956743207716867  0.04135734729014692
  0.04352747294656279  0.04619847385747755  0.04900721666518514  0.05225718961354193
  0.05720224428766446  0.06808212169187859  0.11651620070143992  1.00000000000000000
  0.00943860582570933  0.01607690951296692  0.02582865106283710  0.03738030905404496
  0.04825163774344807  0.05940121793724924  0.06955814534901475  0.07969684672089014
  0.08993793744031514  0.10006001601541696  0.11001223303660670  0.12006580388241667
  0.13038497769127419  0.14137466554807740  0.15232308515187851  0.16363696962505075
  0.17572939326942186  0.18764283298844267  0.19890710118183824  0.20927689920367837
  0.21938613668230375  0.22941819063279170  0.23969142749576172  0.25000761045972836
  0.26004430043690779  0.26941830349914331  0.27909909711801723  0.28881935476575377
  0.29880707016105162  0.30896383446961906  0.31963495106093648  0.33111299268338340
  0.34248296747735391  0.35388982098023214  0.36498279702378328  0.37650329635430857
  0.38895092633970013  0.40056829555254886  0.41163378138110968  0.42262722087933546
  0.43353339219079151  0.44364255262322405  0.45337486548894551  0.46263070191328692
  0.47160927454947293  0.48106966965306219  0.49082257945807195  0.50034680940377219
  0.50980793143591752  0.51965309352210254  0.53014462053496825  0.54101489493036137
  0.55113143801345665  0.56131344735482880  0.57141940731072072  0.58157749969228900
  0.59154414620354911  0.60127817304964426  0.61132287025071130  0.62172125627781438
  0.63261374704232598  0.64374238140722317  0.65493437118920428  0.66562905000535932
  0.67585702638346967  0.68546600620418330  0.69441845027550908  0.70313566196937727
  0.71252762673942915  0.72234819687444729  0.73237942850423343  0.74325525538791504
  0.75506241598298784  0.76813200614074040  0.78149218679586085  0.79379164426021265
  0.80510316220115052  0.81611385508589018  0.82650895610527164  0.83651266544029568
  0.84563141699328281  0.85494367400325344  0.86460790823536515  0.87422785838281436
  0.88399068212360088  0.89390748216028570  0.90428001625900623  0.91497643178611388
  0.92484401960289897  0.93532366531023969  0.94584288278339124  0.95615805267094034
  0.96605805978585624  0.97610299962912839  0.98753303371403078  1.00000000000000000
 -0.00002175426042002  0.00025830858100521  0.00073266049506998  0.00150545343150700
  0.00255818538002692  0.00388882694439579  0.00550995862629476  0.00746061525991976
  0.00959479149816752  0.01189754290683764  0.01440415219891187  0.01714183013534619
  0.02019628325717780  0.02340020650040852  0.02677987787763842  0.03009192752240228
  0.03357579307097699  0.03709616138914251  0.04078960021698312  0.04478023409324743
  0.04893738793532711  0.05315912246390955  0.05754792141605279  0.06213112314774065
  0.06692590706102793  0.07208700383518390  0.07759029125430998  0.08311904538929013
  0.08848468599793918  0.09379579504784576  0.09933362267042954  0.10503967320800038
  0.11085164570124736  0.11682385137613154  0.12304962238515607  0.12923600714000497
  0.13561231223700143  0.14217501864384152  0.14887431570488058  0.15574617429357751
  0.16303928524697003  0.17099460340537867  0.17934075186311516  0.18796609437959469
  0.19705776070770234  0.20609964622386179  0.21526690361402720  0.22420967094929684
  0.23296050002815255  0.24161317580373765  0.25021312548050900  0.25893424442158491
  0.26782614562400781  0.27671536550271569  0.28600070969502112  0.29523887838055324
  0.30459207553526563  0.31491331021678326  0.32579178279962745  0.33702913434077442
  0.34857576232409526  0.36034867314187552  0.37230369294598709  0.38467373863923093
  0.39751849472199258  0.41054681130785814  0.42383611698774021  0.43695747668984714
  0.44994412210056628  0.46310196703094086  0.47667456098761046  0.49172874141087375
  0.50668810864141378  0.52161088724750204  0.53656389296609075  0.55175169564589266
  0.56750537615065932  0.58407743817435631  0.60180893427119209  0.61963447449092102
  0.63710990065953377  0.65423329352981796  0.67130487538271211  0.68872245768034679
  0.70691606005491692  0.72601619424777453  0.74589135544371099  0.76576724222850534
  0.78526939871436741  0.80491299020289087  0.82456174930369042  0.84413466826892514
  0.86360636052355677  0.88190123181086499  0.89621021474396445  1.00000000000000000
 -0.00349912070248761  0.01237127442121339  0.02530018336942940  0.03777810119252287
  0.05024611075203548  0.06260263858889240  0.07335127187265934  0.08394258447775187
  0.09405617531214670  0.10446057990935770  0.11513412724189956  0.12616017092280646
  0.13742654416354327  0.14846343113830335  0.15994764667099765  0.17102323996958227
  0.18175305675232947  0.19299710125281486  0.20474811426177281  0.21586180945187236
  0.22616516995873145  0.23626202899861243  0.24624421629236068  0.25639102413053771
  0.26661600910452066  0.27735685706175023  0.28790460591551331  0.30015549840042338
  0.31237509445106582  0.32394947153092352  0.33513726891084011  0.34623007319408666
  0.35733799507103792  0.36864825161688780  0.38057113383264440  0.39287083073726575
  0.40516788596233472  0.41716754635851683  0.42854861023568458  0.43935117658503681
  0.44966064363368929  0.45967066753532171  0.46925017549815773  0.47857830821706360
  0.48817410609219425  0.49818581859600680  0.50836439188539850  0.51833767746638282
  0.52850784892760150  0.53882016584234504  0.54865620922045266  0.55810328853764668
  0.56757868215415219  0.57698902935248475  0.58659895127223693  0.59639680110453042
  0.60643232415386983  0.61703830163050655  0.62816025125883812  0.63973945889641004
  0.65115407046923823  0.66200194010564073  0.67253290732789095  0.68309776782674225
  0.69370158692609130  0.70433457407132383  0.71474580901477081  0.72486995323486969
  0.73482932865414463  0.74455930814385851  0.75444196245991946  0.76462411560433807
  0.77529341773401095  0.78619557598974943  0.79719656508404346  0.80805379016097623
  0.81877545380716776  0.82893385835217981  0.83894951169385878  0.84889170735651742
  0.85900955068990048  0.86932388478470535  0.87976764368174643  0.89017272888927945
  0.90031605194554343  0.91049374222057566  0.92035282613861624  0.92979006068790415
  0.93907202021078862  0.94817441757642706  0.95747218626713082  0.96626666805247330
  0.97485467699348549  0.98324221008049972  0.99163464764167486  1.00000000000000000
 -0.00274029631113913  0.01048880153508626  0.02185497045972095  0.03263700818031066
  0.04389450349666029  0.05527506388233585  0.06681065278754762  0.07798244469648376
  0.08872358920777047  0.09940340694809541  0.10988670768038808  0.11997837116909740
  0.12985997268165542  0.13951728300989275  0.14982967197120717  0.16017196847059675
  0.17028068462773668  0.17994827336063485  0.18991524722607309  0.19986456513408035
  0.21014118405606158  0.22020961425610358  0.23049861285968504  0.24141375129611431
  0.25288819469912932  0.26494058044652458  0.27685152603493596  0.28887115881421171
  0.30066819703798597  0.31214183935022299  0.32292759892206357  0.33366085295876541
  0.34482140604041261  0.35574564890745430  0.36699060192392136  0.37841078981764337
  0.39016516595837453  0.40105643877742092  0.41085586538272251  0.42013712310311391
  0.42905857018637150  0.43846922657678322  0.44819473352162509  0.45810245428200913
  0.46870540221592638  0.47949679311118287  0.49068641819451558  0.50175396454512167
  0.51273342233260844  0.52326314543881536  0.53337537137030244  0.54336830469990394
  0.55350413518727060  0.56408366112013020  0.57472140303518882  0.58506665349634213
  0.59502083133202788  0.60516869726940581  0.61595915214011632  0.62651010481486813
  0.63626730113576124  0.64599622008773061  0.65607674804084770  0.66622997958089836
  0.67578815088780053  0.68551117952796747  0.69738343495474331  0.70948522488233334
  0.72161443777104117  0.73375432356441161  0.74604262649324971  0.75813995526410538
  0.76976641033585302  0.78106467436409077  0.79218994453421321  0.80344921066783270
  0.81446730576954263  0.82503335412953793  0.83530613827265277  0.84516437748816187
  0.85511737808948063  0.86481142500977337  0.87417760349072382  0.88296652484801053
  0.89180586835677633  0.90093540521739623  0.91024478861580083  0.91925510533488874
  0.92812567615219033  0.93702042064694224  0.94842961647504853  0.95958945025212772
  0.96933464916990775  0.97940542519137819  0.98952865305288984  1.00000000000000000
 -0.00265800180400580  0.01053115651670612  0.02114739959334721  0.03095702597027550
  0.04050938510825926  0.04970279540850395  0.05896021481658050  0.06824449273385663
  0.07741300018764190  0.08673642985722203  0.09634131384903778  0.10600876173345182
  0.11607105363082131  0.12654896921217687  0.13735262417168587  0.14795399378107157
  0.15825092162217932  0.16837172787142710  0.17836363240792569  0.18835057059687521
  0.19829593269151749  0.20820801247443990  0.21828074588874449  0.22838574940842341
  0.23850171477857315  0.24874498424272529  0.25940046621092289  0.27024247129369261
  0.28086889572332274  0.29151614551149341  0.30234021145517204  0.31262871981031798
  0.32187778353288155  0.33090213966251819  0.34008578315191096  0.34935259703823651
  0.35861451094924973  0.36787400248802227  0.37777886852289111  0.38866354946003723
  0.39929237302470072  0.40942463668626305  0.41975244596717654  0.43022691967387344
  0.44070550746991849  0.45128109688707990  0.46174099011467912  0.47212670734193951
  0.48279606581096002  0.49362131037450585  0.50447443366763878  0.51522252698288062
  0.52621873457747415  0.53761786388793253  0.54899389687810030  0.56028531885323107
  0.57145323844165530  0.58254786139955328  0.59356087907958299  0.60449237126403443
  0.61540579182229038  0.62629529771208114  0.63725532033687593  0.64826844259019611
  0.65900271383059383  0.66943134444054819  0.67984770293978491  0.69053120071313556
  0.70146574780657123  0.71210076368338548  0.72240612760138367  0.73247303902772831
  0.74245003003538268  0.75240643859795187  0.76244436670565818  0.77228624063102125
  0.78192515153838149  0.79177344816944240  0.80235332572401286  0.81320867628174331
  0.82422855709286980  0.83562060832563412  0.84770048981869184  0.85973426230221839
  0.87150161304780149  0.88336542387394490  0.89574923229466952  0.90860007777846086
  0.92135628081263499  0.93406141130473297  0.94555715589727696  0.95618984073650892
  0.96706608396672933  0.97822745102566511  0.98887616118789223  1.00000000000000000
 -0.00224228585017017  0.00925397667738876  0.01948098475128864  0.03056322962647256
  0.04178226999356753  0.05276962573317510  0.06308359686069399  0.07281003180597538
  0.08234312762975422  0.09187463334749647  0.10144294311005531  0.11101667562176150
  0.12063229461377918  0.13034324351416438  0.14032612022332358  0.15051374011972951
  0.16031737034504009  0.17008884725721191  0.18033792831684067  0.19056393029912547
  0.20039114186809148  0.21028024410524140  0.22027265765211843  0.23027602092487970
  0.24023653071424622  0.25049010798069454  0.26107906908745471  0.27160672006939635
  0.28208974534802556  0.29254907818112891  0.30321634952074183  0.31336639487777290
  0.32233523018530985  0.33102617080809060  0.34012440472690225  0.34969721958019001
  0.35954463076709098  0.36929974525662840  0.38019635760980458  0.39208037042031174
  0.40372813118349948  0.41499914594495618  0.42605853251983444  0.43696419999483527
  0.44743946758332387  0.45759255351001699  0.46770647524835668  0.47808192596271892
  0.48886557269380776  0.49963253424238013  0.51025011219422178  0.52091885930585557
  0.53161423422989185  0.54243488502453119  0.55336809459909186  0.56505632229150959
  0.57752042055822961  0.59028002979112848  0.60281538492660092  0.61472507734455961
  0.62578308072454569  0.63606121841746754  0.64582513053001145  0.65523704491231105
  0.66438585596278410  0.67370020568383360  0.68320363029813247  0.69320843169995272
  0.70374699517361039  0.71443168758711573  0.72493603804000883  0.73494490383781708
  0.74486962848477145  0.75524955575169239  0.76607839210936013  0.77702855027352458
  0.78814176877669406  0.79994893424138203  0.81222199650595051  0.82398511095486282
  0.83543068852440672  0.84694945964636159  0.85849069993567950  0.87010560119131397
  0.88178435958323798  0.89371704989258982  0.90513466978675994  0.91658757725315421
  0.92734596777621880  0.93799305099181085  0.94951817159039231  0.96017402097653470
  0.97034029298178470  0.98066519470374058  0.99062800096162484  1.00000000000000000
 -0.00241581723103905  0.00869562869676497  0.01788020597212170  0.02730782753143325
  0.03693214122750614  0.04747993129123980  0.05924724883940175  0.07119948643370061
  0.08340755017736814  0.09584389552973943  0.10746671142658036  0.11793026265375006
  0.12848444482984217  0.13929624770099056  0.15036795625352042  0.16096043599518439
  0.17234992347360800  0.18445369109978554  0.19684487822779201  0.20887046091969727
  0.21991073591415303  0.23060541426716466  0.24147202600492834  0.25216949038183456
  0.26232890823640231  0.27259619925694623  0.28335959288478740  0.29413137201844453
  0.30489902032386751  0.31577505760314711  0.32709370871718513  0.33829864814934429
  0.34905185421086404  0.35962196884111536  0.37008251116164431  0.38060300090014215
  0.39131126147430106  0.40217458036119541  0.41300769463899267  0.42365742717609717
  0.43422435050100605  0.44484777474574549  0.45541327146159988  0.46570182526448606
  0.47565931664809014  0.48554550744238173  0.49554935001187145  0.50559716281633305
  0.51579908147261355  0.52593748795676520  0.53588803926039319  0.54574515275779201
  0.55574247106620256  0.56594109379354163  0.57604727520473098  0.58598175698552857
  0.59572561287852255  0.60557908299829477  0.61561865286131179  0.62545588980839550
  0.63527262791776484  0.64531052416012491  0.65556985561836945  0.66598921062409633
  0.67606807104946753  0.68654345832135355  0.69717049143027510  0.70742110375695177
  0.71796077495254085  0.72817622283382732  0.73863555567167261  0.74918273958845349
  0.75963638714290238  0.77062789642117069  0.78173091160980812  0.79274760989554527
  0.80373177373381055  0.81465883573151066  0.82621437678705933  0.83756816344802043
  0.84837932620848888  0.85903783153751090  0.86928969938816714  0.87957692622844919
  0.88993048986826073  0.90042715392938621  0.91103558097878801  0.92152187097393146
  0.93175765007303979  0.94125145418678868  0.95014616079658631  0.95944300454300713
  0.96957537334081823  0.98005145873945299  0.99021164450310217  1.00000000000000000
   1.6725105845470844E-014  -1.0000000000000000     
 F F F F F F F F F F F F F F F F F F F F F F F F F F F F F F F F F F F F F F F F F F F F F F F F F F F F F F F F F F F F F F F F F F F F F F F F F F F F F F F F F F F F F F F F F F F F F F F F F F F F F F F F F F F F F F F F F F F F F F F F F F F F F F F F
  <DiscreteSampler_grid>
  grouped_processes
  1 # 1 for a reference and 2 for a running grid.
  10 # Attribute 'min_bin_probing_points' of the grid.
  1 # Attribute 'grid_mode' of the grid. 1=='default',2=='initialization'
  0.0000000000000000 # Attribute 'small_contrib_threshold' of the grid.
  0.5000000000000000 # Attribute 'damping_power' of the grid.
 # binID   n_entries weight   weight_sqr   abs_weight
    25   10   1.683536363695401E-009   9.047042645915024E-018   1.683536363695401E-009
    28   10   1.754310404332474E-009   5.335193904726875E-018   1.754310404332474E-009
  </DiscreteSampler_grid>
