 -0.00000124098484383  0.00004559976846864  0.00019787898799969  0.00040290106138987
  0.00066369651878160  0.00095134577096930  0.00125925354525296  0.00159585992061257
  0.00195592907608475  0.00233408292323888  0.00272963182550988  0.00313778843867797
  0.00355878233014335  0.00398555636605218  0.00442172028073435  0.00485375430292143
  0.00530449721684819  0.00576865824744905  0.00622629158974134  0.00668777025411429
  0.00715400332673372  0.00761610986677830  0.00806949987684249  0.00852702276148442
  0.00899418308095022  0.00946251629875858  0.00992340393813872  0.01037920436686479
  0.01084153658097724  0.01132126463248415  0.01188725637730116  0.01249406886610249
  0.01326376599256955  0.01461182535169451  0.01705894391405920  0.01906983628667753
  0.02068950708475599  0.02219215064783862  0.02353273706706579  0.02479954940784987
  0.02603047802109940  0.02723371492050579  0.02842211302767109  0.02963023457441441
  0.03085709469232581  0.03212690777234965  0.03342324073326430  0.03471449819921883
  0.03601193492843174  0.03731479004001719  0.03862904367334379  0.03995598054856470
  0.04130048968833049  0.04269315410413250  0.04407105433562003  0.04549193306092943
  0.04693026823782953  0.04837433362502767  0.04978586168958470  0.05118958408138662
  0.05260301458149738  0.05411001895238090  0.05565917855733450  0.05723415996836900
  0.05883152722901393  0.06045260471972352  0.06212239155970277  0.06384903747328782
  0.06565231347783802  0.06740635038001515  0.06918637765701051  0.07101297655274029
  0.07291402490617364  0.07487807050737329  0.07690331254485039  0.07898127540119924
  0.08113696257710440  0.08337972524616363  0.08567964017070390  0.08803340026308791
  0.09051642192982631  0.09329105123258458  0.09626244301339862  0.09950463975914231
  0.10289990248514513  0.10649382256642220  0.11034354225899481  0.11447002012713847
  0.11905233950003642  0.12500599965125070  0.13247043258067823  0.14110215936223131
  0.15330856227812595  0.18286324347833799  0.32552498607100699  1.00000000000000000
  0.00931512766216666  0.01674608306023423  0.02690272050960298  0.03795018254124472
  0.04875085989794561  0.06016084552445568  0.07072697023456136  0.08192725677179766
  0.09181372506190764  0.10172850382461208  0.11155813534111668  0.12063778398181316
  0.12978848515031718  0.13909569143972911  0.14866777524582955  0.15854744010708735
  0.16837493165667755  0.17831193332195039  0.18832326722684173  0.19836244990953703
  0.20820833463533583  0.21823062641762572  0.22870350257546945  0.23986939633333404
  0.25183416580968832  0.26341812459699204  0.27510644953522628  0.28640854975454427
  0.29692699373619835  0.30659196824622131  0.31634329825041507  0.32642637779620853
  0.33750302461408155  0.34875424339228833  0.36035143633602551  0.37186790649205997
  0.38285542415105395  0.39372826841636399  0.40440507479434645  0.41471970899554822
  0.42426775010279860  0.43368843995770406  0.44403250962286389  0.45469317310453095
  0.46497537095349328  0.47498306825048586  0.48538833592308228  0.49610761977787687
  0.50682120496880878  0.51763527875313020  0.52894089042870296  0.54030210313276639
  0.55141754019828182  0.56230821890336924  0.57296919840773930  0.58367293545053367
  0.59367806309516735  0.60343575982817610  0.61323488544884974  0.62326680955191516
  0.63306488077541456  0.64254661357824849  0.65260795845930919  0.66333218736555566
  0.67382983159620979  0.68418734840698914  0.69419479001878537  0.70396367316292663
  0.71411264451023171  0.72461112536923244  0.73522078722558104  0.74560684934655552
  0.75588382992577630  0.76600287078260398  0.77598607874259362  0.78573573660040164
  0.79575198435050154  0.80635174283553479  0.81713483985835422  0.82816996835554468
  0.83957603742280928  0.85148123825759037  0.86374939310866417  0.87569149049345341
  0.88725618490540947  0.89878104164894990  0.91042492990498591  0.92161029969158559
  0.93196546262128410  0.94260551669179948  0.95430351569497562  0.96442185014776038
  0.97376835370014214  0.98344566728660998  0.99092513261645276  1.00000000000000000
 -0.00005170693862116  0.00063104974765254  0.00188560810287616  0.00360055984498963
  0.00555055535692373  0.00785686045850623  0.01042980055500842  0.01326156792208157
  0.01605590250160437  0.01916577654528085  0.02254859380518688  0.02585238412749087
  0.02919020382951433  0.03288939826048072  0.03659134978080002  0.04035768933590509
  0.04418896812889030  0.04821079882982356  0.05242972811821709  0.05676257173091657
  0.06126173768264952  0.06597187452790888  0.07072973744089243  0.07563660280533648
  0.08083910040075366  0.08639388507804938  0.09214646596293471  0.09796925265657229
  0.10384335984610964  0.10972512136519384  0.11556714411804249  0.12133268458123168
  0.12703029906891225  0.13282193173105608  0.13884131480838530  0.14499952955502979
  0.15132842066926749  0.15802128022794654  0.16511817770616866  0.17262645140036709
  0.18043028449982104  0.18841472169319373  0.19651918975723062  0.20464348407986399
  0.21240721817058919  0.21999102161169284  0.22743764356774424  0.23486942340046463
  0.24233133159434919  0.25000273126888195  0.25799746157524861  0.26616808357974092
  0.27437863183868710  0.28276286946754170  0.29130514368665550  0.30005834245337271
  0.30940975120254066  0.31902257836320502  0.32847794560297378  0.33778948716477059
  0.34708217628110133  0.35604655956912701  0.36528249687873349  0.37472223127539361
  0.38449567760231168  0.39452952647477607  0.40456288146481478  0.41444112553492923
  0.42425354752024674  0.43402887317311356  0.44369696002709974  0.45345837449731508
  0.46317057240269427  0.47320179301491805  0.48371356018213635  0.49437086002911862
  0.50503011960944022  0.51569100593852335  0.52647752878432441  0.53727441094142769
  0.54813582946595218  0.55905959609858602  0.56993707595302856  0.58078801859860296
  0.59167066434253024  0.60295294282537937  0.61420789920396612  0.62528012626933138
  0.63631805039141520  0.64762045143747493  0.65918182300869088  0.67095126811082628
  0.68293183069138030  0.69403431773345747  0.70070070776816040  1.00000000000000000
 -0.00255252462601957  0.01031442683805217  0.02106415838636622  0.03310927972347006
  0.04459713554183501  0.05641421848214756  0.06811235721101615  0.08050334681694893
  0.09218892066298705  0.10432768710486093  0.11621081865703126  0.12750583898713014
  0.14081566550020391  0.15133269304239125  0.16198918392681175  0.17300005228374538
  0.18445770464296499  0.19534232069702939  0.20582046676937929  0.21627942889843929
  0.22636717959884739  0.23593182679846264  0.24575450940907620  0.25653340198822383
  0.26782184022797589  0.27868623786299296  0.28939669238451243  0.30083985786672862
  0.31290544836290135  0.32437392614716115  0.33570161262704484  0.34695543604216833
  0.35784862168537607  0.36826826027314086  0.37860571501715012  0.38892666312575391
  0.39894992624385389  0.40881575894189459  0.41903201155756387  0.42960362812121994
  0.44002153400567928  0.44987355351052150  0.45962539996770829  0.46965146840807742
  0.47972525680922506  0.48972157178354081  0.49962518347550827  0.50929950893563292
  0.51912149481369940  0.52942223683255329  0.53999903036372232  0.55045826359794070
  0.56096728917913319  0.57193061556108471  0.58288115386606765  0.59344907122542800
  0.60353224397308658  0.61322451612728412  0.62284686926383392  0.63257334151962363
  0.64239037983279967  0.65213462043787451  0.66179789513160825  0.67150119814856868
  0.68127404044739237  0.69095349201238143  0.70085730870759821  0.71095298648988781
  0.72133147498608685  0.73192904646124646  0.74279801275927537  0.75337871586104865
  0.76419245210018516  0.77442408279071528  0.78460908011788333  0.79489906098588325
  0.80523714210732289  0.81542049782497805  0.82540833413420645  0.83582344488250215
  0.84672569165505418  0.85747684968952431  0.86771678384924478  0.87761205124656561
  0.88742550594266789  0.89717807296976859  0.90736196487422072  0.91797752947503908
  0.92882298903830274  0.93958540857352157  0.94993747485870328  0.96022445724035077
  0.96993593311112436  0.97992757754250748  0.98968287007043931  1.00000000000000000
 -0.00269479247015934  0.01015097794134110  0.02133247136029118  0.03256718590987121
  0.04411238665832990  0.05586904385697745  0.06799396768923449  0.08025264715741445
  0.09221036567973877  0.10358580423611653  0.11443792565822504  0.12494813441702850
  0.13540691157990251  0.14605184278998612  0.15799077290955363  0.17024419205342534
  0.18169889491379468  0.19324665487085033  0.20447483096361554  0.21530604873710549
  0.22578986891379374  0.23653577144537433  0.24727605738420225  0.25710154454497358
  0.26659570817416467  0.27616479308024727  0.28585946493765624  0.29529177682415986
  0.30439491497307536  0.31388905099593445  0.32384482325460001  0.33372406847187724
  0.34329534489510477  0.35325373874479654  0.36405742821137327  0.37493421605883204
  0.38497687680033571  0.39464764716936646  0.40473443145824667  0.41537864662206697
  0.42607541759085604  0.43671941801831887  0.44769123782972470  0.45895691722295118
  0.47035384143773001  0.48168423229581309  0.49305569566597424  0.50456941966743996
  0.51585952793014023  0.52619807925787043  0.53550481336325972  0.54465682430265083
  0.55388398852782883  0.56340523186044822  0.57281104730698040  0.58223298908201315
  0.59223938154133238  0.60290462123282651  0.61437911876327611  0.62624591957985876
  0.63813124793097842  0.64943686676498702  0.66027780334248698  0.67137869208213563
  0.68245234073699723  0.69281528758953126  0.70261681683918575  0.71261376978920132
  0.72301275842617363  0.73327109315240013  0.74350165940658142  0.75425324392604653
  0.76572149555975033  0.77731114517398614  0.78870827145672828  0.79957211621953372
  0.81006324282187281  0.82016695004880502  0.83010509549568023  0.84019275326769649
  0.85041602150175777  0.86093271856620590  0.87147724783222069  0.88172184835220269
  0.89190409602627052  0.90203235537563464  0.91219652000601725  0.92220632276975811
  0.93216997866416540  0.94188289647856560  0.95118265139480129  0.96033999039396911
  0.97003184455024638  0.97986599083387982  0.99007141969247248  1.00000000000000000
 -0.00226959412508611  0.00933895240441896  0.01925630814717625  0.03032505101341995
  0.04050807817660062  0.05125045257375591  0.06176716085224555  0.07300632833117587
  0.08453855166154244  0.09581999728678253  0.10723472943881872  0.11845818304530033
  0.12917889345270420  0.13921412304862776  0.14925098381532342  0.15978444512311235
  0.17028533398619811  0.18054414764089441  0.19074638605279742  0.20117374214982806
  0.21150169246283670  0.22168060738943177  0.23205490942533188  0.24266962496642347
  0.25294246961460387  0.26335326235408951  0.27422146121294855  0.28540635949800119
  0.29622230858032522  0.30667590753759194  0.31733391851866666  0.32819642525592513
  0.33847371464838644  0.34842735044361328  0.35841731827828782  0.36835121288552258
  0.37840776913674345  0.38930333634512254  0.40058293529289285  0.41198856443105614
  0.42367891001672769  0.43583882642583516  0.44823768295227684  0.45996881293611225
  0.47144704506044194  0.48290016014169318  0.49408530897711989  0.50476951239581680
  0.51511388153988180  0.52537885721002520  0.53538572997290357  0.54538717823612304
  0.55526142711150872  0.56499638910956562  0.57525736919626114  0.58562345358436063
  0.59682696377864930  0.60819125208919056  0.61931301343137746  0.63028283423462317
  0.64106847721281957  0.65218734768276854  0.66378130684496184  0.67514489487660934
  0.68613445079064805  0.69717726707956751  0.70821423556422991  0.71895870044997501
  0.72991310466129522  0.74165724446833081  0.75325256127835694  0.76438864084322755
  0.77460673910319511  0.78385718126422455  0.79317595809450259  0.80275813283307329
  0.81228573362187562  0.82189195803013437  0.83145142892611412  0.84105708791837697
  0.85076896773927135  0.86055451743181077  0.87043234247165346  0.88034028326558444
  0.89015592133766364  0.89996791560423850  0.90993219812922377  0.91978278719193485
  0.92977778146991097  0.93950926735895290  0.94922963050744202  0.95912703043067693
  0.96943075117503452  0.97963428843251932  0.99006732107625728  1.00000000000000000
 -0.00193377830792812  0.00872082737526524  0.01839965999827474  0.02861509096415613
  0.03842280023273963  0.04778316072493427  0.05733234695129770  0.06736355578063229
  0.07776485994578382  0.08824090322234790  0.09894434611496906  0.11023773769904298
  0.12221934474071053  0.13430034051367731  0.14675819102700677  0.15770567694422424
  0.16849735106376260  0.17936575392737047  0.18975378493674658  0.20019670876508128
  0.21053191135868324  0.22245481477746418  0.23412240392471695  0.24576935137509220
  0.25749337939489780  0.26888649077614551  0.27962459278830548  0.29055517626983052
  0.30225734152457162  0.31446731835669889  0.32662462755320021  0.33846562696458804
  0.34986989584585032  0.36023852334343753  0.36994829621713560  0.37976081889947200
  0.38924037450903015  0.39884431202130222  0.40849487035193038  0.41822385697780390
  0.42782083430652390  0.43741155446408303  0.44739499344334616  0.45793205311703877
  0.46900094274628473  0.48029757096147102  0.49147804721597999  0.50225431750541183
  0.51236759634918405  0.52234202682086484  0.53252214977519563  0.54280307486706447
  0.55291686155587161  0.56332363086203296  0.57431269510612792  0.58517243465279234
  0.59535142722311507  0.60517713682401497  0.61527249786601734  0.62532260167989762
  0.63470318987244034  0.64379941957733244  0.65299580343873687  0.66225284642639437
  0.67116230138388644  0.67967011167269353  0.68865989825433160  0.69873345281720789
  0.70915388447849159  0.71933591452144185  0.73002671995940693  0.74183013310322277
  0.75450362501637103  0.76707375601553895  0.77931386793361868  0.79125212615392204
  0.80342915305284324  0.81565390087692902  0.82767217049849939  0.83884349574449313
  0.84955233862969215  0.86002365949902448  0.87095067871181064  0.88191303876511118
  0.89238135610851321  0.90226823207165563  0.91175022085068369  0.92127919892377752
  0.93110630276097117  0.94130995843365162  0.95162428360471696  0.96176154580677842
  0.97169849867557667  0.98157102372030436  0.99083469454941508  1.00000000000000000
 -0.00237473320477287  0.00948407402726308  0.01942319078767625  0.02917805226962110
  0.03905889164571504  0.04964197454642847  0.06038289535650741  0.07113953219209038
  0.08147402230040497  0.09180437614626974  0.10190280725888447  0.11176238096562002
  0.12149886160147005  0.13172930723750437  0.14194127363420522  0.15192162980295565
  0.16181395005109153  0.17206859879914721  0.18247210219276397  0.19311885650547064
  0.20379495749631216  0.21459889635530946  0.22524127079123180  0.23596118991796028
  0.24686579961970048  0.25787095296244672  0.26911384085080303  0.28073126127203102
  0.29212126908495040  0.30289211234998048  0.31344813015746070  0.32422292802943820
  0.33480083838260477  0.34500427753119473  0.35518787471098656  0.36573985064017123
  0.37667524799265384  0.38877251170807547  0.39987448053028063  0.41120211612202717
  0.42266646079061848  0.43441836249228893  0.44436550051740459  0.45434414242443449
  0.46387898055520932  0.47362655872219273  0.48341479644796342  0.49318372988266090
  0.50304593848994184  0.51305288916291014  0.52270751104900970  0.53239960097770933
  0.54253656284479856  0.55299331167323806  0.56377955664321533  0.57476146080047597
  0.58587975993494557  0.59750693911436381  0.60877198902257257  0.61941279183905484
  0.62964901638402371  0.63954154119451723  0.64980563670690561  0.66052754231873023
  0.67142039538476661  0.68352691684969014  0.69520572597045427  0.70729986245995768
  0.71753336762210018  0.72779198985769389  0.73883151484876664  0.75017438085013044
  0.76147000843493584  0.77224534755902652  0.78240883655585580  0.79245613679656002
  0.80258109008014011  0.81250602702350827  0.82232745932463380  0.83222923275668326
  0.84282648416549477  0.85377010750043469  0.86451063377907922  0.87496711770313773
  0.88548427124382434  0.89599144876229397  0.90756618834074076  0.91919458708380697
  0.93073369820840801  0.94088233609627059  0.95073058746265604  0.96045746831128220
  0.97073614069322012  0.98084735077817364  0.99066947929868177  1.00000000000000000
   2.0920624013246275E-016  -1.0000000000000000     
 F F F F F F F F F F F F F F F F F F F F F F F F F F F F F F F F F F F F F F F F F F F F F F F F F F F F F F F F F F F F F F F F F F F F F F F F F F F F F F F F F F F F F F F F F F F F F F F F F F F F F F F F F F F F F F F F F F F F F F F F F F F F F F F F
  <DiscreteSampler_grid>
  grouped_processes
  1 # 1 for a reference and 2 for a running grid.
  10 # Attribute 'min_bin_probing_points' of the grid.
  1 # Attribute 'grid_mode' of the grid. 1=='default',2=='initialization'
  0.0000000000000000 # Attribute 'small_contrib_threshold' of the grid.
  0.5000000000000000 # Attribute 'damping_power' of the grid.
 # binID   n_entries weight   weight_sqr   abs_weight
    25   10   1.032596744227064E-012   3.647791406978208E-024   1.032596744227064E-012
    28   10   1.216713986825908E-012   5.705979951412409E-024   1.216713986825908E-012
  </DiscreteSampler_grid>
