 -0.00000280151540288  0.00003807331651335  0.00011205070809688  0.00020476627224641
  0.00030756681328355  0.00041771752572161  0.00052834849381195  0.00064463082494897
  0.00076947307718471  0.00090000999034136  0.00103994181822212  0.00118984148084671
  0.00133569662948519  0.00148364560700570  0.00163260674497318  0.00178408572237487
  0.00193485681916032  0.00208024499378955  0.00222591344420294  0.00237385955218941
  0.00252435994246946  0.00267961261080258  0.00284130274667269  0.00300686609281164
  0.00317274880590866  0.00333385822547795  0.00349467966286413  0.00365497513844484
  0.00382166659865947  0.00399268736788972  0.00416710025857123  0.00434656741892727
  0.00452306278986971  0.00469531755229006  0.00486323091120536  0.00503348323643247
  0.00520745249131915  0.00538171777727430  0.00555928269334929  0.00574219715180675
  0.00592752751911224  0.00611090226875680  0.00629193548422195  0.00646965943923479
  0.00664575456516692  0.00681994382589364  0.00699588630763858  0.00717683737848507
  0.00735829229727695  0.00753650307651893  0.00770723450857598  0.00787500334547861
  0.00803963601549908  0.00820204847997705  0.00836419849125230  0.00852604595015520
  0.00869480947159556  0.00886376877153519  0.00902983978992924  0.00919062477720493
  0.00934555680237866  0.00950018295285264  0.00965669693977187  0.00981015941851418
  0.00996134265286553  0.01010670902269025  0.01024625964986816  0.01038578701490587
  0.01050528251809437  0.01060020688287958  0.01069457839307296  0.01078733590437481
  0.01087718247877349  0.01097380474681030  0.01111139529127386  0.01125353932810356
  0.01140507797475077  0.01156421659482497  0.01172346474111216  0.01188426811640072
  0.01205192689467963  0.01223277886592099  0.01243095003216990  0.01264792520497408
  0.01289058943742696  0.01317738072363978  0.01354652946604296  0.01434696407777066
  0.01609946704884926  0.01774760885631509  0.01904934702204414  0.02068226884317460
  0.02294568470538310  0.02807241234424724  0.05261384206343556  1.00000000000000000
  0.00928897883543406  0.01684873619750182  0.02734253832174697  0.03824189905316108
  0.04966153457638380  0.06080773803894919  0.07141965708026470  0.08182854754185129
  0.09328243519195238  0.10479073919743451  0.11626711357358185  0.12765266250334298
  0.13881926782477966  0.14987248967710515  0.15729178398961347  0.16399824567792490
  0.17086735107946840  0.17775667977410381  0.18616574140331860  0.19744171267020666
  0.20916199046135869  0.22113299977179646  0.23239816509732458  0.24280929213681202
  0.25297097050159101  0.26301143858786130  0.27325540507430535  0.28357058942889396
  0.29452159060683031  0.30607759780648908  0.31750001976195291  0.32848262152591878
  0.33929231448291358  0.35018658028176797  0.36090734091253146  0.37053734956657375
  0.37970894691430324  0.38914005778433985  0.39905759419873105  0.40923284345299688
  0.41936820499022370  0.42902926080940923  0.43826810414556910  0.44724137564606281
  0.45654583747017508  0.46612008889846868  0.47583555014284695  0.48631385358441459
  0.49773321192991166  0.50915207224406844  0.52026627514482815  0.53105869087068935
  0.54159688503851988  0.55215447618321090  0.56264475012841708  0.57299403839258312
  0.58322667345463253  0.59363609101346115  0.60426416430605867  0.61472726899856189
  0.62527216468757973  0.63620177093321140  0.64756579535281811  0.65896133685957858
  0.67026917735774982  0.68122289735309505  0.69180075834685606  0.70223203876608398
  0.71316953700914598  0.72426946607198506  0.73519024628288143  0.74568108193476668
  0.75624182590709677  0.76713514305354258  0.77868950712054874  0.79030397300884325
  0.80158020136144714  0.81257833550172676  0.82325061036298486  0.83384530728475525
  0.84417957438260383  0.85463176196880586  0.86553931124311789  0.87677344126875434
  0.88775380783055224  0.89839519468295714  0.90914644070765915  0.92009123047939334
  0.93129185232550282  0.94205096246431597  0.95240297714876887  0.96244036606844108
  0.97228669328095241  0.98290529825121542  0.99111585547981540  1.00000000000000000
 -0.00176138448761467  0.00675309226837281  0.01466477580600729  0.02294817170868561
  0.03169121795752630  0.04042419869958736  0.04969880451805109  0.05895971240479766
  0.06836500454086150  0.07752339280578019  0.08622238193178361  0.09449351554898022
  0.10265531903906282  0.11078410987758851  0.11910318790495819  0.12718133239773635
  0.13526578896676028  0.14316515419549178  0.15101020847984792  0.15865841660971844
  0.16675540164819944  0.17533586461468856  0.18412970758426436  0.19295976433379397
  0.20205140473118169  0.21123470420748236  0.22085808902323259  0.23040188783272433
  0.23994963648588521  0.24927189561828114  0.25850418233152578  0.26799172659620490
  0.27807843964951506  0.28826635167842174  0.29829942419895583  0.30817677920569342
  0.31837909124184571  0.32867283392971558  0.33883343621387257  0.34859007219729349
  0.35809483582097074  0.36745510701027584  0.37673747389657714  0.38579136602458197
  0.39505174174305818  0.40473717529386394  0.41476174032128099  0.42492214761390490
  0.43514357467825304  0.44558386028951946  0.45410119311167041  0.46101782948274350
  0.46811830064700743  0.47513255670222315  0.48220405018642182  0.49245949713205950
  0.50365728939728094  0.51485277147344199  0.52604454903800169  0.53694413804243768
  0.54738399010122207  0.55773656436555430  0.56859404151492809  0.58011922073837052
  0.59173634772250894  0.60352934238474487  0.61578237639867028  0.62869694530267428
  0.64132731795265696  0.65371642961021947  0.66606905867997013  0.67822583713938756
  0.69050407123812751  0.70293663897477765  0.71490592095922489  0.72678375325461542
  0.73929667487466111  0.75218338548453922  0.76535963594266043  0.77876018354689269
  0.79208427935678749  0.80495269908955236  0.81728934463260661  0.82990436563051284
  0.84281117323257604  0.85606475093877366  0.86963289946437106  0.88377023312976144
  0.89784016497465136  0.91189685865675296  0.92569771205730056  0.93952426806134748
  0.95391943526304401  0.96922274322618551  0.98463234267666910  1.00000000000000000
 -0.00210394922930782  0.00828001613143571  0.01792260318390781  0.02827090975949701
  0.03887779534988201  0.04924839081961373  0.05922456490782085  0.06976127780542642
  0.08011475563839567  0.09039517633866678  0.10061074509369204  0.11137692462535452
  0.12226105886211670  0.13256826430158178  0.14217310001820091  0.15146499072273359
  0.16070327006003343  0.17030404625956710  0.18002388977966730  0.19013942830111663
  0.20025440960909877  0.21019920639426576  0.22023921859831774  0.23049665792712698
  0.24079029670560098  0.25127535163108433  0.26249064561279434  0.27345569199162512
  0.28394690558060615  0.29456471125775957  0.30544697585737268  0.31623104044672007
  0.32674608852308640  0.33730671696980186  0.34822753888923019  0.35912629546435110
  0.36998227908353509  0.38058523044781473  0.39121951642790365  0.40199220073387898
  0.41297840006668773  0.42466377867556160  0.43665225385858719  0.44864127702625867
  0.46040128829442734  0.47201634079931787  0.48408057919443165  0.49617979110354871
  0.50786826446384481  0.51909482392322348  0.53005002643041876  0.54113966337214103
  0.55222262735821914  0.56319570644804795  0.57419513574946601  0.58349038040889301
  0.59064463868278116  0.59753774767764334  0.60441153697729744  0.61166220363423462
  0.62080190891597131  0.63187725641610970  0.64283702062107151  0.65371679172673458
  0.66431544410685262  0.67483423356256977  0.68528159191337878  0.69598769085324796
  0.70679982585774837  0.71748839745410253  0.72827853933226505  0.73930973453395354
  0.75044075058412330  0.76135779104399282  0.77194771265175599  0.78236557399529549
  0.79317100593662759  0.80446082489570447  0.81628526626303166  0.82759819768185972
  0.83857119162993010  0.84982315360085303  0.86102432401022755  0.87192314714978381
  0.88279755528396098  0.89361666745751900  0.90474813750691363  0.91608546685869552
  0.92739604736942716  0.93824855305498855  0.94868055492801617  0.95916443232625526
  0.96969269618445075  0.98028189804940535  0.99014965610705086  1.00000000000000000
 -0.00237278031984190  0.00935154670308730  0.01972571285145871  0.03072563862411228
  0.04187589747361797  0.05207549720619676  0.06204824321089498  0.07233172007969589
  0.08290766367147241  0.09332640539577093  0.10346977307597112  0.11351250868278295
  0.12353905320051752  0.13342622966901971  0.14374017284762339  0.15420455219442858
  0.16471074183479276  0.17546749207137294  0.18625677409364064  0.19616236292652312
  0.20576405105870163  0.21535575412579466  0.22554833261137847  0.23574813608987760
  0.24575306199052543  0.25606711798648912  0.26680679028668225  0.27696849949217073
  0.28704908632453247  0.29722795625772469  0.30784783194322074  0.31894053640054870
  0.33014893657131328  0.34131771358820151  0.35259962071495332  0.36398553248013477
  0.37524762498681097  0.38629351525311123  0.39748662232282556  0.40894084928839530
  0.42020047641494318  0.43100197927256118  0.44181843012809585  0.45291946442805014
  0.46401994734916252  0.47486893929965573  0.48565733169373243  0.49663163506026181
  0.50745116953324199  0.51785121886574592  0.52809623271591521  0.53846241610463996
  0.54909654288526577  0.56004101361720360  0.57124922994055305  0.58247448561956194
  0.59350859000316980  0.60435222720485959  0.61505777865750044  0.62568975636796431
  0.63625972331839786  0.64690675072574666  0.65789445999930807  0.66935498759413303
  0.68105561391161695  0.69262939162802206  0.70404483793181649  0.71549520253702847
  0.72662457488861421  0.73702028729025804  0.74701557785722339  0.75716451386525985
  0.76772474161771065  0.77826479790175007  0.78896686713028719  0.79970726610015808
  0.81013168406194558  0.82045175351838406  0.83085385588290894  0.84181552486197175
  0.85322720782543560  0.86338515225022971  0.87004235790691298  0.87681409623603179
  0.88343470591288231  0.88965916742090512  0.89960697294588887  0.91057704852156385
  0.92175474171037020  0.93285495785357675  0.94431855467258319  0.95593343013208698
  0.96747940374795327  0.97823705180093212  0.98919496020888731  1.00000000000000000
 -0.00194044292326742  0.00775614091622867  0.01790037071463382  0.02782794781086130
  0.03866845591303884  0.04999172340888049  0.06143076088739086  0.07239358652102479
  0.08339627761945581  0.09432728480232243  0.10488067930542737  0.11517949213195165
  0.12549299264577926  0.13624207014221928  0.14710412374770210  0.15812965470533924
  0.16912393011339888  0.18010998646953061  0.19058325869805004  0.20110859004087167
  0.21191935788444871  0.22324999470973012  0.23435978605801058  0.24506225982925142
  0.25552304827016065  0.26603283852031639  0.27524849762521486  0.28205754970718910
  0.28902807037910888  0.29597132350241523  0.30316701088095571  0.31282079663847484
  0.32337654189052856  0.33384503715568509  0.34449452759870186  0.35543513228181411
  0.36669886222510478  0.37800207031647359  0.38920632821002688  0.40052496513598579
  0.41198546727463781  0.42338536675243482  0.43460706098288859  0.44573354825760053
  0.45699475116355698  0.46842822945589019  0.47997243592300154  0.49172501273182140
  0.50337235284455861  0.51492054689018452  0.52602553393165696  0.53642459305638091
  0.54623570777135488  0.55605318188120412  0.56634156301618666  0.57690631468915754
  0.58703947117500599  0.59731557178630923  0.60748576671645527  0.61771835139046716
  0.62806264095926301  0.63824504363486501  0.64805207609168081  0.65767120935810441
  0.66726059600913068  0.67767264893995460  0.68839473094437720  0.69912425305488124
  0.71014732669907521  0.72148746626603422  0.73284788938798984  0.74401781246568099
  0.75565788014863433  0.76744350209477485  0.77862808781950288  0.78961511846899735
  0.80059995555819818  0.81146517247580607  0.82244122830202260  0.83329613915767009
  0.84303283297757592  0.85255928962527994  0.86211178430598467  0.87152583500085279
  0.88078269499793216  0.89005263132204926  0.89993232782614707  0.91090221696915996
  0.92227644837095402  0.93316851428864400  0.94428401274328555  0.95559034009604760
  0.96668912311583166  0.97777074847169276  0.98887688712210109  1.00000000000000000
 -0.00122555544009778  0.00426205746688923  0.00994782531418880  0.01567495559533198
  0.02144905291322124  0.02734468561364137  0.03325772411595494  0.03919460269643994
  0.04524347230135745  0.05149233325300532  0.05802983788479776  0.06480458026077507
  0.07161950054914024  0.07842531031000441  0.08516826551177813  0.09198860269025395
  0.09897433498783953  0.10609770238413242  0.11323214396813680  0.12060701777231012
  0.12840406249832376  0.13650108732505234  0.14469296371158807  0.15290195124341338
  0.16144170213294914  0.17065101793203513  0.18051256026218832  0.19083193048568572
  0.20142225336776839  0.21224734001589113  0.22339853991438161  0.23501826704739784
  0.24701432602208084  0.25895900171387837  0.27160313237311196  0.28574206487253290
  0.30095796253263546  0.31728604248937020  0.33480700570053762  0.35217469175673005
  0.37042719121502449  0.38897781979683421  0.40872901674523937  0.42929664467217932
  0.45044883638236710  0.47193974158669927  0.49433980276369660  0.51751602800502905
  0.54028065198683406  0.56184090034542078  0.58268642979140051  0.60262779020131585
  0.62145584539579646  0.63955496636245157  0.65681005790004965  0.67323585111047957
  0.68894275834847174  0.70397025673516078  0.71852247395680724  0.73235790541941825
  0.74657132357445311  0.75985755560246493  0.77234046445686777  0.78327859766745933
  0.79373617249756312  0.80345420467466677  0.81293390509521990  0.82190383949230061
  0.83068186908032993  0.83951670461658245  0.84853976923932672  0.85782641919320690
  0.86691134030690820  0.87522933136396908  0.88304076368738205  0.89045197360815387
  0.89735575168141080  0.90368084965170692  0.90988384313595805  0.91601910490702620
  0.92212365478386604  0.92708096794554296  0.93073908136326933  0.93417715580310068
  0.93771283004263351  0.94158310489352426  0.94673673533714253  0.95246317432900685
  0.95804926178874483  0.96392393393120501  0.97006639195566657  0.97618284146960832
  0.98221687887504083  0.98829654981157600  0.99406571213913963  1.00000000000000000
 -0.00260323004681807  0.01009912817203232  0.02037958619224783  0.03210505833632810
  0.04284900631608154  0.05356498355199704  0.06413539608164331  0.07539786054603814
  0.08600846636060164  0.09659076019593983  0.10754540978444597  0.11890157624656361
  0.13044948630969938  0.14177045366964228  0.15307756337247677  0.16420539666092307
  0.17581002232867840  0.18696399990260129  0.19783782264133334  0.20851888839768895
  0.21946440123206482  0.23070601869182539  0.24156402183045794  0.25233165047345485
  0.26351016724777238  0.27489445756751918  0.28636051122574113  0.29784879466124675
  0.30892928421627713  0.31906717698228643  0.32856807519985687  0.33829109262806434
  0.34796994946774984  0.35737141513099147  0.36655053294217516  0.37609378607354871
  0.38620064854256547  0.39646414481995668  0.40686051554497249  0.41742873392091445
  0.42791067983819725  0.43815626549410719  0.44839373240542868  0.45883201893743131
  0.46918600490270279  0.47933982872272785  0.48941665121489902  0.49986384534491757
  0.51084730084493135  0.52193916654027861  0.53272212114697004  0.54322530265006341
  0.55351261838003329  0.56370291292041208  0.57398573389842444  0.58445856286024811
  0.59480097095056894  0.60535517719126142  0.61618925708493788  0.62719095363132382
  0.63841313515851461  0.64755707909934446  0.65500165611468031  0.66280219383972416
  0.67054280838985858  0.67826696177183765  0.68803079295193059  0.69945290387015002
  0.71067398923789349  0.72149674921341411  0.73196329897315282  0.74226842668334192
  0.75260210874638322  0.76286461838359454  0.77300191973060184  0.78331283799561058
  0.79377286585075568  0.80441654298401766  0.81522968137629914  0.82620314836346953
  0.83736997974416538  0.84856791673308718  0.85952925443213113  0.87033859419463211
  0.88101368990144124  0.89153039500780062  0.90178468000249956  0.91217549337970605
  0.92272462006839850  0.93355445467157527  0.94451714932827979  0.95512502988536252
  0.96591120387637852  0.97666524020765633  0.98798453156335475  1.00000000000000000
   7.9790478575556850E-015  -1.0000000000000000     
 F F F F F F F F F F F F F F F F F F F F F F F F F F F F F F F F F F F F F F F F F F F F F F F F F F F F F F F F F F F F F F F F F F F F F F F F F F F F F F F F F F F F F F F F F F F F F F F F F F F F F F F F F F F F F F F F F F F F F F F F F F F F F F F F
  <DiscreteSampler_grid>
  grouped_processes
  1 # 1 for a reference and 2 for a running grid.
  10 # Attribute 'min_bin_probing_points' of the grid.
  1 # Attribute 'grid_mode' of the grid. 1=='default',2=='initialization'
  0.0000000000000000 # Attribute 'small_contrib_threshold' of the grid.
  0.5000000000000000 # Attribute 'damping_power' of the grid.
 # binID   n_entries weight   weight_sqr   abs_weight
    19   10   4.217702235995483E-009   5.631335198065621E-017   4.217702235995483E-009
    22   10   5.221586189790401E-009   8.831423331418326E-017   5.221586189790401E-009
    25   10   9.789909980013116E-009   9.301744437558195E-016   9.789909980013116E-009
    28   10   1.181694874931541E-009   1.022396514211099E-017   1.181694874931541E-009
  </DiscreteSampler_grid>
