 -0.00000001603967737  0.00000999453872280  0.00007100277624717  0.00019376201660632
  0.00038321791324189  0.00063575503412557  0.00095475985128572  0.00129796938062253
  0.00167745440467981  0.00209727198095992  0.00255246029993342  0.00304966094957480
  0.00356705749333116  0.00410478626552300  0.00465844863039674  0.00524264433778450
  0.00589344496524059  0.00657936213146192  0.00728758876632514  0.00799260809283475
  0.00867342715810954  0.00935786122451466  0.01004070492518044  0.01074341094729222
  0.01151401779457359  0.01240678192236588  0.01355683196433399  0.01550505495033152
  0.01813034260785231  0.02028450157834043  0.02223806699001491  0.02406257311327006
  0.02590113856155595  0.02771074847435294  0.02943772528710032  0.03111072457929633
  0.03278304731878082  0.03450806376510491  0.03624981162648357  0.03802483454145157
  0.03984833303557931  0.04171394765363099  0.04363728056032977  0.04558512917595411
  0.04755108676340541  0.04951010838680781  0.05143444357695031  0.05333102257991651
  0.05526034998512486  0.05729922910087170  0.05933833804536313  0.06141546113392097
  0.06346183588612860  0.06559205576729661  0.06779046341393850  0.07005075291465435
  0.07249014313660546  0.07524677593421258  0.07786171057641074  0.08046073613379677
  0.08307100188930996  0.08561554241365249  0.08811193902721987  0.09068567036528470
  0.09350749861924298  0.09672915415551835  0.10003853222563197  0.10343772770356927
  0.10690857985332836  0.11041782300509652  0.11402499789877037  0.11758061451244295
  0.12140243621918011  0.12553449169290951  0.12984430219609153  0.13409273637410252
  0.13849907313841167  0.14332626819818919  0.14821457156580078  0.15325575618222137
  0.15894737909668613  0.16551839343025071  0.17198472899924536  0.17864201385679546
  0.18602701343027758  0.19371462917051996  0.20203526518832243  0.21177144174134427
  0.22411415293358394  0.23750737534874317  0.25211139095196117  0.27221715613205372
  0.30103449383371378  0.35740143968871529  0.63224939182907880  1.00000000000000000
  0.00924090790899358  0.01621793683491697  0.02746456042601557  0.03974537533404345
  0.05128713348243204  0.06264070833344877  0.07408270197883059  0.08535318164379449
  0.09620756368366443  0.10659583864524282  0.11701951231790543  0.12724768562710026
  0.13651553031684546  0.14567266902800768  0.15433320093291342  0.16292054114494076
  0.17135508318574361  0.18016491582379648  0.18865247773551891  0.19815127790278009
  0.20770622940527964  0.21765431333242763  0.22780621665901460  0.23784376086255260
  0.24773398815234354  0.25759189362288698  0.26811570127753631  0.27864630051311418
  0.28871276749941199  0.29886065436984005  0.30947867346929425  0.32060818396099677
  0.33210966188214369  0.34331821941437779  0.35375768760168441  0.36383072361298074
  0.37373128112663767  0.38332365088037829  0.39299255380312709  0.40319990763987051
  0.41374693346383362  0.42382484014704541  0.43335788201892361  0.44311415995137798
  0.45281481667342310  0.46254415640402619  0.47242152264065396  0.48313238675183839
  0.49497426683438156  0.50698967328251709  0.51843632673189988  0.52951601673094317
  0.54020815414515122  0.55076011137137304  0.56153771478873227  0.57171458805151631
  0.58198177514800820  0.59177190056107121  0.60118718679691496  0.61081005660833598
  0.62104507508562456  0.63248905218460783  0.64433743738086235  0.65560059135780291
  0.66672753092408099  0.67767872403123175  0.68868673654695367  0.69970827937486679
  0.71047421328874294  0.72065948884899800  0.73043517804066538  0.74030043826158987
  0.75036879012215441  0.75996338450615331  0.76945711674501560  0.77951825981581357
  0.79024476750615669  0.80144483290217849  0.81265768213635514  0.82430753710614191
  0.83581865720424420  0.84715602192761230  0.85846503526234874  0.87001697176403225
  0.88154675072854871  0.89311958015211246  0.90432248409551352  0.91521664670484426
  0.92545323120090350  0.93511849488822829  0.94447816480426494  0.95383291162508799
  0.96364985204521791  0.97434960135565141  0.98616462584747122  1.00000000000000000
 -0.00001736737785818  0.00018791268275311  0.00050129565262451  0.00101016436550220
  0.00164864740644967  0.00243364184795838  0.00333417701795268  0.00448737819993413
  0.00579010745059149  0.00720590334378892  0.00867817561467724  0.01025603019344476
  0.01190693033433617  0.01371711853766973  0.01590636314475477  0.01841489609619900
  0.02069723647551829  0.02287839269802905  0.02518263110752796  0.02757448741138290
  0.03028911176450967  0.03313369226737835  0.03608645115361472  0.03910667645639545
  0.04203587908725205  0.04494173044920546  0.04804387893078636  0.05132461645548262
  0.05480695152199404  0.05854081425237245  0.06241489594194965  0.06614680496860668
  0.06978900280398147  0.07335547093151694  0.07697396096601118  0.08072583235152236
  0.08459201103172180  0.08869705793607949  0.09279515669179657  0.09700285555372852
  0.10134595670020333  0.10592018767414371  0.11079958724524222  0.11596005430152173
  0.12090209986146597  0.12553920732517343  0.13009188514899644  0.13463880257681354
  0.13929222154327348  0.14410381776375963  0.14931470332955843  0.15444686555709028
  0.15931792597228739  0.16445500003785637  0.16983429638373179  0.17515993776865124
  0.18052429025206043  0.18639221348670026  0.19215062526772972  0.19783493552465137
  0.20351122988214360  0.20920089544136256  0.21486618860997933  0.22063529804471371
  0.22647781268302569  0.23208676890597665  0.23762588820745714  0.24320613875628025
  0.24883704942571164  0.25447011833085853  0.26013681419872020  0.26549261000044277
  0.27085103701999941  0.27616663664434105  0.28158232826325913  0.28707723440364596
  0.29265215920730175  0.29847454310296634  0.30440430812627722  0.31098029371032249
  0.31781712129247014  0.32476733922349932  0.33178315477727105  0.33885384370732119
  0.34595619009350764  0.35301618044271477  0.36003470903036461  0.36688033759512156
  0.37346684677192238  0.38023422786560257  0.38713990496546441  0.39445754288797907
  0.40179290682605057  0.40816185191516480  0.41173079574750554  1.00000000000000000
 -0.00239924594817378  0.00964857562227033  0.01965860327008170  0.02914496734900417
  0.03904571575499652  0.05011644688220271  0.06133708176491335  0.07238556344347929
  0.08364478167776310  0.09560811466798336  0.10724708856852583  0.11816633138629597
  0.12914059097273076  0.14054527566744984  0.15182479406755028  0.16313540696949619
  0.17412970961860452  0.18497253014973056  0.19561207616688014  0.20624985578480012
  0.21677611174066136  0.22730162653952035  0.23889540914069265  0.25105466623974193
  0.26328155599929826  0.27530081663159961  0.28632385511752700  0.29794040493190016
  0.30902649737288662  0.32069074782134194  0.33177263342130481  0.34298762880705763
  0.35353266766311481  0.36363778670756314  0.37353037747729273  0.38290871209571381
  0.39161392438726988  0.40062227160162045  0.41019393810011567  0.41982432065469394
  0.42953642952932353  0.43934270805796949  0.44977155082831360  0.46020786872225883
  0.47022688296755139  0.48071246323659028  0.49188878285523080  0.50279015428857388
  0.51287800282014839  0.52269804522570695  0.53238345179747804  0.54204823178443595
  0.55177855654579522  0.56195379624324748  0.57345068949848754  0.58590486387985397
  0.59857637147694620  0.61098109621697205  0.62269982954018233  0.63440998889891098
  0.64605506558292469  0.65797542735247927  0.66996261750301067  0.68176732783390481
  0.69318291414574007  0.70408341402001962  0.71458025938636782  0.72480310319035968
  0.73442896439606287  0.74371764457656442  0.75341968438634366  0.76350912740740295
  0.77371163278415422  0.78373384805816670  0.79402966972323552  0.80490449644381834
  0.81568460667584708  0.82605233138446177  0.83681789980257293  0.84801149867022085
  0.85846195604160802  0.86795747631606368  0.87733946387277184  0.88692196783900423
  0.89637607221306159  0.90535298189729008  0.91387047218360518  0.92291406683415289
  0.93221367388875809  0.94158463926240932  0.95102155351072282  0.96031704697512832
  0.97020746569761174  0.98048644399983476  0.99029604922147552  1.00000000000000000
 -0.00267090405634675  0.01061265798640420  0.02128975179458982  0.03217419283470282
  0.04293634950506990  0.05383067821043970  0.06491542490854581  0.07587064862340753
  0.08643282444580225  0.09717970315319839  0.10845265120204177  0.11991404362478192
  0.13153664167170079  0.14300106793196116  0.15403356861353060  0.16511599781073846
  0.17632299126650261  0.18752678704418368  0.19810733540650405  0.20861036630747654
  0.21948700705088553  0.23002674817827370  0.24007963079263156  0.24974316617991441
  0.25975893799342020  0.26991673811267464  0.27958331600370095  0.28876543011992367
  0.29758853450341494  0.30665123113144271  0.31614620214834122  0.32463315489452366
  0.33336812426987938  0.34198435924116327  0.35161330943864039  0.36102816749763117
  0.37048963621504410  0.37967407476725801  0.38865147653061211  0.39781820052330996
  0.40755561648905025  0.41735241678168844  0.42676764532577055  0.43608520101464804
  0.44584340366034869  0.45563420357609241  0.46467280602594774  0.47340070082651592
  0.48273737583798992  0.49302389404949287  0.50416743680181852  0.51564284521422421
  0.52755571947480273  0.53973075837311180  0.55176843454509350  0.56372059483572579
  0.57546260176860053  0.58726053221306007  0.59959802266100748  0.61185349129633848
  0.62352149146331359  0.63430685485693261  0.64419167394898869  0.65432482185358132
  0.66528483156246132  0.67673698095553625  0.68762286383147142  0.69809185355001102
  0.70860245575008540  0.71949392371971643  0.73043517251772294  0.74127519581386458
  0.75262283536388208  0.76459598036573140  0.77609706701625425  0.78647196241750039
  0.79620970347427422  0.80590563077997579  0.81599505649577464  0.82626523357174897
  0.83632901122421588  0.84605831276944921  0.85617149836590523  0.86707606191682574
  0.87812435583434123  0.88883873464173380  0.89946826213420750  0.91084657849765305
  0.92193027136327521  0.93272173300404271  0.94332774732587732  0.95367276439829396
  0.96451777273595463  0.97584938412130129  0.98768342104575457  1.00000000000000000
 -0.00239308334989742  0.00958707787845801  0.01947466370708709  0.03037562065300548
  0.04064593584528332  0.05121088662876563  0.06158250651467875  0.07182994319170734
  0.08191327083453497  0.09190827959686652  0.10225002933440999  0.11359694778205216
  0.12528210417783925  0.13604436851908289  0.14639761184816286  0.15670338312921084
  0.16661416648237040  0.17647123270383852  0.18681961295210475  0.19820749913020211
  0.21062222942901371  0.22309829504340742  0.23535745626552265  0.24707468620763601
  0.25811407271755032  0.26890856289947246  0.28002817692011994  0.29135574913735857
  0.30238783760071380  0.31288732667648028  0.32333110502508450  0.33367517281528780
  0.34384472782680803  0.35352509577266633  0.36224584779986330  0.37077401704164076
  0.37970522060050560  0.38910611011251578  0.39892155247816796  0.40865333207186655
  0.41841299631350320  0.42880724643243712  0.43927531809535991  0.44952258603373502
  0.45991145658875476  0.47055774707600179  0.48159773864095762  0.49292898797485002
  0.50433961706923047  0.51642224138025949  0.52824102827934483  0.54020068459783488
  0.55192962929478318  0.56292772047518724  0.57202722899759750  0.58104733876967407
  0.59057937555556173  0.60100528042629586  0.61118910378401337  0.62074417491248912
  0.63045532067866339  0.64014676377790136  0.64981724709391886  0.65965202454455274
  0.67026585808038497  0.68112446646572966  0.69190036569711000  0.70282977737165031
  0.71359696707259990  0.72405562983795990  0.73424063685381358  0.74402207548110466
  0.75436746161486112  0.76477364860081631  0.77487906330514122  0.78444745810436689
  0.79385181286746143  0.80356056267741205  0.81317101145689163  0.82361881073622745
  0.83394012103284876  0.84507072747740664  0.85586131116410891  0.86816939468660059
  0.88008202538699698  0.89237784140092136  0.90294121159246021  0.91286598659587614
  0.92338313822264517  0.93472239465439944  0.94598648765495086  0.95647960186123271
  0.96729634385847196  0.97845997184554057  0.98917950977238689  1.00000000000000000
 -0.00263082736118457  0.00970408720730187  0.02013701363335859  0.03058259251891865
  0.04072638463589993  0.05093661921158436  0.06111556398163012  0.07179357610912619
  0.08226050364503149  0.09212250580169794  0.10179655117098901  0.11194583623332925
  0.12236807009266415  0.13219332649990775  0.14218882167127225  0.15286008051682692
  0.16434006748412763  0.17611362069079886  0.18811675626375307  0.20043835908436150
  0.21271295572065407  0.22475923650250740  0.23567745753778582  0.24513005085199233
  0.25464724293219299  0.26353183270664104  0.27295172105027238  0.28233715007834104
  0.29231461349332077  0.30372592731621162  0.31477440807515461  0.32698003274678145
  0.33930816031493316  0.35146277689609312  0.36264210366151017  0.37330833283057352
  0.38380320784030986  0.39387613910973485  0.40383170118734474  0.41411800139594579
  0.42553864227858262  0.43729139164636543  0.44852486029182981  0.45996949370370271
  0.47236521688532873  0.48463009721619632  0.49597161342369900  0.50684972535605199
  0.51767215203625283  0.52792980751288565  0.53760184789376353  0.54772947143644213
  0.55791606395648508  0.56809762879931069  0.57815497713823050  0.58775595087837984
  0.59700884844046920  0.60652347269672802  0.61666870809893515  0.62690526590400431
  0.63651956322378134  0.64608516551283524  0.65665567450050233  0.66769462572618743
  0.67892381554928583  0.69006416094094525  0.70161367808855091  0.71299178970574084
  0.72446271995918576  0.73574535894709903  0.74707491900842604  0.75881174291283149
  0.77064986863437157  0.78253086468671740  0.79372920556344084  0.80386849657783865
  0.81374295699940824  0.82358631834368912  0.83335818526985217  0.84313556890609731
  0.85301336559350871  0.86276151428723447  0.87253914161035784  0.88252614544391861
  0.89286590087494200  0.90313772126498693  0.91284078692472148  0.92216823507551715
  0.93159245980624383  0.94161989785258426  0.95203456194798330  0.96183065848223304
  0.97108229807563073  0.98071955790826504  0.99027742079904801  1.00000000000000000
 -0.00253986247695429  0.00945361600826855  0.01934448411834459  0.03056111294212628
  0.04160813574072383  0.05342444735627172  0.06446242241291517  0.07504989504977813
  0.08548954828654223  0.09584731237754801  0.10626506641248513  0.11655477446466132
  0.12719006436684274  0.13848673983626095  0.15001853397523623  0.16187372076636752
  0.17279410152682992  0.18327709948624391  0.19367653964632978  0.20417981407291125
  0.21373221603505149  0.22240887847377785  0.23109676377627028  0.23992597697179299
  0.24889646237978710  0.25791274400315262  0.26669441803284788  0.27654515725678125
  0.28722331414003399  0.29870657415115254  0.31068268503362623  0.32126412488502920
  0.33108062936035032  0.34123929714727663  0.35178679155815484  0.36313013777857028
  0.37428541916924996  0.38632005851714041  0.39833807965337947  0.40960422928930507
  0.42132348336694675  0.43314299258788364  0.44417552952566330  0.45447680212506936
  0.46431416996248065  0.47424188427119263  0.48443580159003424  0.49437058079606189
  0.50406959962442655  0.51393446878959836  0.52365910380251712  0.53348514876727127
  0.54352512896416350  0.55475024500411385  0.56624212193030665  0.57778753345938738
  0.58845017975627312  0.59864028757781851  0.60856595823969384  0.61834294472524221
  0.62825580646244028  0.63830325308577218  0.64868055288002080  0.65963552489651389
  0.67118079821012100  0.68264799937829601  0.69313174828124924  0.70319394096135102
  0.71331053183812654  0.72353112599618141  0.73358260171759471  0.74410969554819895
  0.75570157490649370  0.76847533470102003  0.78100085155188714  0.79256607641686860
  0.80349258549749947  0.81427224989282565  0.82503266015660059  0.83547842342856182
  0.84575100840137429  0.85652485681102408  0.86717009837785275  0.87725036801947343
  0.88682171974405821  0.89663198734324090  0.90707689019013549  0.91810054267043895
  0.92952107624011970  0.94073583785806270  0.95173247509809145  0.96191037488189934
  0.97146395590985435  0.98055427851245869  0.99039086980243018  1.00000000000000000
   1.5351907893124382E-016  -1.0000000000000000     
 F F F F F F F F F F F F F F F F F F F F F F F F F F F F F F F F F F F F F F F F F F F F F F F F F F F F F F F F F F F F F F F F F F F F F F F F F F F F F F F F F F F F F F F F F F F F F F F F F F F F F F F F F F F F F F F F F F F F F F F F F F F F F F F F
  <DiscreteSampler_grid>
  grouped_processes
  1 # 1 for a reference and 2 for a running grid.
  10 # Attribute 'min_bin_probing_points' of the grid.
  1 # Attribute 'grid_mode' of the grid. 1=='default',2=='initialization'
  0.0000000000000000 # Attribute 'small_contrib_threshold' of the grid.
  0.5000000000000000 # Attribute 'damping_power' of the grid.
 # binID   n_entries weight   weight_sqr   abs_weight
    25   10   6.956060252874576E-013   7.292835788111557E-025   6.956060252874576E-013
    28   10   2.228231698992294E-012   1.201813972753647E-023   2.228231698992294E-012
  </DiscreteSampler_grid>
