 -0.00000000430593722  0.00000161784901531  0.00001110252309270  0.00003070451221368
  0.00005940545135954  0.00009853986350921  0.00014581188303139  0.00020105289689356
  0.00026769231002881  0.00034193521770533  0.00042625666479841  0.00051335293946475
  0.00060379320520058  0.00070064963179714  0.00080448965683372  0.00091518920920116
  0.00102009854907644  0.00112571166245202  0.00123097009215206  0.00133997555718252
  0.00145982228961699  0.00158188968303602  0.00170520988682906  0.00183304348511324
  0.00196119158114779  0.00208672908212488  0.00221253650741358  0.00235650256507469
  0.00251879734216147  0.00268514161789256  0.00285264404740878  0.00302072261949232
  0.00318933786389530  0.00335058627357314  0.00351548131123752  0.00367237064955569
  0.00382393966584811  0.00398935980727507  0.00415808378738222  0.00432666629138445
  0.00449648510505461  0.00466571367441428  0.00483259655192676  0.00500101674439595
  0.00517441929306419  0.00535428835400236  0.00553538119043325  0.00571167717999425
  0.00588739467121816  0.00606252015630513  0.00624149004296930  0.00642860018101461
  0.00662339066892460  0.00682187261833555  0.00702030338864785  0.00721408291005887
  0.00740984406466350  0.00760494767171759  0.00779797852350140  0.00798906804627589
  0.00817740822841769  0.00836604291719914  0.00856294286603641  0.00876061097673858
  0.00895753012637996  0.00915247635235400  0.00933567715413749  0.00951699312950333
  0.00969797712827404  0.00988004260088348  0.01006772967076871  0.01025110941753418
  0.01043267864633681  0.01061356981871371  0.01079662624148910  0.01097524293950285
  0.01116998151216412  0.01139825812080716  0.01162845972209289  0.01186263589425429
  0.01210486388672245  0.01235650072046933  0.01262802983754890  0.01293061745171330
  0.01327988240873684  0.01374036961534411  0.01455476433641924  0.01597234361381092
  0.01740423243759922  0.01854353384541367  0.02019346493784326  0.02220093139100383
  0.02495943821434815  0.03196335129400139  0.05055271170599613  1.00000000000000000
  0.00935169068390691  0.01637054298921012  0.02627131120215585  0.03747354148042274
  0.04810333850370559  0.05918488305508900  0.06989043197796202  0.08039400132153997
  0.09087979483059004  0.10146023948997077  0.11205254147009347  0.12267264037069807
  0.13358707470947098  0.14476230870989185  0.15535736448524390  0.16574882506113903
  0.17566528476552304  0.18557757539540476  0.19594631482585673  0.20580803343869036
  0.21559349938986427  0.22505024031759155  0.23494454066080556  0.24527947535848496
  0.25666060687855224  0.26902095188435898  0.28101872697260238  0.29232656684890529
  0.30345032501821506  0.31449080449264488  0.32586272644524628  0.33609465521089982
  0.34547496832720709  0.35480471674646413  0.36422324982987736  0.37328625777196689
  0.38268202269926582  0.39226772655783382  0.40253819878181574  0.41333129686582254
  0.42411290275771002  0.43597558059952668  0.44703541770111893  0.45862745513277092
  0.47107823435127755  0.48359821667637343  0.49497700350298890  0.50718089775043318
  0.51976383333024101  0.53194842065042014  0.54349854336297421  0.55446838708448731
  0.56548879209836134  0.57670390137851424  0.58809288386565806  0.59962545512026222
  0.61037035105143533  0.62073850937491293  0.63101294310196232  0.64127913293750805
  0.65110616690089507  0.65992874519487632  0.66877291424807050  0.67806765574485506
  0.68765249740069201  0.69717987627430189  0.70667900505280701  0.71748487340157907
  0.72904793043194160  0.73964851264946818  0.74963482311672880  0.75963635550842046
  0.76975492768649045  0.77941263078699785  0.78864142578642016  0.79778402985380337
  0.80722384490464005  0.81687005472014118  0.82582868460111536  0.83480209059328259
  0.84421096215688785  0.85410604766594722  0.86440604828087486  0.87534818411860427
  0.88616102603565816  0.89726599151547293  0.90875082698449838  0.92037955801988680
  0.93222195652974671  0.94379976256804021  0.95554182645674324  0.96656269523650229
  0.97656998184237320  0.98538650348511747  0.99036672270113801  1.00000000000000000
 -0.00002066021013594  0.00025086198411357  0.00073747821482223  0.00146164924201750
  0.00242720499460206  0.00365465778735511  0.00502627623791265  0.00652808281930820
  0.00831550127340818  0.01021388377394084  0.01242796920144322  0.01491552358025791
  0.01771985094391814  0.02087154861226983  0.02427113795766929  0.02775488144672335
  0.03115815115279274  0.03457416110139218  0.03833974377910097  0.04295813703622205
  0.04799300143939250  0.05261345359220677  0.05697180835681372  0.06164742355273738
  0.06605003902959825  0.07040701045013388  0.07488919374820939  0.07975018988571786
  0.08488849608513924  0.09041172849591383  0.09575856431232581  0.10146557806643061
  0.10713395984078941  0.11291512955366954  0.11898364792664816  0.12548145530620206
  0.13207461024162070  0.13914822894486117  0.14603568203739009  0.15282672555835830
  0.15981871070470915  0.16733351160822649  0.17552844678544174  0.18429506817971217
  0.19368886618649273  0.20358487361975705  0.21290386830775604  0.22181261402058244
  0.23032528288450407  0.23875238615440328  0.24735542865071852  0.25673157137054681
  0.26634769723635737  0.27565741420489231  0.28510327652258438  0.29492514932913244
  0.30481778180975500  0.31610564739497798  0.32729145739491072  0.33853940113528486
  0.34997616085692923  0.36156672555875924  0.37360278505236139  0.38689004140484701
  0.40144539789973505  0.41617447435502875  0.43141546694636962  0.44698779560418861
  0.46257631974247004  0.47827014135860330  0.49549541018378568  0.51247915200520333
  0.52932704900889471  0.54636975140506761  0.56399466876511584  0.58141278041345634
  0.59869457302652984  0.61512855501197228  0.63175037973618020  0.64912614904057275
  0.66727185653881926  0.68573355041744366  0.70447605207231534  0.72287649700815482
  0.74186517162125432  0.76137662817453788  0.78075400655023963  0.80033626040699390
  0.82171085140602729  0.84411227393614896  0.86704253187342151  0.89080805283956110
  0.91503701564715501  0.93811237699802075  0.95666678079083090  1.00000000000000000
 -0.00332789399104213  0.01150707316234409  0.02432153266270436  0.03850133913567615
  0.05298245073037241  0.06679220031930287  0.07961287393544274  0.09095162879795067
  0.10230845263385649  0.11400816735568303  0.12563310930395416  0.13720593801936018
  0.14873897518344803  0.16007759160926038  0.17094721152496267  0.18154508058710628
  0.19233054771607050  0.20340105238482853  0.21508265105486712  0.22696194118504551
  0.23887140506636886  0.25056611734588957  0.26172735506012257  0.27248005684375443
  0.28328096454907747  0.29360178857079572  0.30384545122117979  0.31374885644423139
  0.32335501021992358  0.33352891115312172  0.34343664214621961  0.35316649760031915
  0.36314122793066766  0.37358474315640333  0.38428602984872223  0.39480737643742181
  0.40521373859774479  0.41534649437667559  0.42508705462441509  0.43496166611886283
  0.44563698775681099  0.45666065866363359  0.46727998939365539  0.47791842726872868
  0.48901351442643010  0.49975720036773846  0.51043501310495809  0.52102970362149448
  0.53198675979452625  0.54227714049942333  0.55181249316365710  0.56142559174867324
  0.57068992389080098  0.58040958784142349  0.58971657955066614  0.59885003116553737
  0.60801829242855809  0.61740491138997478  0.62661702253771367  0.63626622635436336
  0.64614697410513644  0.65630988437049220  0.66662550302244417  0.67641599193815549
  0.68556538528806499  0.69434579340968683  0.70301616038809456  0.71187593833787066
  0.72081375621905053  0.73007439188417611  0.73940894230209619  0.74868870132655163
  0.75794241254066119  0.76728582321949779  0.77695158437401102  0.78683119498223442
  0.79682874509307544  0.80690355325559027  0.81722487781220254  0.82786394272790775
  0.83869746449597515  0.84955289667483425  0.86027133642291420  0.87096454963469006
  0.88194225116899316  0.89335686515445079  0.90418050928909677  0.91484433017638633
  0.92548367921692276  0.93692712304349324  0.94705401618585217  0.95691340707296590
  0.96747522138800901  0.97859439564762374  0.98937913602718164  1.00000000000000000
 -0.00214658870614083  0.00856246741475512  0.01794972633083862  0.02771700937568165
  0.03741850358576515  0.04689829734879278  0.05622899747501151  0.06539695007998690
  0.07466288656487276  0.08406003519040532  0.09367615340918437  0.10348021781061791
  0.11297026721767109  0.12196869300604102  0.13044685425664498  0.13962391861974302
  0.14870230902281986  0.15838181714291005  0.16822390749279811  0.17877195635835605
  0.18934637079153188  0.20019272175820432  0.21106695507135598  0.22225634994263468
  0.23372958251736592  0.24659542347611069  0.25947148821106442  0.27215614290116336
  0.28429614340906095  0.29564252162717131  0.30696999202497866  0.31873056310169706
  0.33084221938606712  0.34295557811782867  0.35432154722583592  0.36448888567795290
  0.37432918091281248  0.38394220640705945  0.39333240897322164  0.40222484217251575
  0.41072851556042683  0.42001431608234341  0.43061056577253670  0.44083229725047868
  0.45038733990757951  0.46037950101165792  0.47087290391478209  0.48125871200288028
  0.49100524530787654  0.50140135956995702  0.51312052781372119  0.52461177515429114
  0.53522508674604685  0.54604149858468565  0.55641280085050959  0.56722156874757823
  0.57740743825183383  0.58850292221772638  0.59970029916456313  0.61193216937259021
  0.62410497469750670  0.63550897432059883  0.64676954732012393  0.65814395285749305
  0.66948713487523748  0.68015237677310647  0.69058842927111608  0.70107349585353396
  0.71071795339644583  0.72093461477011767  0.73125955310596180  0.74311976283087466
  0.75483038769829913  0.76678034405830142  0.77821630655123852  0.78968416855848400
  0.80182237138725765  0.81382776301113235  0.82503221238197322  0.83577200212426150
  0.84644955866487548  0.85711817093372966  0.86763114698135169  0.87769142224331875
  0.88683366499330329  0.89584009626155614  0.90486341030803419  0.91399755719006881
  0.92292165558894401  0.93189412273014938  0.94196562431389708  0.95305392867286542
  0.96406459028961866  0.97475740887328233  0.98643574183874627  1.00000000000000000
 -0.00231518938145352  0.00885240720094120  0.01850636398285988  0.02871370952348137
  0.03925203770056129  0.05029763352143943  0.06153993684502074  0.07234323117869328
  0.08371840217792885  0.09577046280978370  0.10797243102738170  0.11997325175416672
  0.12969404430466952  0.13880493570000071  0.14847302057924752  0.15753465578677117
  0.16617219648774567  0.17466579710143323  0.18339240258761158  0.19278075760713881
  0.20288228180365372  0.21326750335266276  0.22403057294424195  0.23507208219136660
  0.24690611606218302  0.25983275016233315  0.27280077206852016  0.28436640018057086
  0.29424930321818771  0.30329339372381264  0.31191102547221811  0.32043305230617924
  0.32913111372992576  0.33871588925157431  0.34815542552709683  0.35779991464036393
  0.36812808241820921  0.37905722096505018  0.38996213077103609  0.40037724574749595
  0.41001421017958012  0.42006014722114349  0.43066471766636144  0.44194218758991843
  0.45333439451327895  0.46429357405343458  0.47474911159385053  0.48505475713914531
  0.49552868030753089  0.50618562493813168  0.51671632075922536  0.52833660887099476
  0.53991288012087746  0.55061071284695762  0.56082867988510299  0.57099989551318897
  0.58129160234535771  0.59159901751189103  0.60224506848028658  0.61320376301954782
  0.62390615386288462  0.63389814920470244  0.64339449994950271  0.65310632204904884
  0.66302107575835245  0.67314728378838018  0.68292628696016244  0.69256189461110795
  0.70267754270182203  0.71251168874483239  0.72344922455478844  0.73443615858702316
  0.74571000600669823  0.75642246152407100  0.76626866350196332  0.77604239924158769
  0.78583080897082169  0.79634393781689794  0.80819448884548917  0.82083955797432895
  0.83271702301539763  0.84414857502414253  0.85553753996547266  0.86731657623719305
  0.87878395121067254  0.88976483516754390  0.90091496790250081  0.91231504370839378
  0.92368278974276663  0.93395186675540276  0.94430833748992293  0.95474139200493902
  0.96578134164924101  0.97641980942319595  0.98802808355922156  1.00000000000000000
 -0.00199488187088228  0.00705884703716384  0.01602983697379226  0.02515128117921152
  0.03478444980203593  0.04433520190866028  0.05388819954253390  0.06353519009439682
  0.07369106200453648  0.08425465246211292  0.09615869021378431  0.10836849623383016
  0.12051614715024504  0.13252113303633231  0.14423501063276101  0.15573488959514353
  0.16666812027749342  0.17706508291086767  0.18727465288419226  0.19729514751757793
  0.20726898567406149  0.21695657050878722  0.22640628242119748  0.23626138160821081
  0.24641752775844389  0.25729596112385217  0.26846594467981388  0.27906115816576854
  0.28927378158539641  0.29987331695328900  0.31102403441817117  0.32305070255899715
  0.33436649981997046  0.34572468010375390  0.35634864300568186  0.36665866983546241
  0.37702156302133855  0.38769159393616281  0.39842898163587015  0.40884205809598312
  0.41925480193050152  0.43010179069574123  0.44115737784028453  0.45238694567532761
  0.46354111794144065  0.47489320479752478  0.48684617080271442  0.49922148042310283
  0.51111789676765007  0.52272946840405132  0.53377662382237145  0.54450717445246544
  0.55515519113061873  0.56572331382142227  0.57622314928335117  0.58687660083987236
  0.59758260689556153  0.60837425802643186  0.61928439160396642  0.63114469726963973
  0.64414689490609878  0.65733490241603765  0.66943123845235841  0.68002439635442180
  0.68965050390240112  0.69884860131230320  0.70800316757670767  0.71644542794219301
  0.72450064578615370  0.73263619179015926  0.74104321138931728  0.74928460059655322
  0.75733808757047894  0.76553020428330509  0.77468506289550709  0.78462475431771095
  0.79438974912217408  0.80429662694922210  0.81451117861853262  0.82512294686320453
  0.83601398706331531  0.84675345583871553  0.85807723764439148  0.87069461182412100
  0.88212961734844464  0.89298972465354975  0.90345579917594931  0.91378402883868382
  0.92357529953317852  0.93321064573793966  0.94380415030911557  0.95478979236752659
  0.96614495371678510  0.97735938987590432  0.98863141174838653  1.00000000000000000
 -0.00206303585009330  0.00851100163862693  0.01756718904336028  0.02855738534820366
  0.03972566549217185  0.05071942497861080  0.06167152307780240  0.07300892694608763
  0.08517509301609127  0.09741240583164336  0.10867232232029882  0.11892482514539561
  0.12901430845897818  0.13943631675191157  0.14974601699574713  0.15974795026569469
  0.16946212342147163  0.17939406076914186  0.18968186306518198  0.20002706567521578
  0.20971698753567683  0.21897859500892766  0.22799843699882003  0.23712592516595890
  0.24619921138651724  0.25537434977403400  0.26451188594274405  0.27418197760253260
  0.28466929074985348  0.29643124622279876  0.31045142067043996  0.32356772954724183
  0.33577908093460268  0.34646698720091529  0.35712458092311494  0.36824458843152091
  0.37932874397169258  0.39066774289130218  0.40166965371610525  0.41287710908279673
  0.42246450383006851  0.43192678857672195  0.44176587864162242  0.45154144318706391
  0.46104156962848519  0.47131108878103101  0.48084761494861333  0.49300915168864906
  0.50394018081549374  0.51575979564728303  0.52630332758028309  0.53656146008866079
  0.54695315917985221  0.55721699172403061  0.56765180153405537  0.57815114597003481
  0.58848266100315161  0.60052131027254363  0.61134786781962025  0.62323468704322815
  0.63336772804810548  0.64361084335196961  0.65338524899203232  0.66321245928782890
  0.67331284266136415  0.68370233711452355  0.69403899960172921  0.70411334814856907
  0.71384142779770909  0.72362331174852557  0.73306957498960668  0.74220832633600908
  0.75165384542193747  0.76271749116638254  0.77408714105926602  0.78575831959229758
  0.79679378869923989  0.80849574648754297  0.81906544387651437  0.82993979860748113
  0.84047095492278401  0.85104438859609133  0.86231263469933372  0.87338705107002412
  0.88436534972247660  0.89555264018693659  0.90759110601302639  0.91960640410820316
  0.93129533642780749  0.94238681518143619  0.95310054140742140  0.96275643589258608
  0.97185759276072958  0.98098931147046986  0.99026669858772809  1.00000000000000000
   2.5315497747661998E-013  -1.0000000000000000     
 F F F F F F F F F F F F F F F F F F F F F F F F F F F F F F F F F F F F F F F F F F F F F F F F F F F F F F F F F F F F F F F F F F F F F F F F F F F F F F F F F F F F F F F F F F F F F F F F F F F F F F F F F F F F F F F F F F F F F F F F F F F F F F F F
  <DiscreteSampler_grid>
  grouped_processes
  1 # 1 for a reference and 2 for a running grid.
  10 # Attribute 'min_bin_probing_points' of the grid.
  1 # Attribute 'grid_mode' of the grid. 1=='default',2=='initialization'
  0.0000000000000000 # Attribute 'small_contrib_threshold' of the grid.
  0.5000000000000000 # Attribute 'damping_power' of the grid.
 # binID   n_entries weight   weight_sqr   abs_weight
    25   10   1.836752115854078E-007   9.542777475422957E-014   1.836752115854078E-007
    28   10   8.740928891623775E-008   1.670222831076509E-014   8.740928891623775E-008
  </DiscreteSampler_grid>
