 -0.00000000451684854  0.00000257935085016  0.00001824245937785  0.00005187131910351
  0.00010203498459725  0.00017375202489443  0.00025841244904873  0.00036201929200746
  0.00047778995185431  0.00060384446243722  0.00074581832988477  0.00089341349932753
  0.00104782367813115  0.00121125653143137  0.00138303136405993  0.00156902198063057
  0.00176376613389720  0.00196022598981779  0.00215520302791660  0.00236493712921780
  0.00260085888029568  0.00284216446297514  0.00309570968172860  0.00336019686756006
  0.00362697166914352  0.00390295173234332  0.00419482654734274  0.00449411126345529
  0.00480131814214112  0.00512539945425017  0.00546930204152595  0.00582550846897962
  0.00617776709736274  0.00654735041596069  0.00696721041765373  0.00741557829266963
  0.00789121696792284  0.00840930065293439  0.00896900861909286  0.00962110196491544
  0.01048267720388676  0.01146721349369988  0.01207684903128466  0.01247143776420127
  0.01277788287801331  0.01302169760634571  0.01323600987737327  0.01343258989546082
  0.01361267399084710  0.01377706045971044  0.01392956019767045  0.01407486484917090
  0.01421814567987919  0.01435871501983394  0.01449730003757681  0.01463379705247559
  0.01476809133767460  0.01490111215843510  0.01503267029590808  0.01516491502312462
  0.01529723254236527  0.01542952335743540  0.01556305277370060  0.01569827662929458
  0.01583655433345436  0.01598818075714244  0.01614299326107861  0.01629825193936113
  0.01646397189408200  0.01663394922361639  0.01680802157571586  0.01699345234948129
  0.01718767864322527  0.01738738659310035  0.01759189127712394  0.01780787734459346
  0.01803023198727551  0.01826048931410727  0.01851185705668548  0.01879695263517618
  0.01911832231420963  0.01947957644696417  0.01986221453471738  0.02027017935154755
  0.02071163129640548  0.02118670201617858  0.02172220657813943  0.02231426233871622
  0.02297645251347855  0.02368351747978141  0.02472607095958481  0.02642925083991315
  0.02879711362986955  0.03450405623098158  0.04955403968532660  1.00000000000000000
  0.01008454631364074  0.01400981254676269  0.02056693636437839  0.02843683391532443
  0.03687593038024029  0.04539337146922254  0.05366704931862884  0.06246134404254634
  0.07221983727417793  0.08245962954413220  0.09282129792615296  0.10365014687393714
  0.11507773294373903  0.12734654555842284  0.14022248911853535  0.15299400473194139
  0.16482581273866381  0.17519179803330170  0.18495087694160348  0.19494684110545865
  0.20512730904225862  0.21493664533085485  0.22378149652284390  0.23393060961641418
  0.24586315460659000  0.25793279613683318  0.27026739167474628  0.28286686031737618
  0.29558143677401616  0.30814170912085037  0.31968812702996791  0.33077807037084045
  0.34166049341963994  0.35219059531421709  0.36291239670051306  0.37326290548380314
  0.38451472735945369  0.39593619056701190  0.40751292252077270  0.41849908833200133
  0.42792990321087343  0.43687297950803439  0.44576124421483770  0.45496321783231081
  0.46409203626114209  0.47325345731075513  0.48236938144737090  0.49180645653236799
  0.50107751573680515  0.51045624765801023  0.51996611556816541  0.52995534421196733
  0.53984479278999808  0.55005218889670282  0.56023023555625573  0.57173056403031497
  0.58340748405450937  0.59352919337404386  0.60320350688902569  0.61267089396226115
  0.62217915382700262  0.63268678199346839  0.64292438629970017  0.65213065004255233
  0.66120099120900944  0.67034233930451226  0.67925392357560099  0.68855731760138261
  0.69758133198285110  0.70667717837539645  0.71595509283262859  0.72607359951370976
  0.73590427134124003  0.74570724145457057  0.75525450821989371  0.76549143282193155
  0.77607588214994427  0.78745153850666194  0.79860479729009748  0.80945105029471631
  0.81988661614404434  0.83076608781371630  0.84293634348276003  0.85599852996728987
  0.86816334986018517  0.87966838359014765  0.89116058846709922  0.90301498863714424
  0.91534571449599700  0.92782079949277785  0.93982538731830523  0.95131202735695608
  0.96226484051613304  0.97155515584695618  0.98176985923745508  1.00000000000000000
 -0.00002175758340918  0.00026242911018902  0.00076662919745428  0.00158825251066745
  0.00270307702398958  0.00417829107066647  0.00585601296051022  0.00779886941932851
  0.00994420374426123  0.01217283673578323  0.01509521305123876  0.01808541870708785
  0.02122478159628396  0.02464427215063643  0.02807599602899153  0.03145608879536154
  0.03488613322669724  0.03869882793925260  0.04279656057897804  0.04761719800213440
  0.05224578474025428  0.05683116974353167  0.06106486530293102  0.06538927317244916
  0.06980875428805551  0.07443613177239526  0.07926668408620452  0.08445364589315482
  0.08999180340305166  0.09584786921459626  0.10200260544957239  0.10871865124285993
  0.11576032471499580  0.12241684481066049  0.12913816550410112  0.13617423627966083
  0.14331094153919333  0.15078063895176941  0.15833985511040488  0.16538081826593015
  0.17211157520771603  0.17897271934417874  0.18596092281476242  0.19301206953997460
  0.20008575760636552  0.20737222143486111  0.21492960305289213  0.22286587437848301
  0.23222252882357777  0.24211704843768250  0.25178617549998494  0.26132285703754193
  0.27079266147345932  0.28041230041488019  0.29016653562845185  0.30007689071953186
  0.31032145761943813  0.32106507305463450  0.33224500641342014  0.34370605596980242
  0.35529541113332891  0.36694121323344037  0.37889470456174640  0.39109428152648684
  0.40345243575744116  0.41592394485007317  0.42865627667898937  0.44226398522845717
  0.45653419748221646  0.47137434708200154  0.48671755302938075  0.50202942671908812
  0.51763524145947171  0.53375470259342472  0.55028605061858238  0.56706827599038723
  0.58397014704864314  0.60123939049254471  0.61849246746274356  0.63550058724449832
  0.65343367576157807  0.67316443296968442  0.69388909358190753  0.71515833150673247
  0.73758163153524192  0.75965932545844261  0.78162460982558069  0.80353618424884654
  0.82520630141733975  0.84804411562741566  0.87029989910422656  0.89238128158739383
  0.91442505900426352  0.93656711924086933  0.95777114996396695  1.00000000000000000
 -0.00205951624409280  0.00897561325104209  0.01774876889511871  0.02678058013638035
  0.03650821135700617  0.04627834831487630  0.05547142778203203  0.06429210006618037
  0.07458438656872535  0.08513234912992980  0.09542225076478784  0.10560991168170321
  0.11747678676432254  0.13065838744457606  0.14390353682411780  0.15695998307590772
  0.16901532809108652  0.18119519359804476  0.19337087002485062  0.20659766896537016
  0.22046697518943018  0.23326458279344620  0.24439671941638896  0.25568269277192407
  0.26749526737595369  0.27838489119926901  0.28859243402948442  0.29903929499354304
  0.31088015028631449  0.32307391435653410  0.33603095162905400  0.34912215099183258
  0.36101087872971127  0.37207726655522727  0.38259269566171816  0.39323699008271834
  0.40474945920812905  0.41635051888235541  0.42733187399342626  0.43820352807742891
  0.44904953741112247  0.45921364329341757  0.46897473832016268  0.47858781819830293
  0.48827055483370929  0.49829757362737470  0.50895032815596908  0.52022469477126299
  0.53174841493203073  0.54322119209655428  0.55493313212108408  0.56602835226310622
  0.57637049459117129  0.58674645133536030  0.59669587250343337  0.60637860318994441
  0.61594848936659674  0.62635919468905144  0.63765025725350843  0.64879412152419003
  0.65949929692675602  0.67012647091634903  0.68101722619499083  0.69227332981153666
  0.70360142938805248  0.71456986066320161  0.72462848633150523  0.73473528248924835
  0.74489430071016238  0.75496080744821581  0.76462095735388547  0.77456548981732554
  0.78517462329467880  0.79538196318160381  0.80599957116737653  0.81539197851726142
  0.82439417306647400  0.83281177676654716  0.84116711754219042  0.84962938003007127
  0.85862534622417119  0.86789082830919451  0.87719880990101506  0.88781498440076989
  0.89803629457045187  0.90737390155792730  0.91738582342343811  0.92768291524817792
  0.93857057971177493  0.94917262443461925  0.95903429697655740  0.96770214224666340
  0.97631981449110072  0.98434361499160850  0.99220164825333679  1.00000000000000000
 -0.00248032242199210  0.00936635648106020  0.01933130822398355  0.02921531848592892
  0.03854697605644126  0.04751643080791849  0.05665936964298478  0.06607151900643388
  0.07461391245103653  0.08334040551717789  0.09215193146087128  0.10076239888230057
  0.11013693180814821  0.12074322485214466  0.13245512331255799  0.14565451696664039
  0.15772573654579738  0.16983913233638809  0.18194910155297961  0.19344203667206700
  0.20456542532045835  0.21550356787962890  0.22754950156518053  0.23947236213623824
  0.25138769748384659  0.26339385821407385  0.27516583470270389  0.28608101692082016
  0.29658433698857234  0.30713616997805471  0.31762806217448947  0.32830503218933360
  0.33953286740109984  0.35114380546873308  0.36290202683678069  0.37444579157481406
  0.38392844571823076  0.39266621779169814  0.40145037532599936  0.41034499375555455
  0.41933985886115616  0.42809903369686436  0.43737635240319156  0.44730988828440177
  0.45735980745956811  0.46597383935268899  0.47475133325271618  0.48437493320997282
  0.49518030924217787  0.50580545435245294  0.51631516259692123  0.52609604886831662
  0.53564510616058536  0.54555494704727880  0.55607263026701259  0.56682991172109110
  0.57726053835075253  0.58830656080163390  0.60056743118954647  0.61338914180931126
  0.62643699813495313  0.63936002346925491  0.65018303817810075  0.65909533901660544
  0.66810873114694413  0.67777291265315109  0.68758220283424532  0.69689789517562228
  0.70632113105263883  0.71697810317781574  0.72837918377807109  0.73987853760174116
  0.75172668374852747  0.76370608862167433  0.77567768802036197  0.78707839927187861
  0.79784405794282498  0.80785801950162373  0.81837086977571460  0.82864132707001104
  0.83857529180552448  0.84824074212643152  0.85861739728553088  0.86942331820099072
  0.88011724968554184  0.89103442966113577  0.90209405136658405  0.91324357910946097
  0.92417388254177812  0.93508746281611754  0.94589103043597567  0.95617611742382713
  0.96638397677253129  0.97727924282520018  0.98850920828996580  1.00000000000000000
 -0.00218888172261428  0.00940532296962510  0.01820813934748116  0.02761370400855758
  0.03697318704257382  0.04715440476025273  0.05813517864961678  0.06912842069049072
  0.07941060076907580  0.08895543591108340  0.09830722888770083  0.10811354294606751
  0.11774527782468347  0.12707640418321239  0.13723718316971742  0.14754182044814346
  0.15741360785759650  0.16703649543844609  0.17628665937868826  0.18512335328217380
  0.19356514256252247  0.20201068133937788  0.21105369895890913  0.22122965073160641
  0.23097157706262275  0.24024017434672704  0.24949404333140882  0.25929760180133332
  0.26943452834454718  0.27966956318054864  0.29014765963914557  0.29997083469553043
  0.30937435037571381  0.31905120014568139  0.32904046214230093  0.33932088891871404
  0.34969572579349828  0.36061889720433177  0.37176039270297556  0.38284481609637033
  0.39431756351794423  0.40615772503406100  0.41922202520050555  0.43294828934766971
  0.44549109949808208  0.45648003675491688  0.46747685524650318  0.47873728573472263
  0.48935519359927887  0.50057546744502246  0.51274070561280405  0.52440040753561445
  0.53585557658645444  0.54748008618784505  0.55929273591504014  0.57086889109028416
  0.58213761526752639  0.59300350494046172  0.60314406130550069  0.61194955518421601
  0.62056733392138119  0.62961928548619750  0.63868843896633332  0.64784765190797877
  0.65635029259857625  0.66557060486148267  0.67533845743770138  0.68529070117766822
  0.69511060233235178  0.70464371291720240  0.71463082430913905  0.72515013894264002
  0.73654079948303930  0.74860849801541718  0.76106682047831220  0.77328879360813951
  0.78483709917280975  0.79589858586660245  0.80649590407295879  0.81716911202454756
  0.82731858267644576  0.83730634313972574  0.84823228925359828  0.86035285812990825
  0.87407426955216838  0.88582374342494574  0.89689321178803405  0.90761570407555092
  0.91847932278396427  0.92962077167445700  0.94074057957992685  0.95184257860254406
  0.96375920095385659  0.97650570903309875  0.98852508754898727  1.00000000000000000
 -0.00374385795759533  0.01213667888345961  0.02607273833205792  0.03869701232471209
  0.05062330397895707  0.06201335062627041  0.07267028970379302  0.08294641532726785
  0.09291881725675814  0.10256954142049222  0.11246165649111582  0.12239976602180405
  0.13254806457060619  0.14317118343868304  0.15376036711215385  0.16450210693378214
  0.17435147031793238  0.18411543759189317  0.19439882013683676  0.20522331868136687
  0.21584436445415717  0.22574709829789558  0.23596951354407214  0.24712064130381028
  0.25687297364950623  0.26621591135603057  0.27521938722600214  0.28451770449497965
  0.29394676719844925  0.30382639341786777  0.31342662004468363  0.32514856271220210
  0.33641619545086437  0.34702648926836893  0.35746378840224763  0.36829339363267249
  0.37934848752436962  0.39101884455763358  0.40173633104175566  0.41225160146093726
  0.42221695703078987  0.43226283409330352  0.44260481207322677  0.45360074067562739
  0.46440947379632436  0.47410372927186595  0.48337431237682138  0.49262266980994934
  0.50274163159846108  0.51279098413813495  0.52331854940242450  0.53458355641320165
  0.54604621515107565  0.55747749840045779  0.56850765496489464  0.57905193110230579
  0.58901222528068609  0.59865318958573510  0.60825039103059442  0.61804291349742679
  0.62804446194043007  0.63854671303443900  0.64964610829023939  0.66189394030680948
  0.67299515343506788  0.68411846974973023  0.69541893263623245  0.70657507442849077
  0.71729365819444979  0.72783879035139154  0.73951569584050147  0.75116729382580649
  0.76274307382821738  0.77404895148576669  0.78499887315538563  0.79582288214127017
  0.80631288795027101  0.81653411361999817  0.82666112940492897  0.83706565382883236
  0.84779763934051278  0.85828655809025622  0.86810297636467004  0.87754389694016499
  0.88709189447318193  0.89684795016808871  0.90641874984759663  0.91626067353498208
  0.92727701026859655  0.93826198414272011  0.94880569272307547  0.95936592968344248
  0.96998468871519694  0.98010958056438102  0.98989438149605402  1.00000000000000000
 -0.00230248269854212  0.00787689548441688  0.01784811964948604  0.02767250504900762
  0.03812231179302451  0.04870597155575229  0.05880657063877462  0.06968668090897204
  0.08068896351228037  0.09135459363579652  0.10180656832875272  0.11213879711579960
  0.12236719011092127  0.13250206876498588  0.14179945105407951  0.15381206319259524
  0.16652439655387294  0.17882727019424258  0.19045497407084000  0.20063248036251469
  0.21045048519877477  0.22009560525237376  0.23026038696514300  0.24045280370524302
  0.25117619856674989  0.26218611239192702  0.27296987006854240  0.28483333946298212
  0.29589875906319896  0.30687576779704345  0.31739425956334039  0.32738208336468394
  0.33768331027993298  0.34888742014334295  0.36111155262925593  0.37345238737039443
  0.38477279322596586  0.39540633165406747  0.40541408258513290  0.41529927970685304
  0.42501953311253360  0.43481660135152189  0.44501571529065809  0.45524274532655246
  0.46559909659621523  0.47594634358732485  0.48740137362977554  0.49910286944365390
  0.51041181729982243  0.52163111046900068  0.53195980943783039  0.54325598244305617
  0.55478686785727782  0.56566340804558912  0.57547540799457708  0.58516950678954727
  0.59490159979136725  0.60516750042942857  0.61554378260342379  0.62599969816121104
  0.63719296304916828  0.64830093827441093  0.65937369014629854  0.67059720407590839
  0.68159514358139484  0.69220244255792640  0.70271332899643002  0.71350511469781330
  0.72472592855793772  0.73591293374101197  0.74689891752323823  0.75799355575980709
  0.76858278083810927  0.77899498447652094  0.78964064587306682  0.80074355010771281
  0.81232838776832450  0.82403456720586243  0.83497412277210559  0.84455493913701385
  0.85462085073578586  0.86482606896266123  0.87508450149076400  0.88526125318001836
  0.89547684970628327  0.90613258508404315  0.91669154247930673  0.92640662483061342
  0.93569307928753387  0.94475074831893857  0.95376088121891722  0.96287785800722336
  0.97207800413115530  0.98159631610132514  0.99086991481763809  1.00000000000000000
   7.2355959677126332E-013  -1.0000000000000000     
 F F F F F F F F F F F F F F F F F F F F F F F F F F F F F F F F F F F F F F F F F F F F F F F F F F F F F F F F F F F F F F F F F F F F F F F F F F F F F F F F F F F F F F F F F F F F F F F F F F F F F F F F F F F F F F F F F F F F F F F F F F F F F F F F
  <DiscreteSampler_grid>
  grouped_processes
  1 # 1 for a reference and 2 for a running grid.
  10 # Attribute 'min_bin_probing_points' of the grid.
  1 # Attribute 'grid_mode' of the grid. 1=='default',2=='initialization'
  0.0000000000000000 # Attribute 'small_contrib_threshold' of the grid.
  0.5000000000000000 # Attribute 'damping_power' of the grid.
 # binID   n_entries weight   weight_sqr   abs_weight
    25   10   6.662245285131657E-006   9.058685292548202E-011   6.662245285131657E-006
    28   10   2.357039099888890E-006   1.530966014842623E-011   2.357039099888890E-006
  </DiscreteSampler_grid>
