 -0.00000000751103493  0.00000570998967730  0.00004246824387273  0.00012442419225619
  0.00024562333924643  0.00041745162463752  0.00062410237831346  0.00086418654121324
  0.00113253331133162  0.00143639475124177  0.00176432536838275  0.00211859682140260
  0.00250466613880941  0.00290774620644183  0.00335881014028772  0.00385325062273535
  0.00439184857821723  0.00496783383534602  0.00559930442566104  0.00628366260507420
  0.00705310995858575  0.00795726487322467  0.00893946503369160  0.01006615710788086
  0.01117911211234040  0.01203783820479438  0.01261747523979614  0.01304635979774274
  0.01338140483731066  0.01368142584195652  0.01395671026327671  0.01419672703749172
  0.01443289729496488  0.01467001632849161  0.01490808936795627  0.01514386292289363
  0.01537634639168801  0.01561229021371133  0.01585129730150930  0.01608955879389508
  0.01633711998273547  0.01658975205698332  0.01684900583055114  0.01711767049921379
  0.01738459194317008  0.01765563552168482  0.01793461514136808  0.01822107981505296
  0.01851579295595085  0.01882530113740366  0.01914399157913101  0.01948609955690293
  0.01982697208992785  0.02016466257707982  0.02050504935713466  0.02086152967463528
  0.02122847303403001  0.02160314588407360  0.02198695252167942  0.02237852974210653
  0.02277358035089586  0.02316612850080063  0.02355388695625613  0.02394315052941726
  0.02436057209307579  0.02481621234473795  0.02531516794639946  0.02588130894216222
  0.02645794227028979  0.02703396443942041  0.02762231711537843  0.02823727444146969
  0.02885785614088278  0.02950694768223119  0.03015933319727215  0.03081426351419566
  0.03150442615774613  0.03233339922336729  0.03320738095189740  0.03412435348837779
  0.03506736998142902  0.03602413036536315  0.03701936277174134  0.03806957473876912
  0.03917536742029742  0.04029258582743030  0.04175954813415200  0.04352375767654693
  0.04556099169036257  0.04791788020095101  0.05050112794324204  0.05384612436062104
  0.05950890418728778  0.07116154510563878  0.11549400366315447  1.00000000000000000
  0.00910108227829691  0.01645997736348591  0.02774909583509892  0.03931028535581081
  0.05179825205160235  0.06414806145176388  0.07625574863539759  0.08784297484120801
  0.09888077313778296  0.10935579437982332  0.11916134591547788  0.12891993638848051
  0.13882950705071700  0.14921183597048171  0.16003191210416090  0.17175167341860889
  0.18438951016948180  0.19508804088561896  0.20432141526664227  0.21369147535202490
  0.22362788583238150  0.23368677342355365  0.24292779387236169  0.25200581910055597
  0.26144823441283882  0.27111736158095157  0.28119618542549829  0.29221661406178717
  0.30405684316250792  0.31556599253769724  0.32628970473967861  0.33657673868888827
  0.34678580761757510  0.35734827910922301  0.36833430020000907  0.37925952713395900
  0.38984296140726615  0.39994530447251225  0.40971201800294615  0.41962959208326756
  0.42926106950847392  0.43862670146621685  0.44834630971802630  0.45792563359903532
  0.46956738018279032  0.48138405439086157  0.49384606524316538  0.50604865542342936
  0.51753300078886622  0.52837900418872830  0.53913887899379309  0.55031030465611330
  0.56127971636679164  0.57168239773595952  0.58179459958543656  0.59172844790897206
  0.60134480859137585  0.61024473254295031  0.61881485151096693  0.62764098725152506
  0.63684577979759760  0.64674423462397468  0.65705790134343434  0.66685767726735179
  0.67532265337514463  0.68361830052302519  0.69229444189925082  0.70125372558662502
  0.71014123870405887  0.71892896859324973  0.72788225771031212  0.73866716804333066
  0.75002385317968845  0.76153734897200009  0.77317933984343168  0.78508057659790498
  0.79582848302525178  0.80589846089534134  0.81614609751210232  0.82693560227766039
  0.83778737521103597  0.84830428908509392  0.85888641095932128  0.86943596758422925
  0.87944493328259354  0.88882923581147411  0.89852505115484005  0.90836214948522898
  0.91845308841852191  0.92894676532991116  0.93955645802677334  0.95091968420027295
  0.96260431631311349  0.97480217106797085  0.98729644138602546  1.00000000000000000
 -0.00002089235485529  0.00025342337209089  0.00074879697966440  0.00153645156045858
  0.00254502076198878  0.00393593943436024  0.00554923942014267  0.00756029068477725
  0.00982446374270187  0.01218017637555444  0.01493224571376676  0.01779757451888253
  0.02061453766877591  0.02374261193291658  0.02728761611069879  0.03109714763311289
  0.03467900624801742  0.03820026969956325  0.04187018549763506  0.04601573256715365
  0.05108095057879528  0.05657399797748228  0.06189854093557124  0.06701318869652378
  0.07209953995535821  0.07738188419790194  0.08294868093615075  0.08881897995749423
  0.09501810223292383  0.10103574886909142  0.10752395349962011  0.11403192157548363
  0.12057776407280273  0.12726419465446520  0.13404128746905591  0.14100897495038664
  0.14789825819747088  0.15479103347899367  0.16187392545717777  0.16908529523934840
  0.17655505534646315  0.18437190804274675  0.19247955871336905  0.20072857532015259
  0.20882192847960737  0.21698750505492817  0.22588577954385708  0.23530265077110343
  0.24505857833305897  0.25409993002834835  0.26292131192679574  0.27194851321390168
  0.28120575460833791  0.29062166963737118  0.30028760651999109  0.31037239884071971
  0.32044118241228592  0.33051583997898282  0.34064938422463248  0.35108708690191592
  0.36200088202024017  0.37351036010459487  0.38577085969238789  0.39881378472001605
  0.41235998489836673  0.42556821446203741  0.43953419807968502  0.45393671589565593
  0.46826979666524965  0.48294854835481471  0.49777797650667782  0.51214335979466963
  0.52678283233192358  0.54187667384374427  0.55690855370365266  0.57185300001156558
  0.58695104716066626  0.60243826858835381  0.61830932091429680  0.63443986070668046
  0.65098325058322060  0.66754356317260688  0.68392369430171251  0.69968417677364747
  0.71565243557403002  0.73192133894946054  0.74869081019795447  0.76626616493041555
  0.78396188263501165  0.80210611590654068  0.82068731851211540  0.84053608228710508
  0.86130792768654452  0.88125939816377175  0.89615720473037574  1.00000000000000000
 -0.00463204260974299  0.01618313665305104  0.03156763729633970  0.04614052710524619
  0.05993512175082964  0.07372965218426311  0.08791061597743860  0.10231279706214767
  0.11647508846794921  0.12861157431672909  0.13884399582067533  0.14910269844429438
  0.15945370492349697  0.16993549727809898  0.18022341339009104  0.19078572648794626
  0.20226024400662973  0.21242883790209374  0.22092675212569884  0.22921633234730820
  0.23752601545285540  0.24583111500057114  0.25471725671226808  0.26417852665234620
  0.27423114558643308  0.28524443396737281  0.29606782260437009  0.30688730003022968
  0.31792679196162932  0.32834754641585440  0.33955880529820753  0.35035747418447616
  0.36030434148516316  0.36985729863517175  0.37977976213210690  0.38906922136944733
  0.39843221946025520  0.40744050612384280  0.41675341419312245  0.42661941410750742
  0.43681276544748360  0.44679407970638557  0.45655289691224493  0.46636452745943796
  0.47642494164985350  0.48697679509702763  0.49779747459456292  0.50882773380648760
  0.52029927362080131  0.53285664440517777  0.54476041058602676  0.55332726133812327
  0.56175972063750879  0.57000557480082858  0.57867253362371662  0.58771219918892281
  0.59659176612402287  0.60608575824091093  0.61683559537697497  0.62778043686923435
  0.63867915533757991  0.64978487880606095  0.66143163183082399  0.67217333952687053
  0.68203653132089470  0.69210547117269228  0.70252411373285295  0.71329446293135446
  0.72430030658762801  0.73536546956848226  0.74656740259788235  0.75812948895989030
  0.76987994941427229  0.78121930986378385  0.79224656327450171  0.80296320254730980
  0.81361069817234799  0.82421875750107221  0.83472771952205138  0.84524724854378730
  0.85581700165949004  0.86702741138240846  0.87792151525980355  0.88667047322710169
  0.89631824199930021  0.90549227628412154  0.91464726024081200  0.92380720267749361
  0.93286782248004940  0.94212510660295079  0.95140827125793226  0.96062639895280899
  0.97030454684977219  0.98031154990942881  0.99003572331671108  1.00000000000000000
 -0.00192272371635200  0.00819426069938119  0.01701855747676948  0.02736920647189844
  0.03812002157571807  0.04870930324188577  0.05921932154986972  0.06946810000214854
  0.07952586254528762  0.08990054811854063  0.10053536932617949  0.11160075557972104
  0.12257600911943758  0.13408759357601413  0.14620063538154882  0.15799257203329695
  0.16998134597704431  0.18221833846218796  0.19341307326348550  0.20393817683904336
  0.21468724093921443  0.22577392291394274  0.23728466821447025  0.24838975965047530
  0.26105623342266560  0.27255482984759222  0.28116376806311777  0.29014522284061717
  0.29950674642010883  0.30903136345029558  0.31816279558305571  0.32686938432083013
  0.33562576651335962  0.34819200053446264  0.36010073827548478  0.37185467646298892
  0.38295105457690776  0.39343098998379916  0.40383146119360397  0.41421137946620784
  0.42342887950985370  0.43195458744127763  0.44039715464271817  0.44918289374192588
  0.45844798990397578  0.46754909529667199  0.47679762127971187  0.48616724261509209
  0.49651216144863486  0.50677784777986068  0.51748648084682924  0.52908020204844530
  0.54057026252135010  0.55420019037221435  0.56584237648302560  0.57594966944578585
  0.58610370398728606  0.59672332145597196  0.60785200966866682  0.61878945700161947
  0.62991379331913655  0.64142165284838137  0.65248016567515688  0.66343688863161721
  0.67409466500902337  0.68492971374050438  0.69660923971575694  0.70926106038117365
  0.72157670423369968  0.73426436003063067  0.74676210167612611  0.75658921928083100
  0.76551080842732477  0.77447995557005944  0.78341744319667894  0.79253686454058514
  0.80200732685216025  0.81174451107406675  0.82192379976734931  0.83221684040896959
  0.84232076455616167  0.85272381753539284  0.86365990558557049  0.87454495583616731
  0.88501790862948460  0.89502919327222852  0.90476273875012780  0.91460638077084111
  0.92437988018121320  0.93402694854651136  0.94422444507192471  0.95469918540208187
  0.96594346184653967  0.97718192661820857  0.98870273629402150  1.00000000000000000
 -0.00200732026812480  0.00825859032173434  0.01661363716680064  0.02612876778013703
  0.03557277983405580  0.04568490187408859  0.05784793570677376  0.06827600630925244
  0.07717870694123345  0.08623063302698908  0.09503286219119281  0.10385299982640724
  0.11309469622487972  0.12278250607907323  0.13482360140134120  0.14767688542407234
  0.15913808591673187  0.16998104716504014  0.18067129117803502  0.19142880175834134
  0.20259542378614345  0.21428216314519871  0.22613346671138154  0.23733401955121683
  0.24809337882408761  0.25952298671200552  0.27054919222831947  0.28169191011241007
  0.29264958566430843  0.30350339990062380  0.31377749245384962  0.32362514672633386
  0.33359417587630785  0.34334021450588881  0.35299357199115811  0.36276921267758688
  0.37233067585734214  0.38158240368472351  0.39043893969939786  0.39969582662046693
  0.40993889158832059  0.42053594696211199  0.43053271713486263  0.44051520993617699
  0.45107759061822789  0.46178777629288337  0.47282396136318300  0.48406888909392176
  0.49587716778329111  0.50662268293268087  0.51701581136420915  0.52785044657708491
  0.53877987095146207  0.54917270100477644  0.55923687987302140  0.56927898938699772
  0.57945865673709973  0.58926895828021597  0.59891937312888510  0.60857729456620591
  0.61845899238381608  0.62840121141817884  0.63844287806547928  0.64877482885696525
  0.65953525936151725  0.67063567122473045  0.68185321836411339  0.69351756623496941
  0.70547880124287121  0.71693571410823820  0.72818026340073283  0.73975087185824140
  0.75118177637234729  0.76216082053513490  0.77326082455698686  0.78508064323583171
  0.79677342581041954  0.80813967554239508  0.81945768411658026  0.83071490951302651
  0.84197429227309073  0.85291910776714186  0.86378060490219555  0.87471423444207286
  0.88576011415012190  0.89666788952503484  0.90728800232781959  0.91871342012297164
  0.93074894692353272  0.94193363558719423  0.95206941016560198  0.96195335853203567
  0.97169128946427286  0.98089023581662360  0.99018811590535638  1.00000000000000000
 -0.00205481207082750  0.00834814845509976  0.01673556854254199  0.02600758541827639
  0.03530699792712683  0.04537819728316745  0.05719913770567164  0.06854296909870486
  0.08019842161889894  0.09028748306707783  0.09988064278828666  0.10938376563121678
  0.11938268707856105  0.12910296700791168  0.13832727649436433  0.14788676780380822
  0.15797397227431950  0.16801489781928991  0.17784624251643663  0.18791830404262547
  0.20010218062980342  0.21169625630478875  0.22219396420904522  0.23304568632505723
  0.24354112887227181  0.25421607172655847  0.26468650302563734  0.27513994660476754
  0.28599338603157648  0.29685908474621514  0.30683515733405098  0.31730161022933007
  0.32824687747675330  0.33910714290390948  0.34882484841076716  0.35875427737169641
  0.36917670630089133  0.37929754968283985  0.38935004079854163  0.40071462974160371
  0.41338565628709084  0.42579401967114744  0.43765351793619861  0.45002561315448425
  0.46162139980148853  0.47209762683862705  0.48228590192604115  0.49258271634548739
  0.50301500346386185  0.51342168596850080  0.52426275962813373  0.53484920947045267
  0.54516790744397858  0.55455516317183118  0.56378841389275969  0.57270479464426927
  0.58166733059253539  0.59032922070054650  0.59907536279337614  0.60831889701356601
  0.61847608017184474  0.62865238516051158  0.63870349459077702  0.64897877635262313
  0.65983510102504972  0.67168840040362132  0.68404671412618290  0.69549410456658500
  0.70636399311097431  0.71635225573371808  0.72623291027515680  0.73617783115214075
  0.74630076485414676  0.75687829493941594  0.76772977159425371  0.77854636373499098
  0.78918657125631531  0.79903396900410428  0.80868704140567105  0.81848500341944941
  0.82797233458825548  0.83760975520044512  0.84814151511987501  0.85982682348048067
  0.87406755910486278  0.88975156010005274  0.90262368039484975  0.91365739745149910
  0.92420594898210651  0.93394129851424501  0.94379708812331931  0.95411278956219892
  0.96588710941260758  0.97808262353337194  0.98913834970433545  1.00000000000000000
 -0.00405807629184849  0.01190736926879158  0.02528657254256051  0.03781851818651442
  0.05051669804633540  0.06348651037909234  0.07631806308276411  0.08874282518184630
  0.10068437100157007  0.11103967407762939  0.12054244549720396  0.13005504015103048
  0.13887744191493703  0.14743426083113001  0.15578613018512055  0.16438603837233737
  0.17428920052980507  0.18484028820847478  0.19558960669658823  0.20612912373639394
  0.21624545307322926  0.22627516673848055  0.23560487884507844  0.24472335971702563
  0.25395681055946506  0.26333875778573612  0.27297219174361087  0.28285363524705237
  0.29220080222909250  0.30212568943306128  0.31169092300644857  0.32201160710171844
  0.33221798642802486  0.34446761200183212  0.35826830618891103  0.37167314101270571
  0.38385714974183827  0.39513878504857552  0.40625661415943870  0.41749903284059509
  0.42871206057710642  0.44019199591177222  0.45051368974160422  0.46086933584389039
  0.46973514586170539  0.47879203111401036  0.48786306186732370  0.49681222673651215
  0.50565311217545328  0.51481623802511578  0.52504467235559860  0.53691841209812041
  0.54872898575597140  0.56089125707599452  0.57360876470739630  0.58706511301180830
  0.60059797564765338  0.61290625514387120  0.62433589418387703  0.63480125940645171
  0.64477251440727845  0.65470283366912474  0.66451252867048294  0.67360794482793351
  0.68235812304798760  0.69126211806409632  0.69986112417282009  0.70848158994893928
  0.71688091759522199  0.72522140548105263  0.73335966637848415  0.74146554290933997
  0.74936009393027581  0.75740015500208646  0.76574284554307570  0.77457359980299334
  0.78449503916767005  0.79502396875056047  0.80658787001709220  0.81761853696298215
  0.82794617854690467  0.83875379033590924  0.85045424274542092  0.86205718479716653
  0.87300793277810729  0.88416049826850807  0.89578973728643785  0.90635309029382993
  0.91733092599637300  0.92894232681428712  0.94037240724333981  0.95188771893247448
  0.96413890329685603  0.97654818176199021  0.98861056904703293  1.00000000000000000
   3.0173694146945638E-016  -1.0000000000000000     
 F F F F F F F F F F F F F F F F F F F F F F F F F F F F F F F F F F F F F F F F F F F F F F F F F F F F F F F F F F F F F F F F F F F F F F F F F F F F F F F F F F F F F F F F F F F F F F F F F F F F F F F F F F F F F F F F F F F F F F F F F F F F F F F F
  <DiscreteSampler_grid>
  grouped_processes
  1 # 1 for a reference and 2 for a running grid.
  10 # Attribute 'min_bin_probing_points' of the grid.
  1 # Attribute 'grid_mode' of the grid. 1=='default',2=='initialization'
  0.0000000000000000 # Attribute 'small_contrib_threshold' of the grid.
  0.5000000000000000 # Attribute 'damping_power' of the grid.
 # binID   n_entries weight   weight_sqr   abs_weight
    25   10   5.230052760991922E-013   8.638241137124346E-025   5.230052760991922E-013
    28   10   3.870466169710635E-013   4.419475163741809E-025   3.870466169710635E-013
  </DiscreteSampler_grid>
