 -0.00000130042464378  0.00005034244991761  0.00021417869788127  0.00042404114729938
  0.00068558045172899  0.00099193079585696  0.00131521111928012  0.00165099480384016
  0.00199898409760204  0.00236353430126581  0.00273642882737486  0.00312939028079640
  0.00353825958213279  0.00396581241617494  0.00440155005837757  0.00481875432525813
  0.00525984219865621  0.00572557923882039  0.00618647392711504  0.00666045615446980
  0.00713535487670616  0.00760324707727829  0.00807138837609326  0.00855588729262659
  0.00905607821752447  0.00955290261403313  0.01003086038419521  0.01049280106593836
  0.01095448238757929  0.01142590918837527  0.01194453960103885  0.01253177105530656
  0.01330438571090782  0.01473404759456633  0.01725190259663909  0.01922543946008822
  0.02066376383932741  0.02194844500605663  0.02315815268530699  0.02434218276653448
  0.02556458459484888  0.02677381421521507  0.02794707510179253  0.02911423456447095
  0.03027744776787869  0.03148717024491605  0.03274316399930285  0.03401072040989961
  0.03528171301373167  0.03645030946120530  0.03768594621053971  0.03890173455706929
  0.04007742693544110  0.04134935578134658  0.04268259001466492  0.04404116668956917
  0.04544252402771887  0.04688070735219069  0.04831620391791738  0.04977126945200019
  0.05124539121582183  0.05270781698922621  0.05417299367059067  0.05560996449786204
  0.05717302376798094  0.05878630677675785  0.06042526039451138  0.06209711235113808
  0.06381199283841062  0.06558723074917018  0.06740661768686049  0.06912144838122543
  0.07105333296757896  0.07309437866288174  0.07524676062348716  0.07753060774819255
  0.07986611058902424  0.08214446677745484  0.08442067021759893  0.08675578626649497
  0.08919334861961446  0.09183927914719134  0.09477312530816558  0.09801119674518871
  0.10144115923473258  0.10498688675973944  0.10868669523580556  0.11264057532895212
  0.11706851210848149  0.12258907847126151  0.12997531949294161  0.13934454515615050
  0.15259615465926835  0.18408155841426849  0.32563363857558580  1.00000000000000000
  0.00954427143397186  0.01610418371086864  0.02538424135785489  0.03581115934282311
  0.04662421439946376  0.05745888272450057  0.06851519621849586  0.07982634589531033
  0.09118334788373937  0.10259355536468955  0.11368987301758565  0.12543295631647983
  0.13666842613902055  0.14812733727364522  0.15928877158935997  0.16971432577000845
  0.17974275716743743  0.18979437553711981  0.20055033610695686  0.21204375980208551
  0.22387148684851990  0.23521407658872709  0.24588928649930955  0.25607292836865697
  0.26579607686831230  0.27544248040209168  0.28470358642055760  0.29452359481371349
  0.30481659994376809  0.31610912816254105  0.32779733565004193  0.33912393638841132
  0.35016309412618596  0.36127116748275467  0.37251123748088061  0.38391484074926485
  0.39529139428194393  0.40651574709058169  0.41753608775281958  0.42834058085176935
  0.43897747449093927  0.44952238566598934  0.45990872434192959  0.47030402163376112
  0.48124459468996872  0.49265642335015636  0.50354059593649891  0.51334670439679897
  0.52289989504812262  0.53295343704720433  0.54313330365553369  0.55296273477072444
  0.56287576682351204  0.57311092464962365  0.58308431008960782  0.59265465139315643
  0.60215988475472626  0.61182283962971629  0.62180460635582124  0.63187971077761818
  0.64218902095128427  0.65234689142670077  0.66254989858362623  0.67283996012823744
  0.68344691221565412  0.69394858360277178  0.70436418122835198  0.71438343735066212
  0.72448780262124590  0.73404194403218892  0.74355336238237568  0.75305459905588934
  0.76243421658981403  0.77173056312952637  0.78148807432364686  0.79193595884285140
  0.80395838860746349  0.81575596323052679  0.82633569461850720  0.83658861854631938
  0.84591088117639768  0.85543126626954202  0.86497015723501136  0.87453674676915538
  0.88446458636917835  0.89458373656998380  0.90519204292660016  0.91593488185022409
  0.92615173849133425  0.93594825134871962  0.94549979364575099  0.95526473783437826
  0.96532575831458034  0.97582999408376825  0.98723833407335781  1.00000000000000000
 -0.00005250065828105  0.00061978413353791  0.00191689958427345  0.00372639302994823
  0.00580394319361048  0.00810903990480109  0.01055428668269592  0.01318139751471322
  0.01602101395608214  0.01924159231298599  0.02263259748287745  0.02619589335269137
  0.02991946108843267  0.03375591207721564  0.03781279469952330  0.04207812336053462
  0.04644146617305576  0.05075986749116074  0.05520204012788402  0.05988325970230629
  0.06464830930453107  0.06959184363780696  0.07478524013414858  0.08004534575677133
  0.08524260246301048  0.09053764035493660  0.09602854951716819  0.10160215307773190
  0.10734835426026007  0.11316596886438507  0.11874101445134919  0.12403697561791364
  0.12931766567488440  0.13477386781711273  0.14019346872405059  0.14571930626939641
  0.15140216221870242  0.15720988455616300  0.16319964431645217  0.16969928192122843
  0.17652060159592964  0.18316684770285543  0.18995281357631544  0.19659744767475873
  0.20312451218219027  0.20984170438835442  0.21687280705140741  0.22419962096031462
  0.23186078203337768  0.23943946411329167  0.24669829999286644  0.25450766069669650
  0.26233058800813053  0.27021143033294903  0.27837254575752263  0.28695203453036827
  0.29571631808525639  0.30453024969786152  0.31357095039185384  0.32288686874103423
  0.33253708391869086  0.34261206477518286  0.35281447532066657  0.36374116809595941
  0.37493414515023465  0.38606220924541690  0.39709714390996947  0.40812538347425359
  0.41916104953306305  0.43019023247656568  0.44115023288647998  0.45179708899758964
  0.46220475935173977  0.47254642344244846  0.48337851624978212  0.49455468977332812
  0.50597061547281097  0.51732072150481367  0.52839991405288433  0.53952168657158661
  0.55093997183295673  0.56225610804875326  0.57348370603711074  0.58460164752322463
  0.59583258748998036  0.60721787988180653  0.61845793752087963  0.62955557927348893
  0.64072647705551378  0.65162736989618764  0.66185729372404223  0.67192641699911015
  0.68248259367064301  0.69296393235179599  0.70114084189766268  1.00000000000000000
 -0.00255377928335912  0.01012343119807825  0.02052097385860483  0.03220784787247145
  0.04397232971972032  0.05666469249612610  0.06964831917173746  0.08195402479693047
  0.09419154947059823  0.10619458748875317  0.11773069628866965  0.12929795466689467
  0.14108200616874589  0.15306029970690121  0.16475806091002404  0.17600445427375755
  0.18696434734896189  0.19797762050698811  0.20919982787677219  0.22064375778701131
  0.23259420573337211  0.24446012698007177  0.25552158369587935  0.26580498119074580
  0.27616272491203686  0.28638969764500627  0.29690514876551516  0.30711282878833329
  0.31738681164964061  0.32748861466348284  0.33731346964722120  0.34693590224518217
  0.35659610582789369  0.36636804188987748  0.37683518493755125  0.38828454852601946
  0.40001486609432951  0.41200600080395605  0.42396777165423361  0.43586509261103734
  0.44770148008392274  0.45972296351940989  0.47208552866535686  0.48381516854726486
  0.49450397480318364  0.50491577562521217  0.51523836344620211  0.52552757034896225
  0.53543778161524935  0.54524917395672490  0.55502772718737992  0.56472681591882323
  0.57399782850957781  0.58368671604405298  0.59307948344659334  0.60225934633283007
  0.61154155759086315  0.62098583932765516  0.63011456026156898  0.63941257520031147
  0.64921919036750519  0.66050637133364820  0.67175185486139333  0.68248377521683579
  0.69287852095463476  0.70278649433195683  0.71282636541469424  0.72242711027957540
  0.73190041567378528  0.74152947457326490  0.75137209708076813  0.76148393520241564
  0.77159867137007943  0.78223802496800432  0.79324603795844584  0.80440575720976226
  0.81549969542612599  0.82708836044075906  0.83808671770253407  0.84957191721452696
  0.86015555655420850  0.87031424953160397  0.88059268184290063  0.89083177353286969
  0.90091494976095143  0.91094919457549983  0.92077999358607365  0.93039560337324689
  0.93966541681794857  0.94873845844471028  0.95799744730396563  0.96671131815390898
  0.97501551306656886  0.98314537985529982  0.99162814978515357  1.00000000000000000
 -0.00246839760550602  0.00935257376141736  0.02028136373237271  0.03207898328576026
  0.04427004724656792  0.05605976622254571  0.06793257115380125  0.08006977896862752
  0.09250156853517208  0.10471074955180995  0.11594402030724985  0.12680158441824027
  0.13769264553442212  0.14838821982742273  0.15871366877048720  0.16906219233142689
  0.17987579512428289  0.19104868565317940  0.20247560739749618  0.21404331186567738
  0.22526766692199809  0.23531951340497592  0.24455935406806126  0.25400933169178391
  0.26361780952600350  0.27321100203073373  0.28238810344925319  0.29167559796484294
  0.30137481111045716  0.31158278903587644  0.32188380048461906  0.33209423078185563
  0.34195621090221379  0.35115793695134806  0.36213068745430638  0.37318490802302740
  0.38420706712872027  0.39429610224285355  0.40463894358056635  0.41530258331214359
  0.42624364914765056  0.43730564432531743  0.44819551505831007  0.45928466266235696
  0.47077967164034928  0.48221003334526813  0.49337771258546465  0.50492380938093584
  0.51668328991565171  0.52813313252261007  0.53907778497859005  0.54972799938156680
  0.56062864971097226  0.57197085433389849  0.58339155457243375  0.59444860066658578
  0.60486317278128698  0.61469366454632135  0.62442240282244166  0.63398575550703828
  0.64357464723743285  0.65312634461464036  0.66255082973185231  0.67195862683627861
  0.68164579265542480  0.69187343490556119  0.70258601063059178  0.71355801004181962
  0.72476934995183051  0.73635975648320506  0.74773307263708599  0.75830846127212270
  0.76819372809137965  0.77773137143659177  0.78732029392713332  0.79710468900486309
  0.80714562479770358  0.81783630839639132  0.82893706303309966  0.84067140737747115
  0.85226770827174736  0.86259426844138398  0.87211666444378255  0.88127921680123456
  0.89047676958926880  0.89983877697522952  0.90914203867108834  0.91799874551771998
  0.92874546284223081  0.93956997109332185  0.95036699792309709  0.96095658780887294
  0.97031713716289625  0.98007396957656778  0.98987405584406940  1.00000000000000000
 -0.00217796410710180  0.00904774978417839  0.01861241616056706  0.02927079141497076
  0.03996343897309338  0.05068776882504768  0.06085780819802406  0.07302063078655925
  0.08502645240540409  0.09596866644188239  0.10674713176528734  0.11740628544370653
  0.12783806652224891  0.13833278800150012  0.14884982668114013  0.15926518664637471
  0.16972089760937928  0.18034205443473564  0.19075941198504276  0.20110440179449227
  0.21161374905564134  0.22250843939510720  0.23266966529716368  0.24250518746957189
  0.25227958049651572  0.26235702805953848  0.27240870459640920  0.28205890071401662
  0.29152860994298452  0.30170371396283946  0.31245644552068158  0.32266474001563894
  0.33242025092351613  0.34307314945719836  0.35380814144331346  0.36473141763522354
  0.37554339457351682  0.38657617213971851  0.39764501056208723  0.40869985677447679
  0.41936901624502343  0.42995772692813894  0.43995792103877812  0.44970106896498269
  0.45932206824552319  0.46859538517589489  0.47774441746709834  0.48699974667529844
  0.49651471605137809  0.50641447808633044  0.51700303696293082  0.52817985208870533
  0.53987986577857439  0.55147955188276221  0.56278491094058680  0.57383676026952568
  0.58448812046784748  0.59495353666264850  0.60521235614969271  0.61564699209992901
  0.62637250384522358  0.63717531712296582  0.64774572905784344  0.65792315220985953
  0.66825752506488278  0.67850610457394656  0.68862086098203434  0.69834034730239281
  0.70802664374286950  0.71834589265056425  0.72894876402777531  0.73947788469112508
  0.74990258693556255  0.76049347701257386  0.77154561950581735  0.78235856701997475
  0.79349619443019093  0.80475597519215669  0.81642077741109309  0.82844778865431490
  0.84056408374042868  0.85281821858263585  0.86450537409738504  0.87589465873192984
  0.88658160000094344  0.89714069127182905  0.90795017394893107  0.91873054911737795
  0.92947262489013571  0.93979916105093508  0.94983825870768668  0.95978258457409615
  0.96938268040380537  0.97907611168153419  0.98914817311647441  1.00000000000000000
 -0.00257595255087677  0.00957393171838128  0.02061549470608322  0.03162001021362127
  0.04265435967673356  0.05396987696842245  0.06500975691299382  0.07555065703897014
  0.08602278900938362  0.09704812227395804  0.10918937283099853  0.12143881720292378
  0.13287590938025423  0.14386498829184285  0.15487058704087131  0.16608366508818062
  0.17724051951347808  0.18806132997361064  0.19864633213010316  0.20938982499713202
  0.21964235341829932  0.22925958921616643  0.23886767627079641  0.24881932396174483
  0.25895965266123483  0.26895715337710341  0.27910409777222528  0.28969149898171748
  0.29960343951738733  0.30898600850406460  0.31869723590457655  0.32879548878259091
  0.33897992072468841  0.34864100179508312  0.35810142757925362  0.36905531251201229
  0.37941441860508945  0.39066946003197628  0.40170926894538378  0.41316176027980911
  0.42419055273072825  0.43539163518615209  0.44578801942517371  0.45590490605999928
  0.46597024397755121  0.47595481488283586  0.48583717995887010  0.49559135222436640
  0.50557560180041339  0.51673512563654866  0.52769082964339908  0.53872255884579179
  0.55001179572638303  0.56134563811128291  0.57233892303731848  0.58315317803210764
  0.59387482069477149  0.60449179413768783  0.61478847781211343  0.62520043219956112
  0.63630434043634720  0.64721765848278479  0.65742081478465231  0.66720659212084488
  0.67703987378932129  0.68701186622235322  0.69679351741326434  0.70607164058468175
  0.71505459582666109  0.72377221072520848  0.73276533048699066  0.74232699605972108
  0.75244614350233963  0.76388770657492899  0.77665494012292435  0.78886021442352772
  0.80008611004676045  0.81085072731692598  0.82173871977513901  0.83252409659562832
  0.84275466633059892  0.85299350810460006  0.86371511641049015  0.87452543681928951
  0.88517950158569003  0.89557084507894769  0.90629130775354139  0.91684604126957270
  0.92667724746442670  0.93652901469494132  0.94629128393285677  0.95605666091909691
  0.96602221494873997  0.97595072601195154  0.98734108086878969  1.00000000000000000
 -0.00187189876822993  0.00800750795832583  0.01650443387862167  0.02577757921999661
  0.03559969533055820  0.04581033800900963  0.05617400288211264  0.06645941439554537
  0.07657792122140793  0.08649830462492189  0.09621351094895368  0.10634954643913173
  0.11681724778442036  0.12754402220591618  0.13775701424682404  0.14743082371829927
  0.15686235733532478  0.16659848737408445  0.17704370847845868  0.18833170118272774
  0.20052614654912154  0.21348934573808095  0.22640636838084297  0.23739968386476501
  0.24792209584288386  0.25845485492333820  0.26905786571999912  0.27877696466965279
  0.28776815222506513  0.29764838947352512  0.30798853476176363  0.31778537808966262
  0.32707332785063081  0.33671966545468252  0.34655658568511583  0.35602667324436005
  0.36507724686590570  0.37401056383700199  0.38408733679096668  0.39494326148612380
  0.40573228368701242  0.41633735111376363  0.42689108092208505  0.43753324562275964
  0.44808053979331297  0.45857684933214937  0.46936447755577682  0.48012172837443351
  0.49026026858540900  0.50017076983587316  0.51005158715792398  0.51977257059711934
  0.52957597203290396  0.53958873352230574  0.55039248256152051  0.56156280809684311
  0.57251696663746299  0.58358801935043270  0.59502203888381855  0.60671429813186917
  0.61834216043137979  0.62951861061135883  0.64037367568690984  0.65119375522348866
  0.66244637995859390  0.67389708819283978  0.68516845628690382  0.69661910200883970
  0.70793389757705172  0.71879085335390103  0.72944609480473432  0.74038192332613828
  0.75137104816914602  0.76207191326203738  0.77283224016256491  0.78452330232898315
  0.79692509690596514  0.80924091458006764  0.82167452187001111  0.83358350019005822
  0.84623163724929751  0.85688449666599054  0.86699386774978959  0.87738582726420955
  0.88805065626097013  0.89826102594949819  0.90822526511526203  0.91807058743794290
  0.92828939975746261  0.93876660932194478  0.94969326287727129  0.96047013696115302
  0.97036924573846173  0.98009241271379210  0.98987064126266344  1.00000000000000000
   2.0723894684499366E-016  -1.0000000000000000     
 F F F F F F F F F F F F F F F F F F F F F F F F F F F F F F F F F F F F F F F F F F F F F F F F F F F F F F F F F F F F F F F F F F F F F F F F F F F F F F F F F F F F F F F F F F F F F F F F F F F F F F F F F F F F F F F F F F F F F F F F F F F F F F F F
  <DiscreteSampler_grid>
  grouped_processes
  1 # 1 for a reference and 2 for a running grid.
  10 # Attribute 'min_bin_probing_points' of the grid.
  1 # Attribute 'grid_mode' of the grid. 1=='default',2=='initialization'
  0.0000000000000000 # Attribute 'small_contrib_threshold' of the grid.
  0.5000000000000000 # Attribute 'damping_power' of the grid.
 # binID   n_entries weight   weight_sqr   abs_weight
    25   10   1.403848705452141E-012   4.123171467920540E-024   1.403848705452141E-012
    28   10   5.985374460397526E-013   7.933846879091737E-025   5.985374460397526E-013
  </DiscreteSampler_grid>
