 -0.00001433240808762  0.00021842682658717  0.00066803212086575  0.00120816323004351
  0.00177867819796538  0.00234787894120473  0.00294952231665468  0.00357993227615039
  0.00424157498833983  0.00499935237752076  0.00580407927443185  0.00659318890831041
  0.00738538578006994  0.00812764364273719  0.00891160364331822  0.00968006375771998
  0.01035288766763806  0.01099802783483973  0.01172259923989127  0.01258243030071213
  0.01398427826542789  0.01717947129616174  0.02036376734875058  0.02263024883340282
  0.02450874528616015  0.02620589827160721  0.02788381433108654  0.02956246848804075
  0.03122245694711816  0.03285022047955158  0.03448054569555969  0.03613807927962123
  0.03775595940244005  0.03919894257110450  0.04069583038709996  0.04220920565589489
  0.04383301057074416  0.04559751760897808  0.04727655460798207  0.04890831921180556
  0.05048409396928712  0.05208567971507242  0.05378777248046715  0.05560109981765353
  0.05747774473026787  0.05934475080525784  0.06119143534673643  0.06302885689110065
  0.06492823406821921  0.06679683797513808  0.06858460941890673  0.07037277305861525
  0.07227228738854143  0.07425319626039330  0.07629049382906611  0.07843044917105901
  0.08062600250001092  0.08283588276112781  0.08493443806553223  0.08700546013967939
  0.08889564865580690  0.09099579331417521  0.09323904322950628  0.09556552091804617
  0.09791066554506309  0.10032181722633282  0.10279788419819365  0.10531608421543316
  0.10785213909750341  0.11046774650599317  0.11330542013597258  0.11611543589831845
  0.11909606024364171  0.12212527591709103  0.12519974274144363  0.12842646971309024
  0.13173692000688758  0.13516912965659850  0.13861789672998839  0.14213623819484594
  0.14581061102249257  0.14966447026560462  0.15386683955466082  0.15865884655592710
  0.16408858566800000  0.17011288925716433  0.17645108031468035  0.18342254490179910
  0.19165349754247474  0.20165666432009585  0.21554355444914969  0.23471756280343681
  0.26129155259380410  0.30484270475138431  0.40622559902929323  1.00000000000000000
  0.00890591869714999  0.01735799945857843  0.03007389470370725  0.04259625159276934
  0.05486765250290085  0.06640525161994595  0.07699223818298487  0.08701460218526628
  0.09737144802681826  0.10846670966020676  0.11959478808964440  0.13049048728642784
  0.14120812032553559  0.15186781658684881  0.16235439780172786  0.17263239464137906
  0.18340305897939760  0.19479293824939059  0.20584524308748350  0.21610131167100985
  0.22610443375182049  0.23690784100985823  0.24785061917595036  0.25791513473000310
  0.26742548380670517  0.27684795146112451  0.28666725047568398  0.29673770555782919
  0.30691450973432488  0.31664471082420270  0.32653975563002485  0.33672575900081475
  0.34723238754944263  0.35762780381901155  0.36760452145027206  0.37804574091757170
  0.38922161250701126  0.40055733021151646  0.41136674633356851  0.42261812665278542
  0.43374702478989458  0.44427745929952833  0.45441070855501231  0.46437099006201504
  0.47449009107565848  0.48460045516692740  0.49442930325074691  0.50453751900523236
  0.51507199689611038  0.52567260280917949  0.53647677799216364  0.54646952083836564
  0.55647561748440044  0.56612213857761995  0.57465330832177897  0.58306865203404756
  0.59201064384450341  0.60122352786310174  0.61134968260937006  0.62286807168020375
  0.63373611433334731  0.64452228035360304  0.65469240980250631  0.66471703991080477
  0.67526305570591638  0.68636341912373144  0.69730083282605460  0.70679972172524086
  0.71568795563133114  0.72487188219560184  0.73459783365717135  0.74492977272733973
  0.75580643798054237  0.76700529432136133  0.77815588012959425  0.78932766929883347
  0.80022595712477218  0.81092914506648550  0.82120871797865380  0.83131065103077750
  0.84143676072096230  0.85198541528181526  0.86246579498101938  0.87232724343188695
  0.88201014364973607  0.89181300026191346  0.90164067877552123  0.91149266360000525
  0.92144455312199047  0.93169453918415468  0.94190766661539971  0.95201744987646697
  0.96262029522316206  0.97392611320372990  0.98658284727908485  1.00000000000000000
 -0.00002009963494368  0.00011301086419749  0.00023696571684740  0.00037526169734084
  0.00051496497433055  0.00067994532602175  0.00087343375210383  0.00105988628510504
  0.00123307324566198  0.00141524683671815  0.00161885743051350  0.00182124742701015
  0.00202205840747919  0.00224169758906937  0.00246056135194407  0.00267919367953309
  0.00290510993479511  0.00313197546064150  0.00334707134150497  0.00356269046973697
  0.00378178220801359  0.00399999681292622  0.00421840152068995  0.00444880673320657
  0.00468542383276164  0.00491454229343733  0.00514238389612676  0.00537464278899989
  0.00561629082226051  0.00585717549062838  0.00609409472552193  0.00634057135015459
  0.00660021225015692  0.00687382441180520  0.00716539883332611  0.00746328557131407
  0.00776388591269542  0.00806082081699147  0.00834994990518390  0.00864430873173627
  0.00892770193875111  0.00921890111297269  0.00949363903828815  0.00977556354694916
  0.01002690279020638  0.01029873602277422  0.01057972955762361  0.01086252836790820
  0.01113486273636854  0.01139043313749506  0.01164172769365936  0.01190496560148989
  0.01217228895833910  0.01244721162078406  0.01272080141971148  0.01298439132834967
  0.01326063929180772  0.01353787576118986  0.01384311550489899  0.01416342101730173
  0.01447439100683087  0.01477612041836561  0.01506834586164588  0.01535714405183629
  0.01565127981265637  0.01595174607783349  0.01626904437743625  0.01658074258750104
  0.01687065088192867  0.01716355143229183  0.01746821184626455  0.01778376693130405
  0.01811206105559359  0.01844219090188136  0.01877525703074263  0.01911005287143901
  0.01943769902087366  0.01976381776376507  0.02009021134979154  0.02043025557724774
  0.02077934115491211  0.02113614606121029  0.02150541048596901  0.02188376560201184
  0.02228234265895197  0.02268069876622020  0.02305695000045157  0.02343640144061715
  0.02382405227080597  0.02421230723234741  0.02459781672426413  0.02496509204781798
  0.02531121727787815  0.02564515145298323  0.02595680293196719  1.00000000000000000
 -0.00275668476464661  0.01128628823455768  0.02297771717948012  0.03504811647287647
  0.04751587940367415  0.06069121235517046  0.07385686385609969  0.08762163182194109
  0.10092903367254331  0.11351420282616785  0.12551425565257621  0.13714177433100863
  0.14892365636200153  0.16021670696122448  0.17122077889842194  0.18198098266195387
  0.19260868196719022  0.20405331505343577  0.21595745638752820  0.22776632702866387
  0.23935428407905365  0.25019688448717842  0.26138041955917757  0.27282934289605221
  0.28398360910822407  0.29458079257215958  0.30492127965849447  0.31480289779681220
  0.32478471437736184  0.33471977945408288  0.34531331903138629  0.35651745363238019
  0.36771711855822642  0.37872145971278487  0.38964529203869586  0.40087052842106413
  0.41189791928316971  0.42250851348804375  0.43265911289065440  0.44322159987021864
  0.45384180756151615  0.46357910676243341  0.47323264105714813  0.48276582834872600
  0.49223095313973875  0.50181808033650011  0.51150017547117910  0.52154750477123313
  0.53304801202638041  0.54499388457202191  0.55640230125629320  0.56779852840858080
  0.57943022401806898  0.59086728507773223  0.60176186872882276  0.61209000455258400
  0.62210159514835794  0.63208103062732213  0.64211145361967092  0.65255685182531886
  0.66343838533485400  0.67431133991294201  0.68500915476677793  0.69473682712220086
  0.70398294635197978  0.71321393254978993  0.72200518082489640  0.73080375306221101
  0.73986606602395444  0.74913221045515888  0.75795504672235914  0.76671121814095655
  0.77569031595883631  0.78501217848891613  0.79482100078600848  0.80501053863745020
  0.81551555330645065  0.82618053079862930  0.83618410906122420  0.84597006211260661
  0.85602731880409277  0.86618733694342764  0.87577738516192860  0.88500699164103613
  0.89432690169031082  0.90437503343550130  0.91502035817298522  0.92604606375908749
  0.93677577066519779  0.94648293276648643  0.95496697508464912  0.96399482114434532
  0.97246971305192642  0.98102270803953395  0.98975342423382806  1.00000000000000000
 -0.00251950273693593  0.01011262774964532  0.02016925046058474  0.03273728615122261
  0.04388032499459004  0.05591743493017211  0.06558787162559288  0.07474762041753444
  0.08455839722319460  0.09538339359591692  0.10641891307507649  0.11639726811699171
  0.12578878861862852  0.13511415005327160  0.14459073684814500  0.15514426458802719
  0.16605470286493135  0.17742536260802910  0.18814041860065833  0.19781038201257362
  0.20721227663239827  0.21744402817385025  0.22805523993366458  0.23849939743651710
  0.24915839428001058  0.26101942207538542  0.27300128673802748  0.28400433247596191
  0.29406834425487005  0.30353033675030461  0.31280135297342537  0.32267098543217365
  0.33249261486975118  0.34179853986200848  0.35126279163957058  0.36169008608997405
  0.37268197242614193  0.38387920667643988  0.39435155870999805  0.40534658162852000
  0.41584080021683667  0.42605032007181026  0.43601829619622529  0.44683658901604556
  0.45751278919079236  0.46703921919714902  0.47655567627799245  0.48730338785349070
  0.49885809247178559  0.50919829535865258  0.51877296187386679  0.52919230910398640
  0.53989850408595952  0.55015597151040774  0.56032445335456804  0.57142497862412822
  0.58349500905735452  0.59558018968798099  0.60713863853930550  0.61845836658250042
  0.62969217734221761  0.64088924363021171  0.65225641275333679  0.66320400675497448
  0.67359906411922732  0.68425656528844958  0.69527907798730637  0.70668695660799752
  0.71752644296392842  0.72802533878894327  0.73848417863790783  0.74903975243674215
  0.75987412452104042  0.77028717399359137  0.78110932328610672  0.79221525214240784
  0.80262844090410235  0.81287287709934564  0.82300037178437602  0.83329490114584692
  0.84387222539897089  0.85476577380448815  0.86642363975934933  0.87800537167715398
  0.88907600561486433  0.90061210344633935  0.91293785395020555  0.92465499640269944
  0.93533971968162410  0.94450020102315813  0.95334123136436144  0.96284998618058992
  0.97248967482702675  0.98190915990870309  0.99088325288626566  1.00000000000000000
 -0.00267742342621195  0.01000623029780371  0.02124249422106700  0.03247526025255499
  0.04333570710145961  0.05363335287432688  0.06364058446727952  0.07397576894130621
  0.08477775336215582  0.09644227180400544  0.10882492569726128  0.12146877556481193
  0.13365436126887667  0.14509555631318999  0.15569383476852197  0.16628538375663565
  0.17755120659532256  0.18912844485709199  0.20021138701684271  0.21104500227772843
  0.22181778970734489  0.23236555909926668  0.24250422503230926  0.25314650203144412
  0.26467591221618719  0.27633487612091695  0.28768856549243410  0.29933961118277824
  0.31154792797563508  0.32339263469918977  0.33519870780663319  0.34690298332442304
  0.35845302185391892  0.36978771119914494  0.38070467640024075  0.39121232816602763
  0.40165540456594440  0.41225582556511126  0.42272415262027346  0.43317154605607605
  0.44352650603161531  0.45358722737138246  0.46387621396395246  0.47435257550727344
  0.48382991205816744  0.49254561864550939  0.50170157463609710  0.51177555801826835
  0.52232690253278835  0.53235095351221651  0.54194787463546845  0.55162412932858806
  0.56152310236637182  0.57166510354051481  0.58239201516624839  0.59360753887453688
  0.60381921520859116  0.61258206493130607  0.62077022061560905  0.63007392802006223
  0.63968731616209407  0.64951455096968203  0.65929315677688671  0.66850416006054403
  0.67772088190773117  0.68698427190132572  0.69659700316544249  0.70575431657248877
  0.71502558676155314  0.72436097322484594  0.73507037938049125  0.74735082144847331
  0.76035052284920357  0.77278361073139257  0.78446914359645481  0.79594447553097136
  0.80784256330109872  0.81934496610512197  0.83031587488176928  0.84111092808506704
  0.85227097126647566  0.86302986784702596  0.87303836269663482  0.88319050586932968
  0.89344475605517160  0.90438048950141636  0.91521493480578142  0.92555313569565201
  0.93526322416701979  0.94410751752776223  0.95361177672500941  0.96307397933258687
  0.97258695410429330  0.98179953632275674  0.99077572180387308  1.00000000000000000
 -0.00290462292628278  0.00969209005382563  0.02017309764879814  0.02963851840118974
  0.03895979422810049  0.04783472974342391  0.05745248815578863  0.06684559905691193
  0.07474215430073183  0.08266193196979671  0.09154371138901486  0.10075744163433613
  0.11118086687593731  0.12245335247894426  0.13430058618453880  0.14670338882149669
  0.15901515214424966  0.17081911513077336  0.18190120229604104  0.19291191218805193
  0.20344803891488272  0.21308705610684980  0.22237283653597748  0.23198170635167975
  0.24205444869100742  0.25263586241802849  0.26295374980394648  0.27297227802133572
  0.28283519621747349  0.29256403732053921  0.30245503612818170  0.31220085839380940
  0.32198935457703864  0.33263572685384157  0.34387431220095899  0.35492899119966015
  0.36563067147310085  0.37611973666469123  0.38655149796956739  0.39684145565584639
  0.40716495017810161  0.41757253369685376  0.42823209462384376  0.44012745945661769
  0.45261846394087241  0.46412273201915172  0.47453806612826266  0.48477343856841221
  0.49539507538836591  0.50619413892673737  0.51618959513488105  0.52565370492460062
  0.53604172843206332  0.54642409804567471  0.55739892730565244  0.56919442586312496
  0.58075665154048528  0.59169272746963830  0.60217215303510341  0.61234622482348511
  0.62265192299740191  0.63331100610512114  0.64432722976087320  0.65571334970467265
  0.66715907082019787  0.67839022472236887  0.68971098466109337  0.70267230576859208
  0.71512627534157580  0.72693689246490989  0.73739595657876722  0.74785044186839944
  0.75843861803238555  0.76905303742670350  0.77892560224594021  0.78909810743365660
  0.79965854187267338  0.81078249945338521  0.82196186896955314  0.83283164074237093
  0.84289282305998559  0.85345816260353025  0.86347647565178187  0.87345916795648559
  0.88202262427684153  0.89050493876454095  0.89983866521751688  0.91088116896925952
  0.92192454781413413  0.93233256948315624  0.94291991567059763  0.95389204722520216
  0.96491046474833664  0.97592011391841216  0.98633633629414352  1.00000000000000000
 -0.00267828872642321  0.00999055260769524  0.02157417245082275  0.03303389682748653
  0.04489028804475371  0.05691815632222529  0.06883900122302927  0.07989096692879888
  0.09027114087656891  0.10110650684975175  0.11335654535853479  0.12550515247208149
  0.13619033862947180  0.14649166002341610  0.15680385967841626  0.16667056035558903
  0.17604708642908715  0.18591099995460120  0.19630895252968236  0.20646623448657750
  0.21734491885346177  0.22937017789149225  0.24045312123634585  0.24999101127377435
  0.25852999041518804  0.26693220123077854  0.27545022360652649  0.28459705798169782
  0.29383272883048689  0.30324865433999132  0.31334864017236053  0.32344987729498409
  0.33335530638010646  0.34292863767314408  0.35311453570739626  0.36378324423896885
  0.37472065450109582  0.38480063006727899  0.39472466204594697  0.40476793647156362
  0.41573623978843655  0.42693606595486921  0.43767865112146842  0.44717204444097841
  0.45606741515398352  0.46525713149285691  0.47469573833424217  0.48435646100621288
  0.49368632141527580  0.50273250836089689  0.51216364354041033  0.52186201464444637
  0.53215659063697451  0.54312725333179501  0.55468760286896290  0.56623024741636840
  0.57726032862575816  0.58803939119741389  0.59888021497448851  0.60941397293198385
  0.61895254821314483  0.62966974321391578  0.64034706805530983  0.65033382030760312
  0.65966785960985064  0.66963843011833413  0.67971936446603631  0.68911036584090879
  0.69809853360296692  0.70731963935430286  0.71862706600754589  0.72991105255423161
  0.74065687082589216  0.75138277596769787  0.76187904928583672  0.77235018068203165
  0.78245403698347027  0.79219106812603068  0.80201682818851250  0.81211039733775925
  0.82272744850482382  0.83392117711924141  0.84572527824457699  0.85820247027240970
  0.87096460047678481  0.88360043413104072  0.89581304614921431  0.90702968382576088
  0.91734698467587061  0.92764634567286131  0.93824624615186447  0.95017425258365262
  0.96338416398209981  0.97601335330598527  0.98865493732533061  1.00000000000000000
   2.9081022329082954E-019  -1.0000000000000000     
 F F F F F F F F F F F F F F F F F F F F F F F F F F F F F F F F F F F F F F F F F F F F F F F F F F F F F F F F F F F F F F F F F F F F F F F F F F F F F F F F F F F F F F F F F F F F F F F F F F F F F F F F F F F F F F F F F F F F F F F F F F F F F F F F
  <DiscreteSampler_grid>
  grouped_processes
  1 # 1 for a reference and 2 for a running grid.
  10 # Attribute 'min_bin_probing_points' of the grid.
  1 # Attribute 'grid_mode' of the grid. 1=='default',2=='initialization'
  0.0000000000000000 # Attribute 'small_contrib_threshold' of the grid.
  0.5000000000000000 # Attribute 'damping_power' of the grid.
 # binID   n_entries weight   weight_sqr   abs_weight
    19   10   5.176682950830385E-012   1.245672154652762E-022   5.176682950830385E-012
    22   10   1.711481570886782E-012   1.115379765841080E-023   1.711481570886782E-012
  </DiscreteSampler_grid>
