 -0.00000000418094182  0.00000178375254232  0.00001122121272022  0.00003211859923634
  0.00006417288110906  0.00011319092153337  0.00017112583347584  0.00022919035951666
  0.00029497016190893  0.00037960138234535  0.00047882251240149  0.00058572419055297
  0.00070301342129056  0.00082378913601183  0.00093989253579104  0.00104913457069832
  0.00116300873585606  0.00127895201559396  0.00141225880091522  0.00154184391276768
  0.00167531601527596  0.00181189427372757  0.00195796135640239  0.00210155778500487
  0.00224564814640743  0.00240222916270490  0.00256881901717555  0.00273561282575433
  0.00289272702073084  0.00303750254542732  0.00317114268115549  0.00331089383439914
  0.00346209971533839  0.00360927973079487  0.00375706299136334  0.00391998405536683
  0.00409777150264270  0.00426770916778808  0.00441990329954063  0.00456994740492254
  0.00472435096604074  0.00487908320466045  0.00505649097014877  0.00522679626425376
  0.00539393489454640  0.00556118377801189  0.00572884050261187  0.00589438952573299
  0.00605522982524128  0.00622579780010666  0.00639717887695923  0.00657743639095644
  0.00677579335154067  0.00698509011699376  0.00718550079367231  0.00739089678173695
  0.00759861783533054  0.00780196348391461  0.00799772061917292  0.00819372141215516
  0.00839078228777990  0.00859621913359780  0.00880395548920881  0.00901186078826082
  0.00921444400165798  0.00940297193543013  0.00957802389254918  0.00975268476717528
  0.00992753954607500  0.01010161819332012  0.01027064988653137  0.01043472701736355
  0.01060217020376653  0.01077758339577061  0.01096113032317896  0.01113771912143597
  0.01133587238519872  0.01154607569962302  0.01176598398191318  0.01199276540006594
  0.01222152880269500  0.01245437042044975  0.01270050627899272  0.01298364486352463
  0.01330894954412758  0.01372062242384141  0.01439868990918825  0.01575548134386822
  0.01729221321348694  0.01849245879496143  0.01979465386734371  0.02184512816181463
  0.02462259605776456  0.03238128633062302  0.04994418976323012  1.00000000000000000
  0.00966227285604018  0.01563714647482043  0.02453349952651796  0.03381930226648790
  0.04323034020722556  0.05252639661320900  0.06114126356805071  0.06936731921093781
  0.07784394291287591  0.08789232897504534  0.10014731018556938  0.11262710492633443
  0.12436647260010848  0.13612454027197565  0.14891468587719411  0.16269831484947372
  0.17543265071552105  0.18614230974273510  0.19662128957267511  0.20638019021728829
  0.21586623359396592  0.22500125770014454  0.23504840917266559  0.24555652970332467
  0.25623297500269093  0.26678446330370470  0.27768529700750649  0.28926648018200563
  0.30035753283938010  0.31119408964665923  0.32189118697173130  0.33241990761550577
  0.34248911725489439  0.35340271441632221  0.36570293947133498  0.37767288069152344
  0.38841222388125535  0.39990344615011381  0.41217614465754537  0.42378283281046930
  0.43507942262911281  0.44517168972156324  0.45450684260354796  0.46354440066755442
  0.47350401827039906  0.48573655883741512  0.49885855493087872  0.50902354069499312
  0.51674427456800753  0.52464083946766704  0.53297229681026348  0.54158823703641479
  0.54983678603466735  0.55696333333558767  0.56760799956614927  0.58218680561784675
  0.59814256039696467  0.61208843448720696  0.62405985119827612  0.63534282742890535
  0.64561492550925725  0.65471493889860188  0.66354405811382744  0.67247824706420101
  0.68196738552296321  0.69180379818249338  0.70110749862497002  0.71001097827848969
  0.71962031142219152  0.72992946385053858  0.74100554520200723  0.75221018182773625
  0.76378337291095477  0.77475994163754425  0.78464775236379680  0.79515529828009646
  0.80698360001233171  0.81892038784870980  0.83073761782975475  0.84233899589242378
  0.85331332694448636  0.86406882739500368  0.87459404692699572  0.88430339788214407
  0.89257870065465961  0.90143114353592924  0.91093785390917881  0.92095056709153966
  0.93139012732328408  0.94217526224795001  0.95200262388940582  0.96084418397349536
  0.96896674953927608  0.97729207851446531  0.98733375608822793  1.00000000000000000
 -0.00002248153368282  0.00027831105940397  0.00077985198287060  0.00157291196257027
  0.00267941761306002  0.00440332865632267  0.00591282921499236  0.00767673809651401
  0.00994826884320857  0.01245964698691750  0.01459230947583067  0.01689744857589584
  0.01945570170712177  0.02199873794563510  0.02486990343298825  0.02807343346524379
  0.03147177812460098  0.03517796461996856  0.03932938240803047  0.04419725100321992
  0.04947373064275674  0.05486085935691106  0.06001833368678233  0.06498577358353283
  0.07002624439847080  0.07595090685580934  0.08177226620073511  0.08773518846976326
  0.09341704768266940  0.09897554397110560  0.10479809526097604  0.11094963291256020
  0.11768256175539202  0.12468429672915102  0.13170911785423586  0.13876938747434914
  0.14576934326763669  0.15291370034688348  0.16012246061252142  0.16696214796182474
  0.17269369438220614  0.17837605267195156  0.18442403035836960  0.19088925516384495
  0.19749696275353917  0.20459222957725068  0.21192434558927672  0.22002462217750132
  0.22894447228795872  0.23892067343025358  0.24881385476697138  0.25927752037308371
  0.26984762519275080  0.28032589455676188  0.29082043365512594  0.30145712344348274
  0.31225113619562622  0.32318371988245570  0.33385491592610417  0.34493873066021902
  0.35642855711429949  0.36826893009021749  0.38041150653819406  0.39233733303812091
  0.40408135919884886  0.41600012567857836  0.42860718262106690  0.44248665969647077
  0.45590861244561148  0.46902988439966281  0.48350141896581023  0.49979390759285458
  0.51611033970116427  0.53443882695527700  0.55518759247999194  0.57678361264184097
  0.59711411902689682  0.61712268933387415  0.63707974919184351  0.65724842789380566
  0.67768559218817848  0.69769779392045317  0.71784743798159434  0.73776068888927615
  0.75666155925731204  0.77519691723049522  0.79438744205785849  0.81462847877896083
  0.83590375391736926  0.85678460143583846  0.87892837490553566  0.90117248679048656
  0.92271717318988111  0.94199468863693381  0.95593153500980843  1.00000000000000000
 -0.00261551296889624  0.01050314583968525  0.02019796121150076  0.03147370250555025
  0.04300778622273971  0.05613812907295371  0.06872126525854880  0.08125648899373630
  0.09326588787245052  0.10488759162716102  0.11609146773382725  0.12710983448215935
  0.13773030079030624  0.14731627435381117  0.15651929904725553  0.16628779719339731
  0.17753145615342650  0.18906332610310231  0.20130971312877827  0.21308134945023280
  0.22411862073972275  0.23441006898176170  0.24387364457666172  0.25275865326291702
  0.26194122703377881  0.27131810140710866  0.28207778421887109  0.29334914292301312
  0.30557196480846366  0.31694716903353132  0.32832156588666112  0.34014421572091702
  0.35219943656250097  0.36277444015380655  0.37251089297252682  0.38193687820786604
  0.39107391734061214  0.40020006799884111  0.40879715161321450  0.41685966235097882
  0.42511308213451016  0.43355890051264750  0.44276854777885705  0.45286994585130136
  0.46334597774064601  0.47361203775781219  0.48333304229491764  0.49294584850776219
  0.50284923505224499  0.51291627315282873  0.52291283992913506  0.53253547735237128
  0.54236005667993459  0.55320200748693982  0.56520885419722733  0.57689632989728168
  0.58666062825204679  0.59498973671794331  0.60292350768471847  0.61168887780257308
  0.62133492934074219  0.63111597860172930  0.64082634125963589  0.65120549854175158
  0.66251458987267187  0.67375434481492769  0.68457800306538963  0.69569666130058327
  0.70743458632847744  0.72031059669242625  0.73223248844659217  0.74375187014587618
  0.75482787942474872  0.76653013197085340  0.77802294905842362  0.78873634197240550
  0.79989477094184869  0.81152469690516693  0.82280014731005124  0.83438912306459190
  0.84627840487592865  0.85742083789271839  0.86710446137420449  0.87676645850242518
  0.88749382555607081  0.89915312595498476  0.91108329136962618  0.92292082189616087
  0.93426338828972144  0.94453897962666122  0.95425352604816283  0.96396381123790775
  0.97299068726447102  0.98182883554723177  0.99057778619676373  1.00000000000000000
 -0.00265291234752497  0.00996114043093776  0.02128267885287058  0.03171297758751115
  0.04206921631919337  0.05175349534330755  0.06144324066780161  0.07123002680664879
  0.08116408411718247  0.09130393728791288  0.10189483466357198  0.11424121093733083
  0.12707183698391561  0.13833416128039783  0.14868549568425862  0.15925847417495612
  0.17071623896773264  0.18148081593506274  0.19235144312328667  0.20323318144697455
  0.21496633806379953  0.22641754616908064  0.23676759654578963  0.24710642319375736
  0.25754054070917531  0.26789003588620880  0.27755308067031759  0.28723247583682537
  0.29682938924526997  0.30702808046082652  0.31741917163796601  0.32935370249152091
  0.34007740445995077  0.35067118877851489  0.36013115342761703  0.37000676173077768
  0.37880622048302526  0.38787011180237024  0.39775005945523972  0.40843103452794838
  0.41843913388704113  0.42780643817232478  0.43708218506556179  0.44695923033614982
  0.45794178573025651  0.46883849420675844  0.47885012740335847  0.48870763514246940
  0.49856010991923128  0.50961204381337055  0.52118897941745135  0.53339246235705740
  0.54620442869663888  0.55912897135424844  0.57157960850121181  0.58307920425303772
  0.59363698576808210  0.60306638944515967  0.61186448760254153  0.62078250849099414
  0.62999694348960789  0.63949133625220833  0.64852757567394581  0.65803125107520777
  0.66707391650886783  0.67622890131674196  0.68539669954883764  0.69575200474326915
  0.70578728725365980  0.71685299432327987  0.72867498863016367  0.74048640601164928
  0.75227177405220202  0.76397796140033614  0.77569107227687006  0.78789898255732915
  0.80162659131945302  0.81678269293361649  0.83109566658501244  0.84445616905093568
  0.85664336037602129  0.86794107362232542  0.87942505647957048  0.88942338987113623
  0.89893863436859067  0.90731609008248482  0.91683320396588797  0.92667813136808230
  0.93708181176261363  0.94704145769753423  0.95651721464907224  0.96593905725841933
  0.97479332964450049  0.98335669408456983  0.99142146920820629  1.00000000000000000
 -0.00262216714050206  0.01057979426406733  0.02313473157181598  0.03492665531311914
  0.04733450866470729  0.05863612594469659  0.06925626566454739  0.07917579458369522
  0.08956066708185705  0.09899239878036925  0.10868290906081493  0.11900046020736618
  0.13098311808679694  0.14366879956526449  0.15563533863367834  0.16715795827971230
  0.17846175721008625  0.18859559602912562  0.19802189818191235  0.20675437607527702
  0.21579708288317187  0.22558579251803046  0.23570552402726971  0.24576694412166813
  0.25706877911497383  0.26912909617745140  0.28253956926313822  0.29566241087625894
  0.30740817522517844  0.31799404886576860  0.32807494840096119  0.33821962180703574
  0.34857162452331042  0.36158134378271584  0.37513089927932836  0.38641455170390049
  0.39664422067628835  0.40614874188102273  0.41544895139325794  0.42581353561061436
  0.43627192804339449  0.44651162314274684  0.45614870071623975  0.46491655346074540
  0.47292367323199636  0.48099913228019869  0.48924888674565853  0.49783872596019840
  0.50645366649312251  0.51559616184347168  0.52677511865262294  0.53943335212968091
  0.54888131116042094  0.55731462601806170  0.56552280486271234  0.57307733161148111
  0.58054023146961387  0.58813944967123322  0.59583316767154215  0.60381613790554389
  0.61373250443874849  0.62492072738372550  0.63615634290633549  0.64771600433879462
  0.65961439543879641  0.67209228256153797  0.68536474389292290  0.69819100836225068
  0.70950314154164518  0.72035374230653382  0.73072820324642074  0.73901101166685934
  0.74795843706243703  0.75693840919631061  0.76670766594421780  0.77673027808817297
  0.78482181512819493  0.79353511625538087  0.80531560320968465  0.81711176865540636
  0.82860269486762450  0.84011104470947262  0.85200404733903745  0.86289221457040910
  0.87352037666193405  0.88515810702613507  0.89770071209272317  0.91018142060152341
  0.92250750347396382  0.93445766143277453  0.94511524638418287  0.95519810816051731
  0.96654045536097466  0.97808155297705390  0.98901982564617286  1.00000000000000000
 -0.00362969053382578  0.01098082578034792  0.02332142864199108  0.03484956780407961
  0.04593285456129821  0.05635306876080241  0.06640719390284935  0.07640296209712480
  0.08701426960566025  0.09756650005647481  0.10775484339450134  0.11779888676245577
  0.12777802998801768  0.13771740125415485  0.14746179739030632  0.15641444869129681
  0.16595718687490402  0.17520697478342770  0.18436872415814551  0.19380887496527444
  0.20360280884589510  0.21397571975744140  0.22514935449164605  0.23657075449056988
  0.24737167249372666  0.25710067767389178  0.26582199628711861  0.27472418202335397
  0.28400513391808968  0.29308006814383214  0.30170493389317521  0.31063621670377961
  0.32096408228270024  0.33306771100076893  0.34552634513975949  0.35915835121220402
  0.37278096796324411  0.38556572105985271  0.39782435092418611  0.41034241693373735
  0.42355387863190680  0.43584847511655794  0.44692808873594142  0.45696856801615138
  0.46619353808619451  0.47514061611176461  0.48428104576861308  0.49372257724153779
  0.50333338930305926  0.51299785814780607  0.52384488349749481  0.53622144041528297
  0.54872290232188692  0.55977292750517305  0.57080061447136121  0.58105103497079358
  0.58971996477598776  0.59852220036971704  0.60600495105234620  0.61291864998210099
  0.61988176485110602  0.62852118762029352  0.63752221640223028  0.64639669832806201
  0.65806733666329942  0.67127648768323367  0.68607615354743778  0.70015988528100093
  0.71325642056194605  0.72489997632537329  0.73557585995922992  0.74598968566933899
  0.75658186412764350  0.76718325231803863  0.77758264148049439  0.78794543573955067
  0.79853350471279516  0.80957361074270640  0.81952233452159406  0.82847006428275050
  0.83747128045295605  0.84747768544506241  0.85737454652113032  0.86661676069758553
  0.87687156874963657  0.88864569334045862  0.89931015938821224  0.90922438211869938
  0.91928102441557846  0.92938899540433295  0.93835296859116279  0.94702772001256919
  0.95630064881933241  0.96963297066573362  0.98459900171966563  1.00000000000000000
 -0.00558768486482595  0.01794678494693898  0.03340472619392656  0.04640788001555165
  0.05871504701518199  0.06999915818831103  0.08046940821066523  0.08969316980985204
  0.09808462336372394  0.10755919310005634  0.11631573421932326  0.12505091585400618
  0.13374119529754486  0.14309828191471952  0.15391446560081445  0.16943407511008030
  0.17949194923384482  0.19050010404695528  0.20145852085360078  0.21247735190885847
  0.22342507683226875  0.23818630687849318  0.25443296199370274  0.26938938192412160
  0.28327526504401063  0.29483207394258037  0.30518398287115811  0.31557325132718639
  0.32553235109009671  0.33488665232181414  0.34376349110392534  0.35261282249868009
  0.36195045979113055  0.37150694374269250  0.38202324584357522  0.39218390466191128
  0.40425700367140865  0.41821533790842647  0.43169119480048179  0.44238888441037000
  0.45116524932169089  0.45965550834668639  0.46833701296407282  0.47717218393031818
  0.48691315864215656  0.49608890674407458  0.50567228363022942  0.51569407246269838
  0.52510211998101675  0.53422918051240065  0.54423463779957792  0.55426945450577658
  0.56390392776347620  0.57296206765056135  0.58227154664836100  0.59301964010310959
  0.60428001867084757  0.61470496793378238  0.62463499267198841  0.63407439600267235
  0.64346552064222085  0.65311171936670154  0.66205664532977393  0.67125444477905227
  0.68064096712905475  0.69043109687111526  0.69963025038653248  0.70949793142624551
  0.71920795363016699  0.73021859584965054  0.74069939553680231  0.75034154227543082
  0.76147002977740030  0.77289715515464652  0.78417147523455255  0.79613152697521161
  0.80850248826563442  0.81987437638686367  0.83074693976767511  0.84080630449464289
  0.85066309226313030  0.86160557598345522  0.87333593681122113  0.88503879451436540
  0.89623512957298934  0.90667372607549590  0.91662878100821454  0.92679041071567692
  0.93712239469540526  0.94697475262890918  0.95592633314393893  0.96438188512537104
  0.97283401160783234  0.98165127955039400  0.99039061959050190  1.00000000000000000
   1.2303177704960590E-011  -1.0000000000000000     
 F F F F F F F F F F F F F F F F F F F F F F F F F F F F F F F F F F F F F F F F F F F F F F F F F F F F F F F F F F F F F F F F F F F F F F F F F F F F F F F F F F F F F F F F F F F F F F F F F F F F F F F F F F F F F F F F F F F F F F F F F F F F F F F F
  <DiscreteSampler_grid>
  grouped_processes
  1 # 1 for a reference and 2 for a running grid.
  10 # Attribute 'min_bin_probing_points' of the grid.
  1 # Attribute 'grid_mode' of the grid. 1=='default',2=='initialization'
  0.0000000000000000 # Attribute 'small_contrib_threshold' of the grid.
  0.5000000000000000 # Attribute 'damping_power' of the grid.
 # binID   n_entries weight   weight_sqr   abs_weight
    25   10   6.379660619651082E-006   1.177019010342721E-010   6.379660619651082E-006
    28   10   1.237453899265651E-005   4.802925705575722E-010   1.237453899265651E-005
  </DiscreteSampler_grid>
