 -0.00004598612223261  0.00064000075386758  0.00189730776463106  0.00377331606074271
  0.00620829291666106  0.01012501610995314  0.01275848656803337  0.01398158467602323
  0.01480329130080831  0.01551897482165396  0.01622220145982501  0.01695150940513715
  0.01771741607105826  0.01849932654302626  0.01934503893811184  0.02024711891237461
  0.02122677715004467  0.02229929106036752  0.02339270742540306  0.02452729414673789
  0.02566324479776992  0.02679257554762471  0.02792892768137648  0.02909200215724049
  0.03033877490192814  0.03169446705812926  0.03311447416240428  0.03454465112681178
  0.03592420711984248  0.03727043080809513  0.03861078361203327  0.03987255196349124
  0.04126477722650404  0.04268162639491758  0.04431115433957591  0.04592452582327582
  0.04752319786705868  0.04913896087034129  0.05080160933821409  0.05237395071420650
  0.05389620520530058  0.05542471320407734  0.05701736356750949  0.05870397055634239
  0.06047778821859827  0.06232006796725828  0.06413604924822117  0.06602159621881311
  0.06797517418231735  0.06992589266023384  0.07188987735254847  0.07389111237158080
  0.07592024256341057  0.07799050038405893  0.08009523820552125  0.08229064312352039
  0.08459048850885789  0.08664990378709404  0.08885380692457473  0.09108918148448533
  0.09333503284244495  0.09564110416660973  0.09797803386212735  0.10033675840212500
  0.10266091744501456  0.10498782149164732  0.10739489873855076  0.10989522783889503
  0.11243684922643955  0.11501839276380448  0.11767453407424390  0.12042847356704919
  0.12331981139099575  0.12632985657395401  0.12931689344098818  0.13237309331055586
  0.13552282064126997  0.13874634200041133  0.14218200405955456  0.14590745887336309
  0.14978090294736965  0.15372644248826062  0.15777853852413251  0.16213496089631882
  0.16696630320721237  0.17233343779470045  0.17829680251134009  0.18520921287190736
  0.19329643249568915  0.20330892600860684  0.21694321286431675  0.23559978367089157
  0.26206761403795165  0.30444344190934747  0.39616535824903959  1.00000000000000000
  0.00893990943069567  0.01785460423862334  0.02919645206566890  0.04123013179983330
  0.05179659269210762  0.06185276537097569  0.07180109079220495  0.08189217335111505
  0.09249720868103356  0.10273515948121252  0.11292501938603597  0.12281050374588086
  0.13271900376525603  0.14320841206621315  0.15376193056568291  0.16485042340619094
  0.17431443895825502  0.18486678566864975  0.19498656113406149  0.20473454438278813
  0.21396089627216636  0.22354787236979257  0.23338732998641579  0.24311487329707573
  0.25247626988558058  0.26210676512806386  0.27181977749329284  0.28127080932115089
  0.29088367229668249  0.30147209946161291  0.31284839294508138  0.32414904722680393
  0.33537341132241422  0.34643324292123590  0.35738101721018600  0.36811426803080050
  0.37832462984602827  0.38827253128539663  0.39842406001469055  0.40936294151879210
  0.42023126995991461  0.43063533363986733  0.44101036952525563  0.45165545864405920
  0.46226220875921892  0.47228852482408512  0.48184793676152160  0.49106062748845292
  0.50080309223981667  0.51081433283496602  0.52107672798609739  0.53146561958789784
  0.54241602386216448  0.55441630288258226  0.56696043224249770  0.57905946419042065
  0.59066269195544097  0.60205624980858308  0.61321924970516872  0.62346452315725231
  0.63407612240739686  0.64428870352914203  0.65411228876540206  0.66373388981414072
  0.67346110786740554  0.68310176623598196  0.69302098950540525  0.70333727142628599
  0.71317008229293211  0.72296024713901608  0.73271232709015310  0.74309677905892446
  0.75352477507606919  0.76314671148753688  0.77342837027042022  0.78406687757895477
  0.79420385945065297  0.80394063103470159  0.81414900583764627  0.82535836068498181
  0.83668847817144232  0.84767884607616617  0.85856099203172209  0.86905705678964307
  0.87999698073785204  0.89088874694509068  0.90202130025431659  0.91335597396418855
  0.92417402038706742  0.93394673665118078  0.94488000190739729  0.95593575635957728
  0.96637447231603713  0.97630859725802743  0.98712232439742842  1.00000000000000000
 -0.00001998693469471  0.00011010991595236  0.00022554629907991  0.00035627747242939
  0.00050946480557172  0.00066597146194845  0.00081717163122714  0.00097290220763758
  0.00114221548992161  0.00132968313341361  0.00153739859508524  0.00172611538464796
  0.00189989109382908  0.00208441980333572  0.00228967838471938  0.00249524113837267
  0.00270066548422167  0.00292249375253731  0.00316502176345902  0.00341515159277467
  0.00366312196737239  0.00391045526049148  0.00415445994976382  0.00438979318934414
  0.00461344073288038  0.00483615489735501  0.00507121651895604  0.00531606481607769
  0.00557178706727999  0.00581695747707381  0.00605481861287785  0.00629650276000874
  0.00655371178194855  0.00683127208973059  0.00711057605475951  0.00738122286949903
  0.00764920839728490  0.00792038305346924  0.00819446786522908  0.00846224752948491
  0.00873026774257917  0.00900940715233388  0.00930266359395249  0.00960442671773024
  0.00990614045510792  0.01020410669463252  0.01049475836785098  0.01077493189550388
  0.01104492768967321  0.01130652975748753  0.01156581984171171  0.01182837140318684
  0.01209643757252336  0.01236923318256181  0.01264567084483043  0.01292898140353025
  0.01321594394321202  0.01350057955642273  0.01378226151723507  0.01406604946437040
  0.01435311080612986  0.01463677403746095  0.01491501302988524  0.01519292234370146
  0.01548234907801718  0.01579637601430958  0.01610528455680085  0.01641069175009232
  0.01671254366752359  0.01702809978136676  0.01736245341023893  0.01771696530993897
  0.01805916839050258  0.01839346223643492  0.01872811489901408  0.01906295315787588
  0.01940375807035417  0.01974681346219306  0.02008430491365619  0.02041224889506155
  0.02072799149363238  0.02104156274967806  0.02135968780063323  0.02171158969707246
  0.02210753302933235  0.02251328092016395  0.02292594583357156  0.02333984474553902
  0.02373208219257864  0.02411812609392164  0.02451058199278133  0.02488799903754186
  0.02526089623851823  0.02563602850962207  0.02597588929577555  1.00000000000000000
 -0.00301514415269473  0.01074693178399112  0.02309044732448030  0.03643851436481919
  0.04815533308916675  0.05910169148209352  0.07029638323816056  0.08190733345162204
  0.09398320591311102  0.10681447010038679  0.11963867503430134  0.13142638332774986
  0.14193748247760449  0.15272821186707983  0.16411736959595635  0.17551895283528562
  0.18606746137969260  0.19661086734961092  0.20680835970905001  0.21692943454651525
  0.22750604204635541  0.23841755461477007  0.24990590962324871  0.26164939375236423
  0.27324463920659736  0.28453177023031684  0.29527147943877990  0.30525974336200651
  0.31570733433068948  0.32708759768381873  0.33883279671825234  0.35039705124995785
  0.36242792954139402  0.37420756339646677  0.38529238167734486  0.39606277786331551
  0.40660541060549044  0.41676204341938167  0.42690208969630877  0.43749914674971307
  0.44838032090738611  0.45902266955781185  0.46983998241268898  0.48029441641343407
  0.49055705314592701  0.50059924646612053  0.51072875768463233  0.52169357227915258
  0.53179250211118323  0.54236581595121269  0.55349587100039999  0.56466186426548359
  0.57523574941405986  0.58660477431560842  0.59823641663126093  0.60918310650659124
  0.61934428353670712  0.62935030827967120  0.63987400176874720  0.65007511281980590
  0.65904947300052619  0.66798188885426402  0.67722325471065969  0.68662726862154799
  0.69565209094161062  0.70463475033628176  0.71450766122772635  0.72503495981332544
  0.73557046670832937  0.74601698077107814  0.75656708762136593  0.76687119770023027
  0.77747144819529534  0.78867863079844502  0.79962581841299618  0.80971058233721638
  0.81904168873034422  0.82886919140615878  0.83909912588576885  0.84861946240239217
  0.85805124923802378  0.86689777200564966  0.87618964911716446  0.88541490594160255
  0.89489390356395404  0.90476770511923432  0.91510146880641863  0.92471555342319278
  0.93419912033541819  0.94337171882567250  0.95286758940777971  0.96215867833350921
  0.97204542043359743  0.98051662693580366  0.99094461369877473  1.00000000000000000
 -0.00228106425342526  0.00858505179407200  0.01913406219711205  0.02904300601987922
  0.03859828242659369  0.04826909634818724  0.05846463725534210  0.06868580206268404
  0.07950483408636831  0.09073408396676330  0.10231033670406157  0.11349332916167842
  0.12416549157508808  0.13500325753214637  0.14594080906285758  0.15665467841016087
  0.16674633473217074  0.17671998324962199  0.18704902506595436  0.19863316430263134
  0.21043163355962827  0.22256729596073416  0.23422598369270931  0.24567895480935720
  0.25725105369221501  0.26867468410458850  0.27913747839819769  0.28925839708798462
  0.29909138972052474  0.30891983475399482  0.31844175773828642  0.32797543249182981
  0.33762514112109920  0.34742949228057268  0.35733016534411277  0.36732061853051595
  0.37719290635271308  0.38658726589495013  0.39564355128729650  0.40544164886801543
  0.41575884987949929  0.42658254037915644  0.43801793612145945  0.44962243504701110
  0.46151398702164892  0.47292885868850909  0.48426045061234907  0.49472608363852116
  0.50666860471604624  0.51841290541859131  0.53016005933257482  0.54126439652958813
  0.55169269331971071  0.56236287850243150  0.57320695982622105  0.58402022496168138
  0.59443129522811389  0.60470070005493037  0.61549206015419355  0.62654866150266864
  0.63741718881207621  0.64820437841389611  0.65911731857494593  0.67024752069739157
  0.68089364911559669  0.69096888909536380  0.70059729786301117  0.71034305213828086
  0.72069192238524948  0.73102615142451244  0.74138304927199306  0.75217950318246718
  0.76363123754584949  0.77503304033747034  0.78571580292748888  0.79554904764194689
  0.80488155643454073  0.81482903995988021  0.82485843373812573  0.83502058960455605
  0.84450930254632373  0.85377807425509333  0.86420595741325068  0.87516722488905840
  0.88634396219571820  0.89755874478061848  0.90859337318999378  0.91858937821657138
  0.92759349958270543  0.93649016666215801  0.94607574426937568  0.95558397189450417
  0.96497905926980876  0.97450017510535658  0.98549706460488251  1.00000000000000000
 -0.00200881809230088  0.00815454844210496  0.01885486743240969  0.02985637505170665
  0.04191056308143982  0.05273787827710242  0.06337261621997900  0.07312921136726366
  0.08307798585003331  0.09361500461572726  0.10457493581894783  0.11450389797211151
  0.12412406803893153  0.13432362792529759  0.14476327316453408  0.15504040185249685
  0.16519323575575801  0.17640366459416518  0.18749942388798607  0.19838431051412608
  0.20886350523000971  0.21961873895883552  0.23071505009307119  0.24204153593396133
  0.25293014440976097  0.26307676469453045  0.27274005482883162  0.28216779863952940
  0.29211107523636481  0.30193249810600081  0.31136796367107622  0.32046727923758089
  0.32973075062849810  0.33988088006429629  0.35061601431892420  0.36151479585489815
  0.37233450908662491  0.38303691387424738  0.39377473333767865  0.40493072003864772
  0.41691783707075281  0.42975100661006127  0.44242017497038749  0.45461465712144977
  0.46658958795328104  0.47864436413812672  0.48991781777044890  0.50028092889917197
  0.50982489809994880  0.51927123995390145  0.52862802462849645  0.53876435420127422
  0.54938521897503967  0.55834852947236513  0.56846686396078572  0.57895166836648404
  0.59023515967353657  0.60188531488222674  0.61335004722132613  0.62509730979004341
  0.63648526335669164  0.64818812022415961  0.65921891718853509  0.66907421748184381
  0.67774633011044783  0.68745675481644020  0.69694604746928579  0.70601640669363197
  0.71503915720656153  0.72382428411630917  0.73261744622049896  0.74264642080256715
  0.75250394163551226  0.76171463253593685  0.77084463795127145  0.78053375105585321
  0.79116022308390632  0.80268743593007519  0.81458757629549527  0.82609218141928986
  0.83682986841296803  0.84729992836712487  0.85824233910116821  0.86987855129344427
  0.88096846741819002  0.89113155164029356  0.90105031641953170  0.91156181864464059
  0.92251212538006333  0.93298897803136449  0.94322501836693529  0.95361643968270138
  0.96481252732987410  0.97653777278668819  0.98834700802507314  1.00000000000000000
 -0.00249952920516986  0.00883069549677722  0.01894895508041782  0.02949142335015853
  0.04026116889819862  0.05063883232143841  0.06183457771398737  0.07356213585436701
  0.08561506020546229  0.09718822399230626  0.10782645326106000  0.11772442941143564
  0.12764269492515123  0.13821191112350911  0.14932767618158715  0.16086075092663929
  0.17268139989035899  0.18460572125538480  0.19628148311631322  0.20762233003202410
  0.21893204377467426  0.22968063089153853  0.23908900587597640  0.24812528916720827
  0.25774753879973394  0.26777963729982468  0.27771262112151901  0.28682533478499006
  0.29664324885752824  0.30733203826274647  0.31860957929978662  0.32842883966278302
  0.33862226419646418  0.34911262151487488  0.35990019971261200  0.37120545807152905
  0.38183301396917030  0.39185473780478053  0.40142619429061593  0.41063706342730066
  0.41994436606843372  0.42972965135906571  0.43918184899765128  0.44848401186631687
  0.45806255691203118  0.46795868861811440  0.47839895772778668  0.48849679460047246
  0.49868504132932995  0.50915647281176679  0.52050274820534392  0.53211738251562335
  0.54389570845033752  0.55383895757819956  0.56427516997855998  0.57475455582948354
  0.58445525508137008  0.59355909274675644  0.60324697342307732  0.61410101980315501
  0.62535169157124493  0.63589614257379334  0.64684084387403995  0.65810430781040163
  0.66854949708432143  0.67784972117345443  0.68744441013326429  0.69797521067596990
  0.70893274355105074  0.71925572223664724  0.72925153651544572  0.73998663626628181
  0.75057083704718064  0.76054951183811648  0.77116228351893612  0.78247724383856110
  0.79377647048529154  0.80473936355604603  0.81601468993607940  0.82820789910623172
  0.83977098920110282  0.85041537539262002  0.86064966362713302  0.87101748980234617
  0.88193733925702722  0.89281182438458606  0.90381863278331909  0.91453295459303607
  0.92587665549446607  0.93715930880205323  0.94786830632597407  0.95842973536442588
  0.96873101045724419  0.97911638219418029  0.98946562614021516  1.00000000000000000
 -0.00189969435629092  0.00832099923656001  0.01694172386380194  0.02622972560717059
  0.03569634706910021  0.04560413319907606  0.05633623090528515  0.06755487733908146
  0.07878589946470964  0.09006935323751841  0.10086914287592937  0.11142274183569204
  0.12223961669603481  0.13364471254731275  0.14490276761861368  0.15636729204378808
  0.16774882478937683  0.17934027637592087  0.19098577262587241  0.20313109981645955
  0.21360579404124366  0.22368266321903685  0.23348377855074864  0.24309076386175427
  0.25281595862175982  0.26241471846728481  0.27216020459364526  0.28173948525366177
  0.29130232866762368  0.30045990811034406  0.30963467691965185  0.31905026244457169
  0.32860221871359874  0.33730503288707719  0.34579397669879780  0.35471691905665548
  0.36430239376591256  0.37450125742625628  0.38579010477795389  0.39774862889337764
  0.40986834548418327  0.42163931931900039  0.43237145962483359  0.44293771849507324
  0.45389009951367670  0.46538498079650270  0.47588545739997190  0.48597763360953894
  0.49580957306679380  0.50537234004670850  0.51480758236286939  0.52451846753540521
  0.53474331803087294  0.54527250601070198  0.55573924820211917  0.56611472080380765
  0.57753914700602793  0.58911091611912736  0.60094429953469475  0.61280030920014716
  0.62446233795560446  0.63580324042495417  0.64722724406584597  0.65879619760205943
  0.67055936438017993  0.68189903334287616  0.69308225875526830  0.70422014391089960
  0.71543044450896764  0.72681828250890013  0.73824552585211733  0.74893066085822713
  0.75852548297542888  0.76803729461123960  0.77775737806497014  0.78716445864799789
  0.79682054154403881  0.80674240123546848  0.81696052501287519  0.82720910967789418
  0.83754355428640848  0.84804500131038574  0.85929444859902027  0.87082078722738643
  0.88246574216703833  0.89348014953779398  0.90477924530918219  0.91564131372144808
  0.92697672163828149  0.93831669138007590  0.94865439216684810  0.95838754242880897
  0.96811809962657036  0.97801944642924876  0.98889851517719896  1.00000000000000000
   2.9135486014157270E-019  -1.0000000000000000     
 F F F F F F F F F F F F F F F F F F F F F F F F F F F F F F F F F F F F F F F F F F F F F F F F F F F F F F F F F F F F F F F F F F F F F F F F F F F F F F F F F F F F F F F F F F F F F F F F F F F F F F F F F F F F F F F F F F F F F F F F F F F F F F F F
  <DiscreteSampler_grid>
  grouped_processes
  1 # 1 for a reference and 2 for a running grid.
  10 # Attribute 'min_bin_probing_points' of the grid.
  1 # Attribute 'grid_mode' of the grid. 1=='default',2=='initialization'
  0.0000000000000000 # Attribute 'small_contrib_threshold' of the grid.
  0.5000000000000000 # Attribute 'damping_power' of the grid.
 # binID   n_entries weight   weight_sqr   abs_weight
    25   10   4.905730008689518E-013   1.044827658420132E-024   4.905730008689518E-013
    28   10   7.385764129459862E-013   2.727341404738930E-024   7.385764129459862E-013
  </DiscreteSampler_grid>
