 -0.00000000298550969  0.00000126417593233  0.00000846243952915  0.00002406648093351
  0.00004760454343489  0.00007974870287632  0.00011907314750501  0.00016811988566685
  0.00022228922072219  0.00028158703104885  0.00034861847826749  0.00041974989985809
  0.00049175119182829  0.00056891535263640  0.00064968667278278  0.00073657989533628
  0.00082440931933836  0.00091669614096332  0.00100491000333474  0.00109260026912904
  0.00118545622009934  0.00127944376834398  0.00137734436474126  0.00147476483890548
  0.00156782107948998  0.00165853240789632  0.00175094171764356  0.00185113591582364
  0.00195329535249296  0.00205332515649700  0.00214845966551942  0.00224585838917070
  0.00234217789440071  0.00243901949488011  0.00253042372020022  0.00261938021261005
  0.00270863955252059  0.00279785799250734  0.00288766695053189  0.00298064294012543
  0.00307364624504603  0.00316900560678862  0.00326386567526538  0.00335909379410496
  0.00345662939610560  0.00355517999897598  0.00365276308040848  0.00374949024781330
  0.00384810107431397  0.00395204670247622  0.00405528098251340  0.00416096847501462
  0.00426953647456270  0.00437747122936180  0.00448301706591037  0.00458661275741301
  0.00468882246849729  0.00478817794927543  0.00488171034546972  0.00498366923859545
  0.00509518364781272  0.00520903572408469  0.00532652161483737  0.00544257395138623
  0.00556308182590273  0.00568356499733411  0.00580402769824881  0.00592534227713174
  0.00604529132454612  0.00616388139596228  0.00627833419133736  0.00639435304404741
  0.00652202299972877  0.00666596921267397  0.00681190913426765  0.00696785894709953
  0.00712497719159973  0.00728384660571412  0.00744445259069066  0.00760576979144226
  0.00777138648323424  0.00793432689712006  0.00809734445817963  0.00825408928776035
  0.00841327743521860  0.00859004332003413  0.00881168896005367  0.00905023207912667
  0.00930407985963772  0.00958459502793361  0.00990120559023939  0.01025879140347661
  0.01068985332884446  0.01141842057117491  0.01206538775543757  1.00000000000000000
  0.00929794811918756  0.01683349820199572  0.02793121614232841  0.03881695927869724
  0.04943996696817411  0.05993150825704667  0.07005684938875895  0.07963713063707299
  0.08914685991444195  0.09840270245732388  0.10765961107693710  0.11750781298339887
  0.12786279583688878  0.13850988451908047  0.14907798972638420  0.15980237848243986
  0.17060520943682125  0.18111904699935935  0.19147255027708882  0.20244419670697753
  0.21344395119255391  0.22481866952799687  0.23421448711292295  0.24341838533795934
  0.25277666907488117  0.26196931407072133  0.27087399791692829  0.27953528965709773
  0.28790150578111084  0.29716760576761381  0.30712874153898551  0.31657035988106236
  0.32610387989831729  0.33601317872770969  0.34712748346113259  0.35826158081927939
  0.36870322012148232  0.37867697839992120  0.38878581170254128  0.39986358680213535
  0.41216888926783030  0.42447273552288217  0.43614653844437878  0.44734658925096688
  0.45820343839715089  0.46889745335894595  0.47969496055714189  0.49116359516420710
  0.50268408997950342  0.51337072968471686  0.52343035066491084  0.53314010542204571
  0.54288592893507115  0.55270011440986444  0.56222925043554972  0.57162448270066424
  0.58100526684447529  0.59024354998591166  0.59937955885168648  0.60884468444106976
  0.61850251739901274  0.62826851129625827  0.63825336701758428  0.64860488784196790
  0.65994127901619448  0.67165594359662772  0.68313523517174524  0.69492266701524308
  0.70659628901024718  0.71809275600256939  0.72944485920773305  0.74059583059078316
  0.75163413217187225  0.76231340393029035  0.77295058579801967  0.78416823439248962
  0.79510179240522416  0.80536994709565768  0.81567162282472605  0.82531428379210692
  0.83523540530235807  0.84406920288810205  0.85312616731586544  0.86297415585960036
  0.87335171461372585  0.88425892241921633  0.89504631890365305  0.90694610527860842
  0.91863927908510556  0.92963778655731011  0.94062891285726835  0.95146789628272999
  0.96192538140807271  0.97147146478293767  0.98122150310551048  1.00000000000000000
 -0.00173999079221095  0.00644486519966403  0.01340172450683504  0.02042079054241206
  0.02758690737259873  0.03477875216498819  0.04268065055072989  0.05127619256989879
  0.05991746352869756  0.06846406779060027  0.07696474231064128  0.08550567473541415
  0.09401397444206294  0.10282571794500750  0.11242502576147652  0.12244604400618490
  0.13223491748332467  0.14154571195672991  0.15061955062464757  0.15998602217710189
  0.16980422263532724  0.17930031040077291  0.18879698907173692  0.19741544244211345
  0.20615166478884278  0.21438499119819182  0.22219198782503907  0.22975538807482004
  0.23750192446722868  0.24545211941437384  0.25425499534365004  0.26276669982975492
  0.27204070679751585  0.28199305914132783  0.29219972234656849  0.30185415969027929
  0.31123813897016228  0.32070589754739925  0.33020447167728473  0.33962675115882757
  0.34907260155183079  0.36001258727358521  0.37119186076351474  0.38179646292210911
  0.39183263462077889  0.40179038933911548  0.41176291330907000  0.42155577971650660
  0.43133007353825559  0.44175061194644449  0.45268100311841591  0.46322133016870259
  0.47317128168061373  0.48298389788302959  0.49292384328777283  0.50299309015592086
  0.51297191521427066  0.52284485512348011  0.53270209458631212  0.54301232593714099
  0.55410199102355118  0.56534357807706836  0.57670592136517962  0.58817897406730824
  0.60111371891850218  0.61424624794722482  0.62697442587392860  0.63911903129475267
  0.65077397364050305  0.66180474333738837  0.67300419146035551  0.68458077377595428
  0.69622852496400522  0.70756429828026624  0.71878208017448830  0.73018379589039861
  0.74198397849627584  0.75417354416867743  0.76608121230583814  0.77811131386524901
  0.79065729722155464  0.80357363172074647  0.81684032213212787  0.83023198234359907
  0.84405388741415954  0.85819543810124466  0.87251961575791948  0.88656603923580612
  0.89991555875221296  0.91301283782674236  0.92655069375653087  0.94087337017552786
  0.95601504360539236  0.97151785761864307  0.98612442066613604  1.00000000000000000
 -0.00307246105208270  0.01148791473834614  0.02408123535469273  0.03572471992382641
  0.04644247984469606  0.05646500146582768  0.06649699053110877  0.07674013584215027
  0.08702947102892741  0.09745551585354909  0.10786156494654464  0.11777107231693827
  0.12755998653899045  0.13737190141261618  0.14744338752010130  0.15736578243013058
  0.16732384151003224  0.17722193056709157  0.18723048423773225  0.19771509312885510
  0.20926459943682388  0.22098132917646371  0.23240764629302318  0.24321512494742548
  0.25399732783668660  0.26445464042252365  0.27502671386261779  0.28535550461616344
  0.29558317259919087  0.30540120961513523  0.31577789965046821  0.32669459216300772
  0.33760013216029006  0.34952945981213579  0.36038004182247430  0.37188494445591402
  0.38235355264935961  0.39247751204954257  0.40223508165406613  0.41166994967442422
  0.42114696394757672  0.43109063173822471  0.44092933029895620  0.45088480625478761
  0.46109375495303484  0.47171630862660119  0.48187228292112527  0.49199699504072136
  0.50268109254682580  0.51412572179956517  0.52522306720235878  0.53583248360326330
  0.54666088246718270  0.55720228491577029  0.56794956215166126  0.57844384245899005
  0.58882519194727789  0.59919687534496224  0.60989347445853370  0.62107908291309089
  0.63190543576989633  0.64308702275873897  0.65267579237298556  0.66188850372377883
  0.67083148127111614  0.68013121988082181  0.68942404884049791  0.69884183575947623
  0.70856648975054404  0.71942676558472984  0.73098777367139667  0.74147523906252855
  0.75129969644015493  0.76109551151874255  0.77126270915899042  0.78195214849411832
  0.79241823569551051  0.80272456163163963  0.81306619675839753  0.82343306825197260
  0.83407424765436344  0.84410235170843928  0.85486297552442714  0.86665285083905463
  0.87907186697873163  0.89101071442144664  0.90234433130150093  0.91397211092336184
  0.92452631346203551  0.93564417433581493  0.94593793149452965  0.95582160332570465
  0.96552526972872987  0.97617794640158062  0.98807835059665683  1.00000000000000000
 -0.00267991158785522  0.00971551925065763  0.02026427482241147  0.03111601169483282
  0.04231047670900179  0.05378791613814844  0.06468960582612945  0.07553752339791002
  0.08710322365413026  0.09904547361039599  0.11025766879392686  0.12066427401917015
  0.13155198676534949  0.14297253229583776  0.15396062393557339  0.16433987414380566
  0.17467520248641422  0.18507574879301181  0.19556129988743845  0.20586341860817864
  0.21538611559087709  0.22433347941713416  0.23354962539951021  0.24324334572294526
  0.25336331173663484  0.26335279634145464  0.27318715880910988  0.28304996240993591
  0.29326783952451091  0.30395571988423897  0.31497873014450345  0.32552076852885659
  0.33567142222663504  0.34600389919629021  0.35665813805639551  0.36822471082077912
  0.37974482273228588  0.39051569877896219  0.40101553165878562  0.41171370099496934
  0.42269225523569814  0.43334769383480459  0.44386884937054949  0.45449635963889351
  0.46518019225213553  0.47562731631978844  0.48536961904499348  0.49467460388035250
  0.50471608344028907  0.51470832880518935  0.52562227907688930  0.53643686726360029
  0.54801983238425089  0.56015006705931258  0.57238263993916338  0.58426589650876193
  0.59546937467628969  0.60617428618551683  0.61680080858354536  0.62748413101722822
  0.63793583956594924  0.64784712294601399  0.65711923472682621  0.66619370786970356
  0.67511921226080984  0.68409588266988119  0.69390094081396214  0.70403963632322530
  0.71392494067100598  0.72330497657843129  0.73259911484902163  0.74224250249350165
  0.75214099535495704  0.76247554783850258  0.77268272488386258  0.78399503886760835
  0.79512712306812605  0.80741533447678104  0.81823023258576577  0.82917217038730862
  0.84004179526776324  0.85022607665418448  0.86041218655853935  0.87074687714231847
  0.88181311049568956  0.89254595716059115  0.90354317013524765  0.91508621205201801
  0.92699189221290634  0.93778896467698913  0.94776215239168693  0.95695431208410930
  0.96732597132396436  0.97739929625700406  0.98873750764544976  1.00000000000000000
 -0.00211600901953170  0.00812996070365736  0.01751708466104671  0.02763809416803353
  0.03810097589407093  0.04937447192527839  0.06061662387503702  0.07262736490988168
  0.08379381710232084  0.09417554593405672  0.10407335260709631  0.11400514888311898
  0.12392696464820369  0.13359433163268553  0.14358481836443968  0.15436097601888901
  0.16569633194538699  0.17702982483504201  0.18814678558997033  0.19905541953949321
  0.21015312786668164  0.22159496887321656  0.23308606300780979  0.24417585782072876
  0.25461681802711500  0.26476717328360272  0.27520448053011126  0.28615146852378137
  0.29720087585402744  0.30793881258640571  0.31838207769909965  0.32919179766809858
  0.34072874707547146  0.35192588259642527  0.36196589318254252  0.37156489409607940
  0.38118549602932117  0.39072302803509779  0.40005084872006597  0.40992843022409070
  0.42012997571618288  0.42977348829629636  0.43881045285641496  0.44825974624751835
  0.45856375299780650  0.46925213637917096  0.48000290940437024  0.49112120609557552
  0.50286121187256028  0.51501601929712826  0.52705182228279690  0.53828182519218115
  0.54970543581464548  0.56033642835914488  0.57080858628466968  0.58115142522106467
  0.59139892303492225  0.60121309819471536  0.61062952634752599  0.62037213273409586
  0.63035605283617901  0.64109251677946966  0.65088030112244810  0.66062420939658528
  0.67033843298109996  0.68095891458156599  0.69196823990941847  0.70317428379687741
  0.71340122784801585  0.72347619473360947  0.73322302817991303  0.74319120675848505
  0.75374391138707764  0.76480461858495430  0.77650291982907749  0.78857779136559458
  0.80059383634123904  0.81262835322191940  0.82326044255702036  0.83406191564902465
  0.84404887621792768  0.85388440536411081  0.86398606969368164  0.87422367140578683
  0.88575492312718873  0.89699202023177138  0.90781374056300645  0.91800272408093508
  0.92714240727965569  0.93637553177047461  0.94589414491229762  0.95566429202190895
  0.96562666608971381  0.97616517827639393  0.98737916739959464  1.00000000000000000
 -0.00183617391910690  0.00566907873855453  0.01242254344296079  0.01864749154152086
  0.02490293307046891  0.03139520946565618  0.03788772765752185  0.04427263474638880
  0.05070008779337026  0.05708462467084231  0.06371911151396634  0.07063841752994121
  0.07772449796417302  0.08521751693500519  0.09298741111359611  0.10049417466883559
  0.10784588376429080  0.11583099541063874  0.12435387595594566  0.13255322229421723
  0.14031820787868968  0.14787662598385398  0.15536952498221060  0.16298610448055081
  0.17111926802527364  0.17991586823049444  0.18919804546241664  0.19914160960266303
  0.20952591294610234  0.22011249713977116  0.23036904753541243  0.24001488356924772
  0.24983809655548259  0.26083293647542305  0.27174470936960948  0.28440383812660441
  0.29729675960450985  0.31070584611539481  0.32473485408972486  0.33963697791683500
  0.35491934356288962  0.37095632599776196  0.38708274694298284  0.40376785579562507
  0.42120334550741145  0.43996409098122125  0.45932529610284528  0.47883598932812194
  0.49814804869159751  0.51776497079531780  0.53637693948354748  0.55429809322256041
  0.57143039850159216  0.58808716864558952  0.60383197443802905  0.61847786806739868
  0.63326855107572610  0.64832032893623104  0.66275213853581993  0.67651138411919853
  0.68967876596666067  0.70228023460227440  0.71429855272206066  0.72623831388571458
  0.73881643206463976  0.75089213151370393  0.76232593515580160  0.77347678807080633
  0.78446653740869376  0.79514405573090929  0.80529895187806988  0.81541731650370153
  0.82542720636198408  0.83548350112250469  0.84476008172111350  0.85386946652106865
  0.86277989384333598  0.87136094286299870  0.87990164978664753  0.88827791265272560
  0.89640936140862681  0.90430041895567337  0.91205618125900367  0.91956888810959125
  0.92696852130711216  0.93406657657445402  0.94096018651907631  0.94752913811907280
  0.95415008033680282  0.96091302845781945  0.96764500682626653  0.97428467720046841
  0.98086694013250597  0.98730886631994519  0.99354390348955257  1.00000000000000000
 -0.00283738306405985  0.01064169180626826  0.02225826146795964  0.03279493046328780
  0.04364664053919608  0.05452443918074325  0.06588606845749319  0.07709348348681019
  0.08858322842435533  0.09955488751675499  0.11005616743588982  0.11976074107930572
  0.12987500676297181  0.13970084308622105  0.14939759478859482  0.15881131687631098
  0.16854619643208105  0.17850457911551648  0.18855969015506230  0.19845440038335144
  0.20830829704715523  0.21899879639188771  0.22974425514713115  0.24049148266625206
  0.25080455890155651  0.26172353256027142  0.27295347234824152  0.28451181350010174
  0.29536891615537775  0.30555775638930505  0.31632811054255666  0.32816450469555575
  0.33943962987800308  0.35039782595010005  0.36029193802178444  0.37003347572142642
  0.37929754067649296  0.38840800861736152  0.39796064186003843  0.40781249960814836
  0.41802625546193678  0.42969889788188892  0.44162531735943422  0.45339264839918086
  0.46513376321006478  0.47678578693336121  0.48769167451348761  0.49788393345351628
  0.50791537129087316  0.51812791028020111  0.52831673257223266  0.53848579994286505
  0.54914670438814739  0.56009302856517496  0.57097714104321373  0.58183459211252664
  0.59355074811595154  0.60545210938720018  0.61720901902701253  0.62881766419829488
  0.64033846186213317  0.65185419247676735  0.66322054338380299  0.67431434262105594
  0.68593204003877750  0.69780793572250521  0.70927935030883771  0.72019922432693517
  0.73090927379064297  0.74213988342620252  0.75302632425199678  0.76467054741105578
  0.77478782052798056  0.78408705869898099  0.79333264379637958  0.80233758650001974
  0.81138403367922285  0.82061872170785710  0.83035148975396345  0.84096184738193491
  0.85208925308862404  0.86328325238138293  0.87422714859018447  0.88464811474252325
  0.89456787182670294  0.90434222301717326  0.91395168460208320  0.92342170623014730
  0.93260874342710187  0.94190737070624886  0.95151846066383117  0.96086563176907558
  0.97031071814646686  0.97978895322749970  0.98997484711170658  1.00000000000000000
   1.7382225902532039E-012  -1.0000000000000000     
 F F F F F F F F F F F F F F F F F F F F F F F F F F F F F F F F F F F F F F F F F F F F F F F F F F F F F F F F F F F F F F F F F F F F F F F F F F F F F F F F F F F F F F F F F F F F F F F F F F F F F F F F F F F F F F F F F F F F F F F F F F F F F F F F
  <DiscreteSampler_grid>
  grouped_processes
  1 # 1 for a reference and 2 for a running grid.
  10 # Attribute 'min_bin_probing_points' of the grid.
  1 # Attribute 'grid_mode' of the grid. 1=='default',2=='initialization'
  0.0000000000000000 # Attribute 'small_contrib_threshold' of the grid.
  0.5000000000000000 # Attribute 'damping_power' of the grid.
 # binID   n_entries weight   weight_sqr   abs_weight
    19   10   2.023600746031377E-006   3.716050549806510E-011   2.023600746031377E-006
    22   10   2.561670226642418E-006   2.545190278212549E-011   2.561670226642418E-006
    25   10   2.791713361595404E-006   3.138903981709492E-011   2.791713361595404E-006
    28   10   6.604906044418049E-006   1.873763044814616E-010   6.604906044418049E-006
  </DiscreteSampler_grid>
