 -0.00000000284972798  0.00000186890158702  0.00001330838012276  0.00003858386916947
  0.00007856587915905  0.00012917643510966  0.00018819184133298  0.00025586293872907
  0.00033298500162780  0.00041835642783707  0.00051084451704796  0.00060683756967044
  0.00070628766565091  0.00081174814333681  0.00092312954575226  0.00104102673089468
  0.00115270360485242  0.00128093272701242  0.00141508024141410  0.00155314345351662
  0.00170675713891341  0.00186192604280520  0.00201746962541791  0.00216828844903577
  0.00233080120448899  0.00248503917866349  0.00264337075521229  0.00280938552474321
  0.00298940285650522  0.00317291219605702  0.00335425794282449  0.00353755178931593
  0.00372437079963193  0.00391336141733124  0.00410000465666520  0.00428258926760834
  0.00446406709317317  0.00464489153575323  0.00482810019357363  0.00503744926427982
  0.00524963288126427  0.00545741849244674  0.00566318365166124  0.00587034680855672
  0.00608040203183528  0.00629876088246856  0.00652097388176183  0.00674220915808347
  0.00695748373371941  0.00716620724514140  0.00737279685011697  0.00757717398594550
  0.00777366937544833  0.00796645211975053  0.00815244585576868  0.00833192392114913
  0.00851601354501918  0.00869624441965540  0.00887536593075376  0.00905193946849279
  0.00922713079750421  0.00940651380603011  0.00958714730392795  0.00976819530691180
  0.00994986163035539  0.01013259616192941  0.01032279404439919  0.01051627172917616
  0.01071518125135023  0.01092317816401964  0.01114844444563926  0.01139775347564284
  0.01165187942449028  0.01191141285775882  0.01217965261821673  0.01245418489323986
  0.01274315140561851  0.01303971375635560  0.01334131208012461  0.01364928811101046
  0.01396310535828849  0.01427298819798850  0.01465182620027539  0.01505893678544100
  0.01558799919924050  0.01616598609096631  0.01678601864227503  0.01747516209381085
  0.01824332953663585  0.01917451536572123  0.02047107444284178  0.02228291516134153
  0.02481556301523653  0.03246699013441787  0.05043103308279863  1.00000000000000000
  0.00913675185950848  0.01691451937582338  0.02785074082749663  0.03971856662914992
  0.05097727114020068  0.06246929796103390  0.07307165182614322  0.08361660637682312
  0.09346183647626852  0.10315617561047793  0.11292280933425812  0.12231692076212616
  0.13128708940904762  0.13976987784915165  0.14866485285999537  0.15767168690258365
  0.16645527443785843  0.17509573741370793  0.18421530572995076  0.19439332099004542
  0.20519680842315013  0.21605686489056944  0.22706201693925285  0.23840601430768940
  0.24963861632653073  0.26078639428464045  0.27223827176061793  0.28400740550522674
  0.29553345331207292  0.30663971857311351  0.31784662463293234  0.32903455192063696
  0.33953369493674079  0.34919788372951976  0.35830994067592004  0.36715089988100486
  0.37591530798990963  0.38464166048034176  0.39358846910324308  0.40326268707058760
  0.41308846330020127  0.42355493679264411  0.43433983440345003  0.44547376988058318
  0.45662050912213847  0.46758641134817186  0.47900124361811403  0.49209140445249566
  0.50538012800050869  0.51813629926981586  0.53047578671262852  0.54225065301110664
  0.55325834370256488  0.56400266907188701  0.57548797996955414  0.58640601264146652
  0.59689628318260757  0.60702943332568404  0.61667768555060098  0.62599465346335703
  0.63519518615519621  0.64498277625787293  0.65589430319215636  0.66692794873656225
  0.67695954049754514  0.68697869012483748  0.69742831879268830  0.70775095068388894
  0.71721951164698095  0.72643060094256440  0.73646521231417672  0.74700256270778920
  0.75695637120814874  0.76691360655976593  0.77678624340354074  0.78769852008472330
  0.79766493880006217  0.80820754919628879  0.81867956294093069  0.82989124959768124
  0.84161902408678479  0.85309219080512988  0.86424257616598366  0.87530039253464831
  0.88649634353772100  0.89763369830888096  0.90864464858634408  0.91875101394660896
  0.92797445989789940  0.93722426653947033  0.94712603761523229  0.95652986824463482
  0.96652869494103211  0.97679826712180495  0.98807411088327235  1.00000000000000000
 -0.00002012544146254  0.00026128699240846  0.00078087932887208  0.00162722774999677
  0.00277205137017863  0.00418073332553532  0.00578377435496414  0.00798607949422356
  0.01032763151147592  0.01274718056630877  0.01549322649212007  0.01827651832747176
  0.02101530801616537  0.02389800863782552  0.02715797616091101  0.03068578384473127
  0.03439588138482386  0.03829936050986116  0.04230287705219272  0.04630096723263007
  0.05031335078836244  0.05457321815173325  0.05921861410444905  0.06458602576023245
  0.07005028428164979  0.07485193343923396  0.07964525513808202  0.08459254109703022
  0.08975089465245094  0.09499854236378663  0.10078865116685240  0.10651942398568950
  0.11253991498016674  0.11884534091934429  0.12528527986243013  0.13186047449169583
  0.13844760655728186  0.14542925390012881  0.15247659229066859  0.15976325164764357
  0.16700750244961582  0.17410071114180600  0.18123002065503832  0.18853894452156436
  0.19572744506354467  0.20301042252252588  0.21086627904631844  0.21880230564044742
  0.22720339034941178  0.23669842681443040  0.24580362941549125  0.25639976317212382
  0.26706737876237530  0.27782318291298730  0.28853711292005890  0.29898897732730517
  0.30927756043617105  0.31983743928602115  0.33076754011590614  0.34171352568187296
  0.35264892444104390  0.36350225842388362  0.37466925077024954  0.38673583011330992
  0.39947768849454385  0.41256121051536709  0.42571641330370291  0.43924001336854768
  0.45299881832754058  0.46684022754707455  0.48087728889204828  0.49531786672547234
  0.51046206214984613  0.52579415388596074  0.54156484261989601  0.55783186732079670
  0.57406966534456139  0.59240440309154829  0.61239127141153760  0.63295152226450024
  0.65360010728517992  0.67357360278337741  0.69385520590249206  0.71470958484862190
  0.73614383579133724  0.75800562273607675  0.78013702387828721  0.80267920036572260
  0.82895495933406105  0.85493156335150799  0.88151704558043609  0.90901795903528082
  0.93825044599365648  0.95379592182259521  0.96076866572081066  1.00000000000000000
 -0.00232732178573408  0.00826177748884750  0.01795650099589224  0.02747968549035569
  0.03728815986655781  0.04707127976457338  0.05712256380232186  0.06711953417561811
  0.07689493949278361  0.08715711563122246  0.09881230503249859  0.11002153400502214
  0.12087404584685103  0.13138054415112874  0.14144482336081732  0.15125171368074600
  0.16103910598260521  0.17146478493170664  0.18392779905033679  0.19596612344501779
  0.20786203177160903  0.21955622591233945  0.23054343914274900  0.24111133457999245
  0.25184726357823961  0.26330757730513549  0.27422609427803912  0.28463335082560620
  0.29488738442488843  0.30564068557106189  0.31695255315258342  0.32794523908369022
  0.33771330320584669  0.34727972264067553  0.35682247386509103  0.36647294482119019
  0.37640008971750849  0.38622963125077164  0.39654963694066098  0.40726894297187283
  0.41781255921235738  0.42849534139279971  0.43948313518081195  0.45011103353593823
  0.46110716127934415  0.47269592572107555  0.48492815569039321  0.49790092419375914
  0.51081864663504628  0.52285274933946346  0.53431171614830486  0.54530820287085768
  0.55614521122392202  0.56662203187328497  0.57728298459826544  0.58741093455295390
  0.59701657488615301  0.60624582120477088  0.61537416368033004  0.62435481377883462
  0.63328252454026857  0.64288170795038702  0.65353758675462426  0.66390341168878353
  0.67309371400406470  0.68199331838153554  0.69157262140600040  0.70134050848011842
  0.71134413358124227  0.72168571826835259  0.73253910708118675  0.74365275074668713
  0.75438255494029138  0.76443566148374809  0.77403902933255653  0.78336380167478847
  0.79274089357083821  0.80249553214985470  0.81277136333138555  0.82431276244211882
  0.83580547869166744  0.84769436134902232  0.85979787460596580  0.87245397206670416
  0.88444892719210566  0.89572511505498531  0.90670719132321165  0.91758267891147527
  0.92895342917116130  0.94054691298101722  0.95102828546401230  0.96081390902724584
  0.97021115336900143  0.98014470071872672  0.99013522972305990  1.00000000000000000
 -0.00251748503081072  0.00987848482396722  0.02093557790152002  0.03211945964745549
  0.04256672207121456  0.05248553295715130  0.06212209912379733  0.07222571316472232
  0.08161757989733512  0.09110044655001318  0.10038503244885852  0.11014437151169115
  0.11995930037609755  0.12994513615065412  0.14019635070444209  0.15058553137417116
  0.16073700361202956  0.17094819231024194  0.18126650713517883  0.19154611534298488
  0.20151953960877836  0.21162320925608324  0.22150858128110790  0.23161501157250036
  0.24151111012239981  0.25164062580976054  0.26296992017493998  0.27450451491331790
  0.28629938845827230  0.29803804780353110  0.31049266438311801  0.32170882342024959
  0.33342492698890136  0.34356748632590206  0.35355300942654860  0.36411367744319467
  0.37500365718194761  0.38677998607355613  0.39775006678484015  0.40812646860615093
  0.41790989410322260  0.42746641720898410  0.43706783805499511  0.44710926450658806
  0.45778793314368638  0.46868194605854041  0.47911948053697784  0.48874268078303362
  0.49845486388414384  0.50836845460238944  0.51845510485529911  0.52924149199514425
  0.54054758168904682  0.55267310322625818  0.56487243431629630  0.57674281676868944
  0.58770007649181055  0.59787306637583704  0.60799363088462732  0.61877812160906065
  0.62973563691053014  0.64060427978540779  0.65070236469733556  0.66032283216179366
  0.66993497838243321  0.67994930773538464  0.69036382937770280  0.70026886993511805
  0.71000563151076002  0.72087320820033829  0.73215940441058291  0.74375027536542226
  0.75533856219638951  0.76743657732483306  0.77954680777656404  0.79215365072809441
  0.80478877862053766  0.81609928138113541  0.82637632171643205  0.83671833586235855
  0.84767990709710173  0.85899784381458177  0.87076103304996544  0.88331097616690335
  0.89574650478073781  0.90700409312608132  0.91785370562201540  0.92938668409949454
  0.93986228442416764  0.94871293214228780  0.95742763047068324  0.96607946620602059
  0.97474156118180122  0.98319907531210049  0.99174905849023032  1.00000000000000000
 -0.00259571236041334  0.01019040174508627  0.02050006865730442  0.03076633608968537
  0.04042410673234487  0.04989676491204827  0.06009402487364687  0.07000658440669111
  0.07957895465098341  0.08978405416429641  0.09950050775801256  0.10898438552825564
  0.11840637992818843  0.12839388973039512  0.13969439551634705  0.15150895673087073
  0.16395520580038747  0.17551238704938876  0.18703852564443338  0.19732526482899518
  0.20818971778842071  0.21868862105432757  0.22919858815331937  0.23976546358610865
  0.25038189456873022  0.26082807487143406  0.27131001229394602  0.28196984957131555
  0.29290566560086823  0.30365726722560404  0.31426717845336233  0.32460176475205998
  0.33471656397843663  0.34432725581427959  0.35379611971441810  0.36343017959900803
  0.37285578898506355  0.38286288172517441  0.39187969296839892  0.40283003999663469
  0.41433262385897973  0.42640440409708874  0.43809702699429387  0.44884215764443397
  0.45907976475513151  0.46939846976582966  0.47950274677450788  0.48920806603600570
  0.49878353517548324  0.50854022187656989  0.51837749090130358  0.52830740945743571
  0.53892409520115148  0.54997470692677353  0.56053196406202654  0.57091418223525214
  0.58176156683051961  0.59392713049917056  0.60583986681960711  0.61593308778582390
  0.62591131725870530  0.63588264817928974  0.64578826455468619  0.65526504788269468
  0.66504955691358469  0.67586299030543395  0.68735926134032810  0.69899661965528004
  0.71066519199886147  0.72236135876587992  0.73280527276945528  0.74230870556777706
  0.75165371160481553  0.76101004423982876  0.77072167733103569  0.78019985595415031
  0.78991035307165225  0.80009761639616239  0.81052759137971009  0.82078793505108738
  0.83077664531166584  0.84160844290233594  0.85292673968796906  0.86428099636185973
  0.87648546720273690  0.88935064182310863  0.90115073527920508  0.91209019082037102
  0.92296835510222963  0.93434596462322539  0.94534355163811246  0.95561083096038835
  0.96578635353262154  0.97723308864566216  0.98805980596832210  1.00000000000000000
 -0.00276378845906991  0.00996580604871847  0.02184923577782702  0.03435661416760425
  0.04752886646004150  0.05976727788271522  0.07080885448698068  0.08111277811691515
  0.09116100216831918  0.10151819179041015  0.11203233564716991  0.12248994531360111
  0.13246671758785453  0.14193755786426673  0.15118288909135227  0.16069905222832315
  0.17069922236917684  0.18101025795790651  0.19144825694919088  0.20212879305555770
  0.21282252576036503  0.22367005717131686  0.23458856917555071  0.24532786889580091
  0.25613002440552129  0.26676919400251137  0.27765646947658496  0.28859423712749444
  0.29871880877781831  0.30878507106328501  0.31895159576519216  0.32891905917196845
  0.33850771141295483  0.34774179785474357  0.35727379003306237  0.36746173991145353
  0.37761558706187581  0.38715297639033275  0.39658825691286637  0.40618852277614220
  0.41547382940651056  0.42443780451305019  0.43328912212971177  0.44254147878423311
  0.45248621675952749  0.46310820120770918  0.47451463414059442  0.48544902280659491
  0.49550656755995925  0.50486971889368570  0.51431422326834819  0.52382197732210101
  0.53357782243588925  0.54306336252274101  0.55190418752734571  0.56051427304129653
  0.56882391373560648  0.57693154421443815  0.58534963284758745  0.59467553216126612
  0.60535190301061470  0.61776554401070949  0.63029389446046691  0.64163135165708363
  0.65299037778019908  0.66444572229653076  0.67625900145495987  0.68768701333492877
  0.70017593117316190  0.71287854452889787  0.72506709440733430  0.73670218976908686
  0.74737231778245916  0.75816712947053866  0.76957799370675672  0.77984629136887917
  0.78955334447410741  0.79933350623053734  0.80935850361169437  0.82000909281707568
  0.83048890515620388  0.84221430999092228  0.85441498353770173  0.86666729526251540
  0.87929280728432868  0.89198890204291525  0.90339488355873054  0.91409650640922424
  0.92461023726541802  0.93450003906586887  0.94433311861968516  0.95446528855865909
  0.96546966963005221  0.97701635968853240  0.98862077895825051  1.00000000000000000
 -0.00238577764543551  0.00990801760272127  0.02034060019119898  0.02997759944781125
  0.03913359933125738  0.04849332111222853  0.05830222859168985  0.06878664279740303
  0.07934843712378890  0.09011758797563806  0.10106981876000834  0.11163920670898125
  0.12227228058831489  0.13289022259452377  0.14385271071230074  0.15574703237171067
  0.16728340954820964  0.17871762160553939  0.18947111091952504  0.20080851471153252
  0.21188943873465602  0.22284548488820655  0.23439955311568278  0.24554594596370360
  0.25615310022445947  0.26709282612966379  0.27908833229366092  0.29173568265807481
  0.30364678633528175  0.31458146180005792  0.32485393233262760  0.33514181520557523
  0.34595304588044767  0.35636306161274933  0.36600172573227269  0.37535146096178557
  0.38460530596644288  0.39385345119668258  0.40325601495735125  0.41270047802939047
  0.42236950299173076  0.43254202836554512  0.44333735963683485  0.45466936565785160
  0.46548500253332908  0.47622927978838941  0.48771442901529266  0.49946084673371932
  0.51111585044331931  0.52300879754470797  0.53558394546094557  0.54816087827713234
  0.55929370490658237  0.56949790702615133  0.57977044197765970  0.58970412683127527
  0.59907362208694803  0.60834804604198767  0.61752596779921065  0.62683080083892007
  0.63633144350628257  0.64600793859386674  0.65617211026391487  0.66651448967529514
  0.67640937551766522  0.68595429110895456  0.69596785750138768  0.70648800734462147
  0.71748493460048901  0.72859070802528425  0.73946527752394420  0.74968178394103435
  0.75949487255141190  0.76930734462526973  0.77935854671153315  0.79014934656893665
  0.80132587012817313  0.81319422605156155  0.82524161985603706  0.83625852782840637
  0.84628690080440216  0.85586920271978351  0.86497580311806410  0.87407224032531783
  0.88381715691086238  0.89404811795684602  0.90458145647453037  0.91499467861241823
  0.92525566521642133  0.93569653419464105  0.94575589665798954  0.95560766500372896
  0.96590934524171468  0.97720713755718491  0.98854457659606898  1.00000000000000000
   3.0305449401079835E-013  -1.0000000000000000     
 F F F F F F F F F F F F F F F F F F F F F F F F F F F F F F F F F F F F F F F F F F F F F F F F F F F F F F F F F F F F F F F F F F F F F F F F F F F F F F F F F F F F F F F F F F F F F F F F F F F F F F F F F F F F F F F F F F F F F F F F F F F F F F F F
  <DiscreteSampler_grid>
  grouped_processes
  1 # 1 for a reference and 2 for a running grid.
  10 # Attribute 'min_bin_probing_points' of the grid.
  1 # Attribute 'grid_mode' of the grid. 1=='default',2=='initialization'
  0.0000000000000000 # Attribute 'small_contrib_threshold' of the grid.
  0.5000000000000000 # Attribute 'damping_power' of the grid.
 # binID   n_entries weight   weight_sqr   abs_weight
    19   10   1.073738181479920E-007   3.333307249876913E-014   1.073738181479920E-007
    37   10   1.129063120875389E-007   2.860418656734926E-014   1.129063120875389E-007
  </DiscreteSampler_grid>
