 -0.00000001504112349  0.00001571218497983  0.00011897460554230  0.00033622858716725
  0.00068292652237900  0.00112558615158529  0.00169463874470528  0.00237443395551162
  0.00315069885483226  0.00405595981043231  0.00512763116180312  0.00638942033490324
  0.00801963603011776  0.01017908480391906  0.01208454234614405  0.01316472909315095
  0.01385049918651540  0.01448210928243921  0.01509582258880356  0.01570379715012362
  0.01631501540284620  0.01692924264097091  0.01756682348174030  0.01821451903793668
  0.01886817991566632  0.01953153380737708  0.02020770645099624  0.02089150005011275
  0.02157242187008815  0.02228368577374668  0.02299065608348195  0.02367611222815266
  0.02443336444681300  0.02525104862598965  0.02609529475071707  0.02697481228281717
  0.02785009795809403  0.02873101766717870  0.02962267820652513  0.03051506602195512
  0.03145029923156169  0.03242920393912423  0.03343838689857446  0.03445794216098165
  0.03547484757918685  0.03650018408156658  0.03755212081452710  0.03858993446346887
  0.03961478811365599  0.04062358127368595  0.04171204974370540  0.04286820058798025
  0.04405029451533927  0.04525479392584960  0.04648071997879469  0.04772319185816047
  0.04899155355045217  0.05025353166455616  0.05149734812707505  0.05271185518750186
  0.05393772295765357  0.05536478597392763  0.05678708095619451  0.05821831442240964
  0.05968721717271307  0.06120782393265287  0.06277511997813590  0.06437888380610401
  0.06602386894407893  0.06768591630053079  0.06942351199423477  0.07127001080853450
  0.07330744490487726  0.07559746298515213  0.07779049924774303  0.07994785960405941
  0.08222814913871127  0.08460032537742683  0.08702733703693687  0.08954137821290373
  0.09235480545473224  0.09554962151525191  0.09906796111948851  0.10279008898766498
  0.10662269634327956  0.11054339185577476  0.11466613362207446  0.11892074268489922
  0.12519814139478144  0.13230745669412591  0.14016664594200320  0.14937472270851290
  0.16333967929336660  0.19368264177687217  0.31837019103576591  1.00000000000000000
  0.00890589136653538  0.01736320020512832  0.02793827329434811  0.03846093307730843
  0.04929713607878503  0.06007456297881700  0.07083196463385666  0.08235450446488141
  0.09488183808981264  0.10729890860000207  0.11911410813695202  0.13076222376464541
  0.14276536726578859  0.15600983320531259  0.16965306206304459  0.18238015938428043
  0.19389243806315318  0.20371774128231576  0.21369578858115976  0.22366474952368584
  0.23363006247172052  0.24299506226571105  0.25208288609407337  0.26149477035726054
  0.27110739740117967  0.28048789366074550  0.28943620145187537  0.29910275949592258
  0.30902163430620633  0.31860952225773154  0.32763920886539794  0.33692429982988059
  0.34693383429590208  0.35697483942364461  0.36727674547658251  0.37709075526344082
  0.38669529833484689  0.39652689180908179  0.40619660388848922  0.41591657059570986
  0.42548809977349467  0.43476187894198304  0.44373594494953633  0.45272674785278239
  0.46210765045556168  0.47224826929568070  0.48300557253227183  0.49420236585785243
  0.50598498151799698  0.51810522299393547  0.53011492940290494  0.54179040508330312
  0.55259505623863281  0.56279594780827757  0.57272909981062237  0.58242360275431204
  0.59206645071458563  0.60150163208360619  0.61166550831285582  0.62222857167030632
  0.63249781485942258  0.64274491376559828  0.65296477586135349  0.66314233159705471
  0.67314583663997662  0.68345217227969490  0.69281337345173599  0.70244597851230794
  0.71212712172217640  0.72294724303394176  0.73328263135369898  0.74321660829103453
  0.75291384476737189  0.76357384175956577  0.77422283864454733  0.78381864044136329
  0.79291326887239377  0.80163126556394859  0.81079192416893386  0.82101385504739666
  0.83184855190633922  0.84232095481555325  0.85267766569848280  0.86298557239830775
  0.87387067637375637  0.88490430776117290  0.89620253274557815  0.90741386905972365
  0.91870089433363811  0.93034736505662485  0.94185432623145682  0.95307122274367528
  0.96461007968203716  0.97620139513706006  0.98791999021630528  1.00000000000000000
 -0.00002022784360215  0.00023333481276934  0.00067926179241181  0.00139591254930146
  0.00236244828506240  0.00363429447857248  0.00509171710458917  0.00662260230917818
  0.00845618766388337  0.01053930664986833  0.01300829033071811  0.01572585986823986
  0.01860684856699319  0.02131494728773773  0.02414592042984665  0.02709547805531600
  0.03026455075125540  0.03353210709747351  0.03679753961168196  0.04037491781760657
  0.04404521947770893  0.04797569603066203  0.05178909153722301  0.05563069836826880
  0.05980601322310914  0.06437022204572690  0.06906602761701834  0.07390711291272516
  0.07891451734702740  0.08403334413894251  0.08908724370330763  0.09423006844005759
  0.09977444773860929  0.10600329957375007  0.11246229455693180  0.11882513921568662
  0.12500011922380921  0.13130429504416158  0.13786842852166217  0.14448485481009674
  0.15106069028856028  0.15766735216495398  0.16438641949458363  0.17131787344520583
  0.17847436260188407  0.18567488496165094  0.19295728933121634  0.20042823458407857
  0.20813084010278346  0.21568799646744238  0.22325185805455089  0.23114985747727035
  0.23935869459437500  0.24798134319533940  0.25696879690417035  0.26609753801088853
  0.27486022048840686  0.28397228620244769  0.29331668019141982  0.30254947766295409
  0.31179728144803037  0.32129960146774922  0.33075540134268655  0.34021291014821770
  0.34981097727522931  0.35975597798586767  0.36984008788272010  0.37997939219100640
  0.39058572491563903  0.40158718577355068  0.41198952312746351  0.42238810849181341
  0.43298721081299285  0.44364759888480848  0.45440995429849584  0.46554308313140841
  0.47776967900306500  0.49075225675619910  0.50369467252175504  0.51597381342564030
  0.52813132005571928  0.54015456736634626  0.55208719132493278  0.56420561784965462
  0.57598908291436912  0.58868773475303915  0.60201391981772612  0.61552456461497917
  0.62972900212843264  0.64357487428610649  0.65739405246699223  0.67123492579247968
  0.68446143539364335  0.69484210637792199  0.70092647842566325  1.00000000000000000
 -0.00210043402133953  0.00906135028769423  0.01902875075750889  0.03038753874781442
  0.04144479052018119  0.05364545124686484  0.06568567975018755  0.07880181714892528
  0.09222557021160353  0.10682376817427083  0.12166436455527999  0.13740955664921956
  0.15357463031229085  0.16932803483259171  0.18418534168072451  0.19852421796851874
  0.21249651546826590  0.22566851172653213  0.23783842157844576  0.24959765975825046
  0.26065767932158129  0.27152841929781385  0.28209955209725807  0.29287497966890924
  0.30176671323427434  0.31069238573387475  0.31995649826000139  0.32980976770757342
  0.33992600411402846  0.35004872521551822  0.36133563708152772  0.37332077676673397
  0.38422880480002897  0.39516241861826462  0.40627280081285377  0.41714043496114445
  0.42755094518299996  0.43736135560353662  0.44771380929066767  0.45817070376832680
  0.46841581331626109  0.47916320047474714  0.49117511875779918  0.50260186808238061
  0.51256378888075516  0.52250815076557999  0.53219601663479710  0.54194599340721683
  0.55128849641726674  0.56085567466962960  0.57043095684601008  0.57998970814016526
  0.58950319998340306  0.59939931628569998  0.60965230626012279  0.61956918511278081
  0.62871837823593890  0.63736436986547007  0.64583686274473462  0.65422578765438710
  0.66292041042326677  0.67161826951914527  0.68005611863822624  0.68851470819690086
  0.69702962166090987  0.70562091664937909  0.71419410528326321  0.72310195792908438
  0.73250093929721427  0.74310068955967479  0.75353756660841953  0.76353281020565189
  0.77311864786671058  0.78318721505309696  0.79350357087967183  0.80412711050526064
  0.81468775089095447  0.82488780763545855  0.83525367907253856  0.84577657528767136
  0.85660752900960346  0.86716212778649593  0.87791950715885436  0.88882336788227345
  0.89953751591243869  0.90943679905715824  0.91823590448378112  0.92608761231905035
  0.93398534815238221  0.94242783291158794  0.95069147372367824  0.95919457430287647
  0.96811207483517014  0.97701425657865826  0.98736156071917380  1.00000000000000000
 -0.00301928324536750  0.00987384788669663  0.02206371538332329  0.03382402942437661
  0.04505906420415871  0.05542966265595147  0.06507659893009833  0.07409801002252447
  0.08329406651071064  0.09272643436243341  0.10279696137641775  0.11295677832774878
  0.12317144729104026  0.13314117366946199  0.14298577877321159  0.15256492225444734
  0.16208520334995788  0.17200798540787676  0.18224253677280972  0.19213125555997670
  0.20173019287597774  0.21202277219961485  0.22327909895127548  0.23448865167425484
  0.24473654597340327  0.25469165798627641  0.26455013802544997  0.27420143698580207
  0.28399977598687515  0.29463591228514113  0.30644997949436098  0.31859922110071998
  0.32937197186577766  0.34013925082253188  0.35114251651637057  0.36209404964429304
  0.37299958143933998  0.38491297956606840  0.39638723572471068  0.40606183433088855
  0.41650377400258731  0.42695680988841445  0.43724660638205642  0.44711715902627652
  0.45777814523736410  0.46991178143302337  0.48294357091754669  0.49432448130278062
  0.50581497966987721  0.51633144501159789  0.52575394205771853  0.53475280759226973
  0.54453205381000835  0.55576674223250844  0.56752477212178321  0.57928626687337137
  0.59116169476255098  0.60272641390503734  0.61258575212424538  0.62187082314635678
  0.63151028940374010  0.64110688397206961  0.65098652717080929  0.66116207481003930
  0.67182109565478088  0.68328955654552570  0.69353337196507214  0.70368864435777290
  0.71435160582007262  0.72559167251016454  0.73701931634213103  0.74789478679537447
  0.75918528929737716  0.77025633150926676  0.78005850796841347  0.79028678460256419
  0.80110075320350649  0.81186085416330833  0.82160676404629340  0.83120037143769998
  0.84106486376443823  0.85103212249652849  0.86077814461646629  0.87069918095465426
  0.88068471866246434  0.89063853944017024  0.90062752685689618  0.91135538606578714
  0.92237842829467098  0.93361467478476523  0.94486037947706669  0.95558025461770069
  0.96594040398927217  0.97619601218678287  0.98769374929070408  1.00000000000000000
 -0.00248704332289364  0.00940689817841247  0.01961500822849121  0.03116630660122709
  0.04271536452688988  0.05204912443649574  0.06107888425996433  0.07038039289194097
  0.07988603642769587  0.08937772520061021  0.09892184416146914  0.10876107620622708
  0.11982839738321124  0.13094450814046021  0.14304471926273407  0.15574433651813879
  0.16816268081010446  0.18015029384327197  0.19200371476622374  0.20372751844678413
  0.21499398493521790  0.22592881985430940  0.23721805242579139  0.24883643081427687
  0.25958192514845596  0.27033409488222521  0.28030675597301274  0.28947832304506854
  0.29810529536540525  0.30662914067310437  0.31600138404172695  0.32602681568606839
  0.33633251504801870  0.34708872057118317  0.35704170302655641  0.36641952257139315
  0.37566182463775827  0.38497330853135814  0.39442384059126151  0.40380678556227600
  0.41336118781618342  0.42422003677474351  0.43528292996770768  0.44590517075712088
  0.45625738022235962  0.46683701940893513  0.47742405878244321  0.48639948518040022
  0.49511537298052938  0.50469398145712707  0.51485222909042883  0.52501533896033392
  0.53498781713945021  0.54525964910115421  0.55611657748181909  0.56646080111632036
  0.57690052395854907  0.58780785831210358  0.59826100109486213  0.60781441600184039
  0.61708767556089772  0.62657941866685218  0.63589120821706546  0.64496856709776818
  0.65393487476512513  0.66314954305502982  0.67280320085325218  0.68288418162868691
  0.69330570600200614  0.70441960455755792  0.71667821430909251  0.73001839628311349
  0.74316170926895153  0.75547658970642839  0.76672628233223483  0.77726795437810625
  0.78747579408909774  0.79792945929478665  0.80811105507434444  0.81911182451675690
  0.83084396895461354  0.84297575222814547  0.85458998685004883  0.86547076307097537
  0.87606709121046356  0.88575125091246665  0.89665621771941872  0.90926975256702147
  0.92059712521537340  0.93125866299155335  0.94335019559025435  0.95697162496740029
  0.96918687672283432  0.98013932194940678  0.99015764789167426  1.00000000000000000
 -0.00357729443897015  0.01305452955348906  0.02583190513359081  0.03818633532776330
  0.04902094946988242  0.05915539853618837  0.06890438850003210  0.07826385983287915
  0.08789400901057755  0.09798145118594820  0.10871486762840050  0.12014124271753884
  0.13173565074713517  0.14325536194801566  0.15454931011694273  0.16552644893544993
  0.17640405753725583  0.18672192578479718  0.19685720946465224  0.20676351108696672
  0.21607727220307296  0.22568297275586061  0.23502834662629357  0.24395332367525618
  0.25301377892650539  0.26232025371263717  0.27238827943129545  0.28531670742270610
  0.29839119424877253  0.31041356373751655  0.32093950431379065  0.33079736740853055
  0.34060172376006759  0.35009517451684452  0.35927743018093800  0.36844283532864930
  0.37799394605227887  0.38760745529110191  0.39706138303744110  0.40649511430242530
  0.41599785407762591  0.42553555760260264  0.43462827864089515  0.44448671763244896
  0.45394226890586747  0.46472056619950503  0.47626171857764943  0.48752628259668718
  0.49926871597637351  0.51108066043849520  0.52273665788225276  0.53461647971338710
  0.54583467241278005  0.55654408724327609  0.56709270511377941  0.57710112185748474
  0.58723224664972784  0.59722753866022738  0.60759264023192450  0.61963024294857783
  0.63184079661517112  0.64439772920764182  0.65696781360248924  0.66954721983978815
  0.68223277366464119  0.69460249097270577  0.70634964614849427  0.71815506220974601
  0.72945720743407216  0.74021831624378431  0.75066768607738088  0.75996981731859048
  0.76895972638062449  0.77850464382461726  0.78846404752305832  0.79845840641175025
  0.80847064879405395  0.81983320656335212  0.83292384458420898  0.84307890591683532
  0.85230833058260069  0.86103231997526930  0.86955396965592358  0.87856819783228801
  0.88778453434064974  0.89706360607921387  0.90652740017339961  0.91621265891151116
  0.92678405165816879  0.93728132463060865  0.94735290151627771  0.95741518046407825
  0.96847541619900757  0.97920902578462321  0.98985992808546097  1.00000000000000000
 -0.00261119901645469  0.00996024070318956  0.01991208505962451  0.03015417580136993
  0.04046085810779403  0.05004508177306512  0.05917350172696956  0.06818553480398107
  0.07726477323365194  0.08625526150306576  0.09493125115717820  0.10368398090069833
  0.11246167293911334  0.12121253224341594  0.12994773021704067  0.13880265391454796
  0.14779015509733642  0.15702425936447034  0.16598458451920842  0.17521241124258119
  0.18415225843892624  0.19387896008272004  0.20355919853931123  0.21450286723838977
  0.22455317824474444  0.23663386814002693  0.24859411509609167  0.26011096688496982
  0.27121277732475729  0.28263214115404994  0.29418019901680176  0.30498962925690776
  0.31641015978191578  0.32919915726542009  0.34185325458622523  0.35442930722374250
  0.36579183905174850  0.37688108914005719  0.38866940486842089  0.39966210942082497
  0.40947471780964956  0.41884313513461685  0.42845754636317546  0.43780793751690034
  0.44658963352911424  0.45539028040826057  0.46525845059920568  0.47578365928341465
  0.48633232101287160  0.49715826968424703  0.50839773386610310  0.51900486674624757
  0.52945941029252042  0.54004310136201439  0.55119279722756265  0.56288124246155613
  0.57508528194285080  0.58726547732437939  0.59880354245982259  0.60976647002310314
  0.62087442621019528  0.63105308545530847  0.64114721726980128  0.65145420446818580
  0.66119398828895404  0.67048828356071921  0.67967907795785198  0.68978709933519189
  0.70097763670634128  0.71236216974289923  0.72617989773057245  0.73757521369113177
  0.74903977571680980  0.76072226802712473  0.77190770329525293  0.78171225196382343
  0.79177728085845778  0.80248031727338787  0.81282023308465301  0.82269321415981844
  0.83212946741747285  0.84157587539492251  0.85128199512338709  0.86155356747505474
  0.87202347700785687  0.88244719054251242  0.89320915505763443  0.90468577619282242
  0.91663068739231490  0.92805918450879565  0.94009020539789634  0.95248860305234118
  0.96411124201254894  0.97560266486295366  0.98729687655459986  1.00000000000000000
   6.5030937774117204E-015  -1.0000000000000000     
 F F F F F F F F F F F F F F F F F F F F F F F F F F F F F F F F F F F F F F F F F F F F F F F F F F F F F F F F F F F F F F F F F F F F F F F F F F F F F F F F F F F F F F F F F F F F F F F F F F F F F F F F F F F F F F F F F F F F F F F F F F F F F F F F
  <DiscreteSampler_grid>
  grouped_processes
  1 # 1 for a reference and 2 for a running grid.
  10 # Attribute 'min_bin_probing_points' of the grid.
  1 # Attribute 'grid_mode' of the grid. 1=='default',2=='initialization'
  0.0000000000000000 # Attribute 'small_contrib_threshold' of the grid.
  0.5000000000000000 # Attribute 'damping_power' of the grid.
 # binID   n_entries weight   weight_sqr   abs_weight
    25   10   2.079001064741261E-010   7.929885757913321E-020   2.079001064741261E-010
    28   10   1.173695840083158E-010   3.398491256653688E-020   1.173695840083158E-010
  </DiscreteSampler_grid>
