 -0.00000000450911218  0.00000346318539300  0.00002647311060922  0.00007478276564561
  0.00014923078748114  0.00024762432501732  0.00036056821889319  0.00049828883797457
  0.00064944848267230  0.00081339608289411  0.00099555313174889  0.00118905970090707
  0.00140104682290128  0.00161772856209039  0.00184567928617384  0.00207720281424336
  0.00232053094665912  0.00256744550007815  0.00282024181590127  0.00308624346340653
  0.00335076412449443  0.00362254136118323  0.00390033288048012  0.00418132142115704
  0.00446111953054631  0.00474062593680493  0.00503595676538539  0.00534088615789674
  0.00564505041458094  0.00594630000641964  0.00625914395701135  0.00659240762776151
  0.00693202202028824  0.00726704467329980  0.00759583190642868  0.00791602856857409
  0.00824016249547957  0.00857359463871245  0.00891473103586216  0.00926022729159612
  0.00960588149777841  0.00994965756783874  0.01029738322830220  0.01065413516092793
  0.01102636016938136  0.01140781866435724  0.01179515280326945  0.01218420658043829
  0.01256612969111161  0.01295377600745145  0.01333855736191421  0.01373312488607615
  0.01413744064708813  0.01455606191198212  0.01499952235817310  0.01545231001898963
  0.01590186836066328  0.01634229884991390  0.01678099909121701  0.01722407035220002
  0.01767613552740184  0.01813807116774523  0.01860250284794884  0.01906611417295559
  0.01958526235983051  0.02014996052898213  0.02073605344187650  0.02133642327348189
  0.02195226925157927  0.02257080673162484  0.02319743534335837  0.02383159266584880
  0.02446988043932601  0.02511077561779548  0.02582950944845807  0.02657575194467120
  0.02737107930691956  0.02820627544170749  0.02904501180315996  0.02990655202781748
  0.03080336450259429  0.03173688609616634  0.03271285753249999  0.03374826278222912
  0.03488019546671444  0.03623175965538911  0.03771991897118415  0.03934484950088719
  0.04119509006827658  0.04329343916137444  0.04593037062537306  0.04968268145214690
  0.05448890870642245  0.06441437008004434  0.11619717439579304  1.00000000000000000
  0.00933546771596093  0.01615529675784045  0.02623379152367954  0.03762416286717628
  0.04869349879211107  0.06028921523784940  0.07033815115641928  0.08009073207618500
  0.09004080407515171  0.09971953299456947  0.10968796592745743  0.11967194454763341
  0.12981978682633827  0.14062571387618036  0.15094482924265948  0.16127292139040120
  0.17171419058557835  0.18173459360446798  0.19160021576939079  0.20127416814965865
  0.21106505250666424  0.22121685486272810  0.23174540933752130  0.24271279291504513
  0.25373535155036253  0.26453674395640486  0.27492256909950696  0.28542119589121512
  0.29637950271679475  0.30763756998680919  0.31836971306034212  0.32846794307178040
  0.33866540006706042  0.34880271909964145  0.35897423402625800  0.36908910884097740
  0.37946151217398544  0.39001101114875153  0.40086485367156671  0.41178144289895469
  0.42299620305561259  0.43427926448760390  0.44488935787180967  0.45482195696467048
  0.46515578302333360  0.47548401755817993  0.48535271642261574  0.49470519865734403
  0.50452474203353614  0.51436330742764591  0.52424074465417048  0.53387917016512243
  0.54359710159341079  0.55372818331950779  0.56448340746876424  0.57615118227519813
  0.58781754635646055  0.59836222391209537  0.60886657703878877  0.61896179903223969
  0.62887593770696670  0.63882612252012649  0.64912188124645709  0.66041349078919187
  0.67211111613703178  0.68455474773902536  0.69528008238586203  0.70570952451542857
  0.71623237557639174  0.72672000128622438  0.73676197832618984  0.74671815723278934
  0.75746773921475496  0.76897569301756719  0.78062848930356410  0.79238501002476502
  0.80396808780191820  0.81513684539639919  0.82571307441085384  0.83618980537470644
  0.84694488756931541  0.85819907222547009  0.86852510433261787  0.87973567814094167
  0.89047984540290348  0.90083094507762485  0.91057858873313302  0.92079962104136404
  0.93112971191615523  0.94201769934320878  0.95360803123969085  0.96422570256841733
  0.97384404736186847  0.98324910890814221  0.99090834522681615  1.00000000000000000
 -0.00002076219597453  0.00024969718577475  0.00071465300402492  0.00149044713912542
  0.00249886268361089  0.00376641539190856  0.00537424471701191  0.00727868829980652
  0.00935868740232621  0.01159134301831700  0.01393086110979055  0.01656593466567439
  0.01939130650117717  0.02241979015412901  0.02570046616379807  0.02913340272654271
  0.03273987435465555  0.03659009572326091  0.04063383897348678  0.04484382380087851
  0.04924212070010510  0.05369902001723532  0.05834785572489701  0.06328488259124918
  0.06840285338898362  0.07353497497286435  0.07854099478837842  0.08350478590935861
  0.08863034180790398  0.09400794313884642  0.09961858674588331  0.10539002499625208
  0.11209435779486526  0.11858365640044446  0.12522662528866521  0.13195767611538928
  0.13896063409845341  0.14600396326475756  0.15317826974453966  0.16070337866999648
  0.16861922979347915  0.17684740796728438  0.18526198235596536  0.19350389663513567
  0.20166987757061419  0.20988083597610604  0.21818253806341537  0.22640750638441334
  0.23489805965893745  0.24383323839180451  0.25303098171800614  0.26243512512274569
  0.27195012072997865  0.28138720796273753  0.29166660072362560  0.30176365628562235
  0.31200771347119560  0.32265591378783892  0.33361711743237088  0.34478162359318865
  0.35651039437186161  0.36859895286766459  0.38091632656091362  0.39358653859730497
  0.40664876512265308  0.41990188158870134  0.43300755772426208  0.44580162985149757
  0.45850209086092975  0.47144456421372266  0.48503126908928373  0.49960834275383059
  0.51409023278589883  0.52854445353578305  0.54315984423181352  0.55771135198676092
  0.57247230142329986  0.58857632934612336  0.60546562856309027  0.62313658861361454
  0.64021968953086916  0.65714502177975798  0.67415734317021425  0.69125371582676431
  0.70819583550525333  0.72612549593560549  0.74410228635921272  0.76279637969744629
  0.78220869790418723  0.80201657720516362  0.82264433775059875  0.84309849894760569
  0.86353679593612609  0.88234820526019642  0.89638975052125935  1.00000000000000000
 -0.00262304958794191  0.00962294945425609  0.02007543047053824  0.03105668984030034
  0.04206171154454967  0.05296560845283391  0.06406323197086103  0.07574009726594488
  0.08777629555118938  0.09985224204722022  0.11093220938113381  0.12130075443081567
  0.13126246330758581  0.14126077239926657  0.15160811146161685  0.16222087406208890
  0.17294955686609942  0.18394828933441532  0.19548465498167247  0.20729322586965282
  0.21899625051948343  0.23034660347842165  0.24148766849509395  0.25246170828622816
  0.26338539610737999  0.27391320781717360  0.28358981705151970  0.29323656568036499
  0.30275824159809700  0.31256745179284806  0.32263387315990505  0.33258942045557816
  0.34219334220618169  0.35166716533641074  0.36121445822756509  0.37063937877318931
  0.38022370919751236  0.39014362997023327  0.40108263577930192  0.41279134882614832
  0.42484721956473026  0.43655414924663488  0.44715828355781678  0.45721374204315118
  0.46713139134622778  0.47734418304157855  0.48785418839794020  0.49824491780011226
  0.50850966524719265  0.51885244674131503  0.52945216996035127  0.54012239388801708
  0.55031370910594524  0.56030598864231740  0.57097321544417290  0.58199111105162582
  0.59282605072160000  0.60369034101139674  0.61454662369091573  0.62543007436069498
  0.63612862843006535  0.64644450913919194  0.65629261854486431  0.66587694199710823
  0.67586307943332469  0.68584566671993930  0.69597148388403052  0.70614118612564314
  0.71654310802493237  0.72695275014149374  0.73689194800845659  0.74664087430928761
  0.75639680291390643  0.76634213822953623  0.77648178927374045  0.78673648015184794
  0.79717387156301023  0.80780098216182261  0.81888657563897127  0.82981816308039880
  0.84012858540867619  0.85012851741201212  0.86102567340847658  0.87234195644123647
  0.88269546861949355  0.89303033247102470  0.90377454642277788  0.91481252591479179
  0.92537971420851184  0.93588274162047702  0.94621966015808101  0.95653312745380226
  0.96753601106335152  0.97857492759372677  0.98953048800080468  1.00000000000000000
 -0.00193658392287145  0.00765373867214127  0.01585126415807913  0.02481064219811370
  0.03424674740224341  0.04320486988463900  0.05227686244525710  0.06182628061755626
  0.07231308417866399  0.08319613443550265  0.09341671873167574  0.10343726455238562
  0.11365405468234398  0.12387841757208272  0.13402185845836287  0.14397579855607678
  0.15429076505105349  0.16507120901611569  0.17578277917002236  0.18652859792827153
  0.19736613373339232  0.20785674682425800  0.21812817478442900  0.22839172155612544
  0.23880137976516874  0.24920609897229770  0.25974666747388520  0.27060562182572562
  0.28163075159076156  0.29285962856874820  0.30427100067108387  0.31598407600960071
  0.32747424030657002  0.33890466051864071  0.35003458107574914  0.36085631383739913
  0.37183541498175826  0.38289819517561718  0.39405843517412686  0.40444022607233854
  0.41474550818377026  0.42402312350282217  0.43354499855178680  0.44352883482311550
  0.45340043368671429  0.46322340422311464  0.47307212556698031  0.48325239296975447
  0.49398743472929058  0.50466588100224963  0.51518595469361639  0.52554535539784231
  0.53614116600080841  0.54695803308748892  0.55790320226872603  0.56930901495986308
  0.58145657393537409  0.59338011719742001  0.60584741719106650  0.61793276962976951
  0.62958020777643331  0.64056448624368290  0.65119958248286425  0.66214510214599698
  0.67326106515456319  0.68464908420656401  0.69546895866343406  0.70583219251338070
  0.71612038982274950  0.72652264635801922  0.73730456835617364  0.74823463656249534
  0.75964991071583321  0.77109885047613147  0.78199215577949610  0.79309371084561853
  0.80414839346756739  0.81514934391823768  0.82628398055209917  0.83740156822881573
  0.84856983257527818  0.85948848580608905  0.87001067276532573  0.87995376533022585
  0.88957206122570287  0.89935206265701362  0.90945225594058376  0.91961903203802609
  0.92992937956454380  0.93997675372480416  0.95055110884028904  0.96071317347557994
  0.97127615986342786  0.98125944799543641  0.99086959755844761  1.00000000000000000
 -0.00247181368984208  0.00893718033694975  0.01917930893605407  0.02868334331965879
  0.03860170877646788  0.04756785743260304  0.05687322729930232  0.06615771573176159
  0.07533603820627000  0.08419368421309069  0.09334017676432792  0.10261867664620411
  0.11255441189195566  0.12288708912969491  0.13341842722662584  0.14428531254055407
  0.15543460983381607  0.16663453188347327  0.17773685578675930  0.18866010556878018
  0.19920538115842357  0.20983197470082438  0.22125175975897698  0.23318077654161909
  0.24637590554295574  0.25807126250043294  0.26954198820423048  0.28044271002334942
  0.29111827419554787  0.30117619574886922  0.31121770734885346  0.32140234839561654
  0.33127964647303648  0.34135838401696805  0.35179684044294857  0.36263982212983431
  0.37369134619610539  0.38468646543152135  0.39546194883750413  0.40592869510435664
  0.41659351666351391  0.42761697903836343  0.43901072619375892  0.45006672588566132
  0.46129444965825928  0.47184607251029120  0.48281198018780597  0.49329344559267835
  0.50380382075466690  0.51400174207886351  0.52464339682270567  0.53554516093007964
  0.54642459799566823  0.55699391406393894  0.56784170369363718  0.57919588095771080
  0.59038664990033118  0.60162316286536854  0.61297479709322666  0.62434764496050332
  0.63583813542510370  0.64749475929031075  0.65786447666671199  0.66847590793239098
  0.67901268110560320  0.68944941360837408  0.69967788815873122  0.70971382862669152
  0.71976020760144754  0.72955455060790519  0.73994208640057157  0.75039126948416024
  0.76134468422172952  0.77159634011126899  0.78366382129196011  0.79508516332010803
  0.80545335279709152  0.81559466132590608  0.82518537766407651  0.83466872537233816
  0.84409731599673810  0.85421984644121507  0.86511606155889309  0.87662426692790807
  0.88778808141234999  0.89910271682296350  0.90997334688387932  0.92148786786040648
  0.93262535901662724  0.94275832657403358  0.95236198367754954  0.96179974465439622
  0.97145973153144449  0.98089374008898300  0.99045158580708725  1.00000000000000000
 -0.00209042553157377  0.00850068047741170  0.01699069197532916  0.02600927048866495
  0.03544692878377035  0.04522150782463499  0.05532973060258793  0.06555699008471395
  0.07637945924513757  0.08708442384112512  0.09727424063308690  0.10740130330503468
  0.11773098195632564  0.12826846860009913  0.13905105694510395  0.15037185407143575
  0.16231057631315643  0.17403386300776280  0.18525829235803523  0.19614939038120899
  0.20662901931197519  0.21713878202873796  0.22744085103588044  0.23835635054588244
  0.24975834477060702  0.26083942597522691  0.27170199545731683  0.28280278305676254
  0.29358110989086666  0.30371807492469127  0.31362079986324015  0.32383019566842042
  0.33390976456650495  0.34378527349544785  0.35367112309728532  0.36379076934958848
  0.37408298311133625  0.38416755278312226  0.39398043257159149  0.40364482125180257
  0.41338852710730456  0.42348142538232092  0.43420651572641927  0.44556810688915455
  0.45750561362059544  0.46932018581710416  0.48087581145550023  0.49212995580332380
  0.50323672669104880  0.51455732987710689  0.52556805898715730  0.53625794870868049
  0.54714783083746210  0.55819105182879059  0.56900233314389181  0.57930721161618870
  0.58994835229980080  0.60076400452376610  0.61174554156120875  0.62248653953048927
  0.63275986913185722  0.64293518618876455  0.65325892552540810  0.66389191796491298
  0.67414863623965415  0.68396933427675399  0.69346996998775223  0.70263100499165365
  0.71196129163067146  0.72155394384158922  0.73147437516856484  0.74116517809109728
  0.75063317812220609  0.76064675028627893  0.77096227199920286  0.78187845267504941
  0.79282066782551108  0.80410061534751731  0.81529811132543550  0.82629963901898629
  0.83732079180078922  0.84834210972730761  0.85922974377189765  0.87038300279455716
  0.88098323650944799  0.89155181439648445  0.90232795716064007  0.91340097349289096
  0.92437528577925621  0.93485280918758351  0.94556971355097807  0.95643192928430132
  0.96778944203097395  0.97914891006830462  0.98941735096581984  1.00000000000000000
 -0.00288810415916895  0.01006743252556602  0.02206596591837723  0.03412259628358411
  0.04603677331548920  0.05751973146619408  0.06851103581293516  0.07925207110219135
  0.09005669224460480  0.10093821729349718  0.11156667071312935  0.12209783810320782
  0.13248882157991301  0.14267084854251874  0.15240190312092516  0.16172933381084137
  0.17162776256533871  0.18228573276505336  0.19275275162391403  0.20302792663316641
  0.21334205983572591  0.22392024893063622  0.23417598244303078  0.24409456952569983
  0.25416069142150494  0.26454720392817860  0.27507413043630402  0.28571626937682770
  0.29687260698031842  0.30864029180383495  0.32021362055930708  0.33151317890601512
  0.34260427653678205  0.35338524286768330  0.36365255220786324  0.37359413271566316
  0.38335112089123236  0.39322218656629160  0.40310118381083293  0.41315021953670905
  0.42342509654965038  0.43419740051772210  0.44529940287802089  0.45678446007094675
  0.46765503931391239  0.47862818864957773  0.48956539454064035  0.50057048746845134
  0.51155246217669192  0.52274208659997456  0.53410249700530588  0.54517241723673104
  0.55581610616609245  0.56597505582393692  0.57577172615371652  0.58556828179716591
  0.59553999418345183  0.60518085994807103  0.61438949928220010  0.62367496597413530
  0.63396892624788614  0.64523656815448804  0.65545788654461923  0.66554517363406196
  0.67580094519375888  0.68615991254075337  0.69645309828208757  0.70640142346839996
  0.71656577590298576  0.72688231138549797  0.73700353014369413  0.74707563274013788
  0.75714631324712200  0.76835232637979345  0.77962423462072772  0.79206692932137468
  0.80212184041536139  0.81267493581749251  0.82255677933779392  0.83275757105536130
  0.84317613058863983  0.85376874483884491  0.86372150229315503  0.87352345349032567
  0.88350921829510509  0.89389850204014287  0.90437135192601592  0.91466277068588042
  0.92535848583787295  0.93641322091034440  0.94733008726145274  0.95829427496104513
  0.96932566370881013  0.97985320872582560  0.99009084255632918  1.00000000000000000
   1.7166298539647529E-014  -1.0000000000000000     
 F F F F F F F F F F F F F F F F F F F F F F F F F F F F F F F F F F F F F F F F F F F F F F F F F F F F F F F F F F F F F F F F F F F F F F F F F F F F F F F F F F F F F F F F F F F F F F F F F F F F F F F F F F F F F F F F F F F F F F F F F F F F F F F F
  <DiscreteSampler_grid>
  grouped_processes
  1 # 1 for a reference and 2 for a running grid.
  10 # Attribute 'min_bin_probing_points' of the grid.
  1 # Attribute 'grid_mode' of the grid. 1=='default',2=='initialization'
  0.0000000000000000 # Attribute 'small_contrib_threshold' of the grid.
  0.5000000000000000 # Attribute 'damping_power' of the grid.
 # binID   n_entries weight   weight_sqr   abs_weight
    19   10   1.367487392293332E-009   5.434150126252390E-018   1.367487392293332E-009
    37   10   9.261340518118487E-010   1.192860691542567E-018   9.261340518118487E-010
  </DiscreteSampler_grid>
