 -0.00000276066123271  0.00003651799553306  0.00010783917815382  0.00020063069741323
  0.00030364272377281  0.00041403779475144  0.00053371266592630  0.00065696305090248
  0.00078296017754027  0.00091542201950948  0.00104964528878388  0.00118780818259717
  0.00132698491728699  0.00147827179751508  0.00162645211546873  0.00176906791930658
  0.00191469215263222  0.00206654520063145  0.00222155390182108  0.00238630983803451
  0.00255550795100029  0.00272186888877877  0.00288248180460450  0.00304103237668891
  0.00320150286008739  0.00336068211424820  0.00352181614204512  0.00368029105809900
  0.00383893463614134  0.00400109591583208  0.00416963768520049  0.00433972840021556
  0.00451442810190273  0.00469089962450591  0.00486002935094679  0.00503491429233498
  0.00521111613325863  0.00538386577746685  0.00555383900264937  0.00572628984562190
  0.00589900293907758  0.00607008101944932  0.00624261895707972  0.00641760103175657
  0.00659107399476528  0.00676223720917619  0.00692864242364319  0.00709208583210524
  0.00725460864076960  0.00741553291181784  0.00758185795269549  0.00775472328849664
  0.00793045846984823  0.00810747003711231  0.00827557912182291  0.00843702168791282
  0.00860156034251190  0.00877336341079081  0.00893960099293041  0.00910073635773866
  0.00925999461250479  0.00941857162966124  0.00957715452907490  0.00973318231564601
  0.00988602741340484  0.01003791350011329  0.01018905684906812  0.01033967354482020
  0.01048716288648237  0.01062835000838598  0.01076067541854822  0.01086396615927605
  0.01095321532198756  0.01104361452492419  0.01113639262103576  0.01123585938181635
  0.01135096305400798  0.01150640384689096  0.01167629642368961  0.01184675672939659
  0.01202274392902001  0.01220575276454649  0.01240012203528242  0.01260793644677407
  0.01284572744148902  0.01313092580543048  0.01351005259343075  0.01423977297935469
  0.01588412074213799  0.01769922317119764  0.01913462425206419  0.02077121350786965
  0.02305642894051688  0.02855695706880650  0.05251210211297994  1.00000000000000000
  0.00921343157943819  0.01709592146470436  0.02757105365243197  0.03789339999469469
  0.04801769421606790  0.05864473663290851  0.06931446353773452  0.08034303579618107
  0.09149864677568895  0.10269123836431812  0.11386825394896366  0.12498700080767609
  0.13641236018765274  0.14804898403143324  0.15954933559042414  0.17031854099458518
  0.17687996301110995  0.18321775716996069  0.18969243134503544  0.19609511841605973
  0.20394273270120469  0.21465943437795837  0.22530251133553958  0.23606981674691838
  0.24693370875880222  0.25761150261177052  0.26811073894861093  0.27867132290935315
  0.28917304044632514  0.29964475378414590  0.31005071119019623  0.32076201623918438
  0.33133139207282492  0.34183580009225312  0.35181076120078741  0.36209076295116949
  0.37240217983771895  0.38301339796604172  0.39365922351515920  0.40401036683762098
  0.41410523211850497  0.42439382197751013  0.43475248906646125  0.44493932825924398
  0.45514537955397050  0.46542079403198711  0.47585355065797569  0.48647780826223969
  0.49729769862867762  0.50820038975392101  0.51905669272260779  0.52994557044143242
  0.54077549374417400  0.55151335078610841  0.56220366112542874  0.57297144007094047
  0.58372609722252955  0.59417566775691399  0.60455655191321189  0.61506891938591302
  0.62555942671618303  0.63585398263493909  0.64621328135337475  0.65704838119605591
  0.66790261658246752  0.67823450529947205  0.68843410685260209  0.69884523846465652
  0.70951879883955193  0.72001417612643570  0.73014676269472500  0.74032919632191407
  0.75061812291711572  0.76124394667775408  0.77199089048405378  0.78219727889720381
  0.79194096359393507  0.80157033803783029  0.81152793682070634  0.82161883905842636
  0.83181628153420872  0.84218735944888445  0.85279592736852605  0.86340857806665749
  0.87398629542211359  0.88481142856855688  0.89591407397239264  0.90710729848972438
  0.91809975892808127  0.92872061275436790  0.93937102457504107  0.95044024985162323
  0.96166436443210390  0.97274658569937344  0.98351918601107025  1.00000000000000000
 -0.00168451685572659  0.00670928222864891  0.01507465031948350  0.02330831233958077
  0.03204135362375383  0.04066379397286286  0.04933345997692621  0.05815966020005429
  0.06698687123818531  0.07607186709353257  0.08488659295713903  0.09323651712572502
  0.10134125892378788  0.10957905520042610  0.11798411482307573  0.12656446961917878
  0.13530500049918018  0.14420676414768363  0.15346451167830696  0.16275911597584181
  0.17189762307258438  0.18079111030402867  0.18958274093128183  0.19834046898176877
  0.20713014952981196  0.21599286609253773  0.22489177611928052  0.23383461023943553
  0.24284421370617792  0.25210062622115981  0.26158255029619393  0.27106123622311123
  0.28039369457449193  0.28979372970199657  0.29944654951216149  0.30934425883430927
  0.31921491301293820  0.32917038775732294  0.33875204804688402  0.34821485768556060
  0.35740761825587436  0.36683679222705284  0.37676510738336433  0.38667972942975543
  0.39654558708804716  0.40613330375073348  0.41568397365607002  0.42532451011662803
  0.43493551925394408  0.44468919816952995  0.45457309089712317  0.46490724507188308
  0.47582450010110178  0.48668081609487857  0.49727472563939062  0.50776215383643564
  0.51622491673064319  0.52311929411050484  0.53035746868666545  0.53778657328812229
  0.54482725766432138  0.55602819443482632  0.56688299877720238  0.57763414930070522
  0.58880236027492860  0.60008718241771675  0.61160576880012174  0.62354442908617058
  0.63569513510479503  0.64784167530060399  0.66040260761895264  0.67277451996623450
  0.68538103676137996  0.69767572156789459  0.70989173829051844  0.72204589140442732
  0.73448053245625688  0.74755728932390542  0.76047538265295533  0.77374780592484749
  0.78738101138705419  0.80052612326971795  0.81357321355080314  0.82695877739922585
  0.84038028249389829  0.85374307044198461  0.86725796096583008  0.88125361113875678
  0.89552141617142500  0.90979907909380298  0.92425557057140584  0.93905860512765438
  0.95396564571194598  0.96942077484715872  0.98481316830609789  1.00000000000000000
 -0.00222210881450440  0.00915606209813108  0.01901692296108940  0.02951801690596239
  0.03990919675195258  0.05042084836360126  0.06110567484649056  0.07211971231047243
  0.08309968829817438  0.09366809965096251  0.10431553321633237  0.11542118066890918
  0.12670181093535260  0.13751819384049177  0.14835687865590588  0.15920970400406786
  0.17019408584621348  0.18100205441254533  0.19182811659924334  0.20262850152399886
  0.21325732577899489  0.22402119006368437  0.23485507228288766  0.24564367118544456
  0.25606721394939791  0.26704494857272637  0.27432414016834983  0.28084702775397530
  0.28744399568823692  0.29401513147495451  0.30104369032233613  0.31090872171601192
  0.32158207168956088  0.33177604291095864  0.34191290033626182  0.35228780748183469
  0.36284036822669408  0.37307496285952513  0.38313440175060737  0.39332515277031582
  0.40408115995569432  0.41484698105716711  0.42536456129453187  0.43572184366271294
  0.44599579489992480  0.45700759488409992  0.46801213956694365  0.47860902883230272
  0.48907854997730915  0.49981284698126988  0.51093876879774769  0.52210094602527035
  0.53309005654705011  0.54392393730781985  0.55473527456945593  0.56542642416959921
  0.57635523006823663  0.58751344944823669  0.59885408549584407  0.61000784121377560
  0.62074561732808142  0.63113666514214839  0.64132050055945544  0.65186019864462907
  0.66279728031208074  0.67405235017893206  0.68527973119101315  0.69648705649732656
  0.70764827836870103  0.71874390631410523  0.72970433800985934  0.74050768973531822
  0.75097870516841791  0.76123597421803912  0.77137124191772133  0.78159510800863918
  0.79199534424228990  0.80248083316360430  0.81322037813247894  0.82407968442804058
  0.83468255164180949  0.84494319232011228  0.85529770112102710  0.86593441247762026
  0.87636628247282389  0.88659781946467908  0.89718790105719737  0.90842511728508502
  0.91991120820417105  0.93119681174903612  0.94259197834519792  0.95455598929143737
  0.96603410787464561  0.97725783844445979  0.98860338538383674  1.00000000000000000
 -0.00254754920060101  0.00961930879254842  0.02012447316677735  0.03138520716805448
  0.04239936964924126  0.05317437401449579  0.06381530809468892  0.07420487557160835
  0.08441627447188788  0.09459675754526176  0.10435305194757685  0.11455860812621507
  0.12505017070040128  0.13617977400473100  0.14724625715673167  0.15823340290489391
  0.16920075057276737  0.18023668297382106  0.19144209826569508  0.20259951647645827
  0.21370516853497951  0.22449453318280263  0.23537644247370326  0.24632254315082830
  0.25742007887459306  0.26842216265423408  0.27924085972285589  0.28976609290925426
  0.29994476737276732  0.30997080163010160  0.32002934253620846  0.33016109129365878
  0.34036475578826564  0.35046259416685033  0.36061529584780327  0.37088493836602976
  0.38126876905015977  0.39179158188063334  0.40259844675994205  0.41337849481235345
  0.42370835609246926  0.43377374683528697  0.44412390425819609  0.45471817829044120
  0.46510980032730326  0.47550511521823829  0.48636779486635057  0.49747682847378422
  0.50828394730726301  0.51902142122316930  0.52973404348956166  0.54047747188235029
  0.55089277691830396  0.56137993058603841  0.57213771073762099  0.58287603231668339
  0.59338384980225811  0.60365186668286319  0.61405769174073377  0.62464090606673217
  0.63527313815069686  0.64564455010022104  0.65570461520914247  0.66591564103945788
  0.67609461870847121  0.68622551375041174  0.69392015059496182  0.70015219529597905
  0.70677280973041867  0.71343212804327893  0.72043217010817895  0.73002143270809938
  0.74108066689904994  0.75193621852432135  0.76287051021635877  0.77390196303256320
  0.78504642530870672  0.79640631007636786  0.80792713814139894  0.81972772956014051
  0.83183001417433766  0.84367636920064526  0.85517505983098530  0.86637706162666106
  0.87744949435764052  0.88849016836775696  0.89983078291452367  0.91186158076433432
  0.92412295022505531  0.93579139616048512  0.94697374814815283  0.95749374216243965
  0.96811972578797922  0.97872594481349762  0.98923770563256241  1.00000000000000000
 -0.00253359749889590  0.00921716462249076  0.02019812367743553  0.03142457115799454
  0.04227502684155396  0.05244809722809965  0.06254831374632619  0.07288819960897208
  0.08332174916585175  0.09368927578893153  0.10389834109741845  0.11438742855880506
  0.12492747296140588  0.13525390584825642  0.14539296286324904  0.15599918847957564
  0.16475532951791017  0.17152036599920384  0.17845686056870541  0.18547192169331347
  0.19234823387002911  0.20314598925172792  0.21437516008637583  0.22565970811759076
  0.23713853217809938  0.24899016291172196  0.26011120798297260  0.27060147038189686
  0.28130278237496659  0.29188962998824214  0.30281400297265310  0.31416493672977686
  0.32559465289972633  0.33642809680518793  0.34670683871569086  0.35702991462904737
  0.36777241581986542  0.37866707192842525  0.38962437716950260  0.40058190601736876
  0.41139770090193606  0.42228104703447583  0.43336085924024448  0.44444508587699905
  0.45539470984442976  0.46622899427803211  0.47707949677927303  0.48772767574844267
  0.49814176010643846  0.50839864709643867  0.51818557546306265  0.52777119698737418
  0.53730720807778720  0.54705992291336725  0.55732485093419804  0.56782226074236175
  0.57829322266532901  0.58855720214768015  0.59877767271272853  0.60944851232182595
  0.62041292135496484  0.63127935582482075  0.64186753449912148  0.65249398123150315
  0.66318968964164116  0.67404954710595799  0.68500281494478410  0.69581521260614265
  0.70658287654649987  0.71753175517308510  0.72872420035061425  0.73984123076457187
  0.75062947556528936  0.76136311473809060  0.77207616120275679  0.78254440937345582
  0.79283264527070330  0.80299319372439293  0.81320246779596117  0.82372524760334931
  0.83474526015747441  0.84612310345309849  0.85753053687742942  0.86862281078708781
  0.87973413851458537  0.89088311573738543  0.90228394038788318  0.91329621158981955
  0.92402818925908869  0.93455624878794352  0.94556979913677275  0.95622904100638217
  0.96686971806231248  0.97744176560857787  0.98860960096532746  1.00000000000000000
 -0.00106729861280338  0.00396506109203595  0.00924883246689685  0.01452821006451444
  0.02006544477564641  0.02566812033875926  0.03125827843572910  0.03693253124589985
  0.04271628714035573  0.04868724575748669  0.05473889602163176  0.06089437686584736
  0.06718601278451394  0.07370496934945778  0.08056352043767862  0.08770690675345826
  0.09491224414680531  0.10204209070829945  0.10924470740590242  0.11650206458921909
  0.12388567498308248  0.13167323148698346  0.13993631194272702  0.14845379778883958
  0.15734622262060927  0.16646583750941024  0.17588015941047611  0.18542534705950450
  0.19206491569382908  0.19870040774238307  0.20534889876181411  0.21176260362614469
  0.21920063942365903  0.23018617594425997  0.24167409348497260  0.25362126601005275
  0.26587345914067284  0.27893679313587272  0.29285152113833696  0.30708534316995117
  0.32202546382506614  0.33759674649169186  0.35405166603569432  0.37168383503884916
  0.39043316851725446  0.41025953040622970  0.43082708732493430  0.45205050564873361
  0.47380616517052432  0.49585541823907420  0.51847866576399348  0.54112020826987384
  0.56240775668512188  0.58329988178450265  0.60308558292901626  0.62284472251594691
  0.64177005319702574  0.65953658488761480  0.67614269622991818  0.69172013771056462
  0.70645757805553600  0.72038463322264135  0.73348458332263766  0.74565512969220704
  0.75729866375763000  0.76839556813130150  0.77900342504827014  0.78945981932915665
  0.79988967216185525  0.80994066317199431  0.81928481332574332  0.82812572624826408
  0.83685470435087073  0.84563907924998205  0.85424310925803992  0.86226845629400140
  0.87002951837539311  0.87771528829937284  0.88556442703817839  0.89316905592538387
  0.90073430724558357  0.90818399812950301  0.91558658508674162  0.92289298383624674
  0.93001235392225834  0.93706276397115251  0.94407496406468272  0.95098905005160106
  0.95768475149251786  0.96402680132681540  0.97013292313088784  0.97613183653696778
  0.98201909630120887  0.98791232064737655  0.99393448212560620  1.00000000000000000
 -0.00266203479289842  0.01002665317644313  0.02057188996867934  0.03190565263100879
  0.04316739892123571  0.05460707654178338  0.06548621239424671  0.07596091998555407
  0.08636280450791863  0.09698628453402350  0.10777361451530926  0.11921381384762050
  0.12737249121965982  0.13402116836100028  0.14040164735525129  0.14670675227678720
  0.15332207418482874  0.16323838001443086  0.17454695022403979  0.18563844441334301
  0.19648247682615549  0.20724426607742646  0.21805017640349256  0.22903536035458308
  0.24021190095388667  0.25135222581586830  0.26245805353078022  0.27360214184866583
  0.28449615465225248  0.29490797068376889  0.30519823071902880  0.31580528177781858
  0.32693855339207950  0.33833560856857181  0.34946198917621335  0.35994481618284246
  0.37006894521776740  0.38035337905966482  0.39065366375265864  0.40099613400657252
  0.41160336607476417  0.42267603335261927  0.43395138656098686  0.44500261004692748
  0.45593291124764374  0.46672135519424301  0.47749800883042104  0.48821813787232060
  0.49902898614790758  0.50980911983040322  0.52064865320714449  0.53157345205844930
  0.54286016396540138  0.55407264676373713  0.56490858632624374  0.57548362802119057
  0.58595475330491720  0.59659807216141059  0.60721889554532926  0.61765847352920633
  0.62778276314482673  0.63817662817446397  0.64900368171299982  0.65995543876079965
  0.67053498266539580  0.68115564354657077  0.69184009356727627  0.70257814410126984
  0.71308770282062250  0.72336268629782208  0.73317266173466211  0.74302832082858095
  0.75365669659482049  0.76414919666074776  0.77438291701882300  0.78486710489249756
  0.79565648651106979  0.80634722766132594  0.81668366658960434  0.82693894623237307
  0.83730552691288429  0.84777596806315869  0.85842936178454887  0.86911040361276259
  0.87943471346231206  0.88956022207122998  0.90028764330615130  0.91120983651322285
  0.92216890183377243  0.93295620729391315  0.94370065115759760  0.95498176341997454
  0.96639562255621769  0.97802632884286633  0.98907114074084190  1.00000000000000000
   7.1283634552346398E-014  -1.0000000000000000     
 F F F F F F F F F F F F F F F F F F F F F F F F F F F F F F F F F F F F F F F F F F F F F F F F F F F F F F F F F F F F F F F F F F F F F F F F F F F F F F F F F F F F F F F F F F F F F F F F F F F F F F F F F F F F F F F F F F F F F F F F F F F F F F F F
  <DiscreteSampler_grid>
  grouped_processes
  1 # 1 for a reference and 2 for a running grid.
  10 # Attribute 'min_bin_probing_points' of the grid.
  1 # Attribute 'grid_mode' of the grid. 1=='default',2=='initialization'
  0.0000000000000000 # Attribute 'small_contrib_threshold' of the grid.
  0.5000000000000000 # Attribute 'damping_power' of the grid.
 # binID   n_entries weight   weight_sqr   abs_weight
    19   10   1.057507479298486E-006   3.334848244601754E-012   1.057507479298486E-006
    22   10   1.575664032399578E-006   1.104249317709050E-011   1.575664032399578E-006
    25   10   3.406556498798124E-007   2.686761544460716E-013   3.406556498798124E-007
    28   10   1.798400864423554E-006   1.175455795703939E-011   1.798400864423554E-006
  </DiscreteSampler_grid>
