 -0.00000000183648172  0.00000116500680305  0.00000828031930593  0.00002335828373504
  0.00004627684518243  0.00007487481022350  0.00010875588580455  0.00014953335150610
  0.00019583573995387  0.00024645900866340  0.00030031447745598  0.00035975398453810
  0.00042156724204256  0.00048206315623731  0.00054596516020249  0.00061625580363057
  0.00068824319250624  0.00076513857021363  0.00083819695638686  0.00091478449914361
  0.00099724888479642  0.00107822456577074  0.00115892653900272  0.00124284561457550
  0.00132805968052597  0.00141228008438850  0.00149733022739875  0.00158399459337378
  0.00167297638181735  0.00176218705013672  0.00184855378543702  0.00193408992356532
  0.00201904194558742  0.00210503629333175  0.00219418347563912  0.00228184294807087
  0.00236766326054128  0.00245666245480119  0.00254749518434903  0.00263859946043286
  0.00273467797508091  0.00283411110606010  0.00293409204900922  0.00303263450183655
  0.00312744528424910  0.00322063807961486  0.00331235479892587  0.00340659025148193
  0.00350315180264023  0.00360203970029903  0.00370298770251250  0.00380519730989876
  0.00390718833551568  0.00400894774388636  0.00411037544163574  0.00421335604563045
  0.00431708329375170  0.00442048530170341  0.00452372510434994  0.00462445427316010
  0.00473438699293988  0.00484598735599285  0.00496522179996627  0.00508713643064035
  0.00520575954955676  0.00532466699901609  0.00544246064098956  0.00556007938908742
  0.00567937441513273  0.00579990086605439  0.00592076810144997  0.00604406534863683
  0.00616594144004334  0.00629908774412651  0.00643713921556612  0.00657865026907993
  0.00672660858384889  0.00687729168613746  0.00702991495096507  0.00718489255117079
  0.00734221406235598  0.00750127322208853  0.00767567167216673  0.00785611376889027
  0.00804084998541079  0.00823607042670417  0.00845141332568388  0.00869149176811810
  0.00898582741828666  0.00929525660029167  0.00962695077368564  0.01001374224404786
  0.01051168605357063  0.01138669623568829  0.01205914388709184  1.00000000000000000
  0.00910769247671165  0.01669270776748050  0.02704577725389393  0.03847707198947444
  0.04857802608502339  0.05870033578215290  0.06878387793589209  0.07839838628676961
  0.08857669735942812  0.09885394183908010  0.10927211881043870  0.11988204203973285
  0.13023365036776599  0.14045585179704731  0.14962758891691277  0.15811349716324791
  0.16664960592326275  0.17607914164565761  0.18596566512248702  0.19535205075564471
  0.20465545921191075  0.21471079511555238  0.22543494047845036  0.23604008197517048
  0.24674532152206799  0.25791621487331495  0.26950221645965589  0.28092727826722902
  0.29230745610686748  0.30334707372625169  0.31401737985564443  0.32414732379466416
  0.33417428364673418  0.34355270541309207  0.35267824657834840  0.36171313290004153
  0.37111809917007582  0.38087869300335431  0.39067177685099858  0.40060747166927968
  0.41052358028947078  0.42022247128433821  0.43004952592033630  0.44013222886687203
  0.45067810184840812  0.46156711919765048  0.47253994593920912  0.48381773089761326
  0.49543527511849261  0.50747347703541623  0.51957150495842686  0.53064023588396225
  0.54139275332770287  0.55195420569140830  0.56278597585848078  0.57360237334425790
  0.58467532625784713  0.59611258927642607  0.60693538254356827  0.61746429355384724
  0.62764678599239965  0.63747612059705649  0.64739518447010902  0.65794321606546380
  0.66900766420219904  0.67879793984720749  0.68877629660812689  0.69908155332862409
  0.70985023471480047  0.71969374950829734  0.73024488766604045  0.74094248254693484
  0.75146841329143332  0.76182116945232670  0.77207698649101131  0.78236897577065545
  0.79260701204281059  0.80281917397106295  0.81266977979672850  0.82248930540713250
  0.83229052252224101  0.84279040603813138  0.85347754169848378  0.86520859646522841
  0.87712771968207504  0.88883123599629932  0.90030705433719538  0.91167542359787912
  0.92300695369681063  0.93473369327171940  0.94595990107572858  0.95673195590019766
  0.96750152091496811  0.97805816312509963  0.98872909699522460  1.00000000000000000
 -0.00002140671717873  0.00025903101428815  0.00074313664749519  0.00151005272887277
  0.00251475790095335  0.00382121215595455  0.00534835109580152  0.00715473327670927
  0.00916568691050132  0.01131256038242211  0.01374454573301738  0.01647134489898465
  0.01931399047596694  0.02218534118281072  0.02516581885385576  0.02833073002239514
  0.03174735898825051  0.03534536628843177  0.03899088631873446  0.04283490951786226
  0.04696813210367093  0.05168316980907577  0.05673677336528485  0.06137987358551877
  0.06564053437787963  0.06976294617668073  0.07397933246791044  0.07844145668758033
  0.08323380892425947  0.08853185932933524  0.09492293994145135  0.10087065638516791
  0.10680361300414955  0.11268098085993354  0.11837259056610176  0.12419519397429167
  0.13040477384593127  0.13699542591897215  0.14377982297303687  0.15060256335893005
  0.15754002527509506  0.16472436411935434  0.17208927833755661  0.17945838658659677
  0.18680260795491818  0.19417262702241711  0.20173738707812580  0.20951668900879411
  0.21729735134650141  0.22546326760420357  0.23450983682122756  0.24396667759668619
  0.25376780854320885  0.26385120363225534  0.27387677848254405  0.28392509997279969
  0.29411989406070771  0.30461331793928509  0.31542295885384675  0.32624898955069126
  0.33690018009944300  0.34765562351625567  0.35881831049359586  0.36984660078643494
  0.38157820132161890  0.39411537098263727  0.40712118368933559  0.42075470290348727
  0.43494479119308765  0.44957769220677951  0.46476979658667422  0.48092123590894381
  0.49776134837860825  0.51514422751819444  0.53270927846485572  0.55033003318506579
  0.56801643680235370  0.58594040402530012  0.60467035957076376  0.62315480857468919
  0.64178470820372535  0.66173336061569243  0.68245056181148833  0.70291270957482954
  0.72318386811946633  0.74623691421140270  0.77024487541045483  0.79518855105292729
  0.82097368424656159  0.84725390429957448  0.87291550301853305  0.89862495037982071
  0.92404052930080649  0.94939500488016992  0.97482868062103412  1.00000000000000000
 -0.00195976691322107  0.00802801111208120  0.01623618484073372  0.02484814493016023
  0.03345848821242120  0.04204664594983284  0.05094947613426925  0.06047033713131518
  0.07032165328758007  0.07993338042393176  0.08995596306611410  0.10050422941575111
  0.11028655438734429  0.11991814071097698  0.12990958466961425  0.14054379796428573
  0.15075297634995424  0.16057709925567401  0.17077840593838586  0.18251388023308557
  0.19424431926530517  0.20562384525001037  0.21683447537535083  0.22768960267964625
  0.23880495801606888  0.25032620199975730  0.26229708665306445  0.27374227363364007
  0.28442773389593995  0.29462768754785318  0.30444941678949544  0.31452411901731364
  0.32495721821097295  0.33532445728868582  0.34606321212408359  0.35720983719572863
  0.36950497313589525  0.38155202653128351  0.39319723719568667  0.40482447293960461
  0.41651522803456154  0.42768087157576890  0.43864414212420311  0.44936970568766832
  0.45965718864129307  0.46979429681025831  0.48047105437849202  0.49194520798435726
  0.50365836088612692  0.51512718692875081  0.52673943331706863  0.53862491109646782
  0.55039500618807002  0.56178475299352448  0.57286537629995804  0.58368440487724171
  0.59434907086046473  0.60491225259859338  0.61535620083778575  0.62569086387286599
  0.63591957804286969  0.64678069812760830  0.65902715181054228  0.67145947921116744
  0.68337025217056779  0.69453881587144417  0.70529364054761312  0.71634156252951753
  0.72759893681906296  0.73842208012999611  0.74879464365644488  0.75983355575398948
  0.77084701278483825  0.78117836797032769  0.79103667281736223  0.80090577870900292
  0.81116482417706048  0.82163561283902764  0.83242614087385403  0.84358771623514617
  0.85443235452022326  0.86571354926262600  0.87649863975391762  0.88721302218940501
  0.89728752003647594  0.90709900287228051  0.91701970025727375  0.92737794432343112
  0.93728865068579648  0.94635980275534271  0.95506802676964586  0.96390624502528921
  0.97292247409978883  0.98180667150198497  0.99086306946110259  1.00000000000000000
 -0.00198615397096256  0.00782936162156141  0.01642860275319658  0.02650878001173339
  0.03667721902724004  0.04702197677341724  0.05768827673729056  0.06863212248684443
  0.07936025344208861  0.08969831043987739  0.10001521944444722  0.11088344676552320
  0.12201665249190857  0.13284812554193928  0.14348203478665375  0.15418610627878720
  0.16527330087146513  0.17730287545052720  0.18905442902544750  0.20004300371359302
  0.21053865595149440  0.22174551304814347  0.23222024195334276  0.24190071250521086
  0.25167046098042239  0.26132865092025592  0.27076221601056377  0.28004425103610497
  0.28947750692527119  0.29936686884229913  0.30956223856835491  0.32006849621317363
  0.33077347417836966  0.34161174519057647  0.35274937823053715  0.36413462193217255
  0.37567593457362408  0.38683068955762873  0.39751526711185259  0.40783098982765043
  0.41819731788062559  0.42946006937829945  0.44061498051494674  0.45210016355349358
  0.46626879690849449  0.47946165548731240  0.49050275914152686  0.50053600682141774
  0.51005929486500989  0.51961401101139792  0.52841345751794910  0.53701874928623838
  0.54616231028465478  0.55607481712958906  0.56622879597316833  0.57669404029753535
  0.58806444297450611  0.60068506798022214  0.61312525788999184  0.62531208694055462
  0.63679533749745409  0.64843096330208172  0.66020083465956536  0.67203170442505855
  0.68461182384605257  0.69522531845991931  0.70581180630772478  0.71605044784484939
  0.72630863041419058  0.73583073947303490  0.74490521357781936  0.75433330602531024
  0.76439264370686466  0.77431132269062108  0.78437924470351195  0.79471393548289349
  0.80553871028370161  0.81584741032055530  0.82559085167366497  0.83550099776397535
  0.84591736739050494  0.85634479684449860  0.86653003700328757  0.87724473184019069
  0.88958702008459734  0.90110215678813366  0.91199023142380409  0.92224743017862210
  0.93286568942291304  0.94267690144412064  0.95227064827554897  0.96108441396477695
  0.97082315871955183  0.98008368016933856  0.99033708901001460  1.00000000000000000
 -0.00217675944397393  0.00852856169428130  0.01744619472686941  0.02720928701766245
  0.03625680348983539  0.04509173551426730  0.05439734844629559  0.06424156393539145
  0.07437078026021497  0.08456570662136975  0.09506322943446428  0.10562857839260568
  0.11604975043826724  0.12704530211499737  0.13919665607826121  0.15109674149096691
  0.16275272073900396  0.17366659626848233  0.18459928171079290  0.19519527049476859
  0.20605719988710924  0.21684377161059790  0.22750330308348579  0.23749475860066349
  0.24724901759308612  0.25726866221569150  0.26702054289812782  0.27685422211089766
  0.28650151027738652  0.29669942394968118  0.30698566162222124  0.31708396154301222
  0.32692587917219346  0.33718803017332055  0.34826782757297237  0.35936599229986610
  0.37060255043076129  0.38286296542563891  0.39519685790143894  0.40609900846349073
  0.41631169433276632  0.42636751634503089  0.43682443532124604  0.44758125443841118
  0.45808704296380415  0.46855840767518642  0.47889990392501314  0.48891548601073170
  0.49903409541432309  0.50922008408413122  0.51901554592398214  0.52874970061442117
  0.53843077627103908  0.54873809214088309  0.55956750736268612  0.57035964195420807
  0.58130797962411107  0.59304257163906893  0.60539732256882139  0.61741213605929979
  0.62910234681415256  0.64039105768278182  0.65130192675381593  0.66192258214160682
  0.67255495744976512  0.68223027176086937  0.69209723670867729  0.70236756450770532
  0.71370767941959634  0.72487139722481109  0.73501070368772015  0.74538610755145951
  0.75567350478982076  0.76769818216192032  0.78007990590524190  0.79278470401530499
  0.80641937944361208  0.81877107374360725  0.83065873903466725  0.84190060780251286
  0.85288711873328349  0.86373393565565992  0.87431031014457961  0.88437631213302847
  0.89402084248821634  0.90360058698675749  0.91297910465963694  0.92251110378239398
  0.93170105103559353  0.94104148407302679  0.95052686094169647  0.96074066031454530
  0.97089787903296521  0.98079088580331586  0.99026779903895079  1.00000000000000000
 -0.00233348305712754  0.00898558293987509  0.01849787678172114  0.02895049809215268
  0.03874190112276273  0.05020293171840608  0.06176864568659492  0.07256365951698263
  0.08339046602934427  0.09452964507537208  0.10589107885448920  0.11695320957053193
  0.12787108954519077  0.13877070800848368  0.14989095144518205  0.16104518743351717
  0.17170432053973428  0.18198892273801034  0.19223508821836213  0.20249415709493232
  0.21269602218482300  0.22302156209386093  0.23357289627791120  0.24424591459722936
  0.25512453428727871  0.26612840491512157  0.27744139704679516  0.28868929102255486
  0.29966039714562243  0.31035448848449670  0.32096286309426325  0.33138121581582691
  0.34139200091503730  0.35121071225984829  0.36139024497764682  0.37175663439683332
  0.38172749437383652  0.39117421558668031  0.40104776608383480  0.41088206838822444
  0.42034600134682143  0.42985553180747654  0.43943891829279796  0.44964341957957205
  0.45987366479778635  0.47057681033872939  0.48124808129868124  0.49327133765705616
  0.50514713233739272  0.51786991201660648  0.52820601900789088  0.53833032220551902
  0.54885491273730469  0.55974414392623506  0.57075216296534603  0.58158406411566510
  0.59224558966013041  0.60292457788669540  0.61341799996867552  0.62372165436101212
  0.63380898667376551  0.64366307716249294  0.65436289785202828  0.66519131461444103
  0.67673648963780686  0.68801126272040491  0.69881855228236522  0.70919589342753997
  0.71940531137429853  0.72952765867407388  0.73969247275332795  0.74970037124690181
  0.75981255412043014  0.76972031013061559  0.78003519966940427  0.79046665045310194
  0.80119720349910806  0.81187770029039186  0.82269600894974459  0.83358634506102669
  0.84437614211446366  0.85463311117060026  0.86492920204836532  0.87530789639907591
  0.88610573460432662  0.89607124132541072  0.90623486804026820  0.91686955220507338
  0.92828039584898980  0.93948551206069175  0.94996047891056323  0.96032691889016175
  0.97028389551009397  0.98003283940955854  0.98969361049371962  1.00000000000000000
 -0.00235743928908210  0.00882558983858348  0.01853688914638342  0.02878338667836857
  0.03918526838541148  0.05022610249070091  0.06180298306894846  0.07313028391826891
  0.08435988819482897  0.09549194946036990  0.10653669943887543  0.11806884093224149
  0.12950536574133295  0.14123050617754987  0.15304531846915695  0.16514013580122611
  0.17746556676074146  0.18927082695815517  0.20037277025506139  0.21102822185810474
  0.22130897292216983  0.23141040703085433  0.24149953995669010  0.25189235324809123
  0.26242677288639354  0.27320648145269627  0.28477667511329663  0.29586992296700032
  0.30668816191202741  0.31756570249915861  0.32856606973083935  0.33941836458743418
  0.35006212182630447  0.36061488134498132  0.37112741933888066  0.38106940246116944
  0.39063889341735236  0.40019019053837485  0.40986979867553758  0.41980256493560048
  0.43042346664046355  0.44078934825749433  0.45121948739571649  0.46183100316425557
  0.47245524795077737  0.48284911192369995  0.49299025894255905  0.50364596142700024
  0.51528329876302803  0.52634210325159669  0.53684138004039128  0.54737843436198419
  0.55784565786777174  0.56786643293024941  0.57765780267828792  0.58786051709121145
  0.59884960790583008  0.60955519476618747  0.61983103670472706  0.62997599164354812
  0.64005508613498441  0.65012767186410003  0.66044704272205312  0.67090898866757620
  0.68142382719115269  0.69174248019477791  0.70185452622087230  0.71204525321083822
  0.72253478110987923  0.73311202604086156  0.74422629709698318  0.75444415464841341
  0.76311874320445239  0.77207372147128894  0.78097268001802411  0.79024110162602423
  0.79953202359035636  0.80894117598323367  0.81902486842491351  0.82983551996339622
  0.84095905553264061  0.85219558196261636  0.86392505484348492  0.87539907039395937
  0.88518858976586812  0.89434036384012827  0.90332545627587446  0.91223633716890762
  0.92146265966630592  0.93073115783372906  0.94134651553198201  0.95351027218663809
  0.96507879487081483  0.97621811632185052  0.98757387115474471  1.00000000000000000
   1.3095486910210182E-011  -1.0000000000000000     
 F F F F F F F F F F F F F F F F F F F F F F F F F F F F F F F F F F F F F F F F F F F F F F F F F F F F F F F F F F F F F F F F F F F F F F F F F F F F F F F F F F F F F F F F F F F F F F F F F F F F F F F F F F F F F F F F F F F F F F F F F F F F F F F F
  <DiscreteSampler_grid>
  grouped_processes
  1 # 1 for a reference and 2 for a running grid.
  10 # Attribute 'min_bin_probing_points' of the grid.
  1 # Attribute 'grid_mode' of the grid. 1=='default',2=='initialization'
  0.0000000000000000 # Attribute 'small_contrib_threshold' of the grid.
  0.5000000000000000 # Attribute 'damping_power' of the grid.
 # binID   n_entries weight   weight_sqr   abs_weight
    19   10   2.240565190702681E-004   1.479621449174319E-007   2.240565190702681E-004
    37   10   1.166502918286410E-004   3.097390622232789E-008   1.166502918286410E-004
  </DiscreteSampler_grid>
