 -0.00000000285488047  0.00000187787638067  0.00001375639159386  0.00003929959807582
  0.00007823640465118  0.00012904178256861  0.00019140695019404  0.00026378625269309
  0.00034198403676609  0.00042882443213590  0.00052375356169597  0.00062993703597467
  0.00074170749018332  0.00085937893188700  0.00098158594800403  0.00110197768737937
  0.00122768068056145  0.00136129705736101  0.00149469503895828  0.00163690762479284
  0.00179487966710495  0.00194377936848234  0.00210034568438591  0.00226438285363783
  0.00242971378451245  0.00259342072482014  0.00276131199100477  0.00293924520273201
  0.00312049859133669  0.00329970422797419  0.00347621873546758  0.00365870371647506
  0.00384772698194592  0.00404000302816568  0.00423402225204320  0.00442872394209642
  0.00462309219371034  0.00481773874373098  0.00502613209918262  0.00522623663778619
  0.00542381015069610  0.00561891622300734  0.00581090614782204  0.00600128935309788
  0.00619281964384516  0.00638173582743082  0.00657288437719895  0.00676295695470659
  0.00695401812778878  0.00714479717306862  0.00733276351040147  0.00751859451687685
  0.00770239262653119  0.00788888494400651  0.00807432269117544  0.00825876240995920
  0.00844833551371078  0.00864822267199379  0.00883614525674145  0.00901926612748377
  0.00919432617892423  0.00936327678476861  0.00953353180101062  0.00970652926661431
  0.00988175701570054  0.01005954672520287  0.01024085284924364  0.01042768293256830
  0.01061848225728167  0.01081014655661458  0.01100288525795115  0.01121742237647274
  0.01147447501806074  0.01173464890501152  0.01200375366990398  0.01227999303914058
  0.01256123223202748  0.01284749476151144  0.01315065228463030  0.01346015593125620
  0.01378369412323390  0.01411772096903983  0.01449408776916279  0.01493754279807969
  0.01544893931369063  0.01603444470196120  0.01665364002714846  0.01730751493658846
  0.01801436441304493  0.01879217393106286  0.02000067468504772  0.02191523866829764
  0.02455795657105745  0.03254772700910078  0.05026421495628964  1.00000000000000000
  0.00917241151153920  0.01687081287379284  0.02851205573111173  0.04091109479606300
  0.05267571612370872  0.06451019645175692  0.07642884784948882  0.08713823538266162
  0.09689725602437887  0.10641570206393847  0.11591913124809762  0.12537516274594415
  0.13492312419849020  0.14441752073554545  0.15407164581528315  0.16367369374747007
  0.17386080597590234  0.18436078841267994  0.19463252931267402  0.20466593145733428
  0.21532304422101706  0.22649556267538512  0.23773281924286674  0.24927277293365385
  0.26079350805210022  0.27195114685561655  0.28320875997651773  0.29424167299649739
  0.30527627064385254  0.31633068236182471  0.32707320155556402  0.33758781175288860
  0.34773230114177262  0.35779139258667270  0.36776035214632613  0.37772707193841532
  0.38786603281082738  0.39848484196243000  0.40964469193736469  0.42027020658136616
  0.43031270589032949  0.43987880668718060  0.44929088325024419  0.45877997600927484
  0.46820893113050555  0.47732614736148521  0.48695338233967916  0.49707034885800350
  0.50741238940461220  0.51784015808162964  0.52830848101782091  0.53875089493765482
  0.54834123554514425  0.55782874876759658  0.56736951785977829  0.57663078956757452
  0.58606637753444557  0.59548855483718854  0.60515282929290326  0.61479521611930310
  0.62422054176772179  0.63413024946746621  0.64452581842721923  0.65509388085001463
  0.66594837351458269  0.67707057906027079  0.68826385329549722  0.69882574973757572
  0.70925757880681073  0.71931879179113445  0.72953610429180826  0.73992300900876007
  0.75022025539283776  0.76016784200138843  0.77033883600560826  0.78052942716101781
  0.79020413835790959  0.79940308071569488  0.80860249275795104  0.81851888587073685
  0.82893336107545956  0.83962570988137719  0.85072921121209388  0.86239665614755812
  0.87440816014786038  0.88617494085848447  0.89756683999524434  0.90896453061823224
  0.92036245904852221  0.93171566295788444  0.94302940713336814  0.95424546996601023
  0.96541918928413628  0.97669777710011374  0.98825689328095079  1.00000000000000000
 -0.00002176657360324  0.00026299223917754  0.00073590763560386  0.00152210022840950
  0.00259843737519852  0.00391593678694442  0.00543755034202653  0.00722481920787333
  0.00933175868575781  0.01175419499737825  0.01430888850913289  0.01700170913130316
  0.02003836352404192  0.02336852048775828  0.02675974710229463  0.03015740977375520
  0.03367944303599304  0.03743462836384990  0.04146422610224446  0.04580241380078385
  0.05031196872758137  0.05490064350373949  0.05951652729275395  0.06430792886783314
  0.06961624586085545  0.07509345990723629  0.08042442869487376  0.08568001092025659
  0.09097401690158055  0.09638072596723565  0.10192474032544030  0.10765050020459932
  0.11372020007444447  0.12022358768949516  0.12733929285640852  0.13436999006001343
  0.14115283269755158  0.14795157534946266  0.15498850677749448  0.16204786800936488
  0.16925486258886258  0.17637313588777739  0.18360591042774713  0.19103732949370594
  0.19840901499374394  0.20619936348177079  0.21457724372964221  0.22305920559529141
  0.23197825156044330  0.24146565233291278  0.25077186598645113  0.26030228155592200
  0.27002250520709642  0.28007316711880326  0.29043958055542757  0.30113445064352390
  0.31211386637491367  0.32320764618551295  0.33462449858081905  0.34631032914583343
  0.35822277463472907  0.37002953243592507  0.38202149036498034  0.39451931532023837
  0.40748103496455351  0.42106192500014150  0.43579307581517585  0.45110097489365175
  0.46606432285690802  0.48166079460361300  0.49748789892619788  0.51346899784430389
  0.52979887882768129  0.54678942835867683  0.56415030142079170  0.58169194466853646
  0.59947154237860922  0.61725569492570209  0.63489608019783927  0.65256491375525461
  0.67026220643447576  0.68830782365297383  0.70627698945294481  0.72502363695280736
  0.74463405029836405  0.76474934842503939  0.78507716409677586  0.80624554696309425
  0.82797608826786229  0.85008485102925091  0.87219883770776396  0.89450701127212684
  0.91712185443662408  0.93907159511070959  0.95663042165185075  1.00000000000000000
 -0.00220011769794719  0.00834506613164499  0.01722940346346703  0.02693146980302844
  0.03670517733074979  0.04676275896052096  0.05749016883206264  0.06826959478911943
  0.07872133894361827  0.08901860148847433  0.09915020568553169  0.10958065036867633
  0.12022204624814944  0.13118749482641037  0.14234409733780853  0.15407528162589340
  0.16572706077122126  0.17562416795731881  0.18502730787544949  0.19459543110153529
  0.20458490409154387  0.21469209384112656  0.22449172951743446  0.23411913982850127
  0.24392205408233364  0.25389398317206424  0.26392601353521766  0.27383027547198391
  0.28363179784612924  0.29399755270524258  0.30506750624366630  0.31633628553966037
  0.32740238250788889  0.33796443020051964  0.34809634257811228  0.35842404312679366
  0.36903414323200562  0.37950613646487652  0.38958427712195903  0.39986811000880940
  0.41013750104299179  0.42010507770912819  0.42984665980525721  0.43950362434828510
  0.44924723427576074  0.45902715551432627  0.46879667686520204  0.47853619950538157
  0.48826346527825659  0.49808932911230269  0.50829367536613301  0.51846688467147695
  0.52896074583605091  0.53957191443388264  0.54956449573853472  0.55929540049904314
  0.56948973746072129  0.58028153218542655  0.59193793170781717  0.60363235619867395
  0.61465153856240640  0.62532239042714322  0.63601843000809000  0.64653325780541004
  0.65643057759693468  0.66653136009623459  0.67686600262048346  0.68694310926696123
  0.69677818809377723  0.70675200294167850  0.71740392835394617  0.72786109295838886
  0.73821796600329559  0.74881269689771723  0.75951600927395235  0.77016190498318526
  0.78064525636215776  0.79126445282154589  0.80223350487777878  0.81356024880460764
  0.82523479416358514  0.83674870134393364  0.84811287888444342  0.85985069159686311
  0.87179296615963220  0.88353012159514333  0.89495498621707825  0.90646293762503594
  0.91781454715119426  0.92918567959597675  0.94099548793393095  0.95319896692206374
  0.96542079590625485  0.97705637539726686  0.98854298791037942  1.00000000000000000
 -0.00304700623169851  0.01052360412866597  0.02173139507298751  0.03223939955100757
  0.04285677081471041  0.05344431670252952  0.06361384709327599  0.07361338077311116
  0.08307994599759448  0.09360564492581314  0.10373976158774020  0.11425902759268645
  0.12452157417991867  0.13454829189733633  0.14463836199388969  0.15479852906350119
  0.16466681813610240  0.17491535684625015  0.18485696200027579  0.19502809278233563
  0.20497407772057102  0.21555276933710213  0.22616871117851700  0.23685569539226692
  0.24690244145476817  0.25961140307647951  0.27205586750535682  0.28345870001042434
  0.29432221304592021  0.30471959429009415  0.31499332568426730  0.32509953508098816
  0.33534766527523563  0.34594176984668779  0.35654199306519774  0.36728254235239893
  0.37785138840297583  0.38837109898656547  0.39891389235408775  0.40934233603235409
  0.41960043607978931  0.42984666487850143  0.43993839714930938  0.45051848927958293
  0.46099598398928060  0.47150153333750444  0.48194029541029704  0.49275309216689062
  0.50327427465492436  0.51390552431386349  0.52419557472221123  0.53438355108557478
  0.54400991926434550  0.55342267566312753  0.56288113004178342  0.57299790296780562
  0.58295788890618983  0.59337094549281266  0.60398885235830002  0.61423059907996957
  0.62447501407976436  0.63433888847893249  0.64406114082714927  0.65362706298266615
  0.66311762548883402  0.67319416569475166  0.68390467935464627  0.69453397767772496
  0.70508920944488429  0.71526536195688339  0.72512567108732762  0.73516725177438980
  0.74505772406898207  0.75488350134860249  0.76486585569910304  0.77569382018723521
  0.78732742525013910  0.79902310923046838  0.81044070096332910  0.82149339918143371
  0.83257952688627401  0.84446217989845174  0.85675587245206608  0.86864983508988203
  0.88010435917431062  0.89069351349828541  0.90102816616895143  0.91103272730158869
  0.92127921690888981  0.93135427940567261  0.94164397919500520  0.95253057918709816
  0.96353150571370783  0.97492680283769462  0.98672090549626512  1.00000000000000000
 -0.00189692300082539  0.00810148552909077  0.01664350409015339  0.02589603735913035
  0.03514264164128302  0.04443972712077641  0.05423708864006464  0.06452863844934989
  0.07522395876529055  0.08603396337479363  0.09667087708273757  0.10768149341396660
  0.11916742152130580  0.12988375132012098  0.13940957154565464  0.14947284977117614
  0.15981410798262410  0.17018176898634374  0.18028805920940011  0.19057764029598404
  0.20123481090471265  0.21148358907931741  0.22128949908107148  0.23138180189693247
  0.24173139236258573  0.25224990784228818  0.26298538620539225  0.27406125105863322
  0.28527906114683860  0.29612558920646764  0.30640536091954429  0.31646486810446733
  0.32627498382422310  0.33608012220484085  0.34600759810886761  0.35607121961450117
  0.36641405809990879  0.37672206805371056  0.38753582563891548  0.39877027142275784
  0.41002835885010358  0.42065065291145054  0.43066834630630602  0.44081700470182200
  0.45142760181651698  0.46204414302296914  0.47230784733697756  0.48279517299202801
  0.49402754116183145  0.50566642565779507  0.51785499268874768  0.52958820627156922
  0.54089371448005097  0.55192338732517043  0.56264973767683990  0.57250581897963393
  0.58247145350031260  0.59271295414138081  0.60270456717422594  0.61258336567664562
  0.62237802152045985  0.63196964852823945  0.64139834781912120  0.65110031475292940
  0.66119144257743678  0.67125440959127858  0.68096899055905324  0.69103844530949465
  0.70192015811066211  0.71310779556224946  0.72455167028940515  0.73593155569159430
  0.74771274518300490  0.76021092896013009  0.77277032615106067  0.78448318364021785
  0.79572122481265750  0.80680370498897425  0.81756478299456470  0.82843611028265884
  0.83935777590607397  0.85032645594905309  0.86073537723861571  0.87066657591641961
  0.88091165333905797  0.89164998375135596  0.90239457700949421  0.91309596441670493
  0.92386413597700034  0.93487855541346943  0.94565609622031832  0.95597427527834433
  0.96673064356276905  0.97758720944341837  0.98883795181299416  1.00000000000000000
 -0.00293445833267685  0.01028209739648134  0.02112661171921221  0.03186394887903350
  0.04246397528343222  0.05332224264905516  0.06404212248510320  0.07476287217513974
  0.08519912178616222  0.09505864929660476  0.10474216145056896  0.11432909726042143
  0.12415674416301158  0.13355632746222709  0.14312093738457465  0.15332721344133982
  0.16378870394206399  0.17385194828479938  0.18380118891301275  0.19422500045475000
  0.20506559797478421  0.21566995362783603  0.22608257824275091  0.23622588683908888
  0.24642233193857196  0.25757429975896134  0.26913336059838849  0.28153918871370337
  0.29329526902228487  0.30378048057467710  0.31378221272739659  0.32247724557487567
  0.33085511033762377  0.33907936079463014  0.34747659354558913  0.35646087002195775
  0.36571065322181223  0.37535424721454863  0.38550019011681924  0.39602703127462213
  0.40761841615465960  0.41932746529253651  0.43022329255431835  0.44107429914335800
  0.45207156570849211  0.46341162837401373  0.47471646677050239  0.48607909354587953
  0.49748146261292175  0.50877994008354743  0.51979540515368672  0.53012875558448580
  0.53997808515326107  0.54980166175468925  0.55974266074899892  0.57005945486214737
  0.58032501860971364  0.59059158385743871  0.60122807748370710  0.61211764695495319
  0.62378113199131380  0.63613838885936880  0.64800494735329939  0.65838304531871517
  0.66830417772341910  0.67822352803484987  0.68813576191839498  0.69819922204145435
  0.70861058211250549  0.71992662296820076  0.73154134043000896  0.74307025833878082
  0.75409408177331316  0.76410969479455604  0.77428264527630730  0.78448596551451044
  0.79474804882685890  0.80483963709708561  0.81519841128697668  0.82616360678804091
  0.83706140378480720  0.84739241136395416  0.85784882329389889  0.86897347413194403
  0.88002277185743405  0.89062438781576858  0.90119528601200438  0.91155950759572291
  0.92190228266383134  0.93204543819607866  0.94213976947883327  0.95306151470171219
  0.96429354238931753  0.97640387976354348  0.98818502829954391  1.00000000000000000
 -0.00286185800917241  0.00998294032653277  0.02066257140275416  0.03086831382553578
  0.04143459737745184  0.05314288893682675  0.06507745861546686  0.07648702381010251
  0.08687473906125832  0.09635965428679588  0.10554241019046463  0.11433385545533596
  0.12335040137508178  0.13290643389537721  0.14251380069748207  0.15309150642675678
  0.16458156453684594  0.17635190797474903  0.18830314661660139  0.19982365961167048
  0.21144764366490104  0.22257979085467292  0.23361123502739656  0.24398850565391034
  0.25441701237599085  0.26496803860406898  0.27503891728503294  0.28470602935906336
  0.29467892737804446  0.30531301370954989  0.31610905848913828  0.32683946517390861
  0.33844985605212674  0.35106110409402158  0.36306866425861223  0.37471505714352077
  0.38596942227561465  0.39712138562792143  0.40785267158520178  0.41842862483134868
  0.42967519562482870  0.44165911357800269  0.45396739404512670  0.46477495403290164
  0.47465111953880684  0.48474979286287923  0.49487434587285273  0.50481901877844404
  0.51433899599941191  0.52414633149978807  0.53469916448802091  0.54547763093435886
  0.55600386212890718  0.56596584615095413  0.57561275103991560  0.58570939569582559
  0.59657839424553349  0.60723824653769931  0.61709307613468556  0.62686629076381373
  0.63663177478227295  0.64645980424583593  0.65622722859079630  0.66650961145719090
  0.67733933543572600  0.68800463827553227  0.69841031015256272  0.70892481019412623
  0.72001613904633766  0.73134402522136532  0.74270411843608419  0.75369825706385429
  0.76433217650243701  0.77463420627206103  0.78471266859499600  0.79447005860028741
  0.80408398760828881  0.81370223145652454  0.82341752030242144  0.83301792463486102
  0.84264922577160128  0.85215880805344879  0.86224764985005853  0.87208778491779260
  0.88238876543111056  0.89243298207454991  0.90338618504765411  0.91518721800362490
  0.92597346309732442  0.93639511918634233  0.94697010651980129  0.95789218188413772
  0.96829911556240456  0.97892974246454678  0.98939679199258512  1.00000000000000000
   1.4411456366871261E-012  -1.0000000000000000     
 F F F F F F F F F F F F F F F F F F F F F F F F F F F F F F F F F F F F F F F F F F F F F F F F F F F F F F F F F F F F F F F F F F F F F F F F F F F F F F F F F F F F F F F F F F F F F F F F F F F F F F F F F F F F F F F F F F F F F F F F F F F F F F F F
  <DiscreteSampler_grid>
  grouped_processes
  1 # 1 for a reference and 2 for a running grid.
  10 # Attribute 'min_bin_probing_points' of the grid.
  1 # Attribute 'grid_mode' of the grid. 1=='default',2=='initialization'
  0.0000000000000000 # Attribute 'small_contrib_threshold' of the grid.
  0.5000000000000000 # Attribute 'damping_power' of the grid.
 # binID   n_entries weight   weight_sqr   abs_weight
    25   10   1.176439588386900E-005   6.458175267978324E-010   1.176439588386900E-005
    43   10   1.629023082388681E-005   7.817081370587636E-010   1.629023082388681E-005
  </DiscreteSampler_grid>
