 -0.00000000700181883  0.00000465527774602  0.00003651098782552  0.00010802539771767
  0.00022840466467835  0.00040659548410496  0.00060193975478724  0.00080877403838750
  0.00108827754648945  0.00143940117042347  0.00180048014737019  0.00217776215275234
  0.00252654460979784  0.00287961812638873  0.00328706566803552  0.00373807367386655
  0.00429587944207373  0.00482469190607046  0.00537525338266221  0.00599652868752077
  0.00672684056186490  0.00759826418994865  0.00855322745598130  0.00968695934211802
  0.01119094403873907  0.01220991329358035  0.01282670799361380  0.01328960855313829
  0.01368182525144023  0.01403784109492896  0.01433875699087695  0.01463250238656142
  0.01491124791416910  0.01516156521236741  0.01540903913824365  0.01565974403869939
  0.01591674863604594  0.01618900505545824  0.01647487796498544  0.01675154885793510
  0.01704193015718548  0.01732601790567901  0.01761188039114645  0.01790193933339444
  0.01818302745369759  0.01846191462909893  0.01874572824301820  0.01903699233469863
  0.01937741282569530  0.01973600568349390  0.02010941975412772  0.02048880716491944
  0.02086266188027146  0.02124537728273923  0.02161153683173566  0.02195996430347359
  0.02230166534085699  0.02264662758100337  0.02306421175663401  0.02350609572869695
  0.02391262108558116  0.02431368590584793  0.02472642860768123  0.02513696748677225
  0.02553581452072560  0.02593256007232573  0.02635808027996189  0.02679957964672074
  0.02724861366643850  0.02770958187425171  0.02820503780388046  0.02870095024011629
  0.02919407971808997  0.02969394376171776  0.03020589953062136  0.03074651392218141
  0.03129063848478134  0.03182689653249050  0.03253586987784634  0.03327799418849253
  0.03406493832405854  0.03495990987629660  0.03595297538983799  0.03694150300534568
  0.03807379454164964  0.03928057742026858  0.04045209503028429  0.04167458805107303
  0.04362061654376764  0.04586727163144166  0.04849581985486837  0.05143027201688263
  0.05712262516088139  0.07009961862883429  0.11550681948995480  1.00000000000000000
  0.00924733176654214  0.01797323590685748  0.03018825574752855  0.04217254797811942
  0.05216979577871422  0.06212627911570530  0.07350027746223722  0.08420189943140897
  0.09589942230329945  0.10575711260034372  0.11445891743842257  0.12323480664874056
  0.13219583743178395  0.14060949315361526  0.14794046219902621  0.15448866825749868
  0.16091221945170436  0.16861844708089324  0.17872116673909649  0.18898424664436134
  0.19726780119071929  0.20516308951183060  0.21353453270415018  0.22254999413843049
  0.23145678778877782  0.23965148324426017  0.24561571626558376  0.25237885941250066
  0.26003475243852803  0.27001869821315971  0.28294708626223575  0.29556892843160526
  0.30789096967260665  0.31939483909750188  0.33092618662317858  0.34287222873685624
  0.35411600574037494  0.36309726959711153  0.37141967845614909  0.37904008801000222
  0.38682857238906537  0.39469753499334398  0.40296889155236176  0.41078066673339364
  0.42008068429547790  0.43228402907492469  0.44487765002007007  0.45624255243586520
  0.46730397311736677  0.47868063587351878  0.49142821826935418  0.50369391870913571
  0.51491976661625061  0.52518202799797875  0.53585272481034640  0.54641609132521196
  0.55621060598297045  0.56654538291391121  0.57776288400502696  0.59022090726960541
  0.60275926177291539  0.61188033674560727  0.62044140998635289  0.62791376279282118
  0.63525985432150034  0.64300407845638385  0.65087220624341902  0.65859726644588445
  0.66927332819202445  0.68501261639875455  0.70205441757670561  0.71946758585171755
  0.73389276962298478  0.74736467525084060  0.75869022588866575  0.76901141787459149
  0.77915797880172577  0.78932545602213344  0.79922940287029520  0.81093314505121672
  0.82468925971620333  0.83922088283011265  0.85410375453209575  0.86795947389361272
  0.87984365651280860  0.89022587315136315  0.90136901792689983  0.91278501261375700
  0.92466739504624051  0.93623214509932962  0.94959891126858642  0.96161786420387585
  0.97227714710118696  0.98175684077662784  0.99134682951190323  1.00000000000000000
 -0.00255557089023058  0.01058842186641315  0.02209163686721288  0.03340997227307192
  0.04432599450227006  0.05443574532662512  0.06391664934179625  0.07336136094499521
  0.08237339787734820  0.09104525328984284  0.09942871811213687  0.10881854903610719
  0.11966017337328359  0.13061855268865952  0.14140747304895510  0.15237398393895366
  0.16292219141949404  0.17226938459032901  0.17995416803771244  0.18796799975870629
  0.19585425196586811  0.20369767067470462  0.21147610847635309  0.21914940937829097
  0.22624769204097053  0.23335396496065319  0.24130211380549876  0.25026947646021425
  0.25995411298544580  0.26974162703246457  0.27823615142104269  0.28681859128575882
  0.29656505140233486  0.30629271153669274  0.31620559142941079  0.32675484611954703
  0.33735872190494087  0.35392217633453127  0.36103091193225578  0.36886092404318643
  0.37649492721720434  0.38389419961128735  0.39180352656944756  0.39998344329043395
  0.40745908842419337  0.41472495787516583  0.42474371984620019  0.43630546535892095
  0.44752392915450007  0.45812244432273408  0.46743233204036500  0.47617491213098584
  0.48391533985838275  0.49084566734556362  0.49918203304723446  0.50761965874350645
  0.51643211786054999  0.52583887772286475  0.53466341577143817  0.54363901579204521
  0.55495912552361892  0.56640365839190032  0.57863736615895034  0.59272795369579068
  0.60900733265520024  0.62492644986454615  0.63719915939395122  0.64691431618334783
  0.65603467044360042  0.66536405176207580  0.67637092119291209  0.68723196684870536
  0.69833612518802790  0.71048579597522199  0.72806889868953995  0.74124343886222022
  0.75482025097438155  0.76744733260396514  0.78059787451055507  0.79383602600924008
  0.80674696402535317  0.82008287979827821  0.83288996591432218  0.84704481404240051
  0.86130268098970220  0.87591075648892391  0.88804132347552334  0.89928605720991561
  0.91129151633293926  0.92286663640914068  0.93453451291428880  0.94817779236638200
  0.96234587226520929  0.97528003443103806  0.98746221622913455  1.00000000000000000
 -0.00223492970504920  0.01216849697591472  0.02580608642381700  0.03988925235509435
  0.05299674678943773  0.06730279204587064  0.08219528314410740  0.09596319916250295
  0.10928431470160328  0.12226536464835387  0.13446426882953738  0.14606020293316346
  0.15813741356528713  0.16891596708759574  0.17784727691646407  0.18642813728432273
  0.19518907927227813  0.20445163094327895  0.21377797459482376  0.22249097141740229
  0.23199511424900962  0.24260891749306540  0.25473898054323979  0.26568465205422992
  0.27773774701812898  0.29096007394356749  0.30314775109986075  0.31462947212325099
  0.32396569414343229  0.33334526363796535  0.34263048180919781  0.35173165771563075
  0.35887574708374997  0.36564684065906072  0.37284494472351681  0.38127882326526386
  0.39016492432676242  0.39910127499794390  0.40756358858296354  0.41683021075343557
  0.42764574085141188  0.43882725601123262  0.44962572999970152  0.46025992753410211
  0.47156367130663757  0.48107537281611201  0.49013611364105253  0.49894430475919604
  0.50777158665784039  0.51661052382399386  0.52602959115493653  0.53550031439927881
  0.54596783410356231  0.55690347395870599  0.56875409311654213  0.58196384314175897
  0.59516883803120046  0.60751296614269756  0.62014664901220962  0.63233251667119872
  0.64326559644236680  0.65336242372997932  0.66287946540459075  0.67568096753325724
  0.68891089796349769  0.70098319027762279  0.71218235931576057  0.72094544806779315
  0.73041618167470768  0.74074952483783285  0.75163919928502076  0.76210051267725809
  0.77251331865742312  0.78327666092227877  0.79427661771259961  0.80327699310655565
  0.81379951628732061  0.82406673688115062  0.83424949764976353  0.84416058373936442
  0.85415878148441049  0.86495325864081041  0.87754905803350503  0.89033244530412881
  0.90161970712631001  0.91100736447119535  0.91974391975880287  0.92894838180514527
  0.93752381552214847  0.94447344948152467  0.95118927400997122  0.96015081158745808
  0.97044861050490516  0.98038339553864995  0.98957059528949454  1.00000000000000000
 -0.00164855532013367  0.00735055709667097  0.01475992676624812  0.02182334689075092
  0.02930058911998727  0.03676726694379165  0.04473558968411921  0.05343897295752933
  0.06197705649239973  0.07330507654898898  0.08443706261054296  0.09388042203184760
  0.10417529124629026  0.11429704072059307  0.12499039583059945  0.13570073479557151
  0.14546832014462635  0.15652873846926879  0.16731319257465360  0.17806915483245572
  0.18983012691197731  0.20282150477412489  0.21268808315960691  0.22106810249082184
  0.22952856341269781  0.23856733751890330  0.24746389007327207  0.25617697111781762
  0.26422301568104412  0.27324411421905176  0.28400657559242987  0.29538296483890858
  0.30826829734165356  0.32411063125497080  0.34101109630076226  0.35616878271756364
  0.36966127016141981  0.38227696978654180  0.39512391586471385  0.40784690495565490
  0.42111102952991492  0.43422212567374852  0.44499040061799522  0.45406094569786465
  0.46214044914784125  0.46807760645312618  0.47704561131430206  0.48504365045318293
  0.49244017480102042  0.49946888620020052  0.50645523363223610  0.51364088555713905
  0.52153756053220979  0.53118545522702343  0.54221491624053564  0.55354870480791363
  0.56581085024230349  0.57960033192576776  0.58956455593154400  0.59674564807351926
  0.60351872843428733  0.61093176412216466  0.61920962023437576  0.62815598401902939
  0.63685739899419425  0.64934157040610629  0.66579410243375536  0.67891272291152105
  0.68925999201078836  0.69988696306256348  0.71146480058908745  0.72314946282201742
  0.73525381019589553  0.74777437378514355  0.75880782388752888  0.76852903429801644
  0.77865146928682949  0.78918023498931411  0.80011222885541200  0.81147387953966355
  0.82411944756242439  0.83852986892086101  0.85069352858660385  0.86101228077016589
  0.87016792866682979  0.88016799571699567  0.89088858483818623  0.90134244951549214
  0.91219567190600559  0.92375478413625345  0.93728327973451231  0.95242280330663465
  0.96447955741399338  0.97775676812081425  0.98911828220880815  1.00000000000000000
 -0.00285587251780254  0.00870377435342544  0.01820028479157172  0.02801712167007372
  0.03715876406042289  0.04692288235609852  0.05806838203802167  0.07094577687542551
  0.08271002124423781  0.09029976798824679  0.09654859224279330  0.10310192347790166
  0.11157987673879838  0.11952019866795703  0.12716794422816291  0.13473110930912099
  0.14418026212072585  0.15536034756349557  0.16720491652354003  0.17741554825194752
  0.18631051135332463  0.19673354142758873  0.20794562988130064  0.21963705188542595
  0.23129543004050829  0.24336891248797798  0.25504632030691959  0.26696132260911370
  0.27914384994134389  0.29304985277991913  0.30580094529969742  0.31948041369760405
  0.33217182814976948  0.34463245432494699  0.35663213293196239  0.36723995595145426
  0.37620499813210539  0.38434861746429738  0.39240494802433651  0.40191200796499010
  0.41275707906368642  0.42320318681524116  0.43331870141659268  0.44472342633390322
  0.45617618627148215  0.46719366349480873  0.48014056103057123  0.49666961367938123
  0.51468543694957825  0.53128332484880192  0.54644399433191571  0.56288637753124737
  0.57883865674347212  0.59414138516420179  0.60623335281125967  0.61871630779951237
  0.62755008737609563  0.63545717002769142  0.64436846615980636  0.65349744053301628
  0.66344596399497824  0.67274506794890310  0.68043801064793641  0.68807701194130966
  0.69756702784310798  0.70775105044786812  0.71637448192779785  0.72427331215836832
  0.73287570120294687  0.74359220407991899  0.75568581463043727  0.76807218692333812
  0.78098665388871769  0.79246475434835961  0.80160238019639718  0.80996446332170713
  0.81886170633021460  0.82812433538657781  0.83849986010231625  0.84795013960776611
  0.85550566488103674  0.86217515902307518  0.86930628101380258  0.87702929224672677
  0.88710522029106542  0.89523854207808173  0.90319848533066760  0.91096860535455559
  0.92220930278823787  0.93713436686121232  0.95079317841107680  0.96170738652544308
  0.97020613481428419  0.97989194407749192  0.98969269210944555  1.00000000000000000
 -0.00225445473698973  0.00525600421661587  0.01245679092229318  0.01968434427833299
  0.02952332493074234  0.03799112386260597  0.04626250063533857  0.05357482142198133
  0.06019426645752868  0.06714552922397296  0.07526945186387672  0.08251518682480800
  0.09006931811738199  0.09827427424372176  0.10599734342925718  0.11337158581573796
  0.12103415809527614  0.12797205351605714  0.13466833510241999  0.14102257101888965
  0.14820457345339499  0.15600547126927194  0.16414869459682849  0.17209724644009036
  0.17949164776126930  0.18812426291206502  0.19989663060309926  0.21360853528726373
  0.22795864109321740  0.24223479439083459  0.25695081988146456  0.27111326125245000
  0.28263221147108708  0.29446654119864579  0.30785896065835022  0.32236276389959062
  0.33826342069454990  0.35662551757334354  0.37581385698802100  0.39078697419026504
  0.40597265464923049  0.42131784078057005  0.43724806021115165  0.45322803530640765
  0.46972018289565048  0.48906451931359352  0.50886219712059944  0.52600025581180487
  0.54206362138365793  0.55870956442888153  0.57510535293317933  0.59393338820988195
  0.61377373076618225  0.63198226248801281  0.65018136044446206  0.66637054531114182
  0.68100956298245685  0.69442193689465592  0.70762347168016171  0.71985424812949994
  0.73192440673258297  0.74129235421255124  0.75085514909404638  0.76081950385267427
  0.77140784620589231  0.78131464002402740  0.79138174398933048  0.80208250419496696
  0.81212460637759809  0.82053604170225591  0.82845659740411470  0.83540268530652395
  0.84162342789705402  0.84778785989864114  0.85421838576472708  0.86083351048074830
  0.86759854302167605  0.87423456302734592  0.88236146633813395  0.89107396802194916
  0.89953613010392663  0.90793529783141469  0.91610627916971876  0.92357512712894585
  0.93069561504379550  0.93783072740647277  0.94433305604303286  0.95034985501618929
  0.95621501775256257  0.96202969776688685  0.96792493557146542  0.97437841195166774
  0.98152192555024298  0.98824877750124274  0.99433175655750072  1.00000000000000000
 -0.00346056293313546  0.01110087100344290  0.02325789857016077  0.03351833582181054
  0.04347525850068830  0.05445635196788697  0.06411945436258126  0.07210386537992761
  0.07931071707708610  0.08672385513397445  0.09464775328516871  0.10375698019761163
  0.11252863982177830  0.12090842766278632  0.13020609327304106  0.14103418832076045
  0.15088624845240522  0.16160295410883649  0.17261566426262859  0.18449771351402050
  0.19551120182188711  0.20605446480794581  0.21655627046449963  0.22630547152407593
  0.23689764896890186  0.24766448152640524  0.25916254113698545  0.27101769843825557
  0.28241714885566038  0.29380894654869794  0.30651225452359987  0.31966384333017378
  0.33329092201473753  0.34685174462471280  0.35824000592553901  0.36743977518882009
  0.37629022346923202  0.38571716039598902  0.39551322749997281  0.40433403770510756
  0.41321257379359932  0.42355555312364568  0.43495377889889930  0.44649044345510486
  0.45680397383762567  0.46547313630413401  0.47369340727842091  0.48238980031532847
  0.49295228372513472  0.50477673224508901  0.51661779319018220  0.52864109985243368
  0.54090031419314433  0.55268386228301813  0.56396554466012994  0.57617381589234151
  0.58726116776076387  0.59822015020912300  0.61152157147547215  0.62427675335137356
  0.63372962568727420  0.64226775353436061  0.65215609962594878  0.66374540942342020
  0.67465029952993483  0.68441144869186510  0.69459995844968181  0.70569370460021863
  0.71774233910069618  0.73130669558658545  0.74674508367939996  0.76176423562872253
  0.77383179827911852  0.78474548156103596  0.79468362833097461  0.80433159309084412
  0.81445286291686936  0.82313944998083399  0.83289963579558479  0.84188605677971484
  0.85069672467960844  0.85911796944134788  0.86789479309004780  0.87668336221149146
  0.88560299222677774  0.89440198155458861  0.90207323867639222  0.90971869049942788
  0.91911892606058421  0.93106748460157673  0.94185231611017706  0.95193580071780470
  0.96252100816056474  0.97323586114299621  0.98575871370171375  1.00000000000000000
   1.5726324916824729E-014  -1.0000000000000000     
 F F F F F F F F F F F F F F F F F F F F F F F F F F F F F F F F F F F F F F F F F F F F F F F F F F F F F F F F F F F F F F F F F F F F F F F F F F F F F F F F F F F F F F F F F F F F F F F F F F F F F F F F F F F F F F F F F F F F F F F F F F F F F F F F
  <DiscreteSampler_grid>
  grouped_processes
  1 # 1 for a reference and 2 for a running grid.
  10 # Attribute 'min_bin_probing_points' of the grid.
  1 # Attribute 'grid_mode' of the grid. 1=='default',2=='initialization'
  0.0000000000000000 # Attribute 'small_contrib_threshold' of the grid.
  0.5000000000000000 # Attribute 'damping_power' of the grid.
 # binID   n_entries weight   weight_sqr   abs_weight
    19   10   2.106979328349920E-011   2.287275156696265E-021   2.106979328349920E-011
    22   10   2.216220058639342E-011   1.811365974675249E-021   2.216220058639342E-011
    25   10   3.764895345387404E-011   5.847815790117021E-021   3.764895345387404E-011
    28   10   1.471946647301584E-011   5.697191931935699E-022   1.471946647301584E-011
  </DiscreteSampler_grid>
