 -0.00000000181621262  0.00000109019964552  0.00000799568585579  0.00002260687850841
  0.00004489792205550  0.00007360431079227  0.00011055837577560  0.00015384638368788
  0.00020155816112454  0.00025430495365149  0.00031146133680786  0.00037268100911465
  0.00043900415410540  0.00050697028413455  0.00058141693063635  0.00065566891180444
  0.00073372938764327  0.00081194197690931  0.00089035527229067  0.00097076035250444
  0.00105105945065712  0.00112917749032455  0.00121173019769303  0.00130133949687859
  0.00139225233195594  0.00148183123409148  0.00157147544082908  0.00166330726681419
  0.00175448321384284  0.00184579244258965  0.00193880974801300  0.00203195897463826
  0.00212427105963148  0.00221605485769354  0.00230588786923924  0.00239644769634836
  0.00248865156365416  0.00258196434493943  0.00267495422643805  0.00276972813480487
  0.00286682334681702  0.00296232539311992  0.00305610780711691  0.00314909845766801
  0.00324240973197773  0.00333655698702798  0.00342974791242032  0.00352396594143890
  0.00362067592883060  0.00372068434794500  0.00382572722565504  0.00392560536827951
  0.00402540188193866  0.00412432981809615  0.00422305985238721  0.00432151727099490
  0.00442010123088990  0.00452010155491914  0.00461859140123664  0.00471474970922309
  0.00482148782039655  0.00493149213748747  0.00504215309321782  0.00515445687357535
  0.00526821978135202  0.00538221319954049  0.00549880853593694  0.00561643739410479
  0.00573452455399302  0.00585350592873750  0.00597168858172110  0.00609093320805869
  0.00621142987287511  0.00632992356438422  0.00646051506361902  0.00660804333695792
  0.00675275252923288  0.00690045875287356  0.00704964129676163  0.00720173030861563
  0.00735829046080761  0.00751994238283000  0.00768659675928147  0.00785901869369048
  0.00803575923819363  0.00821818976138068  0.00842214904905381  0.00867135316138695
  0.00895129387047425  0.00925492240516192  0.00959141092647748  0.00997930120383708
  0.01046503049506883  0.01121981132162516  0.01212315144751580  1.00000000000000000
  0.00960095864645524  0.01546234934860542  0.02482583978240762  0.03636131610683552
  0.04780637359934545  0.05946528967916941  0.07182869527438809  0.08334992037412729
  0.09403864761992756  0.10414881426764894  0.11430907790189909  0.12436924088441637
  0.13435486858457421  0.14479278817740066  0.15562131650575853  0.16634284228312482
  0.17663101440597742  0.18696264671813198  0.19825094586860670  0.20909637181462123
  0.21859829022329250  0.22813928023448465  0.23769842815118952  0.24724141630357518
  0.25667548903714016  0.26614333052889161  0.27579631942068106  0.28599679795060839
  0.29614450601678372  0.30642894421308348  0.31626379814686745  0.32538241516633748
  0.33474909774119738  0.34455702012781070  0.35461352187525519  0.36472887931554648
  0.37490069327878944  0.38542240699087510  0.39600545965596773  0.40628810249400360
  0.41717093314679587  0.42862728237774778  0.43976623679683008  0.45018409989655633
  0.46037018225380816  0.47070724872931397  0.48127153124230437  0.49236690247416803
  0.50346835358423903  0.51424595101530801  0.52515856918247283  0.53639545633120300
  0.54771564920354621  0.55878081071868035  0.56937179696175655  0.57983533320162828
  0.59018152380655464  0.60046128304436552  0.61064478785646903  0.62068559159675640
  0.63096908571909827  0.64172741469564498  0.65319650006523766  0.66515746912044582
  0.67620864940188408  0.68688293629133790  0.69670216644641125  0.70648152673202480
  0.71595534831416141  0.72533302851200021  0.73482003011067620  0.74437937601740978
  0.75462674430854781  0.76600706840052180  0.77842054345775580  0.79182684259320613
  0.80450329597356041  0.81670752759735799  0.82724553065757078  0.83788374904838137
  0.84869144733797830  0.86028449286749276  0.87204198932115040  0.88353227182865968
  0.89446794144464514  0.90495636234439691  0.91511193194513840  0.92516827882524122
  0.93509566430648872  0.94536281679068901  0.95569242596656900  0.96504968338141695
  0.97408653811629731  0.98343305961272209  0.99086372229004760  1.00000000000000000
 -0.00001978907569737  0.00025001075440595  0.00072892782976859  0.00149278281868128
  0.00256880817509014  0.00396252489499606  0.00554118133765632  0.00746694268380421
  0.00956604835905733  0.01175612441835344  0.01419507553116820  0.01681780359439250
  0.01957051745611888  0.02233832804350216  0.02528460352151449  0.02840844536662751
  0.03184364814316924  0.03550620996625242  0.03925369910467785  0.04305016702606430
  0.04722317230048514  0.05178149344195234  0.05655137685902457  0.06168273216890429
  0.06699647246960472  0.07222668580917160  0.07745296884926417  0.08271934487718378
  0.08796008270080727  0.09328985153748751  0.09915714201767403  0.10549828354782850
  0.11187136863242421  0.11877134024618483  0.12616481760939749  0.13354637739234743
  0.14062930229613005  0.14771013876535233  0.15539877355229537  0.16308265251663032
  0.17051820615449453  0.17800738723539139  0.18642027440219486  0.19537165792198308
  0.20435425986781205  0.21308245193330627  0.22162400649298022  0.23018207670710611
  0.23876849611879986  0.24752922786892381  0.25639019426790310  0.26539832984459388
  0.27485139492287419  0.28473067178746353  0.29499769429626682  0.30562563186850977
  0.31645484523872375  0.32743808527639851  0.33803148694549923  0.34870176624797450
  0.35945790415354195  0.37030327693589454  0.38139953200443516  0.39299631825982362
  0.40503891200068720  0.41700903282374735  0.42967731408807563  0.44390057848565828
  0.45857020969754542  0.47304493835576256  0.48736574502370589  0.50176376228314257
  0.51596027409461342  0.53087951261735788  0.54757834643661119  0.56503247477002438
  0.58221058528616232  0.59941958129791295  0.61670423376837302  0.63393099507703432
  0.65171944891223199  0.67016786722784938  0.68917654327762168  0.70852971058040071
  0.72809777819213306  0.74932782374203255  0.77057486837564304  0.79157238731543877
  0.81369616839780701  0.83681420756811387  0.86025171910852427  0.88490557953491900
  0.91220485255938999  0.94075633284574356  0.97012122630691877  1.00000000000000000
 -0.00290870038143620  0.01052657150512322  0.02255784539822644  0.03498386138502316
  0.04724739099386890  0.05899122134619490  0.07062890385809806  0.08213435258540135
  0.09345438907902520  0.10460783151725893  0.11538936218841672  0.12623546003090441
  0.13685848612817192  0.14763509450640530  0.15863484415566043  0.16974629871840929
  0.18129199077248340  0.19262895132156027  0.20420018438332099  0.21538282644568835
  0.22629407664620199  0.23663886981268831  0.24655444814274169  0.25641544642315717
  0.26610057792962732  0.27641484763811747  0.28682848840554470  0.29740894221162956
  0.30792046516225624  0.31916770966840069  0.33122964273399835  0.34388596530205434
  0.35707866406988270  0.37018248678125959  0.38288183185637004  0.39483719421693186
  0.40528276172491101  0.41508310149801292  0.42477469603476448  0.43414853250495111
  0.44354381509152896  0.45294727958901798  0.46265028537427433  0.47285341697778183
  0.48296267684276678  0.49288928134657500  0.50239113426188176  0.51133879006002381
  0.52042782026253809  0.52996700048252077  0.53950786272113249  0.54980839451373331
  0.55987087186722939  0.57011081008215925  0.58042971311482194  0.59124048304859678
  0.60234333851041733  0.61296368159029502  0.62370454416851495  0.63475653891544237
  0.64643285481921930  0.65768052685578526  0.66904455151293352  0.67961020068748901
  0.69013751557395642  0.70062761506364257  0.71084791375489209  0.72077929935254759
  0.73078484915132802  0.74107858074657862  0.75118340667268801  0.76085923275922662
  0.77091859527392492  0.78141626258923735  0.79255790177265373  0.80181403111496541
  0.81142480681202578  0.82075146459663950  0.82996415820486380  0.83923500203952139
  0.84835763238315465  0.85759586159187384  0.86753971242898131  0.87787537023659079
  0.88820522495613186  0.89804105708296433  0.90763441261982303  0.91722995101788130
  0.92722550515226043  0.93700707216774859  0.94729243528648299  0.95766917268919971
  0.96761719264787005  0.97824266520256664  0.98897281481710908  1.00000000000000000
 -0.00270063445361315  0.00947689322365202  0.02004602694985415  0.03039485636917381
  0.04083137205167688  0.05112628554960175  0.06148225148956465  0.07210553831340091
  0.08342616672111500  0.09511712881352834  0.10672706643204774  0.11827659253758277
  0.12973610447935854  0.14084498260468004  0.15198864631068706  0.16311962749696216
  0.17451558853559201  0.18598033914411768  0.19720488496803285  0.20794728423982781
  0.21812954579535099  0.22805434383643378  0.23785788922531073  0.24785537608984268
  0.25841428283707785  0.26919003584828782  0.28036130750966509  0.29172855401154968
  0.30268894302203503  0.31346757023455379  0.32366177212730074  0.33357085537331405
  0.34334614567906901  0.35352604123103670  0.36405399224274260  0.37473540894113161
  0.38558951987780393  0.39615269649814960  0.40570258840294920  0.41482566974171647
  0.42386583465281596  0.43308410760399446  0.44203869560730125  0.45074205926959904
  0.45963002478630999  0.46975227320612140  0.47984432422519468  0.49023605681131016
  0.50066786499780158  0.51168958518023955  0.52311232807507568  0.53451496683192690
  0.54581482186270414  0.55671837210427677  0.56792835313578971  0.57865197428289483
  0.58992040491211284  0.60084255287956490  0.61161969227239865  0.62193663539626620
  0.63243986513695738  0.64287087525050468  0.65339150558642145  0.66430402746142714
  0.67513011515845578  0.68664103275426669  0.69881378848401110  0.71083661056497471
  0.72181756536072750  0.73263012578843489  0.74365362621157860  0.75463826292070280
  0.76536665976115137  0.77623275365486522  0.78720957971263650  0.79815589004858445
  0.80890738951678109  0.81967340014586221  0.83031772850817087  0.84028513278901840
  0.84999820584688823  0.85938666775264916  0.86872179215525980  0.87817176314538015
  0.88749411459538552  0.89667025804915712  0.90628822225136507  0.91653828658866476
  0.92722491181227651  0.93764742457904915  0.94784189812894937  0.95769832071276384
  0.96837871415382593  0.97862727752312240  0.98921584520142603  1.00000000000000000
 -0.00291229374783194  0.01010946301643213  0.02124114231363716  0.03298752113416312
  0.04415869253730005  0.05479212320272542  0.06534027112585157  0.07580600774970257
  0.08595342121849761  0.09577697527018468  0.10600789306997652  0.11673614814224736
  0.12771202102030929  0.13897320602338964  0.15091232523405962  0.16306635125944144
  0.17410052099673162  0.18446889766810071  0.19512668913082751  0.20601127881083822
  0.21678273335807519  0.22745928529371501  0.23851925359280413  0.24996157513435766
  0.26109078930114549  0.27215484551241931  0.28291871202262209  0.29319934211360948
  0.30313544537553727  0.31315290595394096  0.32369450144103862  0.33457260539863359
  0.34553902109750717  0.35684637357776489  0.36881679310317694  0.38125458145261798
  0.39353620375406673  0.40537172725380516  0.41645864654416281  0.42735928944525714
  0.43798670837399906  0.44874736878295141  0.45907239269076228  0.47004723837189916
  0.48086234084921164  0.49160042919487745  0.50242202743416231  0.51366434484355017
  0.52453536376713217  0.53495273021592515  0.54482561919726247  0.55454859996169104
  0.56434629919768609  0.57422573404368860  0.58410785893299622  0.59412228225985242
  0.60431002220496388  0.61484210952744389  0.62538018190557831  0.63545452556902537
  0.64505756653670643  0.65449198870588232  0.66397728438435122  0.67346336452748434
  0.68281075386767198  0.69235646153691910  0.70224514728699861  0.71213353691726000
  0.72195148667762599  0.73184295439701830  0.74209948398864500  0.75268303542481829
  0.76311191356594832  0.77367092590382347  0.78540178369149427  0.79595449525098738
  0.80586310697875974  0.81532055536074899  0.82432713397387536  0.83340089845407161
  0.84267500617212743  0.85242114456515561  0.86258801292597886  0.87261639854217032
  0.88232125436028797  0.89233022959676433  0.90275646716153468  0.91369034302877095
  0.92453159902649085  0.93517494937528411  0.94587087485539545  0.95661093847075074
  0.96767377829103440  0.97901160881668925  0.98962030993413275  1.00000000000000000
 -0.00230992859257484  0.00930345354709074  0.01843286499783434  0.02870291439405988
  0.03842783591898256  0.05022227614181505  0.06251130724797560  0.07256691999247063
  0.08285038494108832  0.09268484529917173  0.10270870241836376  0.11206568179538177
  0.12174376511758697  0.13230907567279077  0.14327103218424264  0.15409552176900213
  0.16497651837309726  0.17567311905981586  0.18639143185835466  0.19717339114419144
  0.20808970452905851  0.21836235195721257  0.22835091973410820  0.23899340306477271
  0.24987680473486490  0.26086096575015455  0.27133736450420898  0.28300021714708490
  0.29443790432613182  0.30561043866882925  0.31672520063855025  0.32730937868857857
  0.33788486837133974  0.34840623945301930  0.35944571003634834  0.37054623232600481
  0.38201106030385518  0.39398023727076775  0.40499976540587268  0.41624299642108686
  0.42758310421417611  0.43843165087861885  0.44908471537747940  0.45993120095378826
  0.47214794060561405  0.48369869892589151  0.49475251464798353  0.50537899188501423
  0.51581278660730867  0.52602873278151041  0.53612844236735135  0.54649328621751214
  0.55738378149383172  0.56800721049705871  0.57859587601343965  0.58919453751167383
  0.59974690707452238  0.60985395835807510  0.61987415520173150  0.63028069071309034
  0.64093387194411322  0.65153228887912173  0.66205135407914240  0.67241332166965928
  0.68257556909705386  0.69281087950018516  0.70312067378336351  0.71321426375413965
  0.72286790253227240  0.73290572989791181  0.74292630953699912  0.75220144903770614
  0.76062816639484954  0.76936511212158365  0.77863408568758519  0.78756591114596042
  0.79613373187653991  0.80452899089071761  0.81332530938350056  0.82298339693989764
  0.83296309327360152  0.84331685998128636  0.85420169077567520  0.86586473890765814
  0.87790244192443778  0.88985261672896654  0.90079646952616732  0.91084892410935014
  0.92111232057062531  0.93196454195941547  0.94293543610743114  0.95385189495977674
  0.96505407277716904  0.97734687043701329  0.98863592978928172  1.00000000000000000
 -0.00232015416833277  0.00904732498644503  0.01918038054509762  0.02933611908784924
  0.03953912992113505  0.04991283858872056  0.06044350306420677  0.06985621464279224
  0.07902021684046287  0.08863973703275405  0.09853602700262776  0.10889224912130310
  0.11885230429682377  0.12920677338649350  0.14085700078548816  0.15218903438823864
  0.16343562303874293  0.17473359370630853  0.18629340488834731  0.19769058811736900
  0.20908818297474260  0.22120954674681020  0.23230320564762053  0.24288204384665218
  0.25332765289913700  0.26404119979413360  0.27465520318299402  0.28526676995787420
  0.29553064956316344  0.30567917479837114  0.31512028575896012  0.32417997618038247
  0.33325953403186970  0.34271845823813374  0.35207369789384552  0.36106039322258693
  0.36997435537707157  0.37931289136864615  0.38951074008246805  0.39966766652440672
  0.40939987601656341  0.41893736935370379  0.42840773672466104  0.43804959846726221
  0.44800607364395556  0.45834659579423764  0.46901438123379313  0.47999877637574895
  0.49167411546609935  0.50320855475968229  0.51410551404035787  0.52478576723782422
  0.53543583831046015  0.54583512207945217  0.55606638315724521  0.56653101729854927
  0.57759275200078797  0.58829151827283854  0.59876050949984050  0.60911020250032610
  0.61960152383932487  0.63038497309155939  0.64055532714359564  0.65053414886978467
  0.66059715896029569  0.67110333982606929  0.68221973348697729  0.69325324013390244
  0.70483396210450222  0.71627000948420216  0.72770531178350140  0.73989232421461448
  0.75193851909858289  0.76287378363363600  0.77347378933820776  0.78387999818090570
  0.79425607392455844  0.80407458554864919  0.81383421680134460  0.82383576214337073
  0.83378242973019201  0.84443388196158953  0.85444890659185413  0.86617165201298718
  0.87762122558506106  0.88897116658913589  0.90037253194258693  0.91226505602508356
  0.92323843748806600  0.93384873519322187  0.94449041460897465  0.95521715109473782
  0.96614712852846429  0.97683504266603127  0.98819691811648802  1.00000000000000000
   1.3278889261704666E-011  -1.0000000000000000     
 F F F F F F F F F F F F F F F F F F F F F F F F F F F F F F F F F F F F F F F F F F F F F F F F F F F F F F F F F F F F F F F F F F F F F F F F F F F F F F F F F F F F F F F F F F F F F F F F F F F F F F F F F F F F F F F F F F F F F F F F F F F F F F F F
  <DiscreteSampler_grid>
  grouped_processes
  1 # 1 for a reference and 2 for a running grid.
  10 # Attribute 'min_bin_probing_points' of the grid.
  1 # Attribute 'grid_mode' of the grid. 1=='default',2=='initialization'
  0.0000000000000000 # Attribute 'small_contrib_threshold' of the grid.
  0.5000000000000000 # Attribute 'damping_power' of the grid.
 # binID   n_entries weight   weight_sqr   abs_weight
    19   10   3.198705114106609E-005   3.349222586105707E-009   3.198705114106609E-005
    37   10   2.679497402454693E-005   1.825868993030801E-009   2.679497402454693E-005
  </DiscreteSampler_grid>
