 -0.00000000434157764  0.00000330493471831  0.00002471521733285  0.00006642917639484
  0.00013923067383422  0.00022278220376574  0.00033947455934103  0.00049816229734848
  0.00067604518190235  0.00087867282444716  0.00110576881550783  0.00133640289320657
  0.00160515507986305  0.00189063100903169  0.00216248359836434  0.00242863405960378
  0.00270817333235999  0.00296666205382352  0.00320710957128237  0.00342854554608268
  0.00365883568251482  0.00390609963819774  0.00415708086689057  0.00441671366747114
  0.00471258294098285  0.00504289192765468  0.00540277807108867  0.00577427172681963
  0.00614350761326659  0.00651910491560974  0.00690108680047295  0.00728668965240649
  0.00766420728085644  0.00805062337270287  0.00842032553394773  0.00875665589299772
  0.00906240063465286  0.00934831150166387  0.00963832651212183  0.00992848030905129
  0.01022173476789707  0.01048024519299679  0.01072163110187483  0.01096331020561283
  0.01121638177446583  0.01147465446294729  0.01174638697060930  0.01201729765324096
  0.01234132292311072  0.01271441649066215  0.01307688315944106  0.01344869492299187
  0.01381649882626373  0.01419572448443507  0.01460221472708441  0.01505717377478764
  0.01557487680744143  0.01608380692123033  0.01656184591799173  0.01705262828811749
  0.01752004582708809  0.01796290592317469  0.01839689521758878  0.01881230641680742
  0.01921543177918256  0.01966168013988692  0.02021386890460766  0.02079640134289198
  0.02142219165280407  0.02198999245614022  0.02247743054808106  0.02298911318745961
  0.02350436401474910  0.02408455663119382  0.02470462558875410  0.02547251978261362
  0.02641430344667931  0.02745283111150937  0.02843288276482794  0.02938780936445232
  0.03036131824283734  0.03141662098855273  0.03238289950104977  0.03348948624599474
  0.03459722187486758  0.03587622576080019  0.03740545108660727  0.03897913029238233
  0.04084374147505576  0.04273063989114746  0.04501240753792605  0.04853315003574948
  0.05316631307985926  0.06360574774998684  0.11537069093409941  1.00000000000000000
  0.00811845912955091  0.02132977133402771  0.03450442837947435  0.04595555708790747
  0.05556144718984998  0.06493815989841834  0.07585455373591415  0.08855674758770074
  0.10012287941777658  0.11135595989755473  0.12250778880559138  0.13696636783793809
  0.14949850384563515  0.16063867296070231  0.17043413230478213  0.17933503492819350
  0.18867205671950918  0.19797909761116236  0.20741047269404775  0.21792802557970906
  0.22913668670312498  0.24116331623490067  0.25348438675386359  0.26507916999207826
  0.27809654861754451  0.29192411815393848  0.30462064857951893  0.31788693624027325
  0.33067656154806951  0.34264718179306652  0.35213772838958202  0.36020427150354645
  0.36767468999027630  0.37585588295903577  0.38518987801341120  0.39558974418526249
  0.40558200007959955  0.41601484411995154  0.42578504653977317  0.43501401196122130
  0.44293140314702484  0.45099776133493141  0.45805306150259928  0.46470305097296560
  0.47140954811186858  0.47865647847121356  0.48603928972410559  0.49255670505816734
  0.49785574253635617  0.50396023202995399  0.51097950385895219  0.51851152218038177
  0.52707316435490092  0.53674181456479420  0.54616088852929567  0.55537129393527385
  0.56507367363486494  0.57447577764275048  0.58493829111928652  0.59571882661114661
  0.60623864115432857  0.61691853176825062  0.62921004311695361  0.64300336530085223
  0.65592178662884171  0.66723920148582450  0.67795576881809538  0.68894712297758132
  0.70022769854122879  0.71154721032588808  0.72236438416779236  0.73475763801306304
  0.74736979067185216  0.75800225808482302  0.76514130840512484  0.77259049019224380
  0.78319461557153092  0.79330014819669692  0.80289472033926623  0.81323950197207195
  0.82630915194136922  0.84209782157588109  0.85516153783151949  0.86525587579741081
  0.87528869686625965  0.88581331329692037  0.89583567285429500  0.90524508663070957
  0.91511670233923292  0.92778868008953930  0.93941945984503628  0.94968197507207841
  0.96059145591030670  0.97317938785748181  0.98620665441998578  1.00000000000000000
 -0.00335185830090289  0.01221282429128834  0.02533838202507159  0.03795403369015394
  0.04829479096973016  0.05769464629863925  0.06744297336751369  0.07726729172282069
  0.08670986454825884  0.09566009841282233  0.10524248959174042  0.11649725973330553
  0.12849944464897256  0.13790985539489978  0.14715526507183374  0.15663617996875048
  0.16761712869847101  0.17926815234940205  0.19151877483620236  0.20296738802606892
  0.21381253300484726  0.22455657495796877  0.23546650209003822  0.24652832809204886
  0.25684062764278376  0.26663200409529686  0.27554320714236136  0.28403108930966714
  0.29383578250296782  0.30215584876181417  0.31146543858432713  0.32003578587981041
  0.32799865774242287  0.33585036106783012  0.34407441374050968  0.35389575256869643
  0.36721251577034425  0.38221109104999068  0.39865292597772223  0.41557967714678778
  0.42940117975763792  0.43953112915237391  0.44757008936856790  0.45529479503803294
  0.46174315728089110  0.46918834978202156  0.47593066878990981  0.48179146143310242
  0.48748618869477822  0.49348233481432557  0.50135589656498147  0.51145886610110325
  0.52127251791583207  0.53016702840184393  0.53865821013403126  0.54855238346237889
  0.56057733359566930  0.57589726431773425  0.58973213947293035  0.60210535455920744
  0.61391774302595903  0.62601434920112842  0.63955831969919230  0.65378599461086451
  0.66762959943080369  0.68191860964507811  0.69578942031609425  0.70738550715987625
  0.71959401185889849  0.73204094827814958  0.74586557544368692  0.75939679885112188
  0.77166990891331477  0.78234669251749411  0.79222040421773976  0.80061941894889788
  0.80763481685254224  0.81516014939820880  0.82468125235720358  0.83593145195341367
  0.84687694318962381  0.85940528680316985  0.87409357064228943  0.88667768364641220
  0.89757798100213915  0.90812059766933095  0.91905489127133033  0.92968250373069872
  0.93850489386358038  0.94686117917952051  0.95588980125138912  0.96557665070443122
  0.97643427897357193  0.98653505692765708  0.99379514326325746  1.00000000000000000
 -0.00307546003050199  0.01335666494512188  0.02803591672910319  0.04228876610855187
  0.05544334286977820  0.06729157247235858  0.07727728116330160  0.08663483758834979
  0.09647012148773738  0.10885826349776753  0.12137906787444512  0.13392215542049987
  0.14586759719152842  0.15354211766632012  0.16097439276683564  0.16938821755675265
  0.18006522597186286  0.19217928260717196  0.20279008484483488  0.21437095095069947
  0.22678802115460370  0.23675992409251340  0.24522477188799569  0.25413967963653383
  0.26303769357129442  0.27173433863303248  0.28049144977658241  0.28882526003320375
  0.29860436940529916  0.30936293102957196  0.31886415620297603  0.32890978574525764
  0.33903669390561564  0.34857784732631997  0.35663599086749476  0.36438431656153447
  0.37175348581446127  0.37982554656123274  0.38762329998355177  0.39532587072789471
  0.40277418306096113  0.41067154713219889  0.41960942368992332  0.42935956462321823
  0.43986546958156908  0.45082845361437923  0.46039939949143199  0.46978318019412313
  0.47942828749128935  0.49062132464481367  0.50484432240490629  0.51953090425906423
  0.53584921024807408  0.54858596920831615  0.56108158843347633  0.57058851634899121
  0.58039810217809884  0.59002523771189408  0.59975456062247645  0.60963009685685920
  0.62047567832795214  0.63394616430694484  0.64915453790645061  0.66382753826256224
  0.67534309478552634  0.68679003449199727  0.69578027182003843  0.70664257892166671
  0.71837210515646333  0.72885382537652088  0.73682345928363058  0.74465650601772426
  0.75444751594623971  0.76511769459912837  0.77429775133949108  0.78277918015669257
  0.79132385100628666  0.80137612044007411  0.81263567194863129  0.82483051643079985
  0.83672227717694969  0.84975437331621750  0.86077585929095490  0.87091877108387128
  0.88156122294375383  0.89270529420920353  0.90369154529842299  0.91648110985073239
  0.92757467965702900  0.93843387939486578  0.94904426918564211  0.95988262894845733
  0.97034764808013652  0.98032884330394665  0.99013572275173956  1.00000000000000000
 -0.00272876748149266  0.01533613092152186  0.02893177528580214  0.03988841769538672
  0.05020734865635611  0.06087978109705195  0.07251909291035111  0.08674610674732811
  0.10164351593499754  0.11628995544010262  0.12879275816488484  0.13985102495476784
  0.15003687602744464  0.15933676792531618  0.16910508216952352  0.17885481504404779
  0.18938076444943172  0.19952569330822842  0.21032823949481200  0.22184715073330477
  0.23309249948744182  0.24377133028477629  0.25432990578348336  0.26573946246599994
  0.27940233400264247  0.29197003702031477  0.30349909043118550  0.31433190024226570
  0.32622739430898096  0.33854622141800267  0.34945405577033511  0.35588700499093401
  0.36219834871181333  0.36868109468758931  0.37738142903749233  0.38741383260417223
  0.39554943203687792  0.40354364110200613  0.41189287102728728  0.42471341673982921
  0.43773474316257072  0.45048394480048642  0.46382006845768381  0.47910650263285048
  0.49530804803929962  0.50884855615109315  0.52194373797379445  0.53425015856519109
  0.54602555617333792  0.55707966832744993  0.56831155393632848  0.57796328102419459
  0.58696895533818061  0.59552680465778474  0.60404617011494022  0.61491769165460053
  0.62579894608178133  0.63608920678793657  0.64667611674550385  0.65760480275619615
  0.66895543121848533  0.68127598559536029  0.69318034329382117  0.70310464241139470
  0.71160231965801812  0.72155914705490998  0.73050379854092928  0.73899454604863923
  0.74851110510829555  0.75814590131060333  0.76839733119016396  0.77704105474532481
  0.78551032573518997  0.79320468601296201  0.80121634464521607  0.80894703373236554
  0.81824973028698800  0.82783032361897335  0.83879401464751069  0.84932456861503247
  0.86004156569358570  0.87082682756063823  0.88078188633204846  0.89091127907331547
  0.90064191910401992  0.90891125490055269  0.91658039852443307  0.92357038231167243
  0.92996493084446885  0.93629931676906464  0.94534468321607801  0.95638630599610042
  0.96842053503055903  0.97857369158370111  0.98951877734466853  1.00000000000000000
 -0.00478661955967233  0.01679050393490365  0.02857051078426442  0.03851273654231372
  0.04795837208415625  0.05709856931615855  0.06878301586830445  0.08042746721587624
  0.09166116527402193  0.10361157306799997  0.11665175468170517  0.12915244195882519
  0.13921379285471322  0.14855516424064041  0.15759397348309240  0.16630123053116899
  0.17401838003405085  0.18203168276270065  0.19161566883833220  0.20240467417181454
  0.21400349812652578  0.22575386515788251  0.23977765480075827  0.25469695661336489
  0.26782720210068245  0.27990356785660220  0.28999996087719804  0.29893995641585264
  0.30704827812449775  0.31430327200772684  0.32275311853654032  0.33005733793531616
  0.33926024444152458  0.35088841463927473  0.36310276150610749  0.37407756034415307
  0.38092582252219492  0.38824449839108532  0.39661507007966307  0.40499966848469843
  0.41244948678497845  0.41980992049685789  0.42749443559416839  0.43494482460051559
  0.44433595325123609  0.45529567706500662  0.46620542683001143  0.47577495372030587
  0.48490188749209628  0.49639220021681996  0.50999945764428201  0.52359945572037547
  0.53522658658788513  0.54876381269443464  0.56263888114448335  0.57543566899901266
  0.58623728505060668  0.59422966231587038  0.60209244885989288  0.60963714085538989
  0.61889797888911413  0.63173156542775721  0.64503599628407660  0.65707376056458555
  0.66832945687072809  0.67753067639591480  0.68786414795093631  0.69912860512290276
  0.71082930778167885  0.72156958256328763  0.73219248978950124  0.74546415294378454
  0.76094386992057661  0.77680614875284848  0.79274473506579335  0.80672073912487163
  0.81862144417168070  0.82936626394390067  0.83964407867823143  0.84913007424599751
  0.85912581811861599  0.86855756287926100  0.87722103540990359  0.88553964580501898
  0.89317066564335812  0.90287180172683501  0.91327422621917720  0.92495020586776966
  0.93726615295029247  0.95174075807019187  0.96188926239469330  0.97008330190022229
  0.97752178610064411  0.98490924606114927  0.99245769295024078  1.00000000000000000
 -0.00259068107195850  0.00735781725366279  0.01654180091289677  0.02474595711513390
  0.03185263595731348  0.04039787357078130  0.04968862660506656  0.06159522016550977
  0.07221808599194526  0.08131176171779107  0.09031989391071507  0.09853543291089681
  0.10618964520337994  0.11257419310507757  0.11846340095730408  0.12463707277330076
  0.13095409147710210  0.13758875359786715  0.14637400143745843  0.15613163275226197
  0.16936742533803287  0.18176732752559524  0.19310058673899227  0.20342958759447780
  0.21522968415597224  0.22693611820354698  0.23840641199449081  0.24960995255682625
  0.26086611966574924  0.27177938598257773  0.28034738739256626  0.29327091263685751
  0.30415133814222117  0.31406228431122524  0.32476155824274772  0.33308521359156412
  0.34373065153223276  0.35525939506916765  0.36988504751562634  0.39067410338130126
  0.41614371377378090  0.43813334788504965  0.45891258965640730  0.47566140985548994
  0.49198027792940735  0.50963048650410825  0.52896447585954520  0.54900953875584968
  0.56644109073450644  0.58307314416183387  0.60031178442748279  0.61857662692613702
  0.63523119048150634  0.65005100604583910  0.66385099521300694  0.67782743527674427
  0.69149842593929933  0.70381430679555790  0.71646339283319449  0.72902509973110008
  0.74101528555654328  0.75281838481317287  0.76368553607765877  0.77468023528144969
  0.78510240871824266  0.79484117427429357  0.80342284029389566  0.81190513639934847
  0.82007291893211909  0.82784987454674508  0.83490316726259794  0.84186839773049893
  0.84903465009205659  0.85647170602347045  0.86390120134320691  0.87097128424533254
  0.87851578089022819  0.88656834831406028  0.89448320454015084  0.90193627629429218
  0.90923275430865302  0.91755135263642240  0.92684977142330671  0.93546807275650579
  0.94253337165490370  0.94818588599146603  0.95312042642909700  0.95806724328286641
  0.96297098383952562  0.96798713397344838  0.97316755657701037  0.97884346162611757
  0.98433439332929729  0.98967298891883826  0.99506073456968003  1.00000000000000000
 -0.00400601082636022  0.01354075666407562  0.02781265208816209  0.04054000701418289
  0.05067620528451851  0.05812583511575144  0.06556115169354260  0.07365080209757596
  0.08313044915861977  0.09428151893777699  0.10588979381818006  0.11716449422094319
  0.12863838172689554  0.13964957008979603  0.14871125763558854  0.15632916664874935
  0.16351733154352360  0.17132606184508234  0.18146514752253393  0.19082744555243852
  0.20030673599288859  0.21218079932469308  0.22496728132796259  0.23622504131940394
  0.24778089865450839  0.26027066005912158  0.27483791918519190  0.29268699109024099
  0.30822998852333600  0.32268753459835930  0.33452655559413735  0.34523965681193947
  0.35499800896961642  0.36400266114371976  0.37222912330629576  0.38079035486389295
  0.38986002000387404  0.40144577502558626  0.41513887917148995  0.42778031303307401
  0.44399853125036620  0.45828925956577427  0.46802412540967908  0.47629084614167377
  0.48422919915711915  0.49339889254475217  0.50282748574119107  0.51216227320757590
  0.52348652643450644  0.53704381709967430  0.55073882729230017  0.56219217712940150
  0.57259011213904998  0.58148725416586022  0.58951409691877443  0.59769569876677853
  0.60748909680200236  0.61984133282607123  0.63246982623865067  0.64216439609568465
  0.65097627381933432  0.65999485231977750  0.66932481912936181  0.67884961705255764
  0.68949533439890665  0.70177667121887766  0.71316322600893201  0.72136449321259843
  0.72758889200447496  0.73378751906729534  0.74044638652119443  0.74759328034553230
  0.75846129835876552  0.77037760393164667  0.78478341663131657  0.79969344928363673
  0.81369882740606025  0.82740533821413320  0.83950229464080572  0.84889158660881492
  0.85804375091005303  0.86731348976492428  0.87875050004491928  0.88868234461175566
  0.89814052066041716  0.90719620389832201  0.91732184945523676  0.92472909494348565
  0.93232459641352361  0.94146414768606912  0.95205328000861100  0.96150633599577029
  0.96964097694962059  0.97756301155336245  0.98790145840860244  1.00000000000000000
   4.5873145984279215E-016  -1.0000000000000000     
 F F F F F F F F F F F F F F F F F F F F F F F F F F F F F F F F F F F F F F F F F F F F F F F F F F F F F F F F F F F F F F F F F F F F F F F F F F F F F F F F F F F F F F F F F F F F F F F F F F F F F F F F F F F F F F F F F F F F F F F F F F F F F F F F
  <DiscreteSampler_grid>
  grouped_processes
  1 # 1 for a reference and 2 for a running grid.
  10 # Attribute 'min_bin_probing_points' of the grid.
  1 # Attribute 'grid_mode' of the grid. 1=='default',2=='initialization'
  0.0000000000000000 # Attribute 'small_contrib_threshold' of the grid.
  0.5000000000000000 # Attribute 'damping_power' of the grid.
 # binID   n_entries weight   weight_sqr   abs_weight
    19   10   5.663107506180068E-015   1.437168234607303E-028   5.663107506180068E-015
    25   10   5.925966868142542E-014   1.243509000396493E-026   5.925966868142542E-014
    37   10   3.446879745310769E-014   9.646768752293665E-027   3.446879745310769E-014
    43   10   9.611243429292933E-014   5.078386841670874E-026   9.611243429292933E-014
  </DiscreteSampler_grid>
