 -0.00000002309040307  0.00002554579209329  0.00018900706133126  0.00054895906446553
  0.00111463612891107  0.00193756444434171  0.00292441961291931  0.00420071249086986
  0.00569210761453547  0.00762045180204554  0.01023784395595161  0.01245729626933592
  0.01369431938060630  0.01464270001791256  0.01551095187686326  0.01637675205500354
  0.01727138346805743  0.01821445047539082  0.01923242919822466  0.02036605913614773
  0.02147225301754168  0.02255690280259991  0.02361478598893623  0.02476559302375122
  0.02599491715335456  0.02727575559304835  0.02861970706865448  0.03001125180786521
  0.03141142404017547  0.03281300088165133  0.03428359055219513  0.03573526726431904
  0.03723022981209469  0.03876035272334738  0.04028330410879030  0.04188399994524420
  0.04356936086323950  0.04527363042126574  0.04700036150969324  0.04873105863555152
  0.05043009168431568  0.05216132106515547  0.05390074274770292  0.05577075111594421
  0.05770250101494390  0.05961905017343633  0.06152489003206629  0.06341364409142140
  0.06540434484789137  0.06756676972614535  0.06977727122571063  0.07202517034548028
  0.07436931174515507  0.07680423567270227  0.07913631688383835  0.08154718330415008
  0.08405459413361099  0.08668785251175559  0.08938811315199204  0.09218197418071740
  0.09515026432096131  0.09817719765116441  0.10128080777114527  0.10448986297999892
  0.10771906683157219  0.11092431875955064  0.11408440160693151  0.11713334390704672
  0.12058527405132816  0.12423349672805756  0.12809160334991185  0.13212736876424835
  0.13628415093012741  0.14048049010357064  0.14463752839542593  0.14892230821570321
  0.15318939349504343  0.15772809753630038  0.16269516073598767  0.16810636868995754
  0.17393339049677101  0.18007566902018010  0.18634582485771400  0.19270293998279436
  0.19918601697578162  0.20620223358197665  0.21475144599086982  0.22420007690873434
  0.23422138572761692  0.24560802076713417  0.26042454138364113  0.28065945726108787
  0.30888946555098745  0.36133605506258593  0.63153423503514672  1.00000000000000000
  0.00915062233941713  0.01738009352600078  0.02765571106735233  0.03762777050678319
  0.04745338155631166  0.05700943914574192  0.06722027453611375  0.07766899533457376
  0.08800889827971946  0.09843654761044762  0.10883962882578543  0.11973227639064646
  0.13071134242479659  0.14147197692878585  0.15266173961535673  0.16478138549979224
  0.17664940785046490  0.18928658264680898  0.20272683237158032  0.21515797735079428
  0.22697585424901037  0.23843450437820385  0.24949156375262554  0.26025586861649985
  0.27107159700244310  0.28207661406907536  0.29277052656321878  0.30282802405080550
  0.31242622289024718  0.32127347028361253  0.33008054705492956  0.33979649605281814
  0.35035002020110884  0.36114798702470075  0.37214295627218730  0.38402519037142502
  0.39599318133770767  0.40749741436226161  0.41835723847095102  0.42963305260620060
  0.44092143755980234  0.45135904346312583  0.46164495368336622  0.47127383139800288
  0.48138001234389732  0.49109748870523340  0.50066096934078541  0.50972353433688100
  0.51852277162522398  0.52738296343067170  0.53640060005483681  0.54556394281619081
  0.55499350282689308  0.56429134811773174  0.57336518382177570  0.58285314786503362
  0.59290478196172591  0.60280246977085716  0.61236601341337160  0.62190556407999098
  0.63201085103782184  0.64252935342332818  0.65245013639597382  0.66212486443410812
  0.67182149197567176  0.68267159014813050  0.69281869167130927  0.70348488715694690
  0.71463289335530067  0.72641868422534683  0.73825204537817546  0.75022211899461499
  0.76213111363033381  0.77295275675814690  0.78367934216844448  0.79420073646315270
  0.80491760375367871  0.81507484874472591  0.82433286320502974  0.83361035126293037
  0.84317744705168995  0.85266394283223501  0.86202338659339439  0.87092533313247023
  0.88247614913223760  0.89424383431396637  0.90536363446616419  0.91601696244966713
  0.92666742145373660  0.93691776833776996  0.94685275407102076  0.95662489659112016
  0.96673771080265436  0.97695192017892996  0.98828392824221689  1.00000000000000000
 -0.00001782730052392  0.00019719422957823  0.00054157845722845  0.00102814281817176
  0.00170651359468635  0.00252208267675363  0.00345159039650602  0.00461944608006091
  0.00593999891248729  0.00727548038388842  0.00877603259259804  0.01039030462907762
  0.01210867714580270  0.01396090671215245  0.01592004868257634  0.01790279045986458
  0.02006360031002949  0.02255895448527770  0.02512708384469856  0.02771113584913076
  0.03032058520091311  0.03309965319217034  0.03607696467604093  0.03900612695062241
  0.04215891843912788  0.04561098622905202  0.04916845886218470  0.05254254458925354
  0.05581549825618628  0.05915818793704784  0.06259117322309748  0.06610900360922657
  0.06969750604217341  0.07351933613546134  0.07753894762122678  0.08155145100738376
  0.08553681083423151  0.08960723388688613  0.09371837266955475  0.09774267419820913
  0.10150144961390009  0.10519765763844839  0.10912134848313670  0.11306785713542165
  0.11716308393549271  0.12150583548067170  0.12577335712017268  0.12988186021114700
  0.13440225982758838  0.14009380676606303  0.14516144871925596  0.15025581556063974
  0.15543586608406934  0.16095448012330538  0.16670621427954363  0.17238658370044646
  0.17790003203917426  0.18332525087206233  0.18867774132075987  0.19408470788940699
  0.19966951886851647  0.20553268069086469  0.21171743425433279  0.21760604456098545
  0.22370620433029198  0.23008845268775197  0.23623766672968227  0.24236629141537600
  0.24882334501766554  0.25567681206145026  0.26264773998514390  0.26943818244349083
  0.27641232608261179  0.28350536997330306  0.29056877471935627  0.29770921857187854
  0.30450677661855097  0.31110736730792082  0.31760675524639076  0.32402596139985956
  0.33026026566766764  0.33656305600386532  0.34288863306934159  0.34869048443410744
  0.35447991881139418  0.36049043430766409  0.36655870028443116  0.37248847447452793
  0.37820163056714923  0.38385736706499363  0.38939649620470823  0.39507728443605777
  0.40093195846206880  0.40667316941439768  0.41184652555578050  1.00000000000000000
 -0.00362571122077080  0.01164177456974034  0.02593174262256460  0.03893886673485465
  0.04971494197551994  0.05973414958047710  0.06977687778512658  0.07992776594689394
  0.08962879744161627  0.09878156117027476  0.10767847872383739  0.11803560371723409
  0.12786445815679820  0.13742481223824898  0.14767088902039985  0.15765106670650678
  0.16684207245667021  0.17591522161660503  0.18531622927332919  0.19549415813783083
  0.20688765655497143  0.22064819413964915  0.23530924883640927  0.24883965226145929
  0.26012351023920210  0.27014109750439136  0.28034161311511852  0.29056276726263025
  0.30060729713859924  0.31046804261345684  0.32094777163884752  0.33196672441799480
  0.34364250920024408  0.35516869496800790  0.36570598553712519  0.37608985376681997
  0.38696738360944705  0.39834905989732600  0.40902769816484774  0.42130956344009496
  0.43509060268391531  0.44838892285150073  0.46040309150654257  0.47122516427236338
  0.48093640917803321  0.49019656288323821  0.49925759118048280  0.50792964014600961
  0.51624226845390531  0.52439326265504282  0.53249589567063615  0.54063294759942182
  0.54942961344445340  0.55847138244754979  0.56793750484122640  0.57759466339454701
  0.58818435397668434  0.59921975939713301  0.60982387223509515  0.61974638062366982
  0.63009959187340459  0.64033517457700084  0.65011478236055609  0.65977741907388554
  0.67180167725760187  0.68463667904871073  0.69631010112109426  0.70667424680300217
  0.71680448667804619  0.72712503499549763  0.73759135937135034  0.74810638323433432
  0.75875472155994139  0.76983232560704185  0.78128206174352577  0.79288561596989515
  0.80398592543033209  0.81437546831542518  0.82447438534576345  0.83446717236883117
  0.84471289579265174  0.85491022966059427  0.86562559585522958  0.87632225524393881
  0.88685991239491035  0.89749819797831298  0.90806203670358288  0.91922965073415352
  0.93083386249070232  0.94153222858156682  0.95147313014646695  0.96145697000204522
  0.97167215390738493  0.98125050277343595  0.99061146792309118  1.00000000000000000
 -0.00291569122154845  0.01069409009755316  0.02156497807657842  0.03215371731875668
  0.04222239788097656  0.05285166219236589  0.06290667604828394  0.07203987148804099
  0.08148031302046024  0.09174683005562013  0.10175437661115820  0.10958432470244026
  0.11685187922948077  0.12443429068347024  0.13239759130216491  0.14045139717835975
  0.14825333353206227  0.15584077933630394  0.16318554140783073  0.17203638920167658
  0.18207603786568091  0.19223877984067553  0.20304033102190744  0.21244585581908504
  0.22098556611445408  0.23019348834856504  0.24009370772966618  0.25013850676098304
  0.25971365079943592  0.26969490259087592  0.28104224568151254  0.29293899928885636
  0.30434259396414970  0.31552285487631748  0.32687453116425169  0.33792020089809549
  0.34851686127621123  0.35980936167162919  0.37154763264801149  0.38253446754040593
  0.39310458705979945  0.40366254634943005  0.41429722350955145  0.42443184043255788
  0.43396373087492313  0.44330638921211607  0.45292749237078539  0.46296431454597303
  0.47294147579822132  0.48307555181865097  0.49331752483127789  0.50339843090463487
  0.51333039440537898  0.52312098347623637  0.53242041367034476  0.54139108253794310
  0.55099240778899528  0.56149402409035476  0.57239512606405596  0.58291068513662092
  0.59322012775639732  0.60346148725702298  0.61366966710758175  0.62492449262516303
  0.63837940366639589  0.65201079477935309  0.66331544463070691  0.67449194085492947
  0.68587407212148577  0.69795943893425094  0.71038249133629272  0.72367566279608431
  0.73781678791809580  0.75182827127196517  0.76392243218486722  0.77594211893023557
  0.78765166964922617  0.79946048154313654  0.81133472389356676  0.82184175230689127
  0.83180179832983370  0.84174911405893527  0.85222033044989098  0.86290366558513498
  0.87317843088177716  0.88375218816460488  0.89471799811455732  0.90604293535502756
  0.91752985881608173  0.92867375112784245  0.93978375923403157  0.95100928739512636
  0.96237443755095209  0.97392938414940955  0.98599197033915220  1.00000000000000000
 -0.00208074746949184  0.00776649272918124  0.01636703532701236  0.02600480521027363
  0.03668836942644024  0.04751851832777463  0.05826621236913639  0.06834119986260846
  0.07885209605020299  0.08903439152164719  0.10018252482550105  0.11217862013660454
  0.12504854913031538  0.13753027081137190  0.14992602926798856  0.16235597822286837
  0.17312912706086012  0.18340442630789539  0.19364769714750787  0.20414300260065354
  0.21470438848369525  0.22518260278653132  0.23528911840815039  0.24550332196445113
  0.25636962185423201  0.26789202399298873  0.27880574254701940  0.28922032682173066
  0.30076847984216049  0.31311017989156720  0.32565144216261660  0.33766482021245081
  0.34889945253394633  0.35983428623163483  0.37037956010305512  0.38022945524376262
  0.38973221070915309  0.39990087749609982  0.41055184268237749  0.42071584285946784
  0.43033948632479457  0.43991460656961046  0.44950954784401376  0.45915986605568754
  0.46877322103316005  0.47791172568271284  0.48767443816856865  0.49741624629333014
  0.50947362797931683  0.52140644130480251  0.53138130870352263  0.54067779555712747
  0.54956485869966565  0.55876562670218399  0.56782199635266573  0.57637981111132053
  0.58508175183069888  0.59543751885743657  0.60648308404792151  0.61818205029590956
  0.62883258765204464  0.63839966954008642  0.64838309946409267  0.65849700120587962
  0.66854028583848002  0.67865468920298433  0.68910651203169571  0.70078590752739178
  0.71268915982538228  0.72615519396731532  0.73740333296398619  0.74951517647721744
  0.76189619684450993  0.77417578762511330  0.78638926308025192  0.79742990199677977
  0.80833817131107433  0.81794902682975190  0.82754822148218965  0.83705568225783300
  0.84660254058214590  0.85675005785563152  0.86765175389773430  0.87844473282628754
  0.88837058095466370  0.89845814606122831  0.90904985278561723  0.91977897877472858
  0.93017794527839293  0.94073325929732166  0.95156419834312100  0.96161346645173251
  0.97133037432792180  0.98085946675292857  0.99060621164302243  1.00000000000000000
 -0.00204569872359356  0.00813371334641648  0.01658345738709553  0.02572531043289809
  0.03496510697104050  0.04432659376550997  0.05311623835713188  0.06212493502516294
  0.07223359739583846  0.08288442164166555  0.09420942009792063  0.10570504113765150
  0.11726276224808277  0.12875006364901603  0.13972575059207765  0.15042131004713680
  0.16054210629434501  0.17027976062667791  0.17992523727977830  0.18918831613523676
  0.19831775724280620  0.20767905744819487  0.21755913276859162  0.22734706502804392
  0.23719632104489063  0.24719036712595766  0.25825624411008424  0.26902839332838790
  0.27945029006374900  0.29056695095391766  0.30264019053099450  0.31451513250518587
  0.32533902232168155  0.33536552177494072  0.34527238108986152  0.35500662902010666
  0.36462464298234171  0.37466910976212892  0.38533098534463406  0.39605459468546411
  0.40677258668437738  0.41716834399878888  0.42719663032736238  0.43713061178399992
  0.44588117960049917  0.45446425507255023  0.46317675398898928  0.47189731343043861
  0.48058300589636338  0.48974476873069345  0.49866599944541523  0.50882792052422876
  0.51873897332784213  0.52890198810306321  0.53969461021839382  0.55183069115665573
  0.56523194736565907  0.57898144760341241  0.59184929902882888  0.60408263599169887
  0.61618606314825952  0.62742554290233787  0.63829734104137814  0.64979325018212475
  0.66159253633481496  0.67217728485803319  0.68190235090113605  0.69224795311335907
  0.70310099062638765  0.71385248623653863  0.72447810408388158  0.73598922056899962
  0.74844792436966467  0.76097313752026974  0.77299952795703242  0.78588324600592452
  0.79818221602689354  0.81071358214876288  0.82299894513696936  0.83451449320038229
  0.84484999061900667  0.85528714406921358  0.86564123668249637  0.87536315331250569
  0.88426163798724677  0.89366311962774458  0.90360261186083746  0.91354114234267880
  0.92249257550930386  0.93163510762056767  0.94094599643606724  0.95286550369926315
  0.96359080984563317  0.97602643146066337  0.98727358843191682  1.00000000000000000
 -0.00312663643927051  0.01137751973905935  0.02255351231071688  0.03180595348079824
  0.04192466090774032  0.05116463656887189  0.06088864579373635  0.07013296751682010
  0.07915080008267537  0.08885460896505291  0.09907894158678243  0.11034623625505904
  0.12222788002734702  0.13320552415211367  0.14369530236964342  0.15390129951743634
  0.16517938477433566  0.17390916411550228  0.18293629292112309  0.19191779820744348
  0.20141955855688962  0.21145450474683133  0.22132216248735953  0.23151449074663583
  0.24485804308160364  0.25702280270117817  0.26816815789034654  0.27866272118993501
  0.28928178790272818  0.29934433299969548  0.30942568429716938  0.32000375250097934
  0.33125442583636960  0.34291600258150584  0.35432747952154969  0.36582094040699548
  0.37681529536092245  0.38708005166544479  0.39745911057975941  0.40815247727235482
  0.41931706370400862  0.43014555044996955  0.44106169475115614  0.45217030697288674
  0.46272266387846051  0.47321694948814980  0.48391717242675891  0.49382967714769416
  0.50398682079558343  0.51395578848254797  0.52355189866528107  0.53305336364376021
  0.54325194466074811  0.55467526104082443  0.56620897402083814  0.57652986291755459
  0.58570030787381022  0.59491316876391565  0.60443407144713190  0.61468665750514584
  0.62569867035648497  0.63661484865377760  0.64785279936268936  0.65814180746797835
  0.66845793821647259  0.67833382484635896  0.68826267424965470  0.69856186340873005
  0.70906687370492516  0.72053749819176027  0.73223261394782302  0.74359736909734664
  0.75519559569061989  0.76679321587489968  0.77815593511769421  0.78838745082770045
  0.79938576378369564  0.80998528558341432  0.82028526013438097  0.83019953202175090
  0.84039559468991976  0.85165685658880486  0.86263629405695097  0.87534862074272324
  0.88867593994597249  0.90099662658961122  0.91165039986289365  0.92219264142046165
  0.93252462655188950  0.94185985553116924  0.95051694092543582  0.95947371370503420
  0.96928311554945046  0.97972474667443532  0.99009532768068320  1.00000000000000000
   2.0088765795434875E-016  -1.0000000000000000     
 F F F F F F F F F F F F F F F F F F F F F F F F F F F F F F F F F F F F F F F F F F F F F F F F F F F F F F F F F F F F F F F F F F F F F F F F F F F F F F F F F F F F F F F F F F F F F F F F F F F F F F F F F F F F F F F F F F F F F F F F F F F F F F F F
  <DiscreteSampler_grid>
  grouped_processes
  1 # 1 for a reference and 2 for a running grid.
  10 # Attribute 'min_bin_probing_points' of the grid.
  1 # Attribute 'grid_mode' of the grid. 1=='default',2=='initialization'
  0.0000000000000000 # Attribute 'small_contrib_threshold' of the grid.
  0.5000000000000000 # Attribute 'damping_power' of the grid.
 # binID   n_entries weight   weight_sqr   abs_weight
    25   10   9.810265139688546E-013   1.677095044252822E-024   9.810265139688546E-013
    28   10   4.247738763570633E-013   2.907938484622894E-025   4.247738763570633E-013
  </DiscreteSampler_grid>
