 -0.00000000977240113  0.00001018710111305  0.00007930012606072  0.00022918200822163
  0.00045164634858706  0.00074916673339128  0.00108729771777996  0.00147116174493070
  0.00190273407528141  0.00238028596456900  0.00289367936254288  0.00345914818497752
  0.00407414474431272  0.00472107007100185  0.00537426267316715  0.00602988389826645
  0.00671036567157535  0.00742094400103881  0.00810637405881432  0.00887020984284796
  0.00968015036774616  0.01049217055455193  0.01129974030272717  0.01210964616235082
  0.01290624479459748  0.01370683826048332  0.01452250294666879  0.01536238769767186
  0.01622920375452435  0.01711457877032582  0.01799913887085305  0.01888166037452356
  0.01977863422256077  0.02070386578024675  0.02165694958586362  0.02259568913776677
  0.02352681377552642  0.02444709558874237  0.02534191078376336  0.02633882711066384
  0.02732929294930535  0.02831904418078561  0.02931171637060294  0.03032877557473094
  0.03137256266075573  0.03241050037291178  0.03344449529446973  0.03453987963057697
  0.03566430847266701  0.03677469203413075  0.03790816168256641  0.03905240998534425
  0.04021086674379371  0.04139175585675312  0.04258730958715675  0.04377431827045254
  0.04486338000031013  0.04618731387524247  0.04757341385644831  0.04895699113791162
  0.05032726845725213  0.05172858979144600  0.05318819584530775  0.05466563029219414
  0.05615759076198223  0.05764660447947113  0.05915046163688525  0.06085639602649343
  0.06259211106557470  0.06438722589691653  0.06620096858816199  0.06798868173039138
  0.06975680920979772  0.07154235886015911  0.07336163211215066  0.07522967185743566
  0.07723355733909562  0.07953147920083085  0.08193451473828439  0.08469846263386291
  0.08749521363047505  0.09035493258224735  0.09337667397718949  0.09661792350994666
  0.09990362178045727  0.10351812325365047  0.10762494064038529  0.11239743716532323
  0.11795989689475812  0.12417533169075516  0.13090800095464247  0.14024400951592100
  0.15546495287644368  0.18886334995575715  0.31925515773191743  1.00000000000000000
  0.00975142401465210  0.01530075962899093  0.02394462979496979  0.03302180145836016
  0.04201702909454883  0.05100232329364474  0.06015556778543941  0.06953865721756981
  0.07862800831584019  0.08807877427589843  0.09824651747835349  0.10864795626875673
  0.11900308152823580  0.12859733233626655  0.13770925323398719  0.14733634466782611
  0.15785822156650139  0.16867161635313588  0.17929208760300031  0.19023050993497553
  0.20191586388414198  0.21375148730933630  0.22528320439541363  0.23695710278735652
  0.24849774506404104  0.25908038420454732  0.26925854297995722  0.27963806859303397
  0.29080958143538738  0.30227303554132290  0.31398127228584982  0.32629676758817228
  0.33853000211418299  0.35027507749628356  0.36196288066360893  0.37441582288160885
  0.38706331221286400  0.39914506691563761  0.41044063013506610  0.42077174582274096
  0.43124085897626224  0.44062363373134966  0.44939220105047206  0.45838327119199723
  0.46762460986604643  0.47653682938480557  0.48495798668590601  0.49341451862096980
  0.50272336432174047  0.51256777345361815  0.52224569032013535  0.53161121912278486
  0.54098181554558189  0.55164525420448085  0.56191403011842889  0.57159651814864643
  0.58111976645866148  0.59179579656230374  0.60227694522852071  0.61255658051291229
  0.62272343535251629  0.63378728751046121  0.64550588819883126  0.65749934747284011
  0.66930028486751814  0.68021425720752660  0.69097111123445054  0.70155603883650453
  0.71160815211211370  0.72107469293140714  0.73121904050687803  0.74101521366301293
  0.75093277887579435  0.76062324168557194  0.77070316027828678  0.78135596461655832
  0.79233195788954214  0.80325868289672497  0.81411018598176876  0.82513817333523187
  0.83635052646949115  0.84780655694658313  0.85884604988642943  0.86974511266139254
  0.88131056791539530  0.89302257215680858  0.90379958943463490  0.91486773467520910
  0.92594172653292750  0.93687054924404012  0.94723338591293460  0.95720395037514006
  0.96743212033963444  0.97744155101359509  0.98860136652192954  1.00000000000000000
 -0.00002027354280538  0.00024234150615096  0.00070072283264245  0.00141049913348001
  0.00235258852765335  0.00351749633013068  0.00502400913929600  0.00673446199785204
  0.00856525286269140  0.01063302986342824  0.01300790926730407  0.01551803268830869
  0.01837117736455800  0.02138126702926935  0.02446822970982050  0.02783778539106820
  0.03155076524179042  0.03520855782596642  0.03883677514511977  0.04237437043047074
  0.04600720812402923  0.04988447636932374  0.05383464743311867  0.05800598433769881
  0.06237313919958781  0.06675289851894700  0.07130852452729554  0.07614687924028983
  0.08109225726484286  0.08596281382849216  0.09077540233651242  0.09565191883600237
  0.10076478342334227  0.10618213084076113  0.11184253111887063  0.11744031719972452
  0.12330122542761163  0.12932113985442073  0.13532949074571451  0.14156531190648056
  0.14784181773458591  0.15446272418556461  0.16150302486671317  0.16878519655287830
  0.17618325683513825  0.18363642494419585  0.19108773547588470  0.19863100868314518
  0.20622755746641788  0.21394661899572709  0.22178782583667817  0.22979837180146537
  0.23799647969040436  0.24642406862573565  0.25516248623213933  0.26424734652527010
  0.27331469579017986  0.28225899834121471  0.29151605951796611  0.30107716164770143
  0.31093605551518538  0.32115123388125610  0.33185549702841299  0.34297204492675870
  0.35442800401883484  0.36589592385462455  0.37745631582471173  0.38930743049495753
  0.40115395740006454  0.41305951055259460  0.42487481288568069  0.43640172918020981
  0.44772705318299555  0.45907243358833111  0.47048481244215168  0.48169961600167099
  0.49298689098527265  0.50426599424479912  0.51521053231712688  0.52618509992870721
  0.53740759991889542  0.54887626069087969  0.56050323398442781  0.57208460913592030
  0.58334378551416188  0.59490140079082765  0.60676687228135051  0.61885186999179953
  0.63102253306545952  0.64317878893179681  0.65543481102282442  0.66731574543171845
  0.67897321177507231  0.69074654706536620  0.70231549410030891  1.00000000000000000
 -0.00268400265005672  0.01003694145900723  0.02182380399042726  0.03385979348604568
  0.04599331554914231  0.05772423329825194  0.06952273643079362  0.08139447942801388
  0.09266088023579369  0.10343086234934865  0.11385636338362576  0.12411233143738157
  0.13421038744517930  0.14487701711331863  0.15619367620489361  0.16766553329911560
  0.17873183718101063  0.18983423062326032  0.20177422730929143  0.21445902972663131
  0.22724322555223292  0.23968772713294581  0.25187556374391940  0.26409785617650861
  0.27574871808768903  0.28655615730973050  0.29715118921064959  0.30790754616683408
  0.31834339691093355  0.32813363250075323  0.33810069527724734  0.34823485684364036
  0.35822557571946795  0.36803161497336689  0.37796577848778568  0.38831730097982564
  0.39873589417127753  0.40846906569048436  0.41796403497997547  0.42820942368157211
  0.43917841093963772  0.45084521740193695  0.46236884215074281  0.47323320825849124
  0.48413540962745694  0.49470463641290596  0.50497261531582927  0.51453293587715698
  0.52402393696162508  0.53353923375408496  0.54302466346037981  0.55286094492951210
  0.56276673218456452  0.57312712524035614  0.58379910235500376  0.59376903568672745
  0.60319651402573538  0.61267130394932479  0.62255032817050071  0.63286624144420189
  0.64326265868118715  0.65459311252438734  0.66600233828753397  0.67541926310044875
  0.68432909233299533  0.69357381886996838  0.70269861855537630  0.71124953238190025
  0.71956582686165693  0.72843235172666909  0.73833524286664964  0.74785258498677498
  0.75707225312830440  0.76625002420935084  0.77552355979515741  0.78494968242968777
  0.79462918453460640  0.80496199261047285  0.81600340379251379  0.82720270507476601
  0.83814022554043610  0.84882677986545696  0.85959561659959316  0.87111010280396373
  0.88244789976929672  0.89389007916406049  0.90586290237232747  0.91856176259507227
  0.93061011592190668  0.94188650730948609  0.95209361039064366  0.96225861043248417
  0.97207976221940706  0.98187645903450493  0.99095026184392776  1.00000000000000000
 -0.00210715264462741  0.00931572786033984  0.01845647082796045  0.02753571467163339
  0.03657896446491438  0.04580305416560321  0.05495405054953059  0.06430444083625562
  0.07406885735979625  0.08397777661606431  0.09409029072703072  0.10485949417226126
  0.11648516636369778  0.12793137780774311  0.13862599030046791  0.14886807032156402
  0.15858400318415677  0.16764822409971042  0.17620318987029060  0.18464883998079082
  0.19365657555951338  0.20293159040362421  0.21252704830571478  0.22270454859477279
  0.23320511484342279  0.24497979031415390  0.25673291880791849  0.26949571899714736
  0.28271494128111302  0.29585474105290016  0.30809993947279046  0.31928200693653219
  0.33034254761783194  0.34035789617148104  0.35024201583410985  0.36013544145140486
  0.36977467981097090  0.37931771716384083  0.38905664667515610  0.39921662823276960
  0.40992839961387428  0.42091250892114623  0.43211743529119484  0.44337189073490008
  0.45438069378426327  0.46618743335421431  0.47803950912322002  0.48955840987742089
  0.50031738442416263  0.51186481469159961  0.52301248749453377  0.53504489993419957
  0.54757559349880713  0.55990348930684797  0.57238507437254715  0.58464384079801768
  0.59707662682197771  0.61040740357857326  0.62441705460805519  0.63780151443120459
  0.65075113561404674  0.66376300225314711  0.67448026702668495  0.68407866690645402
  0.69275137957481581  0.70109649302516885  0.70933735624177752  0.71775328703724051
  0.72623049792664784  0.73525988401976183  0.74455976603600182  0.75415520598795804
  0.76427376972399153  0.77427080494359046  0.78380895335148026  0.79337504202399833
  0.80324249982158191  0.81319272618008687  0.82353483984101028  0.83452743617452707
  0.84666926045265556  0.85846630140260993  0.86962766707068595  0.88098344380684657
  0.89265440860804235  0.90448132278083537  0.91568171711242530  0.92578331073668751
  0.93533637473030673  0.94441316845569256  0.95312307543010788  0.96209658284540756
  0.97141749579809378  0.98093294706168266  0.99057388891032461  1.00000000000000000
 -0.00292707517396047  0.01005096069817027  0.02170059054650479  0.03222716409388450
  0.04298583443259398  0.05327254093088982  0.06333244346619499  0.07189607496768895
  0.08092699670646879  0.08973119991039176  0.09833331797688058  0.10684434177641888
  0.11586581288387311  0.12558968682221464  0.13635881660038651  0.14778367652870419
  0.15910477553687494  0.17050822180744535  0.18113431753341167  0.19230765529267563
  0.20332568675464119  0.21414434556905404  0.22453954306270818  0.23443986404845857
  0.24425210575741663  0.25459188345109135  0.26606067748078782  0.27644169087790132
  0.28593647348457008  0.29591987465811631  0.30619433067330792  0.31607807563824797
  0.32580048334285194  0.33554349267415734  0.34569406305702188  0.35539581444877155
  0.36464618674472260  0.37397597304154384  0.38340666597030965  0.39332518813126127
  0.40400399039532764  0.41516834855582885  0.42611033989673719  0.43758059756922246
  0.45009667162752026  0.46242810745817292  0.47426600445381578  0.48650689529187324
  0.49891299200688272  0.51103439596254030  0.52339932235547759  0.53617974918327937
  0.54887484733871905  0.56074638153051082  0.57168762535874607  0.58187895598718431
  0.59183618997754950  0.60143994579875248  0.61027012229529798  0.61918870809941995
  0.62835693079366461  0.63764404173492728  0.64677824830050323  0.65551684988105119
  0.66419972341112288  0.67392255624486586  0.68388587161797754  0.69405858289191158
  0.70416910910078379  0.71526248644097212  0.72679350042420032  0.73801250996637968
  0.74899721152590037  0.75995453996464257  0.77119608145331175  0.78308313731624746
  0.79467529202945553  0.80549948934386073  0.81588163982144624  0.82608992793117464
  0.83657942131349816  0.84718104140116679  0.85858976686285693  0.87081965460786470
  0.88199543117567081  0.89265917377190351  0.90361030595456870  0.91435606391022939
  0.92524131231846496  0.93554076265756436  0.94656815659117066  0.95696647542213231
  0.96751465057118868  0.97835510022119920  0.98929070058226687  1.00000000000000000
 -0.00270103240816485  0.00968317916485870  0.02100315130328877  0.03203691555105697
  0.04333817541739472  0.05461580693407436  0.06615925471954429  0.07791731925408113
  0.08960009818925817  0.10066938522924725  0.11142582540135385  0.12197580976679023
  0.13209851050470234  0.14212126740564351  0.15270164780096490  0.16333281341119035
  0.17386297077201698  0.18377574763020735  0.19373447736376589  0.20414880327354823
  0.21508925978659876  0.22661500846574431  0.23789243858667175  0.24858167508763843
  0.25905176609464764  0.26925023008625737  0.27938607212393490  0.28994799234701990
  0.30091575943416193  0.31210944993015605  0.32335291358865875  0.33470834527219789
  0.34613349076725014  0.35744225193810647  0.36866967866415229  0.37942591282553179
  0.38947139259938884  0.39942283456315758  0.40920202220376389  0.41878802174390173
  0.42823066595801174  0.43817102623357457  0.44906798877648246  0.46010091459040897
  0.47063155034070503  0.48127631674293186  0.49163765133324566  0.50130905692083794
  0.51044444558009905  0.52000729305605098  0.53008346184036370  0.53985094877153761
  0.54968373704850981  0.56013460578828456  0.57225763045494893  0.58516310550922013
  0.59810453443842404  0.61062614533938142  0.62234876727835653  0.63315103837763198
  0.64318421375087309  0.65379971732283926  0.66451148400293980  0.67489692226682674
  0.68542475065988395  0.69719994748481051  0.70966621317848488  0.72117210775852281
  0.73200468239428051  0.74238789338014055  0.75219458459392963  0.76174855860628699
  0.77125057679447340  0.78121982484287233  0.79184895762548402  0.80333915540851597
  0.81520273157287582  0.82621079208295434  0.83666549394063205  0.84695251050395903
  0.85669114622245912  0.86582774383739469  0.87517070821662790  0.88493718737286164
  0.89483916510432127  0.90421668459621052  0.91321947576759754  0.92320672876939736
  0.93367099416461419  0.94329116278275005  0.95218416226675273  0.96152273436991276
  0.97121949536465624  0.98064261955086884  0.99016191725155434  1.00000000000000000
 -0.00284111836158371  0.01065620110127618  0.02330806056915185  0.03617571602940910
  0.04968532180566944  0.06238771959029461  0.07334607220126137  0.08320284044027432
  0.09292564057620381  0.10296676884239270  0.11330422190999377  0.12374248832058012
  0.13420480015346067  0.14473159139942701  0.15517640632047158  0.16566717079734036
  0.17654374828759789  0.18766183034162426  0.19902014083290592  0.21079773263724605
  0.22273684451023221  0.23448729199510004  0.24554673736781465  0.25662302540824489
  0.26771275718260462  0.27842305769370929  0.28915694055420743  0.29927000107081908
  0.30933126166359337  0.31914676387080809  0.32868118274774433  0.33811915638209905
  0.34804202323720024  0.35933338848542284  0.37147382933919143  0.38277805474272614
  0.39305114651401346  0.40348611997396250  0.41365823749681896  0.42360455690811971
  0.43361459149498693  0.44463879509385718  0.45652897239084467  0.46805335291074857
  0.47877911954276886  0.48929772333353166  0.49938930882778793  0.50894578554838443
  0.51830046926894480  0.52765224854490278  0.53707751139283788  0.54638895324020387
  0.55558230348879578  0.56520981260375047  0.57538357134093265  0.58531646766983125
  0.59458211817532569  0.60392689528970045  0.61350369493352563  0.62291497476819579
  0.63225436204369900  0.64206366156659700  0.65266838728414955  0.66356118661643371
  0.67423742512338114  0.68460110117184780  0.69576116188549963  0.70656995835762682
  0.71900298765444970  0.73231975453528197  0.74635839153958383  0.76063219017093398
  0.77313887656257840  0.78287159158070396  0.79258831032655996  0.80232347468996568
  0.81218835469965223  0.82202291800691307  0.83222925731227482  0.84375267132574150
  0.85600216611692781  0.86762344028248639  0.87811852405179225  0.88766860439971795
  0.89681018974729565  0.90649096754329095  0.91628531586313167  0.92585593634363350
  0.93557801417090458  0.94520457598992980  0.95442623673658344  0.96307414052829743
  0.97162208974043962  0.98069950268245965  0.99032914830980512  1.00000000000000000
   3.3700664919926998E-016  -1.0000000000000000     
 F F F F F F F F F F F F F F F F F F F F F F F F F F F F F F F F F F F F F F F F F F F F F F F F F F F F F F F F F F F F F F F F F F F F F F F F F F F F F F F F F F F F F F F F F F F F F F F F F F F F F F F F F F F F F F F F F F F F F F F F F F F F F F F F
  <DiscreteSampler_grid>
  grouped_processes
  1 # 1 for a reference and 2 for a running grid.
  10 # Attribute 'min_bin_probing_points' of the grid.
  1 # Attribute 'grid_mode' of the grid. 1=='default',2=='initialization'
  0.0000000000000000 # Attribute 'small_contrib_threshold' of the grid.
  0.5000000000000000 # Attribute 'damping_power' of the grid.
 # binID   n_entries weight   weight_sqr   abs_weight
    25   10   7.673378278607083E-013   1.091213500175522E-024   7.673378278607083E-013
    43   10   8.411951616853046E-013   1.078582964075987E-024   8.411951616853046E-013
  </DiscreteSampler_grid>
