 -0.00000001571109697  0.00001607469847690  0.00012041705689884  0.00034668697988839
  0.00069724624488124  0.00116466274690247  0.00174281762211922  0.00241944469712235
  0.00317279438857042  0.00402956632265194  0.00503224460384985  0.00628344353620941
  0.00795118471964511  0.01017630712787067  0.01213199495933065  0.01314744946153506
  0.01383272274036369  0.01440962279553745  0.01495066390559161  0.01548329319109882
  0.01601967542204598  0.01657101620312297  0.01714195868913872  0.01771801575234447
  0.01832878083406422  0.01897041161795774  0.01964030760040846  0.02034604556072082
  0.02105023908225528  0.02177160154832994  0.02252906168368266  0.02328991313720882
  0.02406403932176658  0.02490059302703322  0.02583802943377264  0.02675440936695800
  0.02767440039332932  0.02860288479456692  0.02951465167821082  0.03042923232859909
  0.03137336183920863  0.03236640243471788  0.03343774762305329  0.03454463092760196
  0.03565948302675324  0.03678780610393683  0.03792216300043802  0.03905357328486102
  0.04017925326666008  0.04134172142737744  0.04253315879607001  0.04377132195956270
  0.04502846384592916  0.04629044023643102  0.04756899791440572  0.04886833806212099
  0.05017368003815009  0.05149462869049257  0.05280359928102765  0.05415733152109375
  0.05562272484225939  0.05715498116585883  0.05868807154993422  0.06023941039899335
  0.06181369602980379  0.06343750343613906  0.06510971613228116  0.06680591913720342
  0.06851725481248987  0.07036933124436542  0.07231837842743756  0.07438372002209073
  0.07648140721846274  0.07858807222864010  0.08071665171945372  0.08287978554407734
  0.08512544238156275  0.08744883182848108  0.08989028182230772  0.09237598202551467
  0.09523183893105110  0.09843788142256610  0.10166452389431355  0.10496361286869360
  0.10846214688698959  0.11204717033195162  0.11577507864886925  0.12053014115898332
  0.12645488855758336  0.13331369519965067  0.14098603876228458  0.14990033595335048
  0.16373763770897629  0.19518909674041970  0.31866695074403156  1.00000000000000000
  0.00857634346585469  0.01811626724331591  0.03142620974861712  0.04289456531183278
  0.05330111232747710  0.06335866320999366  0.07298484458602711  0.08225126607559485
  0.09123440214678301  0.10013646304735667  0.10962679881289668  0.11953342391893053
  0.12960256716814600  0.13992009106961650  0.15048795692592357  0.16177247330414882
  0.17364001185561570  0.18568792223726749  0.19725733815320390  0.20866629582244992
  0.21991888015327790  0.23105662226868709  0.24214860388785608  0.25332780897409923
  0.26466655106332782  0.27597050172318383  0.28702742028752809  0.29765581346497816
  0.30778478467461245  0.31810314835411563  0.32894482380326734  0.33951580738989590
  0.34980755794146645  0.36031263665816110  0.37145426573772616  0.38222382280986983
  0.39296018151102413  0.40469823104653008  0.41690536414592694  0.42798230375210261
  0.43871207500132009  0.44947594188308271  0.45977306430746434  0.46927320213647661
  0.47874864281772000  0.48859248540450001  0.49801149117568688  0.50769118811744474
  0.51706287954451802  0.52825748036066933  0.53980693681293257  0.55053587285330252
  0.56086899418063174  0.57118911101132752  0.58161286573447990  0.59217502945128531
  0.60285495478858553  0.61329104926070832  0.62354447322189199  0.63346785262040339
  0.64327092277528741  0.65311186507895902  0.66319365454962298  0.67358620646231704
  0.68424128518163241  0.69489250633163058  0.70552120713799349  0.71616619078208932
  0.72649780657571006  0.73684762663302072  0.74732818219408081  0.75751383962532015
  0.76755405478960514  0.77678853603136122  0.78565964270209754  0.79445561415136956
  0.80348927040371276  0.81279105102426408  0.82242752920198525  0.83202485196987064
  0.84166136831535332  0.85135297101293606  0.86079767362063164  0.87025267160060393
  0.87969595277804302  0.88915272626716835  0.89903274147502721  0.90963465379148056
  0.92011123419231522  0.93019945629459722  0.94023066205276440  0.95023067794426852
  0.96014399583334720  0.96987410118818951  0.97958991476401880  1.00000000000000000
 -0.00002004883045121  0.00025100611167648  0.00070065722881183  0.00140283617790183
  0.00236696003777898  0.00358877528070872  0.00496100809355182  0.00658325910651085
  0.00839403383880349  0.01035669993426976  0.01255645474487509  0.01492200926228793
  0.01761078816986882  0.02065805049341203  0.02374113794932108  0.02702734564431396
  0.03046234869680880  0.03393526435065114  0.03745519160374802  0.04115208848183185
  0.04512500016228654  0.04939333798773324  0.05393169044419042  0.05847224637561260
  0.06299437715590839  0.06765242434135398  0.07246929993110195  0.07750214911282743
  0.08273170592209547  0.08797311069327733  0.09323734559679814  0.09872987085854505
  0.10443857790854194  0.11024111506498122  0.11612513457624694  0.12212367346882361
  0.12819351439258214  0.13424491669097266  0.14028282248834226  0.14643966153021484
  0.15286269745866343  0.15944995811184370  0.16631298230767499  0.17356572618120533
  0.18059943345702129  0.18769014327984301  0.19452407459576462  0.20149897559903410
  0.20872133144687732  0.21613732984658771  0.22370493340794129  0.23140011461749252
  0.23894265449188407  0.24653237618361420  0.25477453183582804  0.26329450019604411
  0.27203976486544962  0.28160813740300977  0.29138437985547982  0.30130410060359653
  0.31182487280622567  0.32300574998980414  0.33406164875669342  0.34544769067605452
  0.35628412987244618  0.36704740767236643  0.37796400400147856  0.38882082278849206
  0.39936797986585187  0.40996173717369955  0.42073717202815036  0.43167577549044528
  0.44255369842567260  0.45338827262369941  0.46437506433519210  0.47562702493878872
  0.48714649292233325  0.49864122118171467  0.51029916191891245  0.52183892118328723
  0.53365764403632854  0.54608515430314530  0.55846971183201499  0.57047398151802609
  0.58319592646555762  0.59630326328237548  0.60952957162067622  0.62264133318548343
  0.63572996097386558  0.64874568587045112  0.66177747265426934  0.67512840493896675
  0.68856779932574597  0.69856495210800462  0.70028380195869988  1.00000000000000000
 -0.00295902865276676  0.01114267960029392  0.02373872526344269  0.03667644570082338
  0.04936632063115770  0.06146679747256621  0.07313571118368602  0.08444549198140235
  0.09532344494878248  0.10567830926055076  0.11593353906204129  0.12672344537752603
  0.13836516465840817  0.15018747436765936  0.16229108963788955  0.17414855787093081
  0.18609706352455493  0.19708575789033619  0.20798421643377080  0.21770603754342185
  0.22723213364865880  0.23625008239310008  0.24531904558017811  0.25447794385344980
  0.26362976106185232  0.27268818343283868  0.28157127362426088  0.29069394369821006
  0.30022287923867841  0.30976345842399899  0.31883557065493706  0.32797473738775268
  0.33784248880852125  0.34853338474550327  0.35920652324723146  0.36969604132767220
  0.38057726914803514  0.39499310351945388  0.40556906569397372  0.41677176061222948
  0.42723253151301405  0.43770423825347737  0.44741181263328061  0.45725203423640814
  0.46778480349986984  0.47841127837182473  0.48997557343127718  0.50085063608732017
  0.51295424137943491  0.52423626429945758  0.53479844035592705  0.54606385382719669
  0.55765955138196055  0.56971767845336774  0.58156915885622318  0.59375602689337870
  0.60561779680804406  0.61696614447351272  0.62834571997050537  0.63968008635450224
  0.65054808336761138  0.66100828112897236  0.67130406026106304  0.68151097305488284
  0.69137002559269045  0.70088732767661588  0.71059101512588685  0.72050923605886452
  0.73026457559639735  0.73983207915363280  0.74966534165716137  0.76003728006657822
  0.77077431503598737  0.78160133420866162  0.79216506784399154  0.80243990336817883
  0.81294702188328771  0.82376401210126537  0.83428279311966880  0.84403945499806676
  0.85340114921601706  0.86276794313356431  0.87225572199510260  0.88187003480592896
  0.89153080157406894  0.90132196931742814  0.91125305545649382  0.92138347056660641
  0.93153568917107055  0.94131651749129053  0.95051210285593513  0.96007792931424696
  0.97015828980840679  0.98052907165461911  0.99025055962242048  1.00000000000000000
 -0.00238444863974033  0.00943045302887664  0.01900900576759772  0.02865838953346789
  0.03816912777319647  0.04784268806908067  0.05782584958688268  0.06840500922895502
  0.07971865621520020  0.09060713576979179  0.10089114153394579  0.11160534256930474
  0.12249826576537585  0.13286295058983572  0.14322057422804929  0.15417589784092270
  0.16537455230307690  0.17598453377482995  0.18618633744457636  0.19656750787653751
  0.20766561272685718  0.21919656386654776  0.23076279375121081  0.24208999896508629
  0.25334032589894756  0.26357078435118081  0.27418404705710386  0.28547763166275159
  0.29710877126361429  0.30855147172363423  0.31944110025922856  0.33012769027642225
  0.34051205338812351  0.35078186711641901  0.36138798779024678  0.37207280110371915
  0.38282930272577964  0.39343385828669170  0.40386765882955311  0.41433278962798986
  0.42474687186360705  0.43506125556216496  0.44550680645006341  0.45604195197608288
  0.46623806290802150  0.47601337369755858  0.48528849423385906  0.49434286457290705
  0.50369106344833359  0.51318604419285840  0.52351926025207929  0.53427547468411840
  0.54585226163321421  0.55796055873746708  0.56950548489062103  0.58028793799335154
  0.59038381172586840  0.60021615137152273  0.61047588476646664  0.62120172449526190
  0.63199023575380064  0.64288985239420948  0.65345820256931941  0.66377152950798113
  0.67361872480533225  0.68323498634288760  0.69314576236207315  0.70324015653773919
  0.71343381851684518  0.72404306758041881  0.73467295543999100  0.74514344069940153
  0.75502196851087966  0.76470422217571588  0.77516621461567659  0.78657557486262797
  0.79758215601069138  0.80823306087436420  0.81921959518878129  0.83099443143612983
  0.84196059180240013  0.85272585590067185  0.86331995737324807  0.87382012781581797
  0.88384007875677251  0.89376763471146736  0.90386780310245829  0.91406175182423877
  0.92429754854412571  0.93454945878878393  0.94480002309749578  0.95572066431655800
  0.96680556390281913  0.97828735206618411  0.98913716244641514  1.00000000000000000
 -0.00322748116777954  0.01088470605764958  0.02273743995639771  0.03364115940944740
  0.04406927494999757  0.05370705932350972  0.06347808117316309  0.07333020951659383
  0.08318381405569575  0.09313016919043264  0.10329954784725810  0.11407526290096809
  0.12519819862486650  0.13629190778352024  0.14747109536524669  0.15911780745086199
  0.17064717631935997  0.18187086651725909  0.19280095090533300  0.20363629230170024
  0.21461606063731023  0.22562385332823506  0.23676876240441161  0.24774997877829394
  0.25863133276742628  0.26959039038253435  0.28079924632750414  0.29155307990228213
  0.30159969378418466  0.31134858111424735  0.32092897521039976  0.33008674725322468
  0.33962902987435417  0.34963593886248606  0.36076226709092091  0.37219165956441436
  0.38312291261829323  0.39363465520208529  0.40382449514012514  0.41360482182219149
  0.42297180863216055  0.43236622367655086  0.44233104124835104  0.45206755751047489
  0.46179890058503786  0.47149678428415615  0.48133647056010059  0.49186712035679292
  0.50230898215644704  0.51284824376034044  0.52346481765636166  0.53428375499515690
  0.54494611654982927  0.55557310784913561  0.56640438056312981  0.57791053046857543
  0.58906079546621781  0.59993434280021751  0.61047964653821440  0.62080446843450465
  0.63033058631004657  0.63969683376611552  0.64939141067190487  0.65973172103770039
  0.66943510283177321  0.67962079744784520  0.68983058794792307  0.70173635938965362
  0.71339751000282592  0.72503407975705569  0.73651748177215348  0.74810613648413871
  0.75986282172987563  0.77141358341966615  0.78268316853981434  0.79321610085996752
  0.80344058984261213  0.81337911147859199  0.82330468050910099  0.83317442681670917
  0.84279856903634220  0.85204649230347440  0.86173050135043139  0.87156942738221177
  0.88197943858515604  0.89234871739097166  0.90253150087792755  0.91250243202055270
  0.92273124935726925  0.93276002951746739  0.94274703068305155  0.95279722949337653
  0.96329006858565880  0.97530595160424582  0.98747705439459976  1.00000000000000000
 -0.00231965828292396  0.00959609832489277  0.01941116835549372  0.02938677626326527
  0.03937673901914590  0.04968549670183717  0.06010966405496611  0.07070004254508386
  0.08124683516002923  0.09217254278317087  0.10303488911319902  0.11438427543099523
  0.12581515644203012  0.13664270316218785  0.14738959005102079  0.15743431588930829
  0.16736781297541495  0.17708937450562173  0.18689648494774200  0.19711752745534489
  0.20710861580248291  0.21711361049222491  0.22710067565601674  0.23740587123642920
  0.24825807468927513  0.25933559216446150  0.27028089757180462  0.28136983979816366
  0.29245223924970987  0.30270957031164791  0.31325857468947105  0.32425312132927830
  0.33486536319019872  0.34510255255254840  0.35530853294525372  0.36588841473766803
  0.37623468340121113  0.38643978802819023  0.39633214063212147  0.40616419250553731
  0.41594300988697319  0.42567960192025656  0.43557335546200882  0.44587313672325313
  0.45663390928785358  0.46757907600722287  0.47846343076039471  0.48972034201313513
  0.50130150305697818  0.51307601583184059  0.52523416396855116  0.53736532310404594
  0.54920034407184448  0.56124492300175632  0.57146993016927838  0.58214726065465594
  0.59244993457957751  0.60243517074470954  0.61247652901331517  0.62258659316670306
  0.63384748563685178  0.64520411507511122  0.65604088065829103  0.66652561327082926
  0.67697687982304411  0.68766559557918205  0.69839495360308601  0.70926489893790789
  0.72012796822814718  0.73056980937075777  0.74091214070786759  0.75136601105743561
  0.76208666668064629  0.77251842468317744  0.78265366591154650  0.79240926516131027
  0.80184263542626866  0.81125757444154301  0.82101615289805474  0.83114727296702007
  0.84156720778135652  0.85176995149542167  0.86198177291195988  0.87220100515882992
  0.88303740842822165  0.89363907309037716  0.90420231907959225  0.91446711514826429
  0.92503777299542256  0.93559742261416978  0.94654762082316091  0.95801183342327734
  0.96866105497261812  0.97928082462910759  0.98972087246517493  1.00000000000000000
 -0.00242670455823854  0.00950098642349852  0.01958669369423455  0.03054007583244495
  0.04147770090083205  0.05260789646878405  0.06321119258187656  0.07409055387539511
  0.08426828447629850  0.09396647140073913  0.10363078556964110  0.11335753820886738
  0.12345839438645506  0.13393743825375079  0.14459560505421171  0.15525655742727329
  0.16557598766249440  0.17573237318697585  0.18604383167087002  0.19700286490170271
  0.20785724275227180  0.21884397831352562  0.22962806549289752  0.24038798723225421
  0.25123150867286970  0.26196966581146275  0.27307879850002476  0.28417662297805901
  0.29552943103795359  0.30707853071814489  0.31817823084188446  0.32919971300078665
  0.34030593186203340  0.35163295458356453  0.36289249926044898  0.37393072541904748
  0.38492295733334358  0.39578686414835401  0.40645459180573817  0.41707898413851857
  0.42779158425511510  0.43814375441045195  0.44772056134331051  0.45724434986751161
  0.46718958768167251  0.47757870057689561  0.48806356987318550  0.49839153678514458
  0.50883919258362775  0.51954261409611269  0.53072604955172198  0.54213289066818937
  0.55325211081614400  0.56435958423939647  0.57553761808511161  0.58650404024712621
  0.59720736422150977  0.60825993591947025  0.61976376149168022  0.63110085595290699
  0.64238641887072256  0.65370316746868029  0.66513569881125367  0.67656015770799860
  0.68776669793239953  0.69867535597832942  0.70920851591659551  0.71934964540397561
  0.72933791792750846  0.73915786985822929  0.74863216665943466  0.75760406446506245
  0.76651674905799205  0.77587399612657493  0.78554865489765913  0.79525111118125591
  0.80492276536294594  0.81487531532593160  0.82532193767872630  0.83581172739011123
  0.84579346305832626  0.85591296311856158  0.86587950239933087  0.87581730301612937
  0.88601111104912045  0.89636685628594670  0.90682910737097222  0.91734736112467563
  0.92804852171474117  0.93927874068209505  0.94934052944873293  0.95981711533544090
  0.97030251152303060  0.98089513287374530  0.99053660049218240  1.00000000000000000
   3.3915018211842014E-015  -1.0000000000000000     
 F F F F F F F F F F F F F F F F F F F F F F F F F F F F F F F F F F F F F F F F F F F F F F F F F F F F F F F F F F F F F F F F F F F F F F F F F F F F F F F F F F F F F F F F F F F F F F F F F F F F F F F F F F F F F F F F F F F F F F F F F F F F F F F F
  <DiscreteSampler_grid>
  grouped_processes
  1 # 1 for a reference and 2 for a running grid.
  10 # Attribute 'min_bin_probing_points' of the grid.
  1 # Attribute 'grid_mode' of the grid. 1=='default',2=='initialization'
  0.0000000000000000 # Attribute 'small_contrib_threshold' of the grid.
  0.5000000000000000 # Attribute 'damping_power' of the grid.
 # binID   n_entries weight   weight_sqr   abs_weight
    19   10   1.284400795773095E-010   3.159645188905230E-020   1.284400795773095E-010
    22   10   1.281062501648141E-010   3.480643063585104E-020   1.281062501648141E-010
  </DiscreteSampler_grid>
