 -0.00000001048927371  0.00000608977555000  0.00004249365455060  0.00011795804354157
  0.00023314034853203  0.00037872151704259  0.00056032161895219  0.00078944059372089
  0.00105152568331220  0.00132444894961904  0.00161154679981551  0.00193060145939276
  0.00225105741504152  0.00262518301763828  0.00297656510667104  0.00336484414624926
  0.00376376263363263  0.00420851822334457  0.00468252343390961  0.00514826072303665
  0.00561725310854062  0.00608720722896932  0.00654905465719784  0.00697844369249236
  0.00740721169631380  0.00783436574077622  0.00825213651029157  0.00867119575380610
  0.00911742500396355  0.00955999001251148  0.00999575156775648  0.01042722844926876
  0.01084159892343575  0.01133398800724386  0.01187694310179651  0.01243562716215774
  0.01304968595950777  0.01388757460324284  0.01558115460695279  0.01780745110997696
  0.01961646980411825  0.02122342732125346  0.02271823369409356  0.02415777021055685
  0.02554143666240541  0.02685173155421789  0.02817096347132649  0.02949980499708056
  0.03079623922142093  0.03207987914552847  0.03337830927881531  0.03469504487149310
  0.03602326180392233  0.03735742939281660  0.03869788736168515  0.04005289010405044
  0.04150213193980377  0.04298445000618105  0.04449998775060948  0.04604093193123143
  0.04757719015642966  0.04908011341636452  0.05056762735628112  0.05210411927997213
  0.05368308973632797  0.05543237518683351  0.05730556608127885  0.05915432094249292
  0.06101236889533376  0.06290406568751483  0.06481243932417391  0.06677152397129345
  0.06882806672355563  0.07107908141115735  0.07346533827357718  0.07592051061846253
  0.07841912619386687  0.08093649382944222  0.08346211132069739  0.08600578881580660
  0.08865334286393495  0.09150818373181001  0.09455861658763876  0.09824781928987759
  0.10204259161478955  0.10593550412807390  0.10999981217848866  0.11440638436361203
  0.11949679063359897  0.12573844645221621  0.13422858955355252  0.14402594613023154
  0.15916013447946578  0.19198405009224206  0.32063569253403884  1.00000000000000000
  0.00896944460910305  0.01718274514671011  0.02794555991979416  0.03854583892589734
  0.04860137167059786  0.05778651518951123  0.06665380260350219  0.07506599052392990
  0.08382692423934067  0.09289771449465511  0.10173685660128647  0.11098703807036879
  0.12032052647862841  0.13015566884452723  0.14088095171817169  0.15135776180792340
  0.16147140550272551  0.17191672788774767  0.18280458432431582  0.19339073450992780
  0.20324449300659123  0.21293273910996768  0.22292248503424492  0.23373168000734465
  0.24513471351692689  0.25553090621425123  0.26498092096620862  0.27443551048800741
  0.28412929475341991  0.29327386806035227  0.30209511295480318  0.31112914002307840
  0.32132273758833518  0.33197578440821807  0.34188639313742214  0.35149444469474489
  0.36037669992792754  0.36954677904318478  0.37853647783881672  0.38756717491964060
  0.39657611771067425  0.40525487921062936  0.41389058108872162  0.42336844167345755
  0.43353011258610985  0.44354086391837683  0.45341207957033330  0.46333308664116291
  0.47351003187549789  0.48383842215541700  0.49373161124109644  0.50389545447899176
  0.51455293984944417  0.52499371243984405  0.53522725138665728  0.54539482302346964
  0.55564098734429446  0.56536544444249370  0.57482202118282821  0.58460381552789731
  0.59509934768309336  0.60571079210593470  0.61631617503855329  0.62676272467039873
  0.63726392747638505  0.64817531258137195  0.65906862041777414  0.66988117186948704
  0.68072815883612392  0.69223612628852382  0.70426410813055162  0.71672122324670595
  0.72976046636370617  0.74333967507588539  0.75740748325807516  0.77175399487937379
  0.78476440574870321  0.79726887232868038  0.80862210536469514  0.81949006674303326
  0.82990182511934552  0.83986318931258519  0.84999382533011592  0.86040681580346745
  0.87153823452203083  0.88339500645167779  0.89469361671468872  0.90543400917327599
  0.91618259876812025  0.92669272003785041  0.93702161204987044  0.94730814800295016
  0.95811616910051212  0.96938783548356133  0.98005273257078962  1.00000000000000000
 -0.00001989632740538  0.00024016851605605  0.00066919074267269  0.00133672387073029
  0.00230045102406036  0.00349658322474279  0.00492557128593257  0.00646922447078086
  0.00807975764099105  0.00991921326503725  0.01201596375734540  0.01444608818729078
  0.01699072922724373  0.01966049177720510  0.02220008613334245  0.02489138336249717
  0.02792218577172814  0.03129359435188723  0.03478928183898889  0.03823330857532116
  0.04174479711765118  0.04545738408392194  0.04950279773610067  0.05371560832136668
  0.05815883589494454  0.06282918748788630  0.06795429157313422  0.07284681498340032
  0.07799916413765381  0.08356013210341408  0.08934096407376607  0.09511595425527820
  0.10111221229282542  0.10701771024407347  0.11277782816714617  0.11865393411166174
  0.12482428643615345  0.13123373954327591  0.13775259609302182  0.14438828195785702
  0.15100212753688655  0.15772079943154996  0.16456808198682110  0.17139095585123820
  0.17834503979480476  0.18551900375508462  0.19288937290205047  0.20012436229315830
  0.20717426118645094  0.21429795358807416  0.22160744815345762  0.22920870108503200
  0.23697070342768911  0.24489879163769881  0.25264915266709154  0.26029600206999171
  0.26769392692641270  0.27549948875544156  0.28419305969966047  0.29338833532104946
  0.30255974523940327  0.31180914813649752  0.32121596688290938  0.33105478636979713
  0.34094191661556922  0.35118432225599278  0.36178602589901349  0.37232532716689581
  0.38296490070474093  0.39420304524896460  0.40588454953819164  0.41700704101779285
  0.42903994125188677  0.44139300411094967  0.45353403720571361  0.46562148501240602
  0.47790510450267276  0.49020490745165246  0.50271822249428966  0.51540294384699492
  0.52819096454952830  0.54108591621665336  0.55416298818391718  0.56759244254025953
  0.58196642445309310  0.59484822911557378  0.60717025074664355  0.61931183522295885
  0.63119512613588569  0.64296194752755431  0.65467673999290721  0.66655360162496913
  0.67857220312721445  0.69068086008039609  0.70240222801018770  1.00000000000000000
 -0.00352794649680830  0.01306990285779514  0.02615700338702412  0.03957899392183942
  0.05072991671642173  0.06171057082812624  0.07197410046497202  0.08230622632658721
  0.09265171916049050  0.10305591259306214  0.11374275257291583  0.12451545312844745
  0.13579945488094858  0.14787224050625980  0.15997628234535227  0.17216002446664719
  0.18452730073745041  0.19738040035541327  0.20974738050897745  0.22113562813694243
  0.23205143335660255  0.24282321146366700  0.25366833151928070  0.26484375464406684
  0.27611615679246848  0.28745959608145799  0.29885453862330230  0.31015237370937698
  0.32088172970168011  0.33117300114453480  0.34245678512448502  0.35394350379505302
  0.36433495897883461  0.37426846967108962  0.38416855522295695  0.39483684121917445
  0.40555714102345941  0.41599570404858044  0.42766892116800120  0.44053667929370499
  0.45322221786185712  0.46528881407600620  0.47649310329916772  0.48709206132825417
  0.49743654427463613  0.50724520288078789  0.51682020851958732  0.52644786239953190
  0.53584076235943978  0.54503521324805604  0.55398278669438339  0.56310553196536695
  0.57300157606030344  0.58324466742266901  0.59365755285613575  0.60479926898428127
  0.61712547303035825  0.62899791949633310  0.63984827741265959  0.65025394995845243
  0.66060191875320018  0.67106466902420758  0.68150223381574637  0.69161806883033916
  0.70124857981516453  0.71055841911467243  0.71939205901803849  0.72834853511097697
  0.73792789329431607  0.74752757074999820  0.75748358906076263  0.76763976970025327
  0.77739402374397815  0.78666203634494836  0.79559668848297072  0.80455366791285887
  0.81426153126966239  0.82433009330872176  0.83376833618680923  0.84301872852698945
  0.85206528074945087  0.86159482508476737  0.87079569422614567  0.87991188910623075
  0.88888686352347424  0.89797037813746772  0.90719570794432947  0.91633407859049920
  0.92585267143926619  0.93558100396986776  0.94589800759367171  0.95687834096347069
  0.96752996772820432  0.97822584129806267  0.98916280400635892  1.00000000000000000
 -0.00237590278862706  0.00886107050877269  0.01813083223176142  0.02766295752269637
  0.03654515115660655  0.04577463591473940  0.05506307439027694  0.06466209842084589
  0.07434742852151624  0.08433261643682660  0.09484404803137855  0.10566982141853373
  0.11679812116196213  0.12745605117822015  0.13774267141250257  0.14773663886571239
  0.15763048015391806  0.16709060941298154  0.17649960940587606  0.18606928228183411
  0.19611621506252175  0.20602143306498488  0.21824290511965583  0.23150716494998400
  0.24305639489516162  0.25332545947925705  0.26261248354545835  0.27162236635039927
  0.28090427933874257  0.29015196288219952  0.30024856219877294  0.31043102389248600
  0.32060105604738903  0.33072608818916055  0.34094381662236511  0.35115194759170176
  0.36156335596315287  0.37196362368114888  0.38255606721971408  0.39394486327020695
  0.40655014134926276  0.41880642651006561  0.43150002311184399  0.44289558242373722
  0.45426953243898549  0.46538354105959490  0.47637861613021965  0.48734863948413099
  0.49828278589007530  0.50908461864125176  0.51964955072942909  0.53017347068396292
  0.54042574393089449  0.54959782722392814  0.55815940402500563  0.56690258256738713
  0.57570623292275447  0.58432993738720085  0.59313874170532743  0.60185000803311772
  0.61318896518718913  0.62390584534638227  0.63435209135474302  0.64452652420787659
  0.65511439559287898  0.66616086296426691  0.67795533517292728  0.69025958230564033
  0.70291068726975647  0.71505722968802488  0.72598310271601885  0.73633344443857185
  0.74657517734237167  0.75685418846314201  0.76773477105459798  0.78012957886377421
  0.79402453507495274  0.80807609932749713  0.82124681567014346  0.83293961296884400
  0.84300371216454717  0.85289995358255677  0.86190519610203509  0.87089443043453707
  0.88052922709359405  0.89048027389339346  0.90062673143590199  0.91124111235579897
  0.92152475206257889  0.93177685950412614  0.94300533046560098  0.95445493531448544
  0.96554969975631433  0.97606364784017208  0.98731908425949166  1.00000000000000000
 -0.00235195320488329  0.00873799815186536  0.01887267999939892  0.02917472301177055
  0.03970609159771063  0.05078778404239776  0.06204808920912299  0.07251234145121682
  0.08263043123254972  0.09269685698024563  0.10353681314972055  0.11330274217894866
  0.12319053015992415  0.13413467982132740  0.14491709388534715  0.15573335342821779
  0.16675920836104041  0.17817879533485109  0.18941320943473394  0.19930133641339834
  0.20971885851030800  0.21909042051585423  0.22893444935451632  0.23894501106681210
  0.24855274755673268  0.25795397196518327  0.26775268551327341  0.27886650899652582
  0.29135152635735567  0.30295369407086636  0.31454101858883415  0.32574899870444829
  0.33691766746471397  0.34661550335032776  0.35678995498037519  0.36634854857534010
  0.37584758462404816  0.38589933329427145  0.39652657259496721  0.40678677814131420
  0.41703416170797641  0.42681469269213279  0.43616299045896756  0.44508407870827721
  0.45398451221373726  0.46319015650206508  0.47256451250622539  0.48195733091331949
  0.49202925964194660  0.50283120627508326  0.51400439455109947  0.52547821356178337
  0.53712522678293606  0.54812953511498108  0.55838320609087388  0.56827760074721767
  0.57747633325507719  0.58612802631399330  0.59429241602704175  0.60358868729322501
  0.61292395147618683  0.62176724310713716  0.63062248608090976  0.63930290900024322
  0.64823779002463700  0.65787075796844219  0.66822102082383272  0.67994683138533196
  0.69240261028355587  0.70504592652785170  0.71683600890476851  0.72786167699665405
  0.73922031572429692  0.75017915772002142  0.76059902426134107  0.77151241650226265
  0.78281881005861287  0.79384891556269921  0.80429943567419715  0.81509151848411399
  0.82653605123176643  0.83895455282857545  0.85165005399736671  0.86385938585416133
  0.87554631118605253  0.88634442531583491  0.89674170585607726  0.90691027291076343
  0.91703422325297634  0.92758441969220717  0.93826549854873376  0.94951915906266959
  0.96135812763139061  0.97402935968626680  0.98736017780298369  1.00000000000000000
 -0.00205829968841138  0.00942552848105759  0.01889507475931039  0.03010736621237053
  0.04142325006971326  0.05260389051400761  0.06360191788122799  0.07559647237749914
  0.08709451665404040  0.09810236189654516  0.10914568232194177  0.12022141255163422
  0.13155896403163550  0.14280163226414055  0.15435156336410544  0.16622719327883673
  0.17870412760114346  0.19069028752909442  0.20186741218199786  0.21281780122252056
  0.22377463279108173  0.23483951036648434  0.24572973683635954  0.25656397109146239
  0.26784907752909193  0.27977161019357172  0.29192164987479302  0.30353434224819492
  0.31471385692374876  0.32556758490113547  0.33626962823869705  0.34664879242706464
  0.35638261778363189  0.36576184836057052  0.37515421300702845  0.38522088345716804
  0.39559317087157847  0.40593526555898241  0.41610418346216177  0.42656616271909398
  0.43747750496552268  0.44636721710591271  0.45598661627709536  0.46597160897322604
  0.47544656753983600  0.48405968849936315  0.49232216965837922  0.50104577578108644
  0.51046749491526189  0.51997635625349548  0.53106814073252662  0.54242821519936502
  0.55529660671457259  0.56808052854410596  0.58093054179136361  0.59397183823868172
  0.60633160773814165  0.61752765227154793  0.62803501850117027  0.63833413612471146
  0.64850588190617553  0.65885420987858878  0.66970163242101699  0.68074397659015262
  0.69093228821479458  0.69990014569407544  0.70878446447984988  0.71750307567842153
  0.72622616024382203  0.73510532073136092  0.74377680210254660  0.75292560900410377
  0.76304251329401795  0.77274092414044493  0.78205712232065416  0.79181863663341301
  0.80192551734489714  0.81175004872974321  0.82092816079889896  0.82966059955791993
  0.83997798825729830  0.85095119360709970  0.86170851463442255  0.87210270615401542
  0.88305090813871545  0.89422754198228571  0.90595755563083291  0.91635273765020120
  0.92680640662304725  0.93757782941219803  0.94891308689338694  0.96034116026736582
  0.97058599902739384  0.98074603824828699  0.99022894032818842  1.00000000000000000
 -0.00220922256571063  0.00872761482999115  0.01811894975553651  0.02794755099045458
  0.03829975103793520  0.04842007867027844  0.05857060056988735  0.06809781531906371
  0.07781488891443211  0.08809781555865881  0.09915344018159486  0.11037667678772312
  0.12094575731474813  0.13160935206040772  0.14376109789335967  0.15515109397640264
  0.16683588439462305  0.17830450737090314  0.18990208973624750  0.20175329016595855
  0.21301329562500457  0.22342791117201755  0.23349919101491756  0.24352579212924361
  0.25373907075695229  0.26393888507318342  0.27401150903783350  0.28379410714927789
  0.29373362475629811  0.30385413074858608  0.31421487264982773  0.32465921308846057
  0.33545092702625218  0.34687364922567360  0.35828407668118023  0.36917996854928531
  0.37946206360237916  0.38913196993423937  0.39940189201858806  0.41045088768354077
  0.42178015233644700  0.43337432137950027  0.44425051445229219  0.45426467235885942
  0.46409719437209201  0.47357713871160428  0.48299750070985814  0.49225990962111321
  0.50258273173924495  0.51421949719248572  0.52649996933531651  0.53916764032677755
  0.55233465795971604  0.56500310949164501  0.57647132870932216  0.58754462859993306
  0.59811850517108733  0.60794457179905514  0.61727408008461415  0.62655903729187579
  0.63594399808616264  0.64587990407874307  0.65587057895108969  0.66542168141987046
  0.67523410728799416  0.68490099319837394  0.69480552930724893  0.70482219148903569
  0.71520229132607460  0.72606717735093040  0.73585583324372394  0.74541617462389176
  0.75553886672077575  0.76616599243452455  0.77626231234839038  0.78586220438251098
  0.79637513759821132  0.80771960001374421  0.81884653593765178  0.82992800939102562
  0.84056745961169055  0.85052239621929471  0.86039302717973154  0.87020214033181820
  0.88031107330318770  0.88999139679542405  0.90003640007346331  0.91054809920683299
  0.92093634264832047  0.93128834012285744  0.94187996616458824  0.95278386315868524
  0.96433790532511066  0.97686761077378692  0.98854081687021755  1.00000000000000000
   7.0759061742226085E-015  -1.0000000000000000     
 F F F F F F F F F F F F F F F F F F F F F F F F F F F F F F F F F F F F F F F F F F F F F F F F F F F F F F F F F F F F F F F F F F F F F F F F F F F F F F F F F F F F F F F F F F F F F F F F F F F F F F F F F F F F F F F F F F F F F F F F F F F F F F F F
  <DiscreteSampler_grid>
  grouped_processes
  1 # 1 for a reference and 2 for a running grid.
  10 # Attribute 'min_bin_probing_points' of the grid.
  1 # Attribute 'grid_mode' of the grid. 1=='default',2=='initialization'
  0.0000000000000000 # Attribute 'small_contrib_threshold' of the grid.
  0.5000000000000000 # Attribute 'damping_power' of the grid.
 # binID   n_entries weight   weight_sqr   abs_weight
    19   10   4.750578589390137E-010   5.244963252146098E-019   4.750578589390137E-010
    22   10   2.951363060688897E-010   2.844198009671250E-019   2.951363060688897E-010
  </DiscreteSampler_grid>
