 -0.00000053549597917  0.00001964641992818  0.00008427278467125  0.00017467872471684
  0.00027680018817579  0.00039338136299804  0.00052470946228188  0.00066563114742652
  0.00082330714018671  0.00098885205773350  0.00115902805785561  0.00133391795666410
  0.00151650834940209  0.00170792043330001  0.00190928590648881  0.00211249625283349
  0.00231556377127196  0.00251871522913949  0.00272160990882786  0.00292616377061309
  0.00313659877073132  0.00335937572537893  0.00358416342011809  0.00381800202201423
  0.00405217570583217  0.00428640111475209  0.00452177687117261  0.00475746597464732
  0.00499134034302864  0.00522068522084660  0.00544114768576917  0.00565573076114212
  0.00587394371908016  0.00609223451152791  0.00630637293562223  0.00652512217996437
  0.00674927191854119  0.00697345624603266  0.00719758174243569  0.00742388736730572
  0.00764794298721288  0.00787056765464873  0.00809563425482850  0.00832152575215764
  0.00855864048242279  0.00880605733578798  0.00905919957770345  0.00931203336097059
  0.00955170289548707  0.00978888598753062  0.01002022686206564  0.01024961048685820
  0.01047893401434453  0.01070369153599305  0.01093589005978627  0.01120234729332193
  0.01146662288535572  0.01174659123006887  0.01204132848045389  0.01235149090528704
  0.01268262985004933  0.01305491821845841  0.01355693794830211  0.01456196387755609
  0.01628969732970089  0.01780263015703082  0.01895127885281662  0.01997084375275874
  0.02094385762918383  0.02186814691156130  0.02272675815370960  0.02353999578831124
  0.02434473764005405  0.02517332554415803  0.02601539420123417  0.02685933208946360
  0.02772545439378556  0.02862253821099962  0.02953653363773794  0.03047810758131357
  0.03144239537088209  0.03242979516271248  0.03362991810770329  0.03488291660169963
  0.03615789890720595  0.03752984312972990  0.03898923528412400  0.04059469785008818
  0.04248867515679201  0.04478804580208658  0.04745723292190204  0.05051957883092313
  0.05516125515932144  0.06544317052150241  0.11753753761165650  1.00000000000000000
  0.00957403431116854  0.01607444242687740  0.02551863874681146  0.03560237802762292
  0.04540755162229525  0.05584214907310749  0.06654715053839767  0.07714741948373863
  0.08786949867977720  0.09863643562267302  0.10957753128637412  0.12039977598057616
  0.13090768356238475  0.14086198417483925  0.15127860542258378  0.16202615354672473
  0.17281630132072895  0.18367048469998914  0.19492692196686806  0.20648740288396145
  0.21745580124623942  0.22802163492787064  0.23870237164119967  0.24928674590080921
  0.25940449249652853  0.26931702681031028  0.27980179151527901  0.29062521951530051
  0.30144227702288318  0.31208505495712502  0.32320267553578719  0.33462218920520581
  0.34588457253336224  0.35699102655292814  0.36787413074818082  0.37875292662242355
  0.39009966377721361  0.40157767191966581  0.41275523656239338  0.42310761376888811
  0.43298302803216177  0.44258991824559502  0.45220049469814211  0.46213450174712356
  0.47218430154499091  0.48184453057231130  0.49118661815029102  0.50066187838348919
  0.51088125612293767  0.52167917169394940  0.53216836871631401  0.54220793413848545
  0.55239285088972745  0.56327377754520047  0.57503386948831503  0.58674991934577603
  0.59743806647063868  0.60859140305696580  0.61972018685517138  0.63139932684741495
  0.64259682738769730  0.65361182581343147  0.66410129268166718  0.67439080321098910
  0.68454415045126160  0.69461226227002393  0.70475348389727888  0.71464907592348936
  0.72408192978886277  0.73304109621794489  0.74210243965692468  0.75179859111698066
  0.76180630747783717  0.77149362288591838  0.78217181858382223  0.79249920001032181
  0.80281128774121913  0.81306416511298962  0.82476161191963293  0.83612529082669995
  0.84700125595018150  0.85793381474933028  0.86900447114627200  0.88074970355267979
  0.89108894258881255  0.90147376610094387  0.91216785484199214  0.92284165544423935
  0.93309414904813193  0.94322453719660082  0.95281504763150371  0.96255665661933709
  0.97186238406133962  0.98130900211116057  0.99133867958329291  1.00000000000000000
 -0.00169489442816374  0.00654027978222549  0.01452412366870221  0.02293291125329123
  0.03233851076589043  0.04163652175332595  0.05060440789085113  0.05936234552635803
  0.06791254297447560  0.07643779858886132  0.08475919586158198  0.09301109061935516
  0.10127540097553454  0.10986461034712058  0.11821510407722903  0.12678570640026451
  0.13521683553103264  0.14362991320880000  0.15220206174408482  0.16104788489721836
  0.17023028066407866  0.17962697834764924  0.18905405114955326  0.19861693902183608
  0.20851729497689053  0.21865176386360125  0.22900734018189287  0.23933913765798218
  0.24948239179251780  0.25963654530939440  0.26926170183613074  0.27867534199875155
  0.28795754054253453  0.29765468752451835  0.30765544580662685  0.31754342406346003
  0.32764319335869474  0.33769867095564532  0.34765828497262002  0.35751897813267086
  0.36775946690446876  0.37777214940049886  0.38722627662230319  0.39635358277893795
  0.40561633118332258  0.41449921821278535  0.42322750055388647  0.43214489199571532
  0.44172408393329005  0.45182382282778316  0.46159908079781420  0.47122828785668081
  0.48114184748719874  0.49132336034405316  0.50128880721945968  0.51087141569669470
  0.52041318707873541  0.53000391469607500  0.53962152772373462  0.54928292345562291
  0.55913696679402258  0.56898303162989605  0.57918640591882220  0.59033675158894106
  0.60197677335415301  0.61362336634549364  0.62484530483550604  0.63593050782979121
  0.64718541918246753  0.65901237193938944  0.67102038239303996  0.68246056091564744
  0.69381347394959114  0.70564955182635181  0.71793165721722041  0.73046839372686989
  0.74361499578831003  0.75685860103909908  0.76998969868854228  0.78313990076561202
  0.79621661956602785  0.80946070480112753  0.82254345640788329  0.83506618133125743
  0.84737981325434364  0.86010611350080401  0.87405320310275225  0.88905224180665943
  0.90404483304705752  0.91847020265085422  0.93238427729799012  0.94601607703037527
  0.96000949987223827  0.97377752961711006  0.98706265835952278  1.00000000000000000
 -0.00267958128166814  0.00985860958698082  0.02032318930784947  0.03069771257624834
  0.04104421254886798  0.05156296034884193  0.06311918187915509  0.07462493264703228
  0.08617134339787087  0.09756750259113456  0.10857859165372397  0.11927884217731934
  0.12998003748443981  0.14099739351744425  0.15140775533182241  0.16190832938619168
  0.17210122957041615  0.18306079364392064  0.19400688094727539  0.20480639484970239
  0.21567379785479462  0.22659864617406028  0.23899268229697157  0.25137846339564557
  0.26279468704817599  0.27347512978055255  0.28365013049542337  0.29373775612257730
  0.30377912133838464  0.31411675449651688  0.32464803652184060  0.33552465269404996
  0.34642723194575570  0.35739269634110554  0.36837252603362036  0.37939604732378662
  0.39043601689856988  0.40169652158297992  0.41350836452739231  0.42504319369878385
  0.43593586289942676  0.44659624899112665  0.45706395542164019  0.46716789994337388
  0.47704151414601148  0.48744666641011486  0.49807758597402291  0.50824626206870260
  0.51809033713189945  0.52818307655889740  0.53877238081430179  0.54952269152563704
  0.55969503372322971  0.56909643494149120  0.57841998320727150  0.58794115606144437
  0.59779530219171573  0.60723472695470082  0.61620809914267360  0.62548116426592915
  0.63607793126667489  0.64706665893215787  0.65770514631535448  0.66852474127795203
  0.67953958798534164  0.69045384756609474  0.70137215622268656  0.71232939841364173
  0.72329296643234620  0.73385812490780766  0.74422325141619083  0.75464544138802236
  0.76517134116807395  0.77554404407114230  0.78583443439348477  0.79603050171634560
  0.80597221047466205  0.81596275856165745  0.82557841598869586  0.83504098164175811
  0.84498376119492580  0.85541852300115728  0.86651208434213645  0.87726876602481152
  0.88801475600207869  0.89917166695350337  0.91093197777127410  0.92113575392972569
  0.93101384151917566  0.94109160934248115  0.95126171652735447  0.96127221522875284
  0.97077193365690728  0.98048660194324044  0.99024899612147710  1.00000000000000000
 -0.00235910174824527  0.00908444139813801  0.01950145040590347  0.02984807686491805
  0.04063840856902015  0.05096770961155549  0.06185869844599386  0.07200401343107135
  0.08193462401428869  0.09178618295832226  0.10211522348339692  0.11231640249977945
  0.12255785787745771  0.13282164383102127  0.14339253544906908  0.15447420189400199
  0.16540238592318054  0.17559589729161287  0.18538376784047944  0.19544302339549935
  0.20610079834542014  0.21721997936352760  0.22844755279992990  0.23972786325053977
  0.25087299682458108  0.26157039368420609  0.27175560000516047  0.28169969813474793
  0.29146793601411086  0.30139020708847752  0.31148690156880826  0.32199156808069201
  0.33326228674773684  0.34525571538436362  0.35670133751760880  0.36712205836363992
  0.37756035662976772  0.38770000157767454  0.39770103067136603  0.40699428443064833
  0.41666227110847731  0.42684865458664101  0.43746414748489487  0.44777205544476617
  0.45820050724761735  0.46893288512711268  0.47979858895721483  0.49074255386454058
  0.50150769319120858  0.51217856367944203  0.52264444371856311  0.53284123786703452
  0.54328415544325370  0.55430577800892000  0.56552657753280766  0.57658894544986738
  0.58733097268048096  0.59791453385692794  0.60867025145305942  0.61944999734081851
  0.62985094889160198  0.63997701680014918  0.65034384610473439  0.66088758717966722
  0.67114383521452592  0.68122866045834074  0.69140003337524725  0.70163659400618839
  0.71234723738223815  0.72259792935901446  0.73265586652725145  0.74261204604681919
  0.75299117887501554  0.76474018127623056  0.77649895932534585  0.78786189398510620
  0.79859882035615870  0.80894871731691498  0.81900282383009737  0.82886134568258030
  0.83955924202062071  0.85122291337105904  0.86275708836687770  0.87425412912323475
  0.88548805703454714  0.89658372154461152  0.90686359299604435  0.91671907865596858
  0.92725846605469242  0.93694442296061564  0.94695634069672707  0.95671889981342340
  0.96756286870519626  0.97841207553616072  0.98925423155497549  1.00000000000000000
 -0.00250427516771870  0.00884326493040826  0.01848678000223760  0.02927092485327373
  0.04010387861429438  0.05140241798034956  0.06213204532048797  0.07229534353454334
  0.08228122910659615  0.09261561577408293  0.10354411831418406  0.11456056131689075
  0.12543798237233847  0.13593703068332688  0.14606329423215542  0.15550876189445140
  0.16505539474886391  0.17496174533026776  0.18518751982451717  0.19547449664664426
  0.20561077211433296  0.21631798155012061  0.22716324452777051  0.23736785086862955
  0.24754702191854316  0.25802116668500952  0.26900357899091748  0.27916682057300390
  0.28864590856056804  0.29837482413715216  0.30861412261061144  0.31909239549299545
  0.33005695468941931  0.34166526794360064  0.35342908249161004  0.36470879670921430
  0.37547527443690837  0.38659731082728171  0.39765792426195068  0.40858954030903438
  0.41856613437648643  0.42864793446442473  0.43942073101425783  0.45159489419952370
  0.46371365004304260  0.47595576478263291  0.48696429898902177  0.49858430777864654
  0.50955696486732072  0.52098039052950673  0.53223474730667653  0.54343589434470940
  0.55355174595308199  0.56334976117304658  0.57269221990478636  0.58252152945612601
  0.59203656718487518  0.60130720684878569  0.61078150986721558  0.62053749503583688
  0.63018451266480724  0.64039085348960245  0.65054020111999877  0.66042075201677397
  0.67041937298345000  0.68062667518619580  0.69117286751752571  0.70168769056290314
  0.71231270299445293  0.72283932446074117  0.73319519834739078  0.74377800325688925
  0.75471789900632968  0.76585277422686771  0.77687636014325323  0.78752317888921486
  0.79790967956125725  0.80823207615847759  0.81893267834671823  0.82973062603602721
  0.84050824732308627  0.85145195168275778  0.86352139132552830  0.87591182599903905
  0.88751325962711969  0.89825351264387765  0.90863981662289905  0.91890589648081678
  0.92899610493534390  0.93928115839099124  0.94995256956286600  0.96048926083748987
  0.97052451049769461  0.98010035494463699  0.98980566528123992  1.00000000000000000
 -0.00124117697730418  0.00432039945434471  0.00994517419823597  0.01542437523098225
  0.02087507873995763  0.02637496953467688  0.03194211332327789  0.03764773566994655
  0.04348002986694918  0.04945458257320505  0.05561916843808614  0.06203135424358466
  0.06865262591423810  0.07544590227063273  0.08224486562566752  0.08892110542017444
  0.09559501464323930  0.10234334677006017  0.10945013459201222  0.11691039352383782
  0.12449525393461225  0.13222161308059183  0.14002226127892248  0.14814511646535053
  0.15670051567737950  0.16545850694134581  0.17429075057611057  0.18329144987806337
  0.19275490354323585  0.20275409414852658  0.21298433173379219  0.22366050921775713
  0.23462887486858836  0.24583146522115473  0.25732525878143059  0.26928523669292692
  0.28174985800992158  0.29495945231244919  0.30904969913023822  0.32341127849506268
  0.33811053715662309  0.35359727745665925  0.37016027051839206  0.38776567079012364
  0.40656351107753985  0.42679742939497822  0.44703142663459022  0.46715888075981388
  0.48768518658310539  0.50823157581150957  0.52881435737675553  0.54939758672847072
  0.57120573943144337  0.59392742284573385  0.61398419635890833  0.63119018184783759
  0.64704401225240149  0.66265757705537698  0.67834889949113109  0.69393707308775354
  0.70863351441913258  0.72232369484842396  0.73458952782871223  0.74659367241504548
  0.75873565035553436  0.77041263388906045  0.78078981648192369  0.79035134233997673
  0.79967080396841328  0.80904810143131878  0.81900027297194844  0.82813498508873684
  0.83751524524625931  0.84680151683907723  0.85632803405387059  0.86571230492204165
  0.87444791128217891  0.88244325338274654  0.89015554398288310  0.89791389493817608
  0.90563420397994754  0.91313341422200311  0.92030417093015238  0.92707758789414785
  0.93379898379054871  0.94076892764855169  0.94784124714121765  0.95490945774511360
  0.96157716816143102  0.96799182937186679  0.97415324359653166  0.97984346180399373
  0.98511172855397611  0.99022301838211058  0.99514373495754038  1.00000000000000000
 -0.00266145346171005  0.00986321584909926  0.02109738448274500  0.03269646338701877
  0.04380560869346438  0.05484989745586022  0.06534433024299120  0.07563335630786570
  0.08630508754325336  0.09721839893110489  0.10839132053549810  0.11941483478137589
  0.13081587231561315  0.14180007216689061  0.15253924913485198  0.16315122607074137
  0.17382501352122276  0.18506032159126432  0.19622738894819419  0.20694944806374599
  0.21736788427940421  0.22777947130450529  0.23916338460474815  0.25127643765858015
  0.26349278373778118  0.27538328325343681  0.28623898875413478  0.29685108835737811
  0.30720935179535119  0.31693440374307025  0.32622048198020709  0.33616010807098873
  0.34666097405008822  0.35738544447297893  0.36749943476503316  0.37787178145127986
  0.38902522828092079  0.39999612065877910  0.41061378645065666  0.42131147187136253
  0.43217198689160607  0.44265959750802725  0.45244383768917623  0.46222206316631098
  0.47231642343800223  0.48271584961729297  0.49318234615719336  0.50402510926396171
  0.51546552097183107  0.52693817963915868  0.53834982637733320  0.55009738648036555
  0.56215246574646527  0.57412866729817336  0.58534354744868988  0.59589838707996190
  0.60614144077772625  0.61623701129706077  0.62652316307905387  0.63739068822839573
  0.64818727885551342  0.65887832665849522  0.66893519083291419  0.67848383447760496
  0.68789943429097244  0.69756420277794551  0.70742905890356678  0.71728162601123691
  0.72686102294675459  0.73631418453003317  0.74577321171879962  0.75566122055096663
  0.76618082923213071  0.77693638168107060  0.78748022888390856  0.79756150919096047
  0.80734066137232452  0.81732960326150550  0.82747383654105899  0.83759833446059817
  0.84784303772966430  0.85864029459842572  0.86932623641995088  0.87950578356917386
  0.88941252044637842  0.89919002077150323  0.90916072888061983  0.91937562884226331
  0.92972390839325769  0.93948762248078732  0.94896921979708326  0.95872977477159715
  0.96914260432137045  0.97954716846744105  0.98968537386377931  1.00000000000000000
   1.1050423297265438E-015  -1.0000000000000000     
 F F F F F F F F F F F F F F F F F F F F F F F F F F F F F F F F F F F F F F F F F F F F F F F F F F F F F F F F F F F F F F F F F F F F F F F F F F F F F F F F F F F F F F F F F F F F F F F F F F F F F F F F F F F F F F F F F F F F F F F F F F F F F F F F
  <DiscreteSampler_grid>
  grouped_processes
  1 # 1 for a reference and 2 for a running grid.
  10 # Attribute 'min_bin_probing_points' of the grid.
  1 # Attribute 'grid_mode' of the grid. 1=='default',2=='initialization'
  0.0000000000000000 # Attribute 'small_contrib_threshold' of the grid.
  0.5000000000000000 # Attribute 'damping_power' of the grid.
 # binID   n_entries weight   weight_sqr   abs_weight
    19   10   2.080238430014726E-010   2.695842679148296E-019   2.080238430014726E-010
    22   10   1.163499512655146E-010   5.374928211382685E-020   1.163499512655146E-010
    25   10   2.400585039875423E-011   1.705627359313312E-021   2.400585039875423E-011
    28   10   7.093022347689859E-011   2.326791464216705E-020   7.093022347689859E-011
  </DiscreteSampler_grid>
