 -0.00014137534009631  0.00111524549514786  0.00294951274950861  0.00541835821965205
  0.00961435539444186  0.01273053748227607  0.01419629954149381  0.01503306379012623
  0.01574216060436378  0.01647256599116815  0.01725381020133033  0.01809103250209976
  0.01900035447970587  0.01999354888626149  0.02102328737923613  0.02205070663538364
  0.02308925603441331  0.02416273599455153  0.02527363492203866  0.02643536393016023
  0.02766741045680582  0.02896443080981637  0.03021871141712965  0.03141432374062612
  0.03266740844816960  0.03399965748688802  0.03539795633529098  0.03682427970959834
  0.03824746055365674  0.03970694951369289  0.04122656510548150  0.04280908899673533
  0.04446825880196603  0.04615135851995719  0.04780487381069624  0.04940443758807226
  0.05096177905732564  0.05256053671507055  0.05418539094635862  0.05588148044687683
  0.05764308712631101  0.05940949627820611  0.06119409807597410  0.06298849912262530
  0.06490307743080639  0.06678095204728822  0.06852440808199903  0.07025553000288662
  0.07194019713126273  0.07356764535945413  0.07516624565826585  0.07676622380271136
  0.07855699787374916  0.08044638363919508  0.08227961426853117  0.08408404062280356
  0.08590014637946865  0.08780835097381781  0.08976111101115841  0.09198763669623536
  0.09432926293982244  0.09688039246421051  0.09924791416419285  0.10147959181877277
  0.10363132707878357  0.10583149904549356  0.10804104597917641  0.11041820358296975
  0.11293695084347741  0.11541180552747701  0.11790726223272903  0.12049375105234904
  0.12310030733054958  0.12571012758848046  0.12839349470605227  0.13133285589177698
  0.13462423010267244  0.13805384447858610  0.14141600446843963  0.14472607928557793
  0.14803850652877407  0.15155000467560503  0.15570382858282200  0.16024130523674360
  0.16507643914737799  0.17021201114968118  0.17579249773748504  0.18187543196507230
  0.18885850986168143  0.19772566382858994  0.20991747097101732  0.22755233484647072
  0.25349660387965384  0.29226131675686201  0.37436469012615520  1.00000000000000000
  0.00926548477740679  0.01690649458027560  0.02494098871613174  0.03359360315469447
  0.04202199761106887  0.05184970631961593  0.06258452536337684  0.07304963911287776
  0.08405626137344598  0.09514611519481700  0.10616932569187840  0.11654773444773554
  0.12691291502588475  0.13704743054579996  0.14755497072300050  0.15856705322057676
  0.16989145456301669  0.18159220374321816  0.19305827024503514  0.20391804949997414
  0.21568556863118224  0.22625465602261094  0.23660314650527425  0.24669933273075342
  0.25670721986794520  0.26674482414573569  0.27662650605888478  0.28632640308120760
  0.29683165540674344  0.30719018241132423  0.31751672758826094  0.32746247088526348
  0.33804265645605214  0.34925222833250680  0.36014644437051646  0.37032023019143162
  0.37994390944592693  0.38988084158363517  0.40064602751617762  0.41179264421462136
  0.42281683953348992  0.43318225690601930  0.44353127823768185  0.45429250420006367
  0.46493945466124104  0.47560286028882393  0.48637399625304029  0.49728693078098801
  0.50758279818137952  0.51775410645571207  0.52776242083934943  0.53725404624658224
  0.54669135910976874  0.55632660371672249  0.56656734808928400  0.57582038405893987
  0.58513155726117627  0.59495536765498469  0.60497679196450516  0.61489628473776081
  0.62502707573350946  0.63630010787196889  0.64831554694170535  0.66051897716173102
  0.67200241195966848  0.68176870306689952  0.69112898665673672  0.70082089652817825
  0.71052208892484348  0.72080934953297204  0.73262792991311687  0.74467691230012312
  0.75563397566436552  0.76598719108258928  0.77613003853310725  0.78632155406050463
  0.79658117873487000  0.80682020649136921  0.81711176271966457  0.82732579095900360
  0.83687844899932395  0.84720225122835835  0.85690625685088218  0.86747022689324771
  0.87724795677257084  0.88739709959060753  0.89772668165615743  0.90815571679001805
  0.91882260879885291  0.93061248519392781  0.94237160597704961  0.95398722742696418
  0.96443381519189630  0.97448371187729976  0.98726559198462005  1.00000000000000000
 -0.00002253169102930  0.00012478711833141  0.00026568075855780  0.00042617180274365
  0.00062639993073154  0.00083429810194196  0.00104197185251891  0.00124139852021817
  0.00144244488048949  0.00164306942350138  0.00182809675226437  0.00201427247765624
  0.00222889044968159  0.00246297995355148  0.00268609603651802  0.00290676046221002
  0.00313455776933999  0.00337438711595366  0.00362593327124802  0.00387879390283814
  0.00412029127874350  0.00434641664677132  0.00457440292778289  0.00480070115099273
  0.00502845299578253  0.00527259893529679  0.00552731850935665  0.00579371843346400
  0.00605476978889978  0.00630508860194691  0.00657245892454297  0.00684100661737459
  0.00709508824117635  0.00733919647890546  0.00758415055844019  0.00784012670289829
  0.00810254761538831  0.00837242725977195  0.00865130989989501  0.00893149875306642
  0.00921222334575635  0.00949097439923333  0.00976972782062398  0.01006012099934495
  0.01038963140397349  0.01071958658094801  0.01103506508368499  0.01134288434074908
  0.01166029727457057  0.01198701451017670  0.01231899719338213  0.01262557339063663
  0.01290126121010892  0.01316213575176588  0.01341634449762234  0.01367980559619834
  0.01396476478239781  0.01426015416495081  0.01453604968646700  0.01478861770178636
  0.01502931243908801  0.01527673387484095  0.01553593127384028  0.01579870486966465
  0.01607109939629257  0.01634747805308140  0.01662169859912860  0.01691712680741477
  0.01725348196298005  0.01761764894938980  0.01798509348184742  0.01835945909100264
  0.01874397989403207  0.01912443962584794  0.01948452284345596  0.01981906359077093
  0.02015924928784642  0.02051798003917839  0.02087968839989084  0.02122969817635334
  0.02157385067347888  0.02190437178693243  0.02222735142928197  0.02255965586588482
  0.02291234502629772  0.02326960383932103  0.02362444682008763  0.02398278465161135
  0.02434618234586705  0.02470065997157599  0.02501287162682389  0.02526992677317328
  0.02553024827361842  0.02575114514166278  0.02593413066413694  1.00000000000000000
 -0.00286399466690759  0.01044849177251405  0.02336738538813834  0.03545320063601135
  0.04684653340172774  0.05746127364631064  0.06920871903426352  0.08210484700609468
  0.09306311661428168  0.10449673108240151  0.11736969762602928  0.12965829743074092
  0.14183454210828841  0.15315252193601125  0.16434919465170578  0.17448675751522846
  0.18603042863808048  0.19833553947374996  0.21117917396553185  0.22388964651517593
  0.23604367278178565  0.24736586789128326  0.25819443251962637  0.26900439215373395
  0.28029262530764004  0.29157884602032702  0.30311988407351587  0.31472455271068023
  0.32613705438858542  0.33712148562625449  0.34750819689687201  0.35763806720241598
  0.36723098138854526  0.37676885516981928  0.38603002513701867  0.39515569119478838
  0.40480124119662808  0.41451832629326507  0.42445238688883064  0.43457266847771409
  0.44495569156804793  0.45582942273348714  0.46729182374318334  0.47829562501253514
  0.48827100408064783  0.49842051916869567  0.50817646227621560  0.51777969722117234
  0.52729833200524123  0.53675066878823896  0.54666197090126389  0.55734513557998433
  0.56817591292032610  0.57944177623462723  0.59054684896482013  0.60196720191295217
  0.61358097847585891  0.62511909708899593  0.63645136948934056  0.64703254798521781
  0.65725544921054113  0.66730707613804874  0.67777757300138675  0.68864233318587420
  0.69910403110003705  0.70930343078062008  0.71909898993720911  0.72864189472807073
  0.73829234007037570  0.74813747358109128  0.75831827042994304  0.76801801560906313
  0.77730925776649662  0.78627604976195076  0.79553183578742959  0.80559111495138458
  0.81576476877629467  0.82635410275029908  0.83734565913540093  0.84840189898530494
  0.85903541322969468  0.86936345755894495  0.87995296142523816  0.89112875237339439
  0.90233255754329833  0.91288183086984476  0.92324042595436095  0.93358363301040015
  0.94284293661316676  0.95116073403193779  0.95928822425770133  0.96732548437254506
  0.97516649093025609  0.98293442672707165  0.99072004621198040  1.00000000000000000
 -0.00232231821354432  0.00863578982044567  0.01940678597758168  0.02990057557300231
  0.04078838836244567  0.05152992497461065  0.06248215078680724  0.07286815023599490
  0.08353927370457399  0.09448018506627182  0.10521311716493792  0.11549883904891076
  0.12559652258251330  0.13580459650358484  0.14596283164839408  0.15607962091300079
  0.16700751289193652  0.17835023448596027  0.18959676939419304  0.20058426171654953
  0.21136659218372528  0.22227816611527682  0.23304652793876368  0.24340229861371840
  0.25299399502044123  0.26245334375518325  0.27230133277118052  0.28290724297792136
  0.29345498195533287  0.30339017711518623  0.31319527566149713  0.32320853345712097
  0.33306980721541868  0.34318940480780691  0.35248623714600552  0.36366177242032327
  0.37529856159326563  0.38634071024072808  0.39789699086152397  0.40892705888429798
  0.42039836880324677  0.43139719490549672  0.44387818200890389  0.45530879163145110
  0.46445284244731366  0.47325898114793125  0.48271896529741493  0.49279862819293002
  0.50291297972888926  0.51167710332972827  0.52080899862026597  0.53205507406292019
  0.54397537507568194  0.55502589956813575  0.56522345707701971  0.57555837807657506
  0.58567648139325523  0.59635758108625958  0.60727730141230862  0.61876347571947943
  0.62968368636507954  0.64030496891747735  0.65039734401033544  0.66096524763341424
  0.67175832346196662  0.68287085844358575  0.69384305068804419  0.70472201789874744
  0.71557162342184577  0.72634161461792879  0.73679353706158646  0.74723911699060286
  0.75795191998060818  0.76797890286886017  0.77728047752975538  0.78645493326450511
  0.79601745477105312  0.80658266329966621  0.81764044091831367  0.82892417277180130
  0.84062700776822952  0.85171591288774684  0.86266951165338068  0.87309823823613208
  0.88353238330589390  0.89405839782655294  0.90510564852163056  0.91560097078687408
  0.92540876806926020  0.93542364516263932  0.94490337139124081  0.95526071521686395
  0.96650697398707019  0.97697524113795220  0.98830217450068569  1.00000000000000000
 -0.00193517355020483  0.00796107251632452  0.01876206608743706  0.02973791836804944
  0.04111308094112065  0.05300783769941617  0.06438383038106577  0.07611467756329106
  0.08763300390121065  0.09874987973658648  0.10970552481793322  0.12064380620098658
  0.13209409929954055  0.14395441916946661  0.15542450047866163  0.16559584012096948
  0.17528623008575872  0.18499328797314513  0.19679241576298911  0.20808698869842854
  0.21967703801554395  0.23036299343318078  0.24106333735008489  0.25212788027985916
  0.26348423556560957  0.27518738241689406  0.28657458243164796  0.29695732992337376
  0.30617882133923974  0.31542256197289359  0.32501343305840630  0.33428672804215204
  0.34381690323796232  0.35427936716696884  0.36559893308523633  0.37588980073401851
  0.38553235005739872  0.39517562522213612  0.40522327394347346  0.41518102160824027
  0.42510619884003314  0.43534687773997310  0.44594864340407631  0.45680001935088488
  0.46787933839712970  0.47830900193820275  0.48795689433957762  0.49793474089837975
  0.50778429451588158  0.51939998555891032  0.52946579380328551  0.53984809338482409
  0.54933299713269645  0.55843713823930641  0.56774259717733300  0.57753923437198396
  0.58707624176473472  0.59680072790667804  0.60667051387250348  0.61668523337290504
  0.62695617619862243  0.63736355591594684  0.64816536747562037  0.65965943676512773
  0.67119636252883974  0.68160762607182213  0.69155412232142688  0.70206775541313216
  0.71191228394850348  0.72131964502040380  0.73092577732697905  0.74069255646402132
  0.75003433323150392  0.76001500360703833  0.76969449502050624  0.78039420689723027
  0.79090551895477823  0.80107495697719022  0.81057920741369649  0.82022985425795902
  0.82978627872097344  0.83990340204229819  0.85081969355325893  0.86285827328782971
  0.87489944471863701  0.88592866662269276  0.89634109861623201  0.90690118053316360
  0.91759028988628610  0.92820434735862589  0.93890904024693611  0.95008481987395599
  0.96150621268128911  0.97373234489996996  0.98687550829808679  1.00000000000000000
 -0.00224874427183793  0.00855438418422608  0.01939255813218840  0.02997202173783957
  0.04120917579631941  0.05236910644299386  0.06350972013374692  0.07446986028576193
  0.08572459217920829  0.09707779248630435  0.10848681449304155  0.11943889809285692
  0.13024397066870091  0.14141002200106861  0.15310371267224540  0.16518556546015578
  0.17688935172943093  0.18809595704309007  0.19874183876901683  0.20937218013551970
  0.22028894223734985  0.23089533570912860  0.24134570451721976  0.25224357666207747
  0.26361784049275244  0.27542738928018640  0.28747100801395803  0.29937410217680449
  0.31091009551626259  0.32240797600400489  0.33366241620774806  0.34467866535656283
  0.35509033868006773  0.36510220562147100  0.37493711293395332  0.38487080986781402
  0.39440016038768455  0.40340518084357108  0.41320930679060897  0.42411467150033488
  0.43495253331975814  0.44581983507156958  0.45658486912944585  0.46722020592664426
  0.47792487981644260  0.48887006060794225  0.49993302550791607  0.51073958905958960
  0.52051481120558041  0.52977004098249059  0.53929926162075614  0.54856835711863150
  0.55878080250186468  0.56834812625226150  0.57669773942942371  0.58607037801206008
  0.59668735115260840  0.60810950954361687  0.61936487959068409  0.62966268031837291
  0.63970685617589274  0.65012425127196005  0.66107413690184236  0.67205503190589067
  0.68301906443066407  0.69430778134050697  0.70573761568867222  0.71660951381559179
  0.72717771099821515  0.73715097133708984  0.74692922262343331  0.75653242175426694
  0.76606633413563940  0.77617894189380354  0.78608833475418594  0.79568036105598094
  0.80538487934260050  0.81587440019962099  0.82753992851747371  0.83881054193743820
  0.85001919288779493  0.86048180581452705  0.87102841476707393  0.88086739897314403
  0.88962769443336676  0.89844409495762689  0.90775479815162741  0.91829321306429434
  0.92967012243689573  0.94154786385525790  0.95294361715386944  0.96316241340025133
  0.97210232598144486  0.98066420115502295  0.98965333587822391  1.00000000000000000
 -0.00196444881429166  0.00820405030673343  0.01725338600960081  0.02723955475074309
  0.03834163197620382  0.04872219165662935  0.05980625279416802  0.07226488449456654
  0.08502493121742218  0.09722695046822102  0.10868705269157602  0.11965979373072073
  0.13085824005838789  0.14214848207396744  0.15339651585751363  0.16422949383346000
  0.17431237608217015  0.18416572781183599  0.19355996712424775  0.20305867045563833
  0.21324883135375744  0.22526971686805941  0.23772377195758509  0.24927871330755116
  0.26030251950391148  0.27101028016605860  0.28139415256444389  0.29169575332323000
  0.30166229142491613  0.31101509998940086  0.32039711127821507  0.33069106498243239
  0.34223379027327994  0.35324911599083308  0.36265439649858427  0.37204416577326710
  0.38185327926120544  0.39132506975886694  0.40021050593522456  0.40922772157065790
  0.42000309444388517  0.43203215423851593  0.44361175409994014  0.45415066307820406
  0.46514321561534577  0.47587962070714468  0.48613506763009778  0.49618864245208749
  0.50642333002672801  0.51739401443398103  0.52870338052747801  0.54048914994338593
  0.55199062226142659  0.56280811676230624  0.57320661089711700  0.58347569538535360
  0.59364066947540584  0.60326543648822895  0.61232396444942527  0.62165300878949759
  0.63157216574005537  0.64237686258233950  0.65292760625822321  0.66410578969112066
  0.67533491088871744  0.68662786790757502  0.69712245602993816  0.70797629801937756
  0.71801115822873074  0.72843691534858845  0.73927976007549956  0.75074745673293219
  0.76251987876273164  0.77402195194080048  0.78438555799764698  0.79471876694053845
  0.80526035411759855  0.81591570649563327  0.82724737287855543  0.83703706758066487
  0.84608368120587230  0.85486982922973453  0.86379152749670163  0.87296309196577848
  0.88245157404026642  0.89164049516197574  0.90110090117488406  0.91151330456086066
  0.92329038768815286  0.93581126100190881  0.94828506268929058  0.96064768642655518
  0.97221412147299191  0.98223682850071736  0.99160392357343352  1.00000000000000000
   1.5045078671570771E-019  -1.0000000000000000     
 F F F F F F F F F F F F F F F F F F F F F F F F F F F F F F F F F F F F F F F F F F F F F F F F F F F F F F F F F F F F F F F F F F F F F F F F F F F F F F F F F F F F F F F F F F F F F F F F F F F F F F F F F F F F F F F F F F F F F F F F F F F F F F F F
  <DiscreteSampler_grid>
  grouped_processes
  1 # 1 for a reference and 2 for a running grid.
  10 # Attribute 'min_bin_probing_points' of the grid.
  1 # Attribute 'grid_mode' of the grid. 1=='default',2=='initialization'
  0.0000000000000000 # Attribute 'small_contrib_threshold' of the grid.
  0.5000000000000000 # Attribute 'damping_power' of the grid.
 # binID   n_entries weight   weight_sqr   abs_weight
    25   10   1.159317666451674E-012   5.256281631819182E-024   1.159317666451674E-012
    28   10   9.427485548949440E-014   1.797269985923135E-026   9.427485548949440E-014
  </DiscreteSampler_grid>
