 -0.00000000466491358  0.00000330866030306  0.00002407663821042  0.00006913626278529
  0.00013993687406243  0.00023641301335000  0.00035236157264078  0.00049175675623303
  0.00064607999060506  0.00082141085617659  0.00100420394546370  0.00119591799696140
  0.00140480742403339  0.00161885992912834  0.00183102326965487  0.00204402134663843
  0.00227218610729164  0.00250787216421241  0.00274680559760029  0.00299782887580519
  0.00325282610629220  0.00351266039155373  0.00378504065745762  0.00406391752567326
  0.00434223802763860  0.00461157834017460  0.00490467986894631  0.00520765538179677
  0.00551474897369925  0.00582555605855159  0.00613384695144491  0.00645193395818572
  0.00677740982440031  0.00709667444483238  0.00740738902660133  0.00771359793140806
  0.00801389955012406  0.00831836622627238  0.00865419227751519  0.00899380911252784
  0.00933396149893898  0.00966955972211214  0.00999750590630819  0.01032046388342863
  0.01064309362818556  0.01096364429029284  0.01132128944156433  0.01168600059574418
  0.01205499345458839  0.01243252142841406  0.01281965837929973  0.01321164010445291
  0.01361127745008102  0.01400826856005288  0.01441220879100171  0.01484123395469918
  0.01528960943791870  0.01574536780415594  0.01620382391343353  0.01666567479322282
  0.01713917425780262  0.01762531512375944  0.01811781238515585  0.01861055155245107
  0.01910978534327042  0.01963110883758570  0.02019333177516764  0.02078071772551254
  0.02138415029981069  0.02199861007582021  0.02263008988591569  0.02328605253298875
  0.02395363406275669  0.02462779477031107  0.02532380327466841  0.02609351921957430
  0.02689785066724279  0.02774652885962297  0.02862060726759566  0.02951717460850067
  0.03044749289713253  0.03140272035735224  0.03238333013345180  0.03342246472148961
  0.03464386314888490  0.03604360045061062  0.03757419664945166  0.03922950173722198
  0.04108204044994110  0.04311839926944523  0.04578956894130429  0.04935249822504474
  0.05404723628847327  0.06424749950344943  0.11634094573846394  1.00000000000000000
  0.00958804446727842  0.01532932137360981  0.02379540785624356  0.03436367206721759
  0.04422725756344895  0.05428215333621603  0.06478874876962207  0.07624684887166938
  0.08761216673223703  0.09859429060673174  0.10941420001883204  0.11990952772753044
  0.12990162048705928  0.13949716087030253  0.14923595404569062  0.15862730071384148
  0.16772848808434362  0.17660008734976196  0.18590600359092416  0.19553591188433861
  0.20516864965640760  0.21494036524491275  0.22525958148663822  0.23634053392892132
  0.24837510929749806  0.26053804160667504  0.27235935307819298  0.28299062930077218
  0.29322065287913013  0.30367654381779924  0.31437670212462310  0.32493679930461505
  0.33525876614799277  0.34572410030501438  0.35622268291876424  0.36653965208642963
  0.37689084909596204  0.38725985285371911  0.39745911913534893  0.40767657975843391
  0.41836958221565984  0.42998406255598198  0.44133616016473892  0.45184372049715321
  0.46179485503125750  0.47153028317109325  0.48143021254048479  0.49146762710111302
  0.50162172158997009  0.51219235331978030  0.52266161609921535  0.53292968760390491
  0.54303595514018799  0.55275142280308320  0.56229340818839757  0.57193048327262586
  0.58185846551848841  0.59206740916833123  0.60247907355752661  0.61297981197559315
  0.62365566076921342  0.63423275357178677  0.64510791363497255  0.65650452921063884
  0.66809459592368847  0.67976984969916299  0.69152605552270918  0.70320021023447643
  0.71433624925083861  0.72495093224720719  0.73546457407655408  0.74584908554459495
  0.75647419031880025  0.76757055791802442  0.77898572951661549  0.79057110948670017
  0.80184910705950374  0.81293809512661674  0.82370634480944704  0.83442473113382065
  0.84550570987359353  0.85679806281704129  0.86745599171314658  0.87772691274718684
  0.88781167966643437  0.89784833361724381  0.90808037875834891  0.91809136124039847
  0.92905139169643924  0.94002581951509456  0.95074544517545534  0.96108671328089712
  0.97138789754416432  0.98167496877465865  0.99131849754138179  1.00000000000000000
 -0.00001967038878603  0.00025547808900053  0.00071933473439240  0.00143351612612609
  0.00244105886531967  0.00369779312075232  0.00519535185215133  0.00698016567875045
  0.00895491024853934  0.01119994386982146  0.01361402085107844  0.01608454941550374
  0.01873949094246340  0.02177127700629957  0.02488239090389831  0.02813519501004317
  0.03161857778853797  0.03532149414528832  0.03909162236592737  0.04302907987939507
  0.04685805035212402  0.05069684754144271  0.05478528502080045  0.05916138844642464
  0.06391483527313188  0.06894925298195376  0.07409998507299971  0.07940718439029072
  0.08495064047484245  0.09076880062400647  0.09665347473725761  0.10249648498624087
  0.10876609296618338  0.11528889458946349  0.12176995383533937  0.12823531180781875
  0.13490340211074434  0.14185559007101062  0.14909308384265085  0.15647623808768896
  0.16413525653255800  0.17218079967572716  0.18054355689590268  0.18906524993401808
  0.19758651302480720  0.20599044049831733  0.21445890056844247  0.22283299263282225
  0.23181468781146550  0.24070923986461723  0.24979357138121847  0.25898384749355802
  0.26812723891849433  0.27762250902678032  0.28785296897423235  0.29807847240610630
  0.30850797297129062  0.31921512893721060  0.32995762587506489  0.34122382863260242
  0.35302839324495144  0.36512772836554180  0.37750226396135572  0.39077684189097239
  0.40420341268725013  0.41799184756001734  0.43220640680514105  0.44658740725419149
  0.46056470470432914  0.47477677186753864  0.49010314394986670  0.50540799353844057
  0.52063752756632664  0.53604072032421135  0.55202242139094104  0.56821318877328575
  0.58488083597347307  0.60216035900236564  0.61968391515114707  0.63665018054680644
  0.65377082573788858  0.67080886925331962  0.68763558602516717  0.70456701692046786
  0.72165879122306831  0.73881844571647026  0.75621559989096676  0.77384582179248074
  0.79164365332621545  0.80933674622003160  0.82798537959874974  0.84664925063100838
  0.86502605190899762  0.88261955092648592  0.89566700092268869  1.00000000000000000
 -0.00244487959526080  0.00976686532698430  0.01968311106896630  0.02969772358499404
  0.03944829335526307  0.05034345660592710  0.06146921397832220  0.07211926644667389
  0.08239233666944179  0.09247979963220390  0.10276106564941156  0.11276365735288263
  0.12248653833600363  0.13195317834605338  0.14110657070045210  0.15069858374078196
  0.16031184317700087  0.16979133443378999  0.17919755565866796  0.18891940711816846
  0.19950272665007915  0.21049186639456552  0.22140999451243795  0.23268619464040594
  0.24454211460288658  0.25614459887656066  0.26726232176842457  0.27794917983162287
  0.28830052970038950  0.29871333843551823  0.30959425172262955  0.32088792637588243
  0.33238602124076533  0.34339437715732102  0.35391010498299535  0.36436748215512166
  0.37439156504346083  0.38406605502737129  0.39346391752527105  0.40325208010739133
  0.41335262062318356  0.42355257214177233  0.43379121366353679  0.44383377399142521
  0.45364180974452972  0.46330453518002301  0.47284699134853037  0.48296999032177973
  0.49401670722709401  0.50586386652069193  0.51812498821014885  0.52950006945420491
  0.54052368108646132  0.55165401515196932  0.56275870945173567  0.57348106977302815
  0.58441332094019594  0.59595786653936211  0.60781774914043407  0.61942066829028697
  0.63043334976767806  0.64089384923377601  0.65072321483588003  0.65987815368442571
  0.66895015914871392  0.67834607137590663  0.68819676776812955  0.69878734380485841
  0.70960523401943798  0.72033720366215070  0.73109354355081968  0.74127097998738001
  0.75088570257353304  0.76031918772177820  0.77008576366256720  0.78071511333075816
  0.79184813301407186  0.80275859126140958  0.81373293640881550  0.82477398029297799
  0.83584043368049088  0.84586248378502160  0.85595732232946387  0.86633081741456519
  0.87667910381722591  0.88734251144475984  0.89774225407502983  0.90900688009162112
  0.91992779201047303  0.93051116380574916  0.94105619651649364  0.95196573755718783
  0.96315891532747511  0.97453871998635744  0.98682955136437656  1.00000000000000000
 -0.00258457218196370  0.00967507806426880  0.02025415268883559  0.03144798753568909
  0.04238826909508676  0.05293075698711366  0.06408228523992103  0.07529440179763923
  0.08635653071278926  0.09685158593814314  0.10751251134932652  0.11846097361750005
  0.12920346748479158  0.14004571487406539  0.15065623473044323  0.16132972421847933
  0.17246375675618253  0.18344571956117520  0.19345866719984625  0.20317837133948358
  0.21282815071158412  0.22221513404336868  0.23175993244124282  0.24132213932090615
  0.25103856688141124  0.26097584553523795  0.27124009604851523  0.28191156163810238
  0.29273847077976611  0.30341091452183971  0.31417272991569056  0.32516373348060695
  0.33655624362193859  0.34834706271500837  0.36004921409278923  0.37173763864006004
  0.38262589011520615  0.39272975804263155  0.40333667357873682  0.41386398679585001
  0.42459231673806097  0.43537706337317023  0.44610972437802454  0.45680348287490385
  0.46765439162625422  0.47827920796557816  0.48808439097285805  0.49736637389143157
  0.50654180879962940  0.51578684653498563  0.52489008266247228  0.53408812737685796
  0.54363247094005529  0.55387058198594452  0.56417966296872357  0.57448627444862976
  0.58486248441104516  0.59587790309133326  0.60729678862484460  0.61858968994322538
  0.62966889124784997  0.64064481342137047  0.65155364968186513  0.66249017622388218
  0.67345512057137236  0.68436837862288835  0.69496105028857602  0.70558630244114462
  0.71579371942461545  0.72591093918341409  0.73574843058756512  0.74575421583691581
  0.75574441439685081  0.76580991042374691  0.77688048504050056  0.78833067227871700
  0.79893814388819895  0.80938579931089527  0.81911591758647961  0.82865980000553197
  0.83820457388043923  0.84761115679205667  0.85682937205992482  0.86659500378997278
  0.87662995925206733  0.88776090950773945  0.89956717809374531  0.91218448266329422
  0.92480722085107692  0.93703566428326523  0.94820508087028976  0.95950056165947584
  0.96984569479958471  0.98046711965040823  0.99021068696066405  1.00000000000000000
 -0.00295366494130911  0.01020135205631044  0.02172258829806095  0.03321240028141984
  0.04471345701002452  0.05610058538449732  0.06740393049460951  0.07850577894371079
  0.08908541638429866  0.09934907330398177  0.10932072421426312  0.11929761623207633
  0.12945230050456455  0.13924540395029023  0.14895407490328846  0.15872593612024116
  0.16876149740875274  0.17946300886507649  0.19023194748799113  0.20097244352550442
  0.21121373800355894  0.22076224571032169  0.23087700103763792  0.24142499344770563
  0.25208423795686719  0.26284070699816864  0.27356603407778396  0.28525885884898800
  0.29651501014019566  0.30802353576783298  0.31828831712853262  0.32820347754781465
  0.33837416384577834  0.34883781425985871  0.35927770856519808  0.36957025748183542
  0.38007539052019063  0.39063891961320363  0.40148868728726633  0.41253605546851285
  0.42373577164931819  0.43464150669197299  0.44539632335936685  0.45599378084112036
  0.46650788287370798  0.47685632008697559  0.48662214452848795  0.49618118850085419
  0.50618192786293059  0.51705968991993556  0.52820723802604053  0.53946904048818278
  0.55078487334127368  0.56162677266624272  0.57140518700173792  0.58081141855791829
  0.59028719504139715  0.59973222515981839  0.60895370229451851  0.61799834930477837
  0.62743928454879583  0.63760144333675539  0.64798123257985674  0.65828530333258195
  0.66892292182563540  0.68066011233774415  0.69247511067044065  0.70423039427099698
  0.71566474948023462  0.72685250490676501  0.73775854548160591  0.74814205881459395
  0.75864294282097422  0.76888249570031453  0.77873170410648629  0.78865247282412987
  0.79919402381426363  0.80987655210600140  0.82041814327071916  0.83087767780679733
  0.84131316898620290  0.85166242512037549  0.86195145743708856  0.87202656145605062
  0.88160429356875614  0.89132418505590039  0.90175366560843140  0.91258521215449839
  0.92310888255291101  0.93312364689588945  0.94331268286303949  0.95358997527718703
  0.96500119546245744  0.97695524457659622  0.98844831067345118  1.00000000000000000
 -0.00332542143849300  0.01124958787376953  0.02313460018827353  0.03465358409233323
  0.04587291361606435  0.05656347324643052  0.06698415591552806  0.07726597002855777
  0.08736348635456599  0.09742622298164470  0.10705939173433450  0.11634024745055381
  0.12558166974558990  0.13484354743606658  0.14436891734346227  0.15455824584142847
  0.16493103190891534  0.17502783006436792  0.18501270025859515  0.19501266598749656
  0.20490422518982959  0.21500783679558308  0.22515685250919831  0.23604292587618195
  0.24722911405115283  0.25804758316151805  0.26838979291716619  0.27837197712289252
  0.28841641997848855  0.29915006032467262  0.31002478746431050  0.32163847104532406
  0.33305659936033100  0.34382368159414450  0.35411299999753820  0.36383383534790814
  0.37370612336289433  0.38444912446687723  0.39586307551300043  0.40827559449702211
  0.42028638216881087  0.43180784350081797  0.44311706737986117  0.45425106708133883
  0.46470195961577587  0.47458329088118423  0.48522854812435073  0.49669540906023973
  0.50742973326424334  0.51741490971619586  0.52686361249738523  0.53636229665703827
  0.54589769114049058  0.55569865777471417  0.56587111070160789  0.57625984420388787
  0.58636317488525214  0.59655790564033673  0.60698215894847529  0.61786948513652173
  0.62918660525207071  0.64037839196321023  0.65162830224039126  0.66222161380868094
  0.67289085226956546  0.68359948400392534  0.69420781790522490  0.70505078151203771
  0.71590478815350389  0.72690126389818466  0.73753772727008216  0.74821201259404513
  0.75949471545160219  0.77101310734610895  0.78233576385795067  0.79368953294296485
  0.80535908340696949  0.81634024614989487  0.82657553523515614  0.83731030894295178
  0.84856625486101134  0.85976318450102696  0.87069962955199121  0.88212159845333626
  0.89372709023798325  0.90375195801210451  0.91309909245273713  0.92229516690712643
  0.93140446357346018  0.94040981710801941  0.94910360081998713  0.95776824072062239
  0.96735459655461919  0.97733251052664427  0.98835536000473434  1.00000000000000000
 -0.00238218486334479  0.00936591154236243  0.02042055937017041  0.03117160680582199
  0.04240970561727336  0.05371687326967910  0.06488861900867358  0.07593388021122170
  0.08807419827066015  0.10121613997484916  0.11436804751497610  0.12679540494297140
  0.13816791345478974  0.14907805177979463  0.16007340981413076  0.17086306333834639
  0.18132726101120122  0.19148078668904253  0.20149670807680101  0.21162631951144203
  0.22175540889789802  0.23177873214239678  0.24160644701428438  0.25171137019301970
  0.26218243889571086  0.27284576240858438  0.28378977832071817  0.29436269720923236
  0.30424990395677792  0.31408129794801892  0.32421201426558666  0.33445153469443706
  0.34448482679473913  0.35444459787451826  0.36448081457330328  0.37436143570259378
  0.38413597813338751  0.39399230847143740  0.40388192748116064  0.41371541515012145
  0.42359088208572288  0.43375230141376009  0.44417068857097169  0.45456689671804867
  0.46495294490640426  0.47529187139241796  0.48549706403867249  0.49557356721206808
  0.50548957246006321  0.51545686983487327  0.52527880701873508  0.53478796270875761
  0.54448771885033609  0.55397810174675044  0.56352410820697940  0.57247261113975489
  0.58152884776219393  0.59029787169010728  0.59889368320870728  0.60733520228043947
  0.61577160943001974  0.62468716972833582  0.63437374063242880  0.64441640364346586
  0.65459394778672320  0.66485378614165769  0.67525248114789194  0.68597602260035095
  0.69735952366799991  0.70944710383026965  0.72189239602435229  0.73413763142734390
  0.74616462046037046  0.75804470648422451  0.76971785753768407  0.78140572753315862
  0.79259917922745815  0.80418519668829114  0.81587620269322980  0.82778769935125718
  0.83911390869323110  0.85010834423343151  0.86063570794156019  0.87094324205670381
  0.88130591352450049  0.89150076681939050  0.90145822696496336  0.91157419394092210
  0.92226151267323875  0.93384547015900599  0.94519364026999741  0.95680749363643758
  0.96773250093109253  0.97865884886503862  0.98926741644762717  1.00000000000000000
   1.6707503486453763E-014  -1.0000000000000000     
 F F F F F F F F F F F F F F F F F F F F F F F F F F F F F F F F F F F F F F F F F F F F F F F F F F F F F F F F F F F F F F F F F F F F F F F F F F F F F F F F F F F F F F F F F F F F F F F F F F F F F F F F F F F F F F F F F F F F F F F F F F F F F F F F
  <DiscreteSampler_grid>
  grouped_processes
  1 # 1 for a reference and 2 for a running grid.
  10 # Attribute 'min_bin_probing_points' of the grid.
  1 # Attribute 'grid_mode' of the grid. 1=='default',2=='initialization'
  0.0000000000000000 # Attribute 'small_contrib_threshold' of the grid.
  0.5000000000000000 # Attribute 'damping_power' of the grid.
 # binID   n_entries weight   weight_sqr   abs_weight
    19   10   1.942309133059417E-009   2.048847364295889E-017   1.942309133059417E-009
    37   10   1.273476287989519E-009   8.841845254514901E-018   1.273476287989519E-009
  </DiscreteSampler_grid>
