 -0.00004578094602715  0.00069797807175988  0.00209265353941061  0.00406642535550951
  0.00667260624762106  0.01060435152838525  0.01311143544971251  0.01432048929304239
  0.01519934612704346  0.01602015416558007  0.01685346256246713  0.01771320116225230
  0.01861695547556684  0.01957158358228884  0.02053266242343814  0.02154171057015716
  0.02257942844946387  0.02360309807943035  0.02468256203372610  0.02581411844166962
  0.02686925690219940  0.02798325288970820  0.02909607120957568  0.03022403398688920
  0.03139627174757660  0.03270533450334719  0.03414212332190748  0.03553345824801202
  0.03690332997766220  0.03822229063937299  0.03954796135517535  0.04094910081387668
  0.04239330087633911  0.04388710611432377  0.04543403240608019  0.04699307723389499
  0.04851112181232885  0.04996432248156764  0.05140024468013125  0.05290711215087476
  0.05447458356714711  0.05604782143661845  0.05766570235694145  0.05938073910934417
  0.06121509910192134  0.06313370688661886  0.06507742207118097  0.06700232663105617
  0.06884092057000520  0.07061015816301960  0.07232290731202527  0.07396026400880504
  0.07561311850279091  0.07725622325076106  0.07893657252142880  0.08072404034094767
  0.08261709065312799  0.08464977894653945  0.08683326898320182  0.08911987732346312
  0.09141751934568666  0.09365079649291862  0.09584226715257435  0.09807720854436425
  0.10037385546652106  0.10280428354649306  0.10539713821620154  0.10812773099595410
  0.11094786416628420  0.11376520223983093  0.11638289433985111  0.11919399990601318
  0.12214144289154776  0.12510922318838077  0.12815360921659275  0.13128498018088364
  0.13445013129907130  0.13767640762975963  0.14110270700624425  0.14466737398854487
  0.14833426903320285  0.15214018450244485  0.15625939955914109  0.16075811935360082
  0.16586232783657193  0.17154737424107475  0.17778463887916515  0.18483670466778687
  0.19279362829875060  0.20272286292045683  0.21644893149677222  0.23467069783614039
  0.26030063037487144  0.30265525715314473  0.39774702288290403  1.00000000000000000
  0.00912284654706452  0.01737475940209116  0.02907950436550436  0.04163987312103348
  0.05389989986253425  0.06563280087576290  0.07694524046418738  0.08895153962590124
  0.10147194645221369  0.11405851164343368  0.12560355271303439  0.13578595288575299
  0.14543008659314299  0.15573032091794822  0.16654592263360068  0.17728952978242302
  0.18851886897149586  0.20101321292093571  0.21356758536816070  0.22486531133757695
  0.23520772396621423  0.24513690559324186  0.25503727786136354  0.26516581965074160
  0.27566169084644321  0.28663667908224105  0.29806895093460178  0.30967619883281861
  0.32079589073619258  0.33165407146366044  0.34288881977024149  0.35407393844267931
  0.36570393504683002  0.37768498937689732  0.38972580249787986  0.40109508515978520
  0.41156038082734514  0.42175866488424624  0.43187431083717925  0.44159155104588954
  0.45060648091504185  0.45962484013521981  0.46898787596484864  0.47883129052081275
  0.48860225742076102  0.49841614109278320  0.50878509248090653  0.51963257277703767
  0.53056375705459102  0.54140338106907981  0.55198070292162449  0.56211271440390087
  0.57226141837127842  0.58244083605052543  0.59240823902697537  0.60263286299788976
  0.61281895768023942  0.62304247393220447  0.63359359231609347  0.64463225703312299
  0.65613493604496065  0.66773223458683417  0.67876890381251109  0.68866426209031284
  0.69844905771336829  0.70847316152291839  0.71859716592480449  0.72866608178887693
  0.73804091130733374  0.74695386420875165  0.75591039033284213  0.76507934196279415
  0.77454926576465899  0.78345142122864242  0.79199495251024110  0.80143427247069787
  0.81148803945642145  0.82162377609021575  0.83149068054361341  0.84127506692694642
  0.85086747011883612  0.86067983000363935  0.87083053279044864  0.88150169896214103
  0.89168697533572738  0.90175719536095267  0.91169068964318434  0.92247277187932719
  0.93412861563986282  0.94567960289253217  0.95613662548340861  0.96552625432226102
  0.97463204245926582  0.98480054725034094  0.99043672947559602  1.00000000000000000
 -0.00001901112005206  0.00010800999883531  0.00022384971510818  0.00035901017298665
  0.00051860287429001  0.00068549957680698  0.00085962618778083  0.00105142424170360
  0.00124576151774659  0.00144289636039753  0.00166404720939554  0.00186180883286829
  0.00204628091986442  0.00224421620869639  0.00246417210196423  0.00268356037631998
  0.00290619334752241  0.00312696423426813  0.00334587386454084  0.00358188280425066
  0.00383648930248687  0.00406833605651975  0.00429411487689207  0.00452417991758039
  0.00476458609310039  0.00500905389490885  0.00525190865492174  0.00549146547406816
  0.00572646171044769  0.00595422244142534  0.00618924080689528  0.00643523603664419
  0.00669404853053429  0.00695171623648405  0.00721474041193756  0.00748915013935878
  0.00777228045817832  0.00805361897941683  0.00832536225790584  0.00858856565346840
  0.00884615796972790  0.00909496944026711  0.00933542008236473  0.00958929054776188
  0.00985927047655393  0.01013436622795599  0.01041125583322232  0.01069887762125661
  0.01097326359250212  0.01124437934235825  0.01152254254735986  0.01179801730012344
  0.01208333099521892  0.01237392635287407  0.01269521313284788  0.01298002426982693
  0.01327150146854067  0.01353941007521328  0.01381155650325172  0.01409110264368097
  0.01437489748669308  0.01466489983329048  0.01496556167645969  0.01527430571209206
  0.01559535352115917  0.01591359248720157  0.01622485671570189  0.01652765524279493
  0.01682742652281184  0.01713131798379919  0.01744178896311934  0.01777709092305879
  0.01813613387790040  0.01850357188563080  0.01886744411623928  0.01922012421286068
  0.01955788031279042  0.01989459397739262  0.02024737753974816  0.02061186247521644
  0.02097914365161678  0.02134400387784016  0.02170403779811441  0.02205373978146858
  0.02240013048650424  0.02274200413577921  0.02308121586882775  0.02342028102266012
  0.02377035708325938  0.02413938024746154  0.02452590608138619  0.02493558534809303
  0.02535766693023093  0.02568214033919967  0.02595063300324867  1.00000000000000000
 -0.00209069563285192  0.00849525962800080  0.01831291889062678  0.02848697574385765
  0.03951419741146785  0.05216204916105487  0.06423626899627292  0.07615551630192055
  0.08778883834587710  0.09934164748256810  0.11016320224789272  0.12033853620324446
  0.13134339130737735  0.14235342032780424  0.15207205423039233  0.16155318784086714
  0.17240524477606395  0.18405504673675238  0.19599520657798200  0.20792309679322690
  0.21973548426707903  0.23158619457741828  0.24341774579657496  0.25522363934883902
  0.26651832919974289  0.27690731617800074  0.28724372565671713  0.29834521833839506
  0.30968817503148921  0.31954802834001383  0.32890372469870072  0.33914213507861751
  0.34934233131733972  0.35856397587532229  0.36822057037075057  0.37991273928728819
  0.39295329262756601  0.40489020810553855  0.41528187752136381  0.42526159507572803
  0.43529950401285150  0.44573512381321612  0.45689018603570192  0.46867663339667337
  0.48073873187156702  0.49278133016021158  0.50487924790603234  0.51721816682527333
  0.53004838154193956  0.54304402323666467  0.55536075948062691  0.56738898225857670
  0.57898968107659810  0.59024442137788402  0.60127752920101663  0.61158657187477672
  0.62145439465789432  0.63152153577053194  0.64184116419824155  0.65210270034368500
  0.66189343573026538  0.67191948489319264  0.68096395227395579  0.68964399937598819
  0.69858553814763158  0.70762760722083484  0.71606874289535238  0.72503599698965693
  0.73456280758132464  0.74443953065365309  0.75474766007806504  0.76484010918799261
  0.77568722737492113  0.78621113634336814  0.79707322434265426  0.80630297929468608
  0.81607181378546823  0.82606979521321644  0.83542461895548203  0.84518828486553554
  0.85501283744842094  0.86522343191910756  0.87483942020671346  0.88471700873749237
  0.89463255087200833  0.90529587263542455  0.91587758125334917  0.92517416408094488
  0.93385102629444172  0.94262109120534943  0.95218850724661908  0.96130238274812108
  0.96999554661999243  0.97893831996150682  0.98950058959980403  1.00000000000000000
 -0.00188350201981734  0.00840124046379474  0.01811522409722608  0.02739847638593191
  0.03801556895243587  0.04897217755886185  0.06007312092840396  0.07074003848029742
  0.08140980782975019  0.09212226486079290  0.10309158089113264  0.11432735018944082
  0.12626561101604283  0.13808104152746808  0.14978064894945339  0.16096384194607158
  0.17158759331430939  0.18176779222448122  0.19145111088274591  0.20122757124789942
  0.21143329816444545  0.22206437181615377  0.23295416666364363  0.24416976170633448
  0.25591698431239673  0.26709611579504006  0.27904858847646102  0.29062719419193567
  0.30206586236535965  0.31320660572181008  0.32416158770384407  0.33499050312399004
  0.34553456378077724  0.35519968734591600  0.36464922821581408  0.37445709480774736
  0.38465256393785824  0.39443493653653511  0.40418034253284746  0.41361504143776351
  0.42308427716216135  0.43305227711155259  0.44315417478355790  0.45429562422663361
  0.46557264703662704  0.47640311619013154  0.48838484329504933  0.49963051427081123
  0.50945630181358936  0.51902127890152283  0.52974505906087344  0.54087416844260106
  0.55200266357935168  0.56241762635177550  0.57291791595042274  0.58369391684842831
  0.59455241611199683  0.60555677856275825  0.61643901580831151  0.62766795283002386
  0.63928036867463722  0.65091400155327550  0.66186097123978060  0.67293879058373718
  0.68438783030642136  0.69517384084587563  0.70554669251160307  0.71657108220890164
  0.72747453228554926  0.73693078664083245  0.74537784240528271  0.75401659822212352
  0.76291899532307861  0.77187717938514611  0.78043609618928578  0.78950181783316731
  0.80042250022545991  0.81198557457390030  0.82274968606227017  0.83292245443770929
  0.84301207405916878  0.85375271220831139  0.86461572106961893  0.87487032341648474
  0.88483058468697029  0.89534817450133197  0.90625823092776159  0.91695062995119392
  0.92673431208008550  0.93611990366211328  0.94525571338186287  0.95491692522982008
  0.96549409316995694  0.97768835447162250  0.98853515753884225  1.00000000000000000
 -0.00203225501046064  0.00882349231025417  0.01819468568584581  0.02757289418452658
  0.03585929041253327  0.04475212907165124  0.05432663987507277  0.06407126956623073
  0.07319155174705200  0.08145120967495978  0.09129367329052171  0.10180694633407897
  0.11201922443568853  0.12244445805692240  0.13312010531145982  0.14484516581436890
  0.15736362031431755  0.16963166893310322  0.18130918934434448  0.19295942827802637
  0.20443722160454489  0.21566134889824431  0.22669725167368523  0.23770831917055829
  0.24893513584104840  0.25997274658062014  0.27041763320426182  0.28019903392102957
  0.28973599781321635  0.29956913940594809  0.30974590505009203  0.32021587254933215
  0.33087583434823070  0.34204959693238918  0.35340781785853287  0.36501651491623965
  0.37651508988925186  0.38783475928832573  0.39938758981642131  0.41061905733087406
  0.42160043255074231  0.43196058707041995  0.44294330709818197  0.45402263008893390
  0.46557258841597815  0.47628139216246479  0.48613638024620853  0.49605253017588891
  0.50574692028463186  0.51585677495699922  0.52604174874989107  0.53596349096570450
  0.54642448357082940  0.55764568775405232  0.56946906213941573  0.58174894293625046
  0.59432606620766348  0.60584620040441073  0.61559314474282856  0.62497219683777672
  0.63484885376700928  0.64450405578888637  0.65368532807932012  0.66264583858738269
  0.67295931079124660  0.68409830048088893  0.69524152919951510  0.70637350770592766
  0.71781194998770970  0.72877698867807572  0.73980217030035911  0.75064984566511828
  0.76095842000264824  0.77116497461218625  0.78127555233105450  0.79128114367497593
  0.80043621001443044  0.80927387754261904  0.81847487445379019  0.82778114232210054
  0.83729425259602674  0.84652836192004544  0.85551565361361548  0.86657980841335269
  0.87748970837126439  0.88817029368853939  0.89845681541501043  0.90925248555846050
  0.92005357279997613  0.93227705664974236  0.94428209151073594  0.95667791020865256
  0.96787870226424144  0.97891336391350769  0.98916273495383944  1.00000000000000000
 -0.00174108470334313  0.00764270755717847  0.01660336272073527  0.02622777371957794
  0.03552132589073863  0.04461166335111420  0.05525732263774130  0.06596657231155049
  0.07622411478167343  0.08642794000465971  0.09661978899446554  0.10667634043450984
  0.11646196713812887  0.12676520687577533  0.13750395356408643  0.14819558487414897
  0.15913839427346757  0.16991338752579316  0.18042614258305684  0.19120363002086879
  0.20132099634607728  0.21072797083228390  0.21992001865722691  0.22974413809977648
  0.24052634173690657  0.25092586149965584  0.26155535568520433  0.27220049691392562
  0.28389784874631191  0.29504778574058077  0.30582543588041777  0.31645282586750262
  0.32698911417251514  0.33746428975236331  0.34804903420284039  0.35997766761319777
  0.37279864766090010  0.38490885040458589  0.39648122021575732  0.40852932065971670
  0.42045814509577711  0.43203846990526440  0.44389373309018820  0.45560569200583817
  0.46620657336076970  0.47677384970104869  0.48717893098807336  0.49866958095490355
  0.51006897772727644  0.52150134123746339  0.53245833806608445  0.54349192713814187
  0.55400770843652303  0.56416568055821514  0.57414081403649309  0.58509332588526364
  0.59642273939217016  0.60745502469843771  0.61841708380038507  0.62964832802441328
  0.64119245367468203  0.65233954553816398  0.66283208947595973  0.67286876326266587
  0.68266237825267828  0.69279154486048722  0.70365281658580425  0.71497238519840578
  0.72523880032413868  0.73473352481198251  0.74385218041817125  0.75226943175986238
  0.76069209056187581  0.76962696465510871  0.77904400951125830  0.78833508007372122
  0.79760135386580588  0.80707810384093093  0.81711280333793601  0.82810121852464968
  0.83903102811343122  0.84986431991912181  0.86161486302286772  0.87396414133841205
  0.88749918753228263  0.89879125139259930  0.90892592726289057  0.91888633776110118
  0.92849762456659402  0.93760669069011338  0.94628800300031901  0.95525946295046738
  0.96549414255213151  0.97668037938891761  0.98796083986845373  1.00000000000000000
 -0.00227325080723467  0.00947356801546532  0.02049327850102814  0.03173109690547736
  0.04287872288005167  0.05291992962805789  0.06281705602734526  0.07286120765247964
  0.08316001141189333  0.09300034045405484  0.10231738965295296  0.11253982206511079
  0.12323014078429761  0.13307680162571400  0.14270836474340115  0.15341938638399183
  0.16446111773980185  0.17546014741682481  0.18651029157658472  0.19755580557347627
  0.20899765720407257  0.22087090146065308  0.23282728496448929  0.24473414792582496
  0.25661222168414466  0.26845242810220971  0.27990833645569568  0.29055881145053841
  0.30074137893715192  0.31135864622279458  0.32258066379324341  0.33318238966569652
  0.34320172621805894  0.35314249662600500  0.36370880093953228  0.37502628992892140
  0.38689569634012921  0.39900720082268482  0.41084795359240445  0.42140999381612576
  0.43052293836600958  0.43943274459812731  0.44881428679497076  0.45845603340894792
  0.46736106924652321  0.47628614085032173  0.48639278168536859  0.49762555429975597
  0.50768013002726353  0.51720270259469081  0.52712715936543431  0.53724799322166117
  0.54753391062720302  0.55748080420880608  0.56804438346792185  0.57907052530779513
  0.58987055485900752  0.60043503458875735  0.61060288807440433  0.62087657227692861
  0.63166946406620139  0.64286061165148856  0.65359371237494401  0.66332297500616977
  0.67352855013692348  0.68309709154491516  0.69259385156174236  0.70218199519623570
  0.71275634511353492  0.72392908064154371  0.73506432576756264  0.74572376073107183
  0.75589533790581354  0.76607832019900246  0.77605718062291151  0.78564671062322822
  0.79547500488255507  0.80589779980447029  0.81667130465157922  0.82684152797468169
  0.83658508486511418  0.84687039650719043  0.85782860969388974  0.86880260224947026
  0.87957813722112499  0.89106874934690539  0.90249902585166575  0.91381231704415355
  0.92572757520017335  0.93835341671956540  0.95048470630701054  0.96144749338199798
  0.97174842342346435  0.98183429283869961  0.99131067953935348  1.00000000000000000
   2.9881284587879651E-019  -1.0000000000000000     
 F F F F F F F F F F F F F F F F F F F F F F F F F F F F F F F F F F F F F F F F F F F F F F F F F F F F F F F F F F F F F F F F F F F F F F F F F F F F F F F F F F F F F F F F F F F F F F F F F F F F F F F F F F F F F F F F F F F F F F F F F F F F F F F F
  <DiscreteSampler_grid>
  grouped_processes
  1 # 1 for a reference and 2 for a running grid.
  10 # Attribute 'min_bin_probing_points' of the grid.
  1 # Attribute 'grid_mode' of the grid. 1=='default',2=='initialization'
  0.0000000000000000 # Attribute 'small_contrib_threshold' of the grid.
  0.5000000000000000 # Attribute 'damping_power' of the grid.
 # binID   n_entries weight   weight_sqr   abs_weight
    25   10   2.969372627569963E-012   7.398803087844701E-023   2.969372627569963E-012
    28   10   8.272054349897484E-013   4.757035740736737E-024   8.272054349897484E-013
  </DiscreteSampler_grid>
