 -0.00000071695838980  0.00002949661003749  0.00012146822364440  0.00024501870553327
  0.00041121650483302  0.00059738114313543  0.00077555817357809  0.00095437488308282
  0.00115949871383284  0.00137748365649208  0.00160592032740301  0.00185586336829708
  0.00211600651895483  0.00239519223692427  0.00266824557227858  0.00295529909495462
  0.00323969837272048  0.00353001772655159  0.00381692158110260  0.00411462757328214
  0.00440596959215030  0.00471946229900625  0.00504808553119850  0.00537764899607868
  0.00569898161846587  0.00600882896430374  0.00631381590777047  0.00662818100784402
  0.00694378543524561  0.00726555518211593  0.00759382878568444  0.00791634721083863
  0.00822971388841320  0.00854067461000488  0.00884945346432167  0.00915553650170179
  0.00946290216602950  0.00977321765040318  0.01008817856219088  0.01041467364358458
  0.01074477128928729  0.01106629820318234  0.01141053544239798  0.01175461105329949
  0.01209671918386030  0.01244059799304672  0.01279412719413446  0.01316026187793034
  0.01353857037567090  0.01392852459822118  0.01431536475974440  0.01470991098260338
  0.01511330365131913  0.01553567990444214  0.01596555658194488  0.01641090789107092
  0.01685631615241396  0.01729401778554716  0.01772668203033315  0.01816024104477405
  0.01860096511976095  0.01905275314983687  0.01952334038937855  0.02000038099234784
  0.02048514437821290  0.02097962458345725  0.02147387910395740  0.02197529377142739
  0.02248454230891890  0.02300264532572429  0.02353108535809859  0.02406836280913872
  0.02460127872073605  0.02511241275655951  0.02565506284439112  0.02627339663811964
  0.02694982916675041  0.02764322852185541  0.02836866235455377  0.02917286423877841
  0.02998333367539214  0.03083975037224140  0.03172719436421464  0.03262444786757975
  0.03358561832348197  0.03465728146141406  0.03590456641480816  0.03737188719080768
  0.03900888772661474  0.04079438765803491  0.04278816139063903  0.04526804025751600
  0.04984353666008187  0.06002166885169961  0.11881685370389888  1.00000000000000000
  0.00880837398056816  0.01752762933524193  0.02944520326556947  0.04182836651013027
  0.05170141809039170  0.06193947976556304  0.07217191222019666  0.08244050274986035
  0.09270227813241441  0.10275411350270469  0.11351678512217089  0.12441540259299973
  0.13489200017513744  0.14542193890917496  0.15567901766618591  0.16624307726142806
  0.17697347102997890  0.18775202975457239  0.19841588250393005  0.20924272367570693
  0.22067444425051252  0.23133892846576568  0.24157514677617298  0.25168214717823228
  0.26230070306403014  0.27335850571649095  0.28409593366777630  0.29415215276453133
  0.30340333695110328  0.31318996797305904  0.32364062580633013  0.33456174697775382
  0.34446837950982923  0.35427105468351555  0.36501288188261610  0.37538472714319221
  0.38469543982237958  0.39420940917898162  0.40378427808629863  0.41352726152430608
  0.42308594219509810  0.43291107883494834  0.44288222211600170  0.45305611503099563
  0.46297448836065158  0.47325824890265600  0.48416941288510501  0.49613563239878111
  0.50796300752997503  0.51922331048131887  0.53083135964182160  0.54194271470673261
  0.55255539404885634  0.56277154359580017  0.57291244662169050  0.58302200559725637
  0.59292743346706367  0.60285611436386255  0.61317716087328311  0.62374398065650982
  0.63406589883466413  0.64391464753572836  0.65384986537203249  0.66434071975414188
  0.67553371428074405  0.68730009505979972  0.69933052898820569  0.71116404443423642
  0.72260632079616960  0.73373346477731693  0.74459886750831639  0.75589852892974296
  0.76746517645458279  0.77856096444590484  0.78925216283402122  0.80013758633929855
  0.81110266971173883  0.82213595088394009  0.83311637100523550  0.84414501083081550
  0.85525146189853418  0.86622890594146762  0.87739842048140626  0.88812720969727577
  0.89828514194392239  0.90794785853017523  0.91770129771259001  0.92776618801335631
  0.93783483171691151  0.94786324895126506  0.95741339963640404  0.96627905309350981
  0.97528602479539150  0.98504645159563964  0.99031772991785150  1.00000000000000000
 -0.00223787944783542  0.00874724998167300  0.01829129359881878  0.02805028225011488
  0.03802531289309870  0.04859157754516320  0.05909712641308285  0.06946053244602074
  0.07970767339712161  0.09065052231400289  0.10197404950179768  0.11322537931797329
  0.12405509699052703  0.13469606304081588  0.14559593982365990  0.15649337882596273
  0.16678304267637512  0.17689323936011928  0.18709439496473029  0.19784844268763252
  0.20868453794439984  0.21867172731133575  0.22872914081115012  0.23845272045426771
  0.24876335448509482  0.25976577194902606  0.27138731949123002  0.28325126563388847
  0.29396113878514490  0.30463314990386758  0.31530349331382096  0.32620111860993806
  0.33692312435854738  0.34737591362189957  0.35793705973219297  0.36857031024603487
  0.37920748826715062  0.38954465043332215  0.40006841919611524  0.41128007207452444
  0.42214704476552400  0.43277979423832108  0.44436115640336793  0.45623440903509499
  0.46724090361288867  0.47824807883126158  0.48872781089139655  0.49925274212836190
  0.50941554366275754  0.51955082444373468  0.53023677398251312  0.54091832129190731
  0.55098846565562765  0.56030915178268248  0.56994015622442418  0.57978602284072234
  0.58983506897453897  0.59949652206623949  0.60958485248929462  0.62019894171607737
  0.63082631607286521  0.64147606677791025  0.65222331512502363  0.66274665149057865
  0.67316049827807345  0.68370930007568087  0.69456368165254723  0.70541668996304396
  0.71610869874314653  0.72666231657418501  0.73727358495124262  0.74773124285534565
  0.75769015862443878  0.76738714436408828  0.77696133089838471  0.78662830142425266
  0.79657381215583423  0.80675878679489399  0.81729462486279381  0.82830823516434415
  0.83955571071480573  0.85058178851974919  0.86123612838532126  0.87195960906626324
  0.88306488697649932  0.89433894117779000  0.90556879315443062  0.91669555963725557
  0.92788828427624670  0.93857132641100727  0.94859852363460617  0.95843966493179100
  0.96890386719046051  0.97961065956834459  0.99001441336227247  1.00000000000000000
 -0.00167807632862470  0.00763841138770787  0.01623235952175737  0.02521845457335825
  0.03412981875861719  0.04323172225561878  0.05251725883725700  0.06220718637156162
  0.07229185970672067  0.08236457334454415  0.09277552431030596  0.10319630711439458
  0.11305097507861800  0.12286379269549168  0.13302115509009177  0.14340396883898418
  0.15327059327971879  0.16298443371948387  0.17298994525713410  0.18288692097040846
  0.19260108030509820  0.20234613881807709  0.21284148173456510  0.22371038888415218
  0.23477264770625278  0.24621261990899113  0.25763952041979504  0.26888157803304436
  0.27981554393504482  0.29054972398982154  0.30143914822927931  0.31252645928660810
  0.32378414847635506  0.33521368174207333  0.34638856609833912  0.35744921192831336
  0.36881208073322269  0.37976036225589710  0.39065681262092167  0.40152499427669458
  0.41196792709366542  0.42186464460473244  0.43116337366483243  0.44101038017946353
  0.45105227723191543  0.46084771479676295  0.47013497798766968  0.47985260996009677
  0.49040402516118797  0.50095335135493257  0.51126192042004670  0.52174709986528234
  0.53296914918076721  0.54448049893922779  0.55616750391921810  0.56765122391719824
  0.57941011192288239  0.59079690791721562  0.60191604077095751  0.61272985789576073
  0.62308895396231367  0.63374390527890490  0.64422245894788155  0.65459637718422858
  0.66516457444632249  0.67632237075465906  0.68740956406497800  0.69778273457531637
  0.70858485069819444  0.72047651667609081  0.73265725078140220  0.74402130827349844
  0.75480534206845562  0.76527803837568020  0.77526494420447190  0.78494611988992280
  0.79498492839458468  0.80613135013557613  0.81776408239225973  0.82901095031580796
  0.84014413811227973  0.85186654134940176  0.86282011303994999  0.87342438323769989
  0.88385154163748436  0.89454975674459092  0.90479532077165892  0.91433467263962520
  0.92378180958067924  0.93368645138033612  0.94412489798117993  0.95498347439851972
  0.96582715457211066  0.97674832011343438  0.98831629978212687  1.00000000000000000
 -0.00226041297224162  0.00880314175974063  0.01910263395991199  0.02952757024576087
  0.04020175848730077  0.05130900495410042  0.06245507229817490  0.07296210284367145
  0.08329851745009342  0.09415143846622427  0.10518513208855138  0.11647054666492911
  0.12737578857024143  0.13815217851030717  0.14874724510760007  0.15911246755270164
  0.16895771645467547  0.17880418827705002  0.18901087497436744  0.19968294911480114
  0.21016134800903261  0.22084442194037959  0.23191787533619179  0.24353868328213199
  0.25403971351668381  0.26341585668108114  0.27273053027422861  0.28206833030697009
  0.29177235247882854  0.30138265825663596  0.31125634492126714  0.32168701276404882
  0.33283020269792668  0.34375322998927488  0.35482860601990612  0.36563924425493355
  0.37590921219812690  0.38586670451478705  0.39549702844420670  0.40500238922324022
  0.41475029244321515  0.42523434254001757  0.43609490689554947  0.44667044068202155
  0.45710451110718309  0.46780738566116270  0.47879638447430817  0.48991703554346544
  0.50077764056277640  0.51140868288019670  0.52190720988109829  0.53295174738516338
  0.54456348450524361  0.55631115042777302  0.56810937159312169  0.57990079642633974
  0.59109710355383627  0.60193290200456595  0.61292986527805893  0.62371780393292264
  0.63437262130508187  0.64541540154433752  0.65658517717679021  0.66758066103617253
  0.67827462722677290  0.68894658039983725  0.69933984901288426  0.70966413363783964
  0.71989987893695084  0.73084173256225360  0.74089470551949910  0.75081461503460012
  0.76004252985315279  0.76947705321131643  0.77927305097225319  0.78975442601534518
  0.80053563698251851  0.81222805326627479  0.82415227535943791  0.83631299210683485
  0.84803713324823260  0.85948639851217690  0.87082386580213722  0.88216543726235552
  0.89364967193048406  0.90399275094705367  0.91394083128477599  0.92419302739435027
  0.93409013542440789  0.94380019860763653  0.95354046336585419  0.96357724838852743
  0.97402003778539192  0.98321535928779846  0.99207963892711248  1.00000000000000000
 -0.00214429095966728  0.00803314869103954  0.01713705934579833  0.02689924979735939
  0.03684713705211399  0.04712853906703676  0.05795235029348500  0.06825886983674241
  0.07847040734450335  0.08873702837491856  0.09935239529651284  0.11035215812233694
  0.12140308156174057  0.13209996784894873  0.14289795918014825  0.15365674896409048
  0.16449143951111811  0.17508414304263578  0.18600822258801253  0.19736592953169857
  0.20887334623813972  0.22052289384271842  0.23222831884918052  0.24331612005199013
  0.25448401089631728  0.26556846200744061  0.27577798703324768  0.28584230045728348
  0.29602877028061014  0.30673710659054654  0.31759229835583469  0.32839536557129845
  0.33916294356905863  0.34969354261111518  0.36032273210547222  0.37131717055879754
  0.38176808262660600  0.39175590873646771  0.40144162899997804  0.41144010916534057
  0.42113316829683012  0.43099293205355205  0.44076547001947070  0.45126251971806491
  0.46149299944602717  0.47228426547789443  0.48336407763694844  0.49484523784029538
  0.50569303380339903  0.51653861439717474  0.52776927775071403  0.53938557618208838
  0.55060053858828761  0.56223729788914434  0.57450383448040021  0.58700532243682224
  0.59884085911436924  0.60979075509998792  0.62003874336110132  0.62987560781971652
  0.63980914715578296  0.65048993262945531  0.66165285399732854  0.67266574030448467
  0.68253135913755403  0.69210930944192650  0.70169113008257999  0.71151205767378467
  0.72200108967002785  0.73217566387387290  0.74222033352894901  0.75251120583163089
  0.76287124379656901  0.77319681683269348  0.78305953636087966  0.79319573473862226
  0.80353335836372208  0.81459073964450357  0.82605401824405489  0.83738048801061882
  0.84828136733559623  0.85890070613500735  0.86955084568307373  0.88083254167017444
  0.89225797775199422  0.90323270177695603  0.91328833143433574  0.92333589490522450
  0.93341706752949360  0.94339383123234200  0.95306907286902931  0.96305376413337496
  0.97296217265716556  0.98240692615916136  0.99119697803188289  1.00000000000000000
 -0.00126849824892290  0.00409360705401625  0.00967866317012052  0.01525089283557624
  0.02092405031133761  0.02681758436866274  0.03289042693686579  0.03897952405345701
  0.04511031720809685  0.05138364566076463  0.05781450768779924  0.06435018823234603
  0.07084460777956525  0.07748039082150515  0.08441753666923742  0.09163246920233668
  0.09887189525831708  0.10614711856808741  0.11348842050621810  0.12112228255542865
  0.12905420217387498  0.13741606057977959  0.14598817393139973  0.15479303724086832
  0.16396954872268346  0.17355803625527513  0.18338897662759268  0.19340704269608278
  0.20374890441159599  0.21446051835216229  0.22541285158332428  0.23668646206118107
  0.24845283247918037  0.26051240283213151  0.27316265792335759  0.28659816472955707
  0.30060031654514668  0.31504041926328041  0.33032133468405706  0.34683560952565695
  0.36457454038007137  0.38270255118819380  0.40092002130423471  0.41932110702359854
  0.43855299513444174  0.45819985142351338  0.47853428475443283  0.49933652451139887
  0.52078641560100614  0.54159452201554514  0.56090352742975802  0.58023862462998343
  0.59902603463968529  0.61770356565504358  0.63646448062565975  0.65397293865796224
  0.66997197431492272  0.68670212257172780  0.70193143152319071  0.71780487860525821
  0.73277395580486959  0.74593988201645345  0.75711018356162396  0.76748299012965704
  0.77756837905132814  0.78726811256381446  0.79672445417739735  0.80613074203984569
  0.81592499368615290  0.82598316360632140  0.83603651989054095  0.84590232233070772
  0.85534761063009224  0.86442051553004196  0.87313559476677094  0.88142826137953034
  0.88942423212275756  0.89680278731969487  0.90307270156509589  0.90930535453528283
  0.91562531889244347  0.92176727215767196  0.92779468074639659  0.93353482631143980
  0.93899927363751712  0.94457266213287316  0.95008078572526999  0.95534770750034348
  0.96079530549469605  0.96651323021955160  0.97222959326591007  0.97787572537063205
  0.98333516804748344  0.98884674700130726  0.99455599381893145  1.00000000000000000
 -0.00207002176614195  0.00782876292095429  0.01705237550730921  0.02716330059815582
  0.03835575672591036  0.05029918606481950  0.06244463120077119  0.07276133982463770
  0.08293012641311315  0.09342214021529813  0.10416087672384858  0.11445881891641063
  0.12427721163107423  0.13388069822295998  0.14344526590199988  0.15309955745641216
  0.16314410231320672  0.17326828458395369  0.18332744520187963  0.19368178786586618
  0.20435475946353518  0.21506909453205078  0.22588374423291216  0.23676458442715798
  0.24751550448121235  0.25767896470528501  0.26749879386144382  0.27733758539289100
  0.28719871311460843  0.29739241772502378  0.30727796792253564  0.31749797003322378
  0.32902484769695811  0.33942720363714735  0.35018665630954138  0.36061895197119176
  0.37156239565159283  0.38272361258947912  0.39407749350694016  0.40500304448768026
  0.41571201640257499  0.42632977241972703  0.43744492453758610  0.44864908631872369
  0.45949759107114307  0.47001191573020862  0.48031760473505375  0.49093651972229702
  0.50167406713028706  0.51213258504862225  0.52252029176073989  0.53246617540786167
  0.54223507811170624  0.55215905375620389  0.56208598771156548  0.57208109819543007
  0.58165028629213200  0.59090977654074595  0.60057602906905716  0.61021336858937825
  0.61912050074590885  0.62776498158277616  0.63647808399378103  0.64566144718334673
  0.65525692538311409  0.66474817086702132  0.67535417505685658  0.68632585294456250
  0.69710058002453734  0.70827830465681685  0.71936275711927600  0.73016828144453871
  0.74051874154438613  0.75098751459451207  0.76208384744445556  0.77330685178916148
  0.78442105722056865  0.79555530241351768  0.80672027076338548  0.81784123117705476
  0.82902674447029312  0.84047738840932096  0.85221977248681180  0.86388529556856508
  0.87501736142258102  0.88579405531459510  0.89663352488155112  0.90781394320969522
  0.91925133589470953  0.93075636671190387  0.94223769903241483  0.95378142696151524
  0.96579081217058327  0.97771008828992068  0.98899432469706150  1.00000000000000000
   1.3715658807065883E-015  -1.0000000000000000     
 F F F F F F F F F F F F F F F F F F F F F F F F F F F F F F F F F F F F F F F F F F F F F F F F F F F F F F F F F F F F F F F F F F F F F F F F F F F F F F F F F F F F F F F F F F F F F F F F F F F F F F F F F F F F F F F F F F F F F F F F F F F F F F F F
  <DiscreteSampler_grid>
  grouped_processes
  1 # 1 for a reference and 2 for a running grid.
  10 # Attribute 'min_bin_probing_points' of the grid.
  1 # Attribute 'grid_mode' of the grid. 1=='default',2=='initialization'
  0.0000000000000000 # Attribute 'small_contrib_threshold' of the grid.
  0.5000000000000000 # Attribute 'damping_power' of the grid.
 # binID   n_entries weight   weight_sqr   abs_weight
    19   10   1.626607441778262E-010   9.271266521083396E-020   1.626607441778262E-010
    25   10   4.677947190135390E-011   9.931238558908258E-021   4.677947190135390E-011
    37   10   2.369443736958108E-010   3.819387808207096E-019   2.369443736958108E-010
    43   10   3.034832834148079E-011   3.035321033981886E-021   3.034832834148079E-011
  </DiscreteSampler_grid>
