 -0.00000001560866600  0.00001590573781580  0.00011650368000897  0.00033156310279169
  0.00067163833473764  0.00112459636824392  0.00168495998274480  0.00233003678967838
  0.00305232270303106  0.00388189461996337  0.00483824614831440  0.00600073768450769
  0.00751662104591835  0.00961237967312761  0.01177321980410702  0.01292574333896771
  0.01366488576310688  0.01426784153848185  0.01484338876740007  0.01540842794716639
  0.01597539309612745  0.01655004236423994  0.01712966489736995  0.01770702932447496
  0.01832767908115055  0.01897959412461230  0.01968644628770138  0.02042224289201794
  0.02115491375871620  0.02189009390549580  0.02264351087016358  0.02340047554996014
  0.02412550719981628  0.02499843852219550  0.02593958519116741  0.02689714194718673
  0.02786716668974333  0.02885060762867211  0.02983483275458689  0.03081380173532229
  0.03183022368302714  0.03287731829422712  0.03393462864423714  0.03500775961052201
  0.03609931491066412  0.03723223053625417  0.03837267464376042  0.03951153760944521
  0.04065581968022273  0.04180357113235535  0.04303337839857798  0.04427302572296898
  0.04551393818155350  0.04675334632830273  0.04798985590276499  0.04921817016703986
  0.05044534248478196  0.05167273273063439  0.05292669652864576  0.05425553057181363
  0.05565426338795870  0.05707166822513629  0.05851217677546450  0.06001805035706088
  0.06155126654490130  0.06309487926694721  0.06468294823331798  0.06630121029671304
  0.06791972329217892  0.06956624085258271  0.07148376997926477  0.07347033247087241
  0.07554258226438844  0.07763250759960305  0.07971427954847535  0.08180747135100860
  0.08395219795375550  0.08620240070657612  0.08855421122145946  0.09086463940679114
  0.09373288111811325  0.09692288201899013  0.10020343732518219  0.10353601834829908
  0.10706271054031011  0.11078842810890141  0.11473806421451439  0.11890423482235347
  0.12447041775197595  0.13132546770664755  0.13900888401915681  0.14823848739793208
  0.16207109277350690  0.19224237620124002  0.31918084814381720  1.00000000000000000
  0.00972288908755354  0.01483590056525209  0.02350021657613734  0.03356703463799586
  0.04369692991225403  0.05383060243869215  0.06424145830185828  0.07468982057936235
  0.08526572352835582  0.09609868060933720  0.10708944096489106  0.11874972256344979
  0.13024988211139549  0.14163409044507791  0.15287278760604839  0.16401644050350178
  0.17499710241239474  0.18590004590334402  0.19731777878853327  0.20915675384924959
  0.22103707990327576  0.23300716917783532  0.24518607114430785  0.25687440814741730
  0.26806879430759267  0.27997254673842215  0.29196902999875757  0.30294557896719670
  0.31369343955879758  0.32434852224336597  0.33511590808392711  0.34552214300095624
  0.35571677262754264  0.36611352566712319  0.37658274514618834  0.38695659526958009
  0.39716097723501531  0.40721834955467118  0.41720589486205040  0.42725536257164431
  0.43791418343579791  0.44955566143819803  0.46099049107797518  0.47113993640671165
  0.48069483534688645  0.49014265097492321  0.49964359643651296  0.50901123932508507
  0.51823685387649998  0.52778646614649938  0.53761850069429640  0.54781137421797887
  0.55830074424149834  0.56890454592218664  0.57945109908363113  0.58986974743420595
  0.60015380683195996  0.61085365209672426  0.62146906020010473  0.63147404096977888
  0.64114935580281784  0.65101468881904634  0.66074574593498725  0.67035541089707462
  0.67968988547358833  0.68925314032548224  0.69977137761185759  0.71038468079106976
  0.72199204399988581  0.73329828540149744  0.74442953819555424  0.75534008406883579
  0.76587181322212805  0.77644392125448891  0.78713108033542456  0.79732546739604460
  0.80730717778166250  0.81753500873566420  0.82803636307686657  0.83826976839196998
  0.84834890259985596  0.85876294360178340  0.87028724711027916  0.88153000962874517
  0.89229249199586014  0.90259530911215113  0.91251131826175458  0.92287130386243388
  0.93367469884567311  0.94471390118484055  0.95564837504806399  0.96566862763815720
  0.97542745665965536  0.98459011480678693  0.99051611414178597  1.00000000000000000
 -0.00001944301816139  0.00023092947090268  0.00065035447085055  0.00132118190978382
  0.00225791462224440  0.00343300450390528  0.00480467811862437  0.00650032059995540
  0.00840507350203661  0.01045648280663382  0.01263950377831747  0.01499984618757422
  0.01760556449633524  0.02042039544104968  0.02317997443065496  0.02595252161988472
  0.02897279804347585  0.03232895643363130  0.03602703511877572  0.03989390780157437
  0.04392553909860822  0.04792575939575586  0.05203168096457979  0.05624563917991617
  0.06054842790899465  0.06479303348611740  0.06909863821455289  0.07353628306704368
  0.07794528563119027  0.08256666385098854  0.08731382271989162  0.09233320673035147
  0.09755845674971964  0.10298238303003436  0.10861919279854772  0.11449838377568196
  0.12049345061066341  0.12654047016247216  0.13279017023156273  0.13950320840352642
  0.14633294559108154  0.15330238369027477  0.16022476998630555  0.16701581700832313
  0.17374763319804629  0.18046768506492747  0.18719366104611723  0.19412988766937486
  0.20149062720050367  0.20935144014060564  0.21786666304557770  0.22648264886816014
  0.23509219335532361  0.24386091445960287  0.25310217283932473  0.26285376443776898
  0.27271304572652072  0.28278419983727543  0.29310214971410381  0.30351682595876467
  0.31398748830734485  0.32449708047249831  0.33501481571610464  0.34532523076621807
  0.35585768861219480  0.36668616702848494  0.37758549335483510  0.38830594219031278
  0.39881117643104547  0.40912370602052833  0.41969927239362459  0.43073668149345368
  0.44220232458679232  0.45371479651581709  0.46487659925623820  0.47601358079141926
  0.48809962325046169  0.50004098268637887  0.51195515188584817  0.52407479324045292
  0.53632781842899857  0.54861518243120777  0.56085640328408082  0.57300894767660215
  0.58501191075132164  0.59700964511256804  0.60911807774214077  0.62132743515956246
  0.63338712449045698  0.64548074590968518  0.65761612600427577  0.66944117968963912
  0.68109134490460521  0.69234463071209928  0.70179725983050267  1.00000000000000000
 -0.00282720851124064  0.01124477509075214  0.02265246363012827  0.03377497722362172
  0.04492143643985581  0.05585299639737807  0.06707480764341135  0.07813817805850061
  0.08864342797376713  0.09850704601355527  0.10822058919032441  0.11784121787519530
  0.12797644939783612  0.13831706790357934  0.14898094962134970  0.16020010266187970
  0.17219864035131954  0.18460665004231319  0.19668541521083099  0.20802675032488804
  0.21852266270171478  0.22900307029056338  0.23976056053096620  0.25080507165160421
  0.26148436549517534  0.27254734510446760  0.28400882885023826  0.29535843364980507
  0.30617659112253554  0.31704548981160657  0.32785174365419101  0.33872259423122403
  0.34970056413548450  0.36042002366007619  0.37093083101796520  0.38110622024428742
  0.39109280833086629  0.40063088170591427  0.41008443582225823  0.41984599066671413
  0.42946998977075601  0.43893392018473987  0.44922311491220390  0.45922365198204496
  0.46988684934540642  0.48069898180664355  0.49165484634713541  0.50265698396519221
  0.51300773754082352  0.52314661286135922  0.53276665647705912  0.54256513659192840
  0.55269876895850334  0.56281576486394047  0.57291116683941934  0.58287880296598504
  0.59289911646659765  0.60319963141574418  0.61419606792174630  0.62537434415139670
  0.63601097178758637  0.64630539196747994  0.65639152308491877  0.66664578787394368
  0.67693701317820920  0.68714954531962591  0.69805178185128691  0.70919413817792465
  0.72068845556782679  0.73188604894040876  0.74274446400694505  0.75336192157814508
  0.76431838483245873  0.77566136070337921  0.78678774378587235  0.79762632536442757
  0.80820799727558668  0.81905895755738367  0.83010601365727021  0.84121640535051911
  0.85226480631284607  0.86310656193123791  0.87351703036372430  0.88318088238723902
  0.89259235618601207  0.90232432150030617  0.91220980078173641  0.92194796992438099
  0.93127013542192350  0.94104846143276122  0.95131489659536161  0.96151901858436306
  0.97101179457425335  0.98022703763747099  0.98992518250638739  1.00000000000000000
 -0.00337845806559171  0.01191262095290374  0.02400922467207892  0.03573686784682410
  0.04617125241641261  0.05592001446902231  0.06541936902787722  0.07478981283959968
  0.08416604095025283  0.09305584772035866  0.10214055817806390  0.11100245858849402
  0.12024465301622142  0.12932836988398305  0.13823464023277976  0.14738227098107717
  0.15706154035951309  0.16695406532791432  0.17649235894818796  0.18635645776768658
  0.19680182386827239  0.20760051030689333  0.21760600097959212  0.22717600603696628
  0.23738382503565394  0.24808148331941982  0.25881235087404414  0.26997575357655307
  0.28146217705606469  0.29317850690435787  0.30417136734220518  0.31460891978071348
  0.32510449004751513  0.33580947616692558  0.34763381422826245  0.35945319340169241
  0.37142520027220932  0.38231382719737095  0.39336075997238423  0.40357662966146907
  0.41361826413928310  0.42321583435178867  0.43280525570781625  0.44258929157483373
  0.45253523404654622  0.46267502409706796  0.47363869103481515  0.48470382468310702
  0.49578668128168973  0.50696432807164515  0.51832939111154475  0.52991105269557504
  0.54164722711226909  0.55384431317225213  0.56596169840729438  0.57766277816870992
  0.58990952829839660  0.60209236764730523  0.61329885212710811  0.62413159521015837
  0.63503370014439797  0.64565106494246272  0.65609863484792985  0.66678922269966501
  0.67793085898553362  0.68903730576421340  0.69981249764599285  0.71014285453121151
  0.72006268350329272  0.72983532482346503  0.73983706185983689  0.75009011417225879
  0.76045712513908759  0.77090048353554563  0.78125890761018646  0.79166366530561694
  0.80245552740714243  0.81307594984297304  0.82326483534437078  0.83316216687053257
  0.84303936504655774  0.85300486652246754  0.86307599869966045  0.87311252753608970
  0.88363146961483796  0.89440974293435405  0.90545512520604632  0.91672621966090651
  0.92815625232208021  0.93974790457371649  0.95156432430316729  0.96245823968078559
  0.97262889722277346  0.98217653819636253  0.99112924013842540  1.00000000000000000
 -0.00270993476062034  0.01002725481687527  0.02018605763106336  0.03105643384839925
  0.04168613248554408  0.05405494077366305  0.06558823890017781  0.07724267877092178
  0.08780195010779020  0.09807873687959423  0.10791601816526199  0.11791200342997116
  0.12798319725980531  0.13813407052029242  0.14763724402237366  0.15784043637311337
  0.16757182688854005  0.17643793611117523  0.18522119188853872  0.19422270257030344
  0.20312859798251953  0.21194440208712648  0.22063508261831610  0.22959364753539485
  0.23914430712981458  0.24914186001053482  0.25950935126348634  0.27000359095978327
  0.28054467468699379  0.29143561165925008  0.30297220661440172  0.31447509056986495
  0.32537819583471206  0.33605040164585814  0.34691029694247294  0.35799526137106974
  0.36937477802602869  0.38131932483588143  0.39364760996799047  0.40549794416911034
  0.41652806418470445  0.42719108189155375  0.43733056665749737  0.44757867538290574
  0.45779026312142035  0.46826513155626459  0.47867944473045426  0.48873821914113308
  0.49869176259697329  0.50888899641209107  0.51936420607085365  0.52967340792406159
  0.53991308416977501  0.55101348067924838  0.56340650603878317  0.57487951164859719
  0.58686904336286361  0.59944226569323555  0.61089367158033103  0.62178266023949480
  0.63298111452654671  0.64442757328176759  0.65500414565383902  0.66577701812671686
  0.67673348588082716  0.68728920495770485  0.69714020807873067  0.70694211798705209
  0.71702538849871644  0.72707450465045165  0.73647326922118750  0.74571719969978512
  0.75531470940995282  0.76488285630272446  0.77494762878525125  0.78468904387750749
  0.79537508277104740  0.80739475770272029  0.81899822101469821  0.82960632536430901
  0.83987014135728466  0.84972828578976545  0.85915688852395977  0.86827496093441325
  0.87832823838249163  0.88898284230613667  0.89974010185327702  0.91052106615517570
  0.92158914701805139  0.93273431636226656  0.94367826055978821  0.95463173513668220
  0.96576951408198874  0.97680085159212160  0.98857285092261338  1.00000000000000000
 -0.00267017105983529  0.00996341743830330  0.02041168955282928  0.03173981390673507
  0.04269263867946987  0.05342328068116270  0.06530802874569787  0.07825267422780567
  0.09088267304181598  0.10265473653258650  0.11380376343584037  0.12477975404443618
  0.13584110778913772  0.14692434838225574  0.15799551150626739  0.16883989601328978
  0.17914510876790385  0.18902599738491707  0.19855606303045298  0.20826932504686826
  0.21818958995492710  0.22807262607917947  0.23786419373930934  0.24789875643245113
  0.25857802618774972  0.26971130039467839  0.28075380700236241  0.29196409126708767
  0.30394906936441618  0.31540825880125195  0.32553738321590148  0.33550419372643303
  0.34575440459204004  0.35616257653776068  0.36640910087585593  0.37660693170311704
  0.38660532552476096  0.39670010939206135  0.40718617249732436  0.41775811633825610
  0.42808706446572303  0.43865267996551849  0.44973117530274526  0.46033684720274914
  0.47015928020792802  0.48004772513149147  0.48987324609336219  0.49960302130077888
  0.50931243578448016  0.51907629606472883  0.52925046123393760  0.53976748724917445
  0.55078072408781242  0.56183880974040645  0.57268210667583319  0.58333333252008668
  0.59387940341486567  0.60446356914428201  0.61514550844784854  0.62615380538830834
  0.63745785681154588  0.64780912693778336  0.65755555459264325  0.66746184206321746
  0.67700325244562576  0.68617734480026948  0.69548332459425766  0.70496887691442656
  0.71558402630972962  0.72652654575924291  0.73689303400546613  0.74713176247761470
  0.75683139614657091  0.76645065779598220  0.77605961100866472  0.78548248960473677
  0.79540972240230734  0.80582363880862151  0.81683251084081565  0.82815853129809669
  0.84010598248155011  0.85210989228312628  0.86322206125249590  0.87376726572886920
  0.88426261473022771  0.89472027622683226  0.90518626178501060  0.91559590726057793
  0.92655484366995600  0.93797306468631725  0.94974039035236646  0.96141791988782921
  0.97172935796466209  0.98178971100091827  0.99098141447736676  1.00000000000000000
 -0.00220291844418508  0.00919787691216909  0.01871301931588654  0.02848974325238340
  0.03786842391518273  0.04724597765970902  0.05717328792879249  0.06735167413777342
  0.07738622268861609  0.08766282525201953  0.09887332056157108  0.11016779389645150
  0.12226020222104010  0.13414614446543591  0.14649922399491558  0.15872251424544687
  0.17067615880043319  0.18221738782916808  0.19367760755158103  0.20490485492370419
  0.21507075594247821  0.22484057360360910  0.23491336256824547  0.24512617930415731
  0.25510379973720837  0.26487460725483009  0.27581912935696451  0.28737551516542498
  0.29824845559637519  0.30863486292584602  0.31871061497651970  0.32856160887601432
  0.33842859064135189  0.34821908142893654  0.35861723920038380  0.36953655946047975
  0.38044372731964521  0.39132942423848710  0.40104593931769056  0.41001792087938049
  0.41901626147812449  0.42782748657837022  0.43677947679168322  0.44587413064838516
  0.45512375079270595  0.46485761214701449  0.47581788548956616  0.48607520809365967
  0.49630920972793252  0.50672441231170995  0.51799642433181015  0.52840785359683806
  0.53922918117416363  0.55018519996390680  0.56177078252762491  0.57149471476988833
  0.58122249486588973  0.59048517511511189  0.59983685208005233  0.60935804086265366
  0.61911369811713879  0.62901482173773271  0.63869232044518454  0.64847555622711728
  0.65866866014598680  0.66903692550283556  0.67952681568672368  0.68978897637687953
  0.69997054995339480  0.71041874790963466  0.72113319323497049  0.73142999625076632
  0.74080992632080722  0.75094094800403699  0.76185723199325150  0.77251635428325649
  0.78249531565217934  0.79287759096713584  0.80415733616563800  0.81530681573687647
  0.82578930467778933  0.83680938864483168  0.84861161706582633  0.86024183804127752
  0.87158458476366218  0.88357606523324173  0.89669925890477675  0.90966194931418365
  0.92231544298799673  0.93327391674217708  0.94438334426277648  0.95551346650841162
  0.96646958338454447  0.97739355427084174  0.98836416123865412  1.00000000000000000
   3.4136738919918345E-015  -1.0000000000000000     
 F F F F F F F F F F F F F F F F F F F F F F F F F F F F F F F F F F F F F F F F F F F F F F F F F F F F F F F F F F F F F F F F F F F F F F F F F F F F F F F F F F F F F F F F F F F F F F F F F F F F F F F F F F F F F F F F F F F F F F F F F F F F F F F F
  <DiscreteSampler_grid>
  grouped_processes
  1 # 1 for a reference and 2 for a running grid.
  10 # Attribute 'min_bin_probing_points' of the grid.
  1 # Attribute 'grid_mode' of the grid. 1=='default',2=='initialization'
  0.0000000000000000 # Attribute 'small_contrib_threshold' of the grid.
  0.5000000000000000 # Attribute 'damping_power' of the grid.
 # binID   n_entries weight   weight_sqr   abs_weight
    19   10   1.033738492233934E-010   3.926618741476822E-020   1.033738492233934E-010
    22   10   6.430968921834945E-011   8.510487655195026E-021   6.430968921834945E-011
  </DiscreteSampler_grid>
