 -0.00000001618827295  0.00001570395988193  0.00012348869013759  0.00034900316303659
  0.00069935539171329  0.00114531980197671  0.00173862784777989  0.00245936483976361
  0.00326989402641206  0.00418373361634461  0.00527052485863737  0.00652671618185575
  0.00811402256505795  0.01059655322005834  0.01237534604215743  0.01335105615787046
  0.01408081458159695  0.01470221768735714  0.01527360268096145  0.01584082504673329
  0.01642791130747676  0.01704429961627206  0.01767679722450691  0.01831018784098850
  0.01893580856186866  0.01955595011693072  0.02017847392168186  0.02080964351673905
  0.02148557891805657  0.02218366242229024  0.02290560168639930  0.02364911332144681
  0.02441623341036223  0.02522158616599905  0.02606773427154664  0.02690690768250656
  0.02773424100838374  0.02853770686785938  0.02934601720439235  0.03017805510358173
  0.03105273577424720  0.03195013308640440  0.03290324330897466  0.03391024827644566
  0.03489458613640404  0.03591055844304972  0.03690780162668222  0.03793141642349204
  0.03895320461730083  0.03999013740242372  0.04105636606677181  0.04215652298072813
  0.04328543243538054  0.04442857611289239  0.04557045904508482  0.04674200817509481
  0.04788835045326072  0.04905000868555650  0.05024490621098233  0.05146171153632039
  0.05269355587739670  0.05401000720665498  0.05559027143573619  0.05725712141259955
  0.05895025935761263  0.06066134889306968  0.06240023919445406  0.06418453393977817
  0.06604493664109624  0.06780905486689073  0.06966453592000270  0.07158583944192436
  0.07361868075967758  0.07575855659601158  0.07792583474503297  0.08013472891935114
  0.08234581138034122  0.08453392569973267  0.08669727409225905  0.08891378215200924
  0.09135737996085226  0.09427235616657531  0.09758340051576027  0.10111517854020927
  0.10494149523926254  0.10899412234204345  0.11319756052583579  0.11783397092232199
  0.12396586049185605  0.13077307606688987  0.13847641236447272  0.14757338451499735
  0.15966867430597859  0.19303150568469496  0.31935857075751950  1.00000000000000000
  0.00915159481049506  0.01655876234600607  0.02769688664967049  0.03876028819931335
  0.04944943129806379  0.05916386887434125  0.06980567720887015  0.08105261979219097
  0.09360020625876418  0.10610871191191450  0.12027679258306355  0.13161040239134517
  0.14198641393289829  0.15207328531362874  0.16199208947327631  0.17168188526958744
  0.18138505565969709  0.19209146364903773  0.20371188585220815  0.21521841060617336
  0.22668364941357957  0.23902170507841738  0.25119857396802875  0.26279814592257417
  0.27337316559614350  0.28343797935509213  0.29278802985836244  0.30185907958511027
  0.31085645313152832  0.31999607869198504  0.32932075505694569  0.33896352443078792
  0.34922901875200807  0.35964757281406196  0.37022918557738227  0.38076044902185457
  0.39075345279700879  0.40058840287949521  0.41036007776902400  0.42090915214809116
  0.43199888482352855  0.44326142509419741  0.45473357905804057  0.46591533448526773
  0.47713760046347520  0.48778744675435093  0.49819880645328612  0.50894478553141942
  0.51980573338732916  0.53021387550843502  0.54028704175811648  0.54981568826831628
  0.55933641073976237  0.56904157208513795  0.57839089250225706  0.58722568746939685
  0.59572793570391669  0.60470728248905259  0.61408176412816806  0.62350128824918305
  0.63322309630365481  0.64358169405022025  0.65461083544768228  0.66543928095061222
  0.67559102418288364  0.68590760876709767  0.69694738236569309  0.70797599773598274
  0.71817116942101700  0.72762241459548793  0.73655917421477857  0.74535605091711610
  0.75428385091765715  0.76365600548333035  0.77345168593116742  0.78351874862009374
  0.79345086478985238  0.80307677410604716  0.81297115486040128  0.82300138687159730
  0.83267351129830447  0.84217567678373162  0.85210664234720024  0.86279462628586312
  0.87402870209216021  0.88540512533893190  0.89675310117521068  0.90812867019840571
  0.91915226506583159  0.92995874591996541  0.94086472260599929  0.95083763944666810
  0.96114238799157858  0.97116841320761005  0.98106005605481983  1.00000000000000000
 -0.00002049194681042  0.00024562315720708  0.00070280520538633  0.00143559764619405
  0.00245845593208970  0.00366275879172823  0.00532734903829967  0.00725883377302245
  0.00944363543091527  0.01159580106751207  0.01389276325414334  0.01633688732341569
  0.01883791286921596  0.02162069486154259  0.02460478624849804  0.02762497913512751
  0.03074120089124802  0.03400843530491891  0.03740639745960465  0.04112505109647033
  0.04503222888193443  0.04910328856077162  0.05335505825453969  0.05766940376403035
  0.06186922651649990  0.06609419463346214  0.07031287091990297  0.07466392594401218
  0.07908280513251635  0.08367330516109293  0.08839050201377989  0.09293937929348715
  0.09775994017118575  0.10282608113483695  0.10811460037025107  0.11368591120539538
  0.11951389766660583  0.12556251265610099  0.13184843781121452  0.13825229515466117
  0.14481389159955368  0.15177421629765056  0.15912130701593860  0.16620211184427919
  0.17328411360508253  0.18040303739623734  0.18757554949581365  0.19453613672551939
  0.20166041909249005  0.20892330008819066  0.21643349991387736  0.22521205976097050
  0.23533792495575395  0.24554672783762740  0.25555623285301604  0.26490771480748571
  0.27413750914983137  0.28349537701128075  0.29302819140680414  0.30287210947780518
  0.31319555009555733  0.32394187575583694  0.33458265071629595  0.34527949915961176
  0.35575589479267777  0.36621908469635367  0.37683651189129536  0.38735860765187352
  0.39766110745956113  0.40802790344010642  0.41833674150868050  0.42890297139302841
  0.43975449641738673  0.45047703278118917  0.46101136643813240  0.47145584934901480
  0.48193281286839035  0.49283635890852112  0.50442327003211063  0.51632314774234422
  0.52835582534983994  0.54089888284550791  0.55395053957412110  0.56637696172666219
  0.57921926704550930  0.59252744842876059  0.60630248106964546  0.62042104505799522
  0.63458744526823330  0.64847727862699289  0.66249061024481515  0.67695113294213860
  0.69087936769941560  0.69825119607476516  0.70056094951981240  1.00000000000000000
 -0.00461536748553847  0.01475415003848988  0.03112719869010992  0.04370278244304299
  0.05432092740329688  0.06446359422316179  0.07464255927882132  0.08518977321361450
  0.09542908104627208  0.10522709428233219  0.11621941670817600  0.12669382248259459
  0.13982404987357303  0.15508075313217437  0.16926175653806061  0.18163591151660211
  0.19330298676295610  0.20458448809518209  0.21556428142607983  0.22660851224077191
  0.23771379488993422  0.24908824037441049  0.26074291633651231  0.27243814367710745
  0.28262817067166457  0.29227410284000199  0.30211172836288586  0.31258860102124425
  0.32256586694675754  0.33232439209467923  0.34216842098553429  0.35202478545092836
  0.36153724925852870  0.37125693489342654  0.38157138070020130  0.39281848159055816
  0.40374167727742344  0.41447973801074794  0.42504010349768501  0.43573562306957131
  0.44659095675473842  0.45738767222522181  0.46794070362825591  0.47841481520503487
  0.48889414559801958  0.49950337881139861  0.51016163960900207  0.52092088735019459
  0.53187327348030833  0.54317280541985047  0.55460217870329465  0.56539406137485271
  0.57536897194305725  0.58479074411472010  0.59410625101394388  0.60379458914535111
  0.61360790350603034  0.62331209281243294  0.63334449719648545  0.64321491386027951
  0.65358853118731164  0.66451963501318723  0.67544349077139321  0.68616598791784578
  0.69621118222174072  0.70608586507640991  0.71652149346945693  0.72723943338553043
  0.73775441737797154  0.74766795801139052  0.75807333820027956  0.76807678682398650
  0.77807416475572944  0.78798158488945502  0.79843104606758086  0.80912657985789005
  0.81915524715680033  0.82863349356388893  0.83831015417238453  0.84817389907185414
  0.85779323118223116  0.86711113791286576  0.87664239878487460  0.88629675853234913
  0.89636776602869384  0.90623387011598622  0.91609850401284032  0.92563821750384712
  0.93535224253186455  0.94482463837591280  0.95422144195414904  0.96361883830253703
  0.97273983818324417  0.98177575360939107  0.99059744519078863  1.00000000000000000
 -0.00356653200340896  0.01147079852409033  0.02468787461239988  0.03819411844833956
  0.04978976954036381  0.05989539363138602  0.07008798244386102  0.08054539869901467
  0.09155016654485829  0.10335150384630891  0.11583114126997100  0.12812193861344745
  0.13998079178797618  0.15219119584655055  0.16474443478256204  0.17669141275195993
  0.18842593746965319  0.19993142396323393  0.21015600330885670  0.21932064024924919
  0.22859209335505773  0.23819822075205849  0.24785061792519802  0.25757740065415075
  0.26716383205286176  0.27662391521094482  0.28654772779239690  0.29686995152749218
  0.30776176421320978  0.31881360506582451  0.32960486550380957  0.34122188211894977
  0.35211395449949534  0.36244136061176008  0.37262793574423336  0.38296121020065299
  0.39399507628615144  0.40427726908367656  0.41501705252807036  0.42534353467251546
  0.43529397940089593  0.44484437669751720  0.45450643581983441  0.46435910579027223
  0.47430437894723509  0.48459629954007594  0.49448427018651014  0.50405118124248882
  0.51382846459053766  0.52420866481405204  0.53549384519331822  0.54664041573365207
  0.55692864722399860  0.56745452012001318  0.57808225594633611  0.58891874364367836
  0.59972927146519739  0.61118891835255795  0.62316872959250147  0.63361103009973063
  0.64397132492338116  0.65423376282318590  0.66439225767003840  0.67411781769320067
  0.68383001932773801  0.69371227293319804  0.70319453572043744  0.71279889049760425
  0.72258265429085811  0.73216503052744830  0.74151281481776266  0.75140856658262678
  0.76250932463473986  0.77340698389143525  0.78305960841918820  0.79236350440336112
  0.80177714561509517  0.81130017932588372  0.82028405914757518  0.82898736349246704
  0.83821456363740543  0.84813822188917520  0.85814068626755791  0.86808216217877510
  0.87832597178485095  0.88890062147472904  0.89989671457221732  0.91221006414844619
  0.92480674470672863  0.93691364372465502  0.94819124772083951  0.95948745368710153
  0.97016515499496947  0.98064006011162952  0.99015553865380102  1.00000000000000000
 -0.00253374428921771  0.00944706132830471  0.02107862261630278  0.03326759750183280
  0.04495506359460420  0.05565328501184237  0.06603904967495848  0.07604727857715372
  0.08553872893673124  0.09493144847019974  0.10478515293446830  0.11521082118883803
  0.12548249538822970  0.13592812879083346  0.14664144756212899  0.15747211292837845
  0.16843486048358883  0.17970770917796827  0.19083240431270429  0.20148712427797760
  0.21220328406363015  0.22305602748672024  0.23442608723849268  0.24530463802391292
  0.25620343110839161  0.26621069572462824  0.27643361471506361  0.28664804708917990
  0.29724701993286490  0.30706795155908523  0.31678535861125862  0.32694427656691205
  0.33739401178432099  0.34736308486223522  0.35737649760634316  0.36753208730044501
  0.37793879546317038  0.38809708901231826  0.39866241230345290  0.40997592893165108
  0.42109974230560032  0.43180260656044839  0.44267417686604149  0.45377801090778902
  0.46437766989998441  0.47457432521902876  0.48465785103296566  0.49488750510427570
  0.50531588373576442  0.51555953475909388  0.52555576506892143  0.53521068139460060
  0.54506386067443202  0.55611136994877219  0.56680841304450447  0.57670109347809095
  0.58630815149818449  0.59632005370399899  0.60642553038591662  0.61595586579507877
  0.62560837599622110  0.63601173580296855  0.64717944571025188  0.65831657543721367
  0.66899381564462901  0.67927935887172175  0.68965096919615798  0.70056251785215917
  0.71236178665982330  0.72529905362879288  0.73799429853661569  0.75004654066189058
  0.76162380396745077  0.77367156528763825  0.78627797726083082  0.79777264953772664
  0.80816705422523072  0.81834596448093766  0.82809941073918303  0.83771167005101377
  0.84703811989731870  0.85652611118581845  0.86674717831056047  0.87712985159026369
  0.88777856827706869  0.89821679980464453  0.90822045431047471  0.91814853729471568
  0.92842594887408125  0.93911481100570893  0.94930520928491624  0.95968045528211465
  0.97016255086487391  0.98070117111459609  0.99032605070811663  1.00000000000000000
 -0.00194549685596591  0.00833579723800459  0.01634393089913581  0.02460536677901490
  0.03350580810660418  0.04251069363709015  0.05166877285620038  0.06089336607398165
  0.07007433262144522  0.07933994547457519  0.08864869610504197  0.09837763287713995
  0.10850161235704842  0.11887350767994163  0.12885660513514929  0.13913639034109745
  0.14912632293026601  0.15840617516853789  0.16700986491077216  0.17593018403403909
  0.18555117302144475  0.19497062532150233  0.20427273767524839  0.21382218505862685
  0.22498837383836956  0.23534611486115137  0.24598862539383926  0.25591972251906386
  0.26608303932115490  0.27607383823386861  0.28625040600118168  0.29640656031606916
  0.30664936992204500  0.31745908716915694  0.32897576701544257  0.34067287961041065
  0.35203722167490198  0.36341632532156565  0.37523338806222195  0.38768795591666821
  0.39988277582038334  0.41232284108013106  0.42351649056032459  0.43440917358808584
  0.44480724733033972  0.45524985763344727  0.46571407580650748  0.47564594346102507
  0.48610319097213356  0.49735209120168683  0.50878587707142275  0.52000891204962763
  0.53031647538477977  0.54066432029266909  0.55147821492219740  0.56222348627781493
  0.57273419006822379  0.58309380584537140  0.59365292461537811  0.60421986114214932
  0.61473965273309827  0.62552276569715504  0.63654166276373858  0.64777583597253463
  0.65916792278297087  0.67046885611008800  0.68151343919896512  0.69199211166535501
  0.70228218646796325  0.71251932701889475  0.72277472206833859  0.73305689049788014
  0.74331806269950862  0.75365354586847710  0.76385982911008921  0.77376910718642589
  0.78360730546468538  0.79402933623271721  0.80567015891046667  0.81655445193682541
  0.82685475923861151  0.83721442581401062  0.84811323173913511  0.85943411594658070
  0.87163653779820882  0.88464500347371444  0.89746148900383926  0.90917322985564442
  0.91989802940425380  0.93074246073335987  0.94145664397696327  0.95198556960550151
  0.96305170484812574  0.97562753231967692  0.98784238025178872  1.00000000000000000
 -0.00279545271271309  0.01020708483890352  0.02166263208909815  0.03421938175843767
  0.04622032976784502  0.05822047488086687  0.07062889706248418  0.08299483258328891
  0.09436661904329410  0.10504472352153238  0.11569457750796278  0.12674432594143376
  0.13835992181107440  0.15007791239521107  0.16131245830354468  0.17218298945889743
  0.18303539615471512  0.19378422841767848  0.20472393170847838  0.21636060620709291
  0.22897113046644926  0.23996609434521896  0.24961457804133835  0.25906198492314225
  0.26884845874697605  0.27929947519247211  0.28971057713881454  0.30099601928541764
  0.31229632771023019  0.32334009490088805  0.33430692552551422  0.34548968460770135
  0.35664744144663829  0.36747597320568792  0.37837150138641534  0.38923022620805225
  0.39941634382935937  0.40887753863334714  0.41822724231479308  0.42737567435066037
  0.43636667901307913  0.44534965853912123  0.45444807920105568  0.46403698764894724
  0.47384330380348522  0.48362770243343489  0.49327161232351457  0.50299992791187109
  0.51231621794441773  0.52150612045487110  0.53165071995488500  0.54219898720328341
  0.55371846448237927  0.56637530452101659  0.57978121806234717  0.59285194912872707
  0.60629677997652853  0.61977539716173435  0.63234201444613503  0.64392304362735364
  0.65542489471648013  0.66682016638936226  0.67656328697465307  0.68624751486584035
  0.69612312139938315  0.70626017867708379  0.71655566938358273  0.72625452753916164
  0.73588845167484496  0.74587100303048415  0.75581264765468692  0.76600063698830934
  0.77564013525982523  0.78460075799132367  0.79335062925222399  0.80170160619499120
  0.80998464593958752  0.81855894386477390  0.82727648077135163  0.83570274907687014
  0.84352994305153672  0.85146171311558538  0.86019908336060746  0.86941635516626836
  0.87853076399608598  0.88736551935620789  0.89661816913506043  0.90641522044147804
  0.91738599696089029  0.92984516722991706  0.94249052923876109  0.95441169267396619
  0.96586529870366544  0.97716412851616052  0.98856561942838372  1.00000000000000000
   3.6220300908375275E-016  -1.0000000000000000     
 F F F F F F F F F F F F F F F F F F F F F F F F F F F F F F F F F F F F F F F F F F F F F F F F F F F F F F F F F F F F F F F F F F F F F F F F F F F F F F F F F F F F F F F F F F F F F F F F F F F F F F F F F F F F F F F F F F F F F F F F F F F F F F F F
  <DiscreteSampler_grid>
  grouped_processes
  1 # 1 for a reference and 2 for a running grid.
  10 # Attribute 'min_bin_probing_points' of the grid.
  1 # Attribute 'grid_mode' of the grid. 1=='default',2=='initialization'
  0.0000000000000000 # Attribute 'small_contrib_threshold' of the grid.
  0.5000000000000000 # Attribute 'damping_power' of the grid.
 # binID   n_entries weight   weight_sqr   abs_weight
    25   10   6.217412079443108E-013   6.798845071974653E-025   6.217412079443108E-013
    28   10   3.797536561638885E-013   3.149539544931861E-025   3.797536561638885E-013
  </DiscreteSampler_grid>
