 -0.00000000302575961  0.00000183627911440  0.00001390810390137  0.00003879212033944
  0.00007644982666188  0.00012690433355418  0.00018610401071672  0.00025361349094571
  0.00032952655550145  0.00041590500700342  0.00051381995496645  0.00062303278538241
  0.00073795325817826  0.00086081770882309  0.00098142402511423  0.00110309969521352
  0.00123126206267661  0.00136478354640369  0.00149631933960995  0.00163506724302636
  0.00178055713020914  0.00192829735055163  0.00208345958738429  0.00224560077678701
  0.00241147681075617  0.00257120703841619  0.00274232277752347  0.00292796271030326
  0.00311607847565779  0.00330207305150232  0.00349130799275853  0.00368435099416453
  0.00388690550567827  0.00409107418031708  0.00429023319078360  0.00448814348383534
  0.00468829520968168  0.00488576768954811  0.00508429056942932  0.00528252580268558
  0.00547844087795178  0.00566999232804426  0.00585734874302953  0.00604312323915547
  0.00622585242034663  0.00641598712082289  0.00661073051717907  0.00680533131638136
  0.00700076907036803  0.00719630679381346  0.00738850679617899  0.00757481888828664
  0.00776236199911049  0.00795189087617119  0.00813339523388849  0.00831381209700716
  0.00849825611662110  0.00868663545723228  0.00886907258629053  0.00904502147680555
  0.00921970784143907  0.00939281168688478  0.00956276231898306  0.00973482245847946
  0.00991212208978234  0.01009672040905232  0.01028858607023703  0.01048255460032106
  0.01067425692462875  0.01086761499844486  0.01106828201474582  0.01129074931225985
  0.01154827371379345  0.01180683947521656  0.01207572450952897  0.01235155384944380
  0.01263222644491511  0.01291830266288602  0.01321423202844380  0.01352022109512485
  0.01384437689287563  0.01417245733736212  0.01451605414606578  0.01492967096438580
  0.01548944125742984  0.01606085288630063  0.01668488353364597  0.01737424720396720
  0.01813643539776725  0.01898336142160218  0.02023283364130778  0.02203554757365324
  0.02445052067717234  0.03298631980764379  0.05016101594238929  1.00000000000000000
  0.00958738325460345  0.01565266023241172  0.02488660321188131  0.03385766796623324
  0.04250778727977686  0.05120211508201583  0.06003392130148115  0.06884712198169221
  0.07773155911033459  0.08746323356286281  0.09823094691088791  0.10901013516306965
  0.11951030438742330  0.12988890981006640  0.13986642949139511  0.15023664036167100
  0.16020672504859285  0.17075530393318414  0.18167849899423735  0.19216066722195205
  0.20199058207288981  0.21204180766889555  0.22269844552238838  0.23368350731725529
  0.24409714056198967  0.25545880913498376  0.26736836477546139  0.27749122870126408
  0.28660900111082649  0.29575118032966280  0.30462495081444735  0.31363388740277759
  0.32246172672258849  0.33159769396315869  0.34193249110879259  0.35299410116665220
  0.36465108044178640  0.37629759025716814  0.38752206247140836  0.39882717966280212
  0.41056361600659691  0.42155090430646908  0.43146752656201970  0.44079755457937986
  0.45030649316067561  0.45983469181500192  0.46928790355092814  0.47917412212271049
  0.49028784933530228  0.50173729702911596  0.51257138186951512  0.52307751505808942
  0.53300653233276030  0.54334734207352797  0.55334885851734250  0.56329871912604523
  0.57315591965342605  0.58337298266183768  0.59379915427044783  0.60464085028536485
  0.61615470779429082  0.62756082560046023  0.63816751081019663  0.64824137579436991
  0.65826581010387941  0.66858958403822122  0.67898673709890300  0.68963322278822614
  0.70062692826501205  0.71223135325711240  0.72415369716733879  0.73565629704074464
  0.74671304852600195  0.75788959008508561  0.76932693877484881  0.78072162212495833
  0.79219311783478286  0.80400583084716926  0.81568039604487863  0.82701917967195082
  0.83861398890107952  0.85027200247315038  0.86173967493424652  0.87222980954507923
  0.88255440161469800  0.89258029408318584  0.90275514613959451  0.91323834634455181
  0.92416288522541012  0.93534695879556085  0.94610008908129883  0.95663856703056138
  0.96771232437112353  0.97902430372817195  0.98968144178638418  1.00000000000000000
 -0.00002099686966575  0.00025333246345172  0.00072098912433548  0.00141328581957396
  0.00238218170779028  0.00367734118475650  0.00530010110720035  0.00714382045966186
  0.00928100687369675  0.01155845349527933  0.01406998950200231  0.01675535133177241
  0.01938054586064648  0.02209998049797083  0.02520462303842723  0.02852117182159768
  0.03182697675312241  0.03530696705770531  0.03885967377000988  0.04252592984370351
  0.04630097654482117  0.05033965475601238  0.05498937776587456  0.05972631884599056
  0.06462250346342602  0.06977856314669387  0.07518938626031833  0.08085694494373211
  0.08659644684691484  0.09222919211836353  0.09777981327875174  0.10335145866234882
  0.10928340410268758  0.11533940621156814  0.12138755668101635  0.12738370182702080
  0.13378384689834574  0.14063931318916398  0.14776887893247706  0.15518641016723869
  0.16318638234378932  0.17190847731115705  0.18117028940678279  0.19057297941833723
  0.20005220853049704  0.20957549264384048  0.21926763883166264  0.22922834553188220
  0.23937365051375650  0.24954139645745835  0.25961121043535895  0.26988484194480011
  0.28031555051642398  0.29101622441048691  0.30180589671413488  0.31256314523294043
  0.32326207691460196  0.33398468291062805  0.34511037739963296  0.35658334032711941
  0.36827071636594239  0.38025060930342058  0.39272915596815150  0.40563344244237576
  0.41875088458508103  0.43186479505180775  0.44467242986702965  0.45707836795727969
  0.47009705478067165  0.48394261464752392  0.49853306864069624  0.51362016881229677
  0.52890731234444710  0.54423061258541350  0.55960302364788905  0.57513892427420776
  0.59122957950918753  0.60934212189205150  0.62782067405495534  0.64594176442837725
  0.66457790140996642  0.68529032233480414  0.70688743361087281  0.72734236948890563
  0.74756558039857857  0.76739731429796376  0.78696717067658128  0.80682010571362717
  0.82741941373117878  0.84881180713908855  0.87116357266194411  0.89397740481070087
  0.91694995015028724  0.93900113367502847  0.95680858707759597  1.00000000000000000
 -0.00265474257278404  0.01052797546740730  0.02127672777424541  0.03232072626550073
  0.04285564891941072  0.05409782507092128  0.06569838013747437  0.07736311369695119
  0.08900665917190347  0.10024151907873310  0.11129256990301770  0.12244281284829016
  0.13383787596900604  0.14531026161657284  0.15670873055022844  0.16791836773605912
  0.17889470434225316  0.19007047937221075  0.20141638955304297  0.21258340889748856
  0.22353325216741904  0.23479967768531354  0.24648988585138321  0.25741478958192054
  0.26757099830119746  0.27807741720810009  0.28845596357661168  0.29844889730113056
  0.30778565913993156  0.31755518361357243  0.32795664721893403  0.33831679908217527
  0.34854035148905044  0.35878154462799522  0.36944885139089040  0.37932996521944923
  0.38842840720182886  0.39744167398155000  0.40678567650161895  0.41654982790849981
  0.42618683077827024  0.43559688755639098  0.44591212161427995  0.45668000598063363
  0.46803918512976067  0.47979501170731065  0.49139547326494210  0.50283279225697763
  0.51384377893760436  0.52466243776817223  0.53529204560847965  0.54568811674619178
  0.55618548468529161  0.56693003096836869  0.57809273271906036  0.58947624929439879
  0.60027287782934802  0.61111804462356512  0.62219757347079585  0.63408064836132183
  0.64586081020286645  0.65689299689452041  0.66717110966454807  0.67681844533068136
  0.68638796102390964  0.69596390198218350  0.70547351499410960  0.71553050707752108
  0.72557383390365693  0.73588668853185002  0.74640432759388908  0.75688095238191178
  0.76700668612921497  0.77651406183320970  0.78558630208658620  0.79464737780194306
  0.80379609674143138  0.81257047628321399  0.82118467443870724  0.82983728345149699
  0.84010468305258268  0.85055602501784322  0.86151287568267065  0.87294170648313263
  0.88406170730350608  0.89461240668391340  0.90486606103113476  0.91499204115787214
  0.92496716023051517  0.93499564990819861  0.94544259189441904  0.95615993087706730
  0.96681828660128777  0.97753500188815456  0.98847929319641403  1.00000000000000000
 -0.00266888332398672  0.00982517113280764  0.02018032859342504  0.03118833059421368
  0.04244560524612689  0.05381389000625336  0.06543311636451893  0.07754974513315492
  0.08925072087268821  0.10075722069310446  0.11180753173526109  0.12227135346026814
  0.13256017143287299  0.14291260548237672  0.15344722098625171  0.16437107571230752
  0.17582909580801659  0.18760646307459536  0.19935896753898152  0.21102778886878920
  0.22273958602447441  0.23450832617136813  0.24638009386780749  0.25664021402985554
  0.26584066185853417  0.27543144151517862  0.28520309804286859  0.29414633052683192
  0.30218382397189258  0.30986135845693991  0.31935352814978185  0.32928679073802336
  0.33915049613630410  0.34835834698356805  0.35762678108677520  0.36795486158352764
  0.37825830042022834  0.38819985750184582  0.39867163800078981  0.40897814309115083
  0.41915686699493471  0.42914178667162894  0.43960003878966658  0.45071314555597491
  0.46227317220403896  0.47379520198982056  0.48526156471677234  0.49656329293856077
  0.50789187094700450  0.51877667380180692  0.52891636841696898  0.53898448624475981
  0.54913601680075985  0.55950398321812422  0.57008955463544497  0.58045634308896055
  0.59008662641424370  0.59948137875963281  0.60908440889188276  0.61937070269581485
  0.62937495226922879  0.63909221911824776  0.64870888390278758  0.65923116995632103
  0.66978914796197997  0.68016297115598645  0.68981537986321573  0.69946614770521709
  0.70919144432692027  0.71884268959832243  0.72824479754737470  0.73813478577220615
  0.74815190549864219  0.75822309728455761  0.76840758026804656  0.77900151336731704
  0.78940349211645056  0.79971537924295999  0.80992260382951997  0.82058471093069207
  0.83160290524067493  0.84314144948045122  0.85480542064528575  0.86623930261519433
  0.87714398939068228  0.88779450818343197  0.89871874718912048  0.90993678591954208
  0.92076538009398656  0.93119962527214273  0.94143551424508054  0.95184610765590494
  0.96233202282398456  0.97298946444448953  0.98492434282063834  1.00000000000000000
 -0.00273936448789280  0.01004904131823435  0.02088341691111022  0.03174868044280700
  0.04208123571079902  0.05129667175056184  0.06024930379689367  0.06937620761779409
  0.07860964073443945  0.08800319250419880  0.09743159112919778  0.10741328191600763
  0.11790707155406713  0.12846700956557563  0.13970573078778573  0.15145673634358400
  0.16337627287023931  0.17580452696529678  0.18872365122062140  0.20137100528266053
  0.21381424136676214  0.22597583763013573  0.23781468210554532  0.24992504724743794
  0.26207919050810241  0.27434745706007641  0.28680531108185942  0.29855655426938510
  0.30992320719984962  0.32072197188078999  0.33126711976078482  0.34145836619480391
  0.35143192659785216  0.36169830884169663  0.37224708491579939  0.38334823727143769
  0.39510900771750096  0.40654348834998139  0.41796215332027681  0.42938005668351575
  0.44071954301219241  0.45094890908831020  0.46102281141215579  0.47102273353117541
  0.48105076299801325  0.49109944518582460  0.50135810470033049  0.51214079473869978
  0.52313566477663476  0.53442681160929217  0.54590625110690738  0.55718428830171873
  0.56799505991109267  0.57807993584439588  0.58876350751673212  0.59869495653353810
  0.60786052400716883  0.61686524312775792  0.62652646724141015  0.63734326082657911
  0.64837382626114504  0.65928110724865641  0.67016705591512060  0.68094484895335861
  0.69234587824873373  0.70370707668877308  0.71467054292743259  0.72515686534143486
  0.73478022388096575  0.74419385250750381  0.75395517412831725  0.76396093714094016
  0.77318439668071037  0.78195066815714365  0.79060809863378956  0.79933734531624301
  0.80793877371237488  0.81663162289924285  0.82535234600642260  0.83427090935928150
  0.84326905098880434  0.85263259242152090  0.86258070115005392  0.87282716520234083
  0.88322524707851091  0.89401814251165412  0.90517748232688433  0.91605264291421118
  0.92629904245704164  0.93631925722262788  0.94639095238525306  0.95647431858434384
  0.96650491311484976  0.97681099800612492  0.98786007682150112  1.00000000000000000
 -0.00232093364361368  0.00847858283982749  0.01835209349111021  0.02905351629969445
  0.03959875861980255  0.05002722135841471  0.06099964293935248  0.07339222498056851
  0.08647409124716286  0.09887961388493174  0.11047606477012627  0.12177296336815394
  0.13368152760385918  0.14627420816547287  0.15847373266333847  0.16973380347618552
  0.18031297303184243  0.19064079359033040  0.20096282950697822  0.21109366558532142
  0.22056215186584097  0.23038003209031480  0.24026046107867072  0.25052708872919999
  0.26030193541155128  0.26992528678107180  0.27960371984226134  0.28928003995833218
  0.29894050605219030  0.30907278343729633  0.32021995080209487  0.33190090433272684
  0.34322439308144126  0.35453764545727301  0.36634047810320414  0.37842098418215636
  0.39042106354881595  0.40197701508952027  0.41295771078539639  0.42373618297262716
  0.43437555985660042  0.44510116694046481  0.45611506889005671  0.46762712196032485
  0.47929944307372740  0.49086539050552186  0.50246904098792489  0.51511057277488359
  0.52757380758969641  0.53933919841647271  0.54845100721358253  0.55660015034385357
  0.56494891935969394  0.57369103413430877  0.58266785182001690  0.59130863734434336
  0.59971191956246162  0.60881117411736285  0.61891449858365732  0.62881607938390849
  0.63815573316514929  0.64787076080059558  0.65765076485498897  0.66752937890139352
  0.67778327357911838  0.68886089969822328  0.70085323175110414  0.71252201465419396
  0.72340430155535318  0.73418767769696625  0.74488113441049075  0.75508642695549988
  0.76458242951363609  0.77339089981480613  0.78184136412093563  0.79074469799624170
  0.79974683616159004  0.80855953017653470  0.81769330174422450  0.82762258475101791
  0.83835363745207980  0.85027692369752184  0.86150022989861030  0.87212252624881204
  0.88233760055214083  0.89242783743757914  0.90251479706396220  0.91262546469178374
  0.92319796530363951  0.93387944791264021  0.94479704124810604  0.95607003175288174
  0.96781505760539233  0.97914409305537897  0.98972241609341771  1.00000000000000000
 -0.00215566474751024  0.00919969715626840  0.01817698017388016  0.02774588479833413
  0.03725369793488382  0.04685697940417329  0.05606664167250490  0.06563831823660893
  0.07577054432110160  0.08641494787354347  0.09697183477663231  0.10746724584867343
  0.11817625735291468  0.12948341053317025  0.14148646530553022  0.15375561869046564
  0.16614493685464360  0.17774615379322747  0.18926759858944284  0.20086102305081088
  0.21180443123486847  0.22064899904346905  0.22967938152674933  0.23895265614910549
  0.24857812462855139  0.25736142265363937  0.26607561309892941  0.27554214443374153
  0.28571862377984270  0.29556853988282472  0.30503989665646397  0.31435479694900986
  0.32374051718409047  0.33306636406363133  0.34235215733424984  0.35172702600937911
  0.36146755794140734  0.37114851233413626  0.38092582378862261  0.39160250864987090
  0.40311645803694102  0.41475229492321386  0.42575867168677944  0.43635160123533423
  0.44707266164026477  0.45820764357964178  0.46984745205448086  0.48149040416394973
  0.49295181774495062  0.50419251761343653  0.51539888530013045  0.52624112754997954
  0.53678242216377325  0.54764416492962487  0.55856051912138971  0.56937983813333071
  0.58018362234910559  0.59160389232836375  0.60381459125682191  0.61502099170052060
  0.62603898779354084  0.63630759180383001  0.64703488207367010  0.65799928087870230
  0.66864181507824993  0.67974353115835373  0.69094346030778520  0.70120317609028315
  0.71112706446080043  0.72092752449526276  0.73085628189375462  0.74071987938959305
  0.75071512516446459  0.76162797323846654  0.77281722988519275  0.78390268793385154
  0.79519877247895820  0.80677257242085920  0.81838856704221197  0.82969969756015427
  0.84062134219349682  0.85120054164691172  0.86165614613764130  0.87212214108005104
  0.88303402489081062  0.89452746969007946  0.90613887912808289  0.91747401167319109
  0.92862111329328723  0.93919236739517220  0.94958272181195713  0.95954530514847147
  0.96954922650205511  0.97986577377299611  0.98986136321346851  1.00000000000000000
   1.4327800762923509E-012  -1.0000000000000000     
 F F F F F F F F F F F F F F F F F F F F F F F F F F F F F F F F F F F F F F F F F F F F F F F F F F F F F F F F F F F F F F F F F F F F F F F F F F F F F F F F F F F F F F F F F F F F F F F F F F F F F F F F F F F F F F F F F F F F F F F F F F F F F F F F
  <DiscreteSampler_grid>
  grouped_processes
  1 # 1 for a reference and 2 for a running grid.
  10 # Attribute 'min_bin_probing_points' of the grid.
  1 # Attribute 'grid_mode' of the grid. 1=='default',2=='initialization'
  0.0000000000000000 # Attribute 'small_contrib_threshold' of the grid.
  0.5000000000000000 # Attribute 'damping_power' of the grid.
 # binID   n_entries weight   weight_sqr   abs_weight
    25   10   9.978200257563841E-006   2.530409136417763E-010   9.978200257563841E-006
    43   10   3.897119007380767E-006   9.707551546686755E-011   3.897119007380767E-006
  </DiscreteSampler_grid>
