 -0.00000000443738274  0.00000362911325998  0.00002549859085134  0.00006964123053757
  0.00014289714732119  0.00023957291522841  0.00035233106399255  0.00048785849718693
  0.00064615204656694  0.00082383016644085  0.00101881150825212  0.00122143807282979
  0.00142882979498288  0.00164677170369634  0.00187760043273512  0.00211865272098863
  0.00236970183705744  0.00262584197272065  0.00289695895480483  0.00317625471372615
  0.00345435989877294  0.00373938923813521  0.00403054627220989  0.00431930899084328
  0.00460463161808436  0.00488882785695195  0.00517724449263768  0.00546756292734109
  0.00575091267903197  0.00604298861977677  0.00633715309087403  0.00665934920900295
  0.00698674254259089  0.00731517699396788  0.00763515588828644  0.00794914085521653
  0.00827063973106568  0.00860289420479202  0.00893920508886024  0.00927637055415200
  0.00961870613986926  0.00996602433410331  0.01031240457793499  0.01064301148767585
  0.01097157141889163  0.01131847998148764  0.01168915376385316  0.01206174383966088
  0.01243853546188066  0.01282175669012516  0.01320450961930085  0.01359232553169381
  0.01399312514580595  0.01440620134614101  0.01484482343629667  0.01529125212603191
  0.01575351882509344  0.01622525830337965  0.01669418805804434  0.01715614352312642
  0.01764065746684530  0.01813243503850884  0.01862504205728759  0.01913595976193247
  0.01967261299654269  0.02021443763445019  0.02077004276248096  0.02130257202330130
  0.02183574057295786  0.02237651032152107  0.02292692470079434  0.02348998818091743
  0.02408238006322913  0.02468371653797285  0.02531401166104697  0.02601460587189109
  0.02677798138728540  0.02758362305288279  0.02841534333683355  0.02924419685668350
  0.03010477221690058  0.03100353670674227  0.03193201676978787  0.03291946239012560
  0.03400089059522351  0.03526696524116943  0.03687563103179634  0.03853425560274065
  0.04039646171029950  0.04241404049270349  0.04459294391157927  0.04843819622650632
  0.05353243626562858  0.06508483710527814  0.11541754012957951  1.00000000000000000
  0.00942849907784223  0.01598108108832300  0.02571792403939736  0.03759022469809738
  0.04908819697696895  0.06156057716837050  0.07281593490996537  0.08386006680402183
  0.09325907623678299  0.10284978937906163  0.11264090136577455  0.12253772993211406
  0.13267183260550666  0.14331041110295875  0.15377307955295122  0.16424921159608580
  0.17414641318383739  0.18425454228313659  0.19472008739058622  0.20490637015508981
  0.21544672182081012  0.22618453081707895  0.23728222974487292  0.24826415204699145
  0.25883881649568552  0.26905730789831861  0.27884386380309228  0.28855739385839901
  0.29836829232824580  0.30776125868026694  0.31742812197556503  0.32722083048019335
  0.33765897428622760  0.34884235220504811  0.36096418216719123  0.37322849226616067
  0.38516132820610649  0.39632461053857510  0.40750409125933235  0.41851730236736484
  0.42895265782512426  0.43955181547753058  0.44983282835096272  0.46099397047979440
  0.47236313708196376  0.48341659237729506  0.49398366293028145  0.50450528283870488
  0.51479599691457545  0.52491165786154048  0.53501462362717989  0.54515552537991230
  0.55545031572753767  0.56550380198036865  0.57528898855165334  0.58542560542409061
  0.59558703952600411  0.60519196721884916  0.61503279302305680  0.62516484390318128
  0.63590766081306815  0.64656827353346047  0.65735596704215449  0.66849152759826314
  0.67993524573489050  0.69159701880609536  0.70317241817350795  0.71453564250686552
  0.72513769310456200  0.73557167127467293  0.74633572038032014  0.75784089358204976
  0.76993635557352214  0.78193986314119479  0.79309983367704828  0.80368520687711842
  0.81320665878624343  0.82219807002166445  0.83094849004684446  0.84005940183864702
  0.84915437152312390  0.85819254238035647  0.86763928211800112  0.87747392607935903
  0.88782365935205976  0.89853821150597124  0.90923031718665148  0.92014222451321426
  0.93093101229938069  0.94121091827767511  0.95139077132873495  0.96134860624942220
  0.97157889608006098  0.98165613116894357  0.99136812701419519  1.00000000000000000
 -0.00199636112319523  0.00823610148932373  0.01687763133422922  0.02641238913073150
  0.03650578701865954  0.04743744451444215  0.05909214082594887  0.07066223723984780
  0.08135841314183731  0.09144954802901319  0.10117841075458489  0.11098914598532568
  0.12141402204795831  0.13161480312064125  0.14210098272555396  0.15227341165194286
  0.16221034171415455  0.17196089195051528  0.18206650470823993  0.19275057739860393
  0.20330938478310889  0.21354410120416123  0.22384582113763155  0.23398012966957532
  0.24491926362174851  0.25582635098737433  0.26732840882733455  0.27866066002750972
  0.29022082186004372  0.30138804349396559  0.31218098382607296  0.32254994352717331
  0.33246707200902853  0.34201347887332884  0.35180254563848334  0.36214297138260104
  0.37281285898581246  0.38323736658912760  0.39354777259947110  0.40401422555950944
  0.41484194963457260  0.42534047464284591  0.43570261212161104  0.44610533180803025
  0.45655175323428560  0.46676774749435740  0.47676935177478463  0.48683209329124738
  0.49708278153229829  0.50741146481758403  0.51786484971148272  0.52839173467819278
  0.53875830478378717  0.54884363766191724  0.55872818163526949  0.56871936179427451
  0.57900746841053075  0.58979289349468578  0.60082504863270669  0.61207110488530359
  0.62338621618381507  0.63426957955028374  0.64467880836509195  0.65482774526300613
  0.66491404178392621  0.67522260064180495  0.68569517418210313  0.69627519144648520
  0.70680383459651330  0.71745482622198720  0.72834773905221606  0.73967050776650356
  0.75084320039311403  0.76182638370131417  0.77303844223086049  0.78394641790712449
  0.79532541006468938  0.80669318024836834  0.81841081816692740  0.83003930659880543
  0.84101077498293042  0.85168916570469566  0.86237046336980183  0.87240549313483717
  0.88208452564603157  0.89143332608030201  0.90113375097597215  0.91187854749272990
  0.92313158037101195  0.93421626669653468  0.94405171074115823  0.95365819191857515
  0.96457822157040574  0.97617871096205611  0.98844990592560966  1.00000000000000000
 -0.00267027010986591  0.01106553565662763  0.02142004657169287  0.03208654949455583
  0.04280707833226371  0.05342125437923872  0.06397542141402496  0.07498088829708779
  0.08585590198572980  0.09624494864210444  0.10622557097473008  0.11636137618655065
  0.12669959096912445  0.13674100559815350  0.14641097187975227  0.15675370667203903
  0.16726673520041069  0.17757668043127942  0.18795461887402790  0.19925027570314560
  0.21115729969328018  0.22316232468528502  0.23505006448019614  0.24596113593676805
  0.25574680503955183  0.26508248909885596  0.27460588233025474  0.28432567532871444
  0.29386960192899703  0.30332026400911727  0.31331290402755069  0.32475005237150839
  0.33694108573786224  0.34884926787519999  0.36058321147319367  0.37246819517025437
  0.38396294795676700  0.39516636969885505  0.40587299592085785  0.41686923802685644
  0.42684661642494848  0.43694245004590448  0.44658647308388116  0.45647383367150435
  0.46627183204893446  0.47600212364960126  0.48579880556633226  0.49581999282193495
  0.50600679250170821  0.51640624194849383  0.52661797040984426  0.53698278212478279
  0.54758043487738006  0.55876461267651256  0.56991087977371391  0.58099367241330369
  0.59147547929031263  0.60240859107899125  0.61301216250351409  0.62349443774509716
  0.63335790692666616  0.64349182864971222  0.65449777910328588  0.66576606759244672
  0.67791794996403887  0.68964839389649457  0.70106076213445212  0.71153581181835823
  0.72209676003536860  0.73310982118317181  0.74432182014560300  0.75456798946427139
  0.76395352189005894  0.77340522303034698  0.78321398842685164  0.79355710776896171
  0.80393750175160084  0.81446323927978537  0.82524796751378515  0.83569286174489521
  0.84557430138201040  0.85561398616924589  0.86578877676445631  0.87585444676345547
  0.88563856174328903  0.89503251873951695  0.90499009973339106  0.91536601740941936
  0.92591615813807482  0.93599707323204939  0.94598062690287044  0.95635781801517805
  0.96677187350114979  0.97752284590988703  0.98855554212224106  1.00000000000000000
 -0.00236435573961065  0.00958673876308801  0.01898472728427907  0.02835978290166406
  0.03786743679579637  0.04809832483300076  0.05966750358052170  0.07204798880224167
  0.08461738618663696  0.09642358231527015  0.10692437456079423  0.11658045186570611
  0.12682279866422663  0.13763735900594509  0.14863356988743928  0.15919794336358384
  0.16947927090574649  0.17938259672432089  0.18877755994724896  0.19788822991246446
  0.20744368221663859  0.21801033146613802  0.22880238869708261  0.23930335339623010
  0.24948409221232587  0.25956134490675853  0.26992744645260597  0.28055278361714953
  0.29115682181263680  0.30175953514599052  0.31231857579195538  0.32302840126786891
  0.33376379551691437  0.34429741505834854  0.35486116800842171  0.36580193602284361
  0.37732206579330757  0.38932527355769558  0.40201520166291471  0.41516044848123157
  0.42727865578483698  0.43900499919080144  0.45059750814915300  0.46182877457207422
  0.47251536604715372  0.48323791194565741  0.49405335061729666  0.50432245202244841
  0.51419422566031381  0.52427493389787783  0.53443558222487397  0.54449948001614978
  0.55513116929610806  0.56551668234774788  0.57710819365248223  0.58768062779539454
  0.59858067498089662  0.61005656268936137  0.62162536407157976  0.63287235758127236
  0.64367497226112136  0.65452568197024086  0.66582375373538083  0.67762007189967932
  0.68957730926673133  0.70137296622925793  0.71236707973220659  0.72249726028011174
  0.73216793838364647  0.74188146953091749  0.75170158229052375  0.76106534295158146
  0.77023625307187338  0.78002803458296344  0.78958388428679616  0.79934132090106647
  0.80935845530322148  0.82015609979682869  0.83112785317900795  0.84179734723614008
  0.85172717088487970  0.86110198080115918  0.87030677152892666  0.87993697505883250
  0.88966899917233733  0.89972893818146671  0.91037481132530973  0.92130649799501774
  0.93201764681678723  0.94194330074720889  0.95210981686623442  0.96239662023441341
  0.97202501132635366  0.98129608874200203  0.99036157726957763  1.00000000000000000
 -0.00220332730124171  0.00821398938623889  0.01665037213724654  0.02528149756671580
  0.03443580062610545  0.04425460418337743  0.05534638836182751  0.06627568568629852
  0.07675785416220206  0.08739375188698957  0.09797187813322795  0.10800426473204959
  0.11763032486619114  0.12774144767935053  0.13787388009669257  0.14757585954324476
  0.15712493261775579  0.16668931112343566  0.17661960367718829  0.18677589645907272
  0.19775341791833514  0.20852755310349916  0.21823811147380456  0.22775817278133154
  0.23782821433760051  0.24821637055487597  0.25835637162924430  0.26843651134295621
  0.27845857062723967  0.28824886034842984  0.29778369472944188  0.30724789249151374
  0.31664708621631676  0.32597892000193451  0.33581136370002429  0.34621099888513129
  0.35666276173659595  0.36679332787827218  0.37714239232781743  0.38847513334869571
  0.40021969357839932  0.41143070937844273  0.42197742017324907  0.43182686635425233
  0.44153279590190869  0.45149713718352191  0.46198578959515829  0.47281152706916818
  0.48369785686665906  0.49501365210898912  0.50697824592864105  0.51922399103573758
  0.53121503605299480  0.54274148836393032  0.55372108682694865  0.56479581292575798
  0.57589200150027875  0.58661160379783772  0.59695242996602893  0.60739098566282146
  0.61814661666861748  0.62827754667484603  0.63792345393159378  0.64768066991034512
  0.65817892260190625  0.66808164847040097  0.67802794453237925  0.68811180831838525
  0.69888856279137812  0.70949699601957439  0.72016493699097384  0.73080387966979132
  0.74108629375368817  0.75206201322441479  0.76420178075321943  0.77615672031152128
  0.78752673580533639  0.79907399086812003  0.81089679565062545  0.82224939741158110
  0.83356510746497070  0.84449448095956703  0.85565455819749758  0.86615100554032132
  0.87646094804284969  0.88712517274758051  0.89805013324100513  0.90897198654700784
  0.91971142551810647  0.93033859038169675  0.94044266985799441  0.95048473435841396
  0.96164177598549927  0.97458061888444758  0.98724140150156636  1.00000000000000000
 -0.00162367211959065  0.00428178603933101  0.01057502242375727  0.01692079617164929
  0.02392210957162347  0.03132783602676949  0.03870539168692622  0.04663176477152578
  0.05449620237401233  0.06269705275610556  0.06975397750002149  0.07687442195343690
  0.08430456104821896  0.09160276645491636  0.09932160167900439  0.10748848089789585
  0.11560023413741966  0.12369474578717420  0.13171960903255633  0.14021635302282864
  0.14898171468124186  0.15758622076391021  0.16632680336448952  0.17612936280261560
  0.18620120156826198  0.19660127582845227  0.20618909264702423  0.21683776539987668
  0.22870499878369982  0.24018659378425622  0.25055607795074464  0.26152137458202240
  0.27296210199011472  0.28569634724671422  0.29947811123999618  0.31396286019004044
  0.32849112177072326  0.34405421630907274  0.36050603661920899  0.37655866300677099
  0.39313738725676362  0.41072370676013614  0.42967997542491210  0.44832956253630579
  0.46652973567137790  0.48497924323217900  0.50387293473914196  0.52315928966690661
  0.54248212806440099  0.56155648050164952  0.58014616904891458  0.59745010405332755
  0.61451695317918398  0.63102856178157940  0.64666606139712435  0.66240159972147938
  0.67682427713203341  0.69077115285400570  0.70473805450526794  0.71744166503232742
  0.72910348688004867  0.74039559443379999  0.75135831536395492  0.76165122399813290
  0.77174924229226605  0.78190091164443754  0.79204181342808455  0.80176956237600960
  0.81117016573150647  0.82074968534384474  0.83016123618895954  0.83917290445540094
  0.84767850237430753  0.85583910033869504  0.86359435883842772  0.87144763342283560
  0.87896462654344454  0.88602048592986482  0.89274600174556584  0.89928588364285844
  0.90564460668233693  0.91199706844228712  0.91820128110184263  0.92433445284543059
  0.93042640501515983  0.93645563374349838  0.94282381574052621  0.94936882689010293
  0.95590374622378671  0.96273446546414221  0.96928552888435759  0.97556555809491430
  0.98176422193870350  0.98789095827306583  0.99393770077035271  1.00000000000000000
 -0.00247439897482936  0.00950424751837463  0.01934992626010671  0.02991139100423709
  0.04000460946904816  0.05074222316337537  0.06146570263454757  0.07312690731823879
  0.08450486141138365  0.09642048485329233  0.10765354918040716  0.11888735468215773
  0.12961017944706379  0.14071812303696515  0.15265995157712225  0.16476691265645516
  0.17643907827210983  0.18780436295311378  0.19879108082555269  0.20917998776983052
  0.21919753036538592  0.22984965858546258  0.24186700522862575  0.25454873988195653
  0.26680039134156658  0.27826957348316195  0.28911773306790395  0.29952062215707531
  0.31032007427677299  0.32063212153077481  0.33101600988553276  0.34154601250108035
  0.35234227106217986  0.36278393437962353  0.37297604453853600  0.38435874019246447
  0.39634847502695519  0.40854678598898542  0.42084668452542573  0.43268093533235347
  0.44393659837023569  0.45469083500619856  0.46549771066384926  0.47664093384586020
  0.48758889085532092  0.49835244903715281  0.50897158980084423  0.51993542140198001
  0.53134422729757291  0.54295481622548636  0.55448306973439809  0.56540035978787473
  0.57586487001576614  0.58602978135792061  0.59547217037862388  0.60445741405883857
  0.61344715834940677  0.62268597668163883  0.63246349939058055  0.64225507009415950
  0.65224115114566261  0.66289646266855340  0.67308284154404885  0.68336239334729765
  0.69280656041827471  0.70200588865783398  0.71091268025904142  0.72037044119004379
  0.72986833580655597  0.73926113385919989  0.74862797021292993  0.75812005158134010
  0.76785099318319827  0.77797686950215839  0.78824834336405081  0.79846876717376980
  0.80896749558674774  0.81995422628020098  0.83033209172686739  0.83998520134710475
  0.84934340217563820  0.85907029971056315  0.86917990664093669  0.87920950344354465
  0.88917017802420939  0.89941204096495764  0.90971021888931980  0.91936557707095468
  0.92861339661176567  0.93797783425315251  0.94815564812861886  0.95872628207418287
  0.96941570829802259  0.97986177225336424  0.99019433460664719  1.00000000000000000
   5.5712464817578094E-017  -1.0000000000000000     
 F F F F F F F F F F F F F F F F F F F F F F F F F F F F F F F F F F F F F F F F F F F F F F F F F F F F F F F F F F F F F F F F F F F F F F F F F F F F F F F F F F F F F F F F F F F F F F F F F F F F F F F F F F F F F F F F F F F F F F F F F F F F F F F F
  <DiscreteSampler_grid>
  grouped_processes
  1 # 1 for a reference and 2 for a running grid.
  10 # Attribute 'min_bin_probing_points' of the grid.
  1 # Attribute 'grid_mode' of the grid. 1=='default',2=='initialization'
  0.0000000000000000 # Attribute 'small_contrib_threshold' of the grid.
  0.5000000000000000 # Attribute 'damping_power' of the grid.
 # binID   n_entries weight   weight_sqr   abs_weight
    19   10   8.191557054874726E-015   1.313800640046009E-028   8.191557054874726E-015
    25   10   1.961899499428532E-014   1.035358276711804E-027   1.961899499428532E-014
    37   10   1.976511165499685E-014   1.239803446564605E-027   1.976511165499685E-014
    43   10   3.100550606093385E-014   3.957214134584833E-027   3.100550606093385E-014
  </DiscreteSampler_grid>
