 -0.00000000186904117  0.00000108594041301  0.00000772506288217  0.00002148291622931
  0.00004301296151597  0.00007423256626205  0.00011156589236788  0.00015597677969476
  0.00020546155734464  0.00026169413880720  0.00032058945046273  0.00037847575397835
  0.00044469380057118  0.00051498583626766  0.00059093003918476  0.00066268712606118
  0.00074289767092235  0.00082603394889004  0.00090997111409625  0.00099420006178828
  0.00107780790188880  0.00116129433618657  0.00124885542343532  0.00133594443934668
  0.00142245707346608  0.00150926087712519  0.00159727822794957  0.00169145603361445
  0.00178212684671009  0.00187328569287030  0.00196577671060687  0.00205487445971148
  0.00214715343427634  0.00223738760079874  0.00232770992904711  0.00241880242788839
  0.00250935761113800  0.00259551352535836  0.00267652981089567  0.00276868836122006
  0.00286757654539973  0.00296562823906043  0.00306420014844249  0.00316298513989930
  0.00326225069975247  0.00336072251228754  0.00345650153208138  0.00355054580267586
  0.00364479337054314  0.00374073696629829  0.00383852422087376  0.00393932456655310
  0.00403958941190779  0.00414107044773162  0.00424272789697043  0.00434433271408865
  0.00444710053941412  0.00454761317464057  0.00464706399416760  0.00475023266799636
  0.00486226395451079  0.00498192554276250  0.00509870478239195  0.00521100591123162
  0.00532215667619326  0.00543345828540305  0.00554755630635747  0.00566540860260777
  0.00578441382467558  0.00590751043019521  0.00602966245820285  0.00615110318739704
  0.00627795923014300  0.00641563004877889  0.00655546706600166  0.00670322858321501
  0.00685068008417802  0.00699857468433417  0.00714929211283808  0.00730516946306827
  0.00746602356719964  0.00762568988178894  0.00778561889307821  0.00794824897889330
  0.00811431897169008  0.00828433170554429  0.00846534247560881  0.00872406835334315
  0.00899639709417368  0.00928160683899781  0.00960360801683012  0.00999367523687360
  0.01048974870488584  0.01137790340003362  0.01205137791983470  1.00000000000000000
  0.00934887454083165  0.01615848826461653  0.02648248980159926  0.03904817737945934
  0.04899742920550666  0.05897369254382485  0.06931750893570780  0.07993800308927541
  0.09018198114204684  0.10029850911280373  0.11104482736464699  0.12170659887594684
  0.13178701484682384  0.14180322633547926  0.15276836089111992  0.16337826713169407
  0.17412932657302177  0.18482499321948814  0.19614704863582919  0.20765921906345397
  0.21877173880195791  0.23035430959502609  0.24265757579355787  0.25576963272509040
  0.26862649803673166  0.28026192542670897  0.29107496298526858  0.30064044277976582
  0.30941280370871937  0.31817433958195968  0.32727092152433240  0.33649817203565269
  0.34579068070948527  0.35525650087963578  0.36563639236692852  0.37626810145966383
  0.38634222293128767  0.39570690270825704  0.40457859977192623  0.41344884294587397
  0.42253518062550788  0.43176840179622805  0.44069333143564809  0.44919759452373281
  0.45791193999282020  0.46769374944375341  0.47788237360219787  0.48822512254666162
  0.49843337645435359  0.50978630259597724  0.52194605912963676  0.53400544134025407
  0.54561574488611242  0.55636953804131350  0.56718399815557341  0.57794451380654166
  0.58843683965432181  0.59821863244124129  0.60833387103643755  0.61849960810670168
  0.62931646306600109  0.64096239662331478  0.65237828680722876  0.66339311213078389
  0.67324163277246740  0.68260386532604800  0.69242858007207808  0.70216643524440248
  0.71233982163759790  0.72245548748973276  0.73304165424787771  0.74428001878355099
  0.75487846045632201  0.76551920302578247  0.77648637975062784  0.78725832732039358
  0.79914767636621342  0.81109100771512688  0.82314041260383097  0.83511748082666604
  0.84670368088454639  0.85778787298837278  0.86825537530899510  0.87899347786509652
  0.88986442536976262  0.90080464847088948  0.91159437884738204  0.92266963573840932
  0.93378494951012980  0.94432739623796502  0.95430133149474250  0.96420202762712437
  0.97362815058609520  0.98303291382625779  0.99103840776481245  1.00000000000000000
 -0.00002135084531327  0.00027046881515497  0.00075377815376941  0.00152910371463528
  0.00251958137607599  0.00380230682974276  0.00542228977652478  0.00726577641721996
  0.00944731093340400  0.01156076162024732  0.01403970428244156  0.01692482262680588
  0.01981322562958382  0.02306119513210713  0.02640076147173841  0.02951820514259243
  0.03290034747153883  0.03652676895930007  0.04035596104155209  0.04437947629140623
  0.04876541758902164  0.05372442013285138  0.05886034694958255  0.06405527509665111
  0.06921007623218466  0.07425964104818478  0.07946129189734889  0.08459615108312395
  0.08961460492804865  0.09458429301860309  0.09966100379131776  0.10486404020069308
  0.11028480021895166  0.11595031150160139  0.12189000890415180  0.12797121049232427
  0.13469953057669726  0.14235836107581576  0.15027108765067981  0.15841854142302303
  0.16665079887958473  0.17509546267840895  0.18411108847073368  0.19328993612649384
  0.20241820764985805  0.21133489681949433  0.22004465938967027  0.22877872808323435
  0.23779774967167017  0.24726064985154284  0.25641520207026136  0.26559482173151300
  0.27514618553256803  0.28507358797814619  0.29505328906116068  0.30518817188423103
  0.31565125626688234  0.32624778857267994  0.33685025749769054  0.34768028193732875
  0.35869168528097573  0.36979749822287444  0.38125497371164518  0.39323977434563601
  0.40573887039652856  0.41866864022222555  0.43188053754591677  0.44582488734876358
  0.45961842595590741  0.47440438915119859  0.49011114424771618  0.50636849306606035
  0.52269762724909441  0.53868916238482900  0.55419360138500118  0.57019094206576304
  0.58671355747680809  0.60436381469969414  0.62297580747612435  0.64213869916723254
  0.66220886718048322  0.68262197480053177  0.70289975128580451  0.72362734163935860
  0.74461880113780621  0.76576996981415102  0.78707881664220247  0.80765085733396180
  0.82995683695287381  0.85141475354962781  0.87313236425970675  0.89563328447844404
  0.91970629429101636  0.94577554126483487  0.97271270943389732  1.00000000000000000
 -0.00208646695792143  0.00846515778767522  0.01768990897052632  0.02673566702173469
  0.03587711090031197  0.04500562680240770  0.05465135406413892  0.06464318271542799
  0.07484221687594840  0.08489160342560237  0.09463596551218720  0.10430150669293736
  0.11423074746322817  0.12457925893423993  0.13487187832414751  0.14530282448698548
  0.15663831720694241  0.16805603422112433  0.17933179965810001  0.19113609558857853
  0.20386177520065457  0.21581227095260200  0.22689396291273764  0.23772620657640159
  0.24832095559923112  0.25882843042514803  0.26918741406779140  0.27934114816890565
  0.28945570155418554  0.29993855741156039  0.31087645980207607  0.32171485411107381
  0.33237085943117656  0.34339947924770031  0.35422971977663315  0.36480926421501592
  0.37554553963513848  0.38676367439001769  0.39884279365266084  0.41113697517162812
  0.42342972592959360  0.43591180610329722  0.44795398282571286  0.46004134381755174
  0.47154485371934907  0.48242887747374802  0.49257277489701612  0.50259863545599837
  0.51273069822623518  0.52272148947904606  0.53239129456499779  0.54261898656299312
  0.55456676996014731  0.56654275257241882  0.57640730187953404  0.58571012893936192
  0.59397428930322116  0.60204966978776053  0.61019335712055511  0.61822209565039332
  0.62637821212991907  0.63515050259571326  0.64449992069916606  0.65448692173681777
  0.66464531740186994  0.67480014261994736  0.68543596010740115  0.69686376128315508
  0.70864569030880820  0.72053593541507366  0.73321445117263684  0.74656592025813451
  0.75996020224990435  0.77211423665492807  0.78123686113726165  0.79086396155847094
  0.80050800631924823  0.80991696765785182  0.81934328112298838  0.82876724220079445
  0.83939937035245704  0.85101272316796372  0.86256979131612976  0.87350894939261503
  0.88357184974040293  0.89237104815057844  0.90142329267083254  0.91086457088517292
  0.92093853547508475  0.93160881894845915  0.94309659486859165  0.95503613767761075
  0.96626397418199772  0.97759565587711783  0.98876789200993498  1.00000000000000000
 -0.00194007789014363  0.00827063175803467  0.01635974246200728  0.02552822827729320
  0.03499646012823987  0.04406797919255882  0.05253330112005918  0.06167237837569987
  0.07201219109618512  0.08287104307174077  0.09337271481762192  0.10409388117335701
  0.11636542856149343  0.12875521648229971  0.14019566369168629  0.15209402276917872
  0.16379415673451150  0.17455202589012012  0.18468245642510550  0.19496761710223176
  0.20569694854240542  0.21552516048345594  0.22523973561103891  0.23494587520660884
  0.24467533750639714  0.25458939311909984  0.26425985926117740  0.27468606288745101
  0.28552584519141222  0.29730764162038514  0.30960248094677628  0.32100688927987903
  0.33156036304465547  0.34207559507439900  0.35237225955565538  0.36229124717375338
  0.37159491826634844  0.38065586431234960  0.39001184351338269  0.39991017999295297
  0.41060330667731476  0.42184733659495682  0.43424949306848193  0.44780084801332076
  0.46235586987201527  0.47471503913405139  0.48594423217891952  0.49751014448395486
  0.50919280134217570  0.52150364246714165  0.53416990145963361  0.54627091234618064
  0.55748045022899806  0.56853913785272103  0.57945438397502502  0.58997459118982110
  0.59993100697760060  0.61036065068596057  0.62070669283986968  0.63067890737756571
  0.64065356236231707  0.65139481182426084  0.66350129803621727  0.67686597708801644
  0.68936049606427297  0.70024023854247430  0.71093598430093363  0.72147228519050810
  0.73098445889923336  0.73963205858163084  0.74794501165892369  0.75783054872486588
  0.76866419964365873  0.77927585644454433  0.78955404849949751  0.79909467304808135
  0.80825480778327363  0.81754003964362287  0.82751871442890257  0.83769264689128708
  0.84709240172325839  0.85602509918385394  0.86470971142697151  0.87358935941892735
  0.88226620377949960  0.89064868944864550  0.89937764982090407  0.90890062188793530
  0.91874957689034875  0.92908965929396092  0.93969203045115457  0.95076441787784560
  0.96266570815487906  0.97517164648816723  0.98784961956875594  1.00000000000000000
 -0.00270081374952919  0.01024745239475188  0.02097734566190474  0.03244506006877148
  0.04388410965552399  0.05571044608384475  0.06852952198557097  0.08191736726762998
  0.09523899048578002  0.10831116575678693  0.12087229615477596  0.13255174615690282
  0.14380761577325932  0.15511440820973832  0.16720444915053440  0.17834892402083380
  0.18948853088362630  0.20041783681357753  0.21099503502060407  0.22038561883804411
  0.23039016912527818  0.24118998890004967  0.25251157264896079  0.26339225315029663
  0.27424313351151230  0.28642517487703384  0.29803054729036937  0.30973547058343864
  0.32116813604308470  0.33185843602937315  0.34298518941110906  0.35330586423969895
  0.36352909214413437  0.37364501541106776  0.38379592909943411  0.39422380043762584
  0.40440396185744137  0.41424309798865533  0.42390967972615295  0.43357375020083533
  0.44359437463343815  0.45399975029967060  0.46435039437034636  0.47466337323819824
  0.48477745676020623  0.49502028108134977  0.50564847995134699  0.51584952859666455
  0.52604171833708624  0.53617481895523145  0.54662715140942408  0.55719377061663600
  0.56765127554969885  0.57741941104408623  0.58743692881689191  0.59717416389344635
  0.60682326629623207  0.61688501495759163  0.62670113072348055  0.63631448468470253
  0.64595549286568021  0.65634970912546975  0.66758199475694413  0.67890264105142795
  0.68961348295962765  0.69962507707886579  0.70973270894208662  0.72037324698850780
  0.73080761900228564  0.74102619138428871  0.75151650110873891  0.76306199044169376
  0.77452112008377449  0.78508300249358387  0.79552459013217502  0.80501959389648015
  0.81466369833541807  0.82422214725316545  0.83353177634037612  0.84265423415555096
  0.85182270693909379  0.86141996457695547  0.87118731047912012  0.88068658863867832
  0.88994420811285235  0.89951945842956671  0.90916213847654481  0.91888480519303517
  0.92855978098504366  0.93806517560909464  0.94765728189253806  0.95759836722723446
  0.96810874790365364  0.97915897410533204  0.98981446823567576  1.00000000000000000
 -0.00282997405254002  0.01004225680544875  0.02267870822281783  0.03486441373928475
  0.04721968376267790  0.06008084016992576  0.07300685446975651  0.08517213934931983
  0.09627756208098812  0.10635456482756046  0.11613545119478018  0.12646737485961798
  0.13696257022766511  0.14729476394756480  0.15743589364367658  0.16785873483188340
  0.17942709481833158  0.19139444380363010  0.20294287896003768  0.21441732447174458
  0.22535664830500718  0.23564685240970940  0.24565402408351281  0.25462093617447412
  0.26359569756029994  0.27310397684038012  0.28233012787169820  0.29106095544039912
  0.29983433645204721  0.30920346252049957  0.31958792717513629  0.33044134594463070
  0.34101097256558838  0.35131303079633525  0.36141688599003496  0.37145313194680413
  0.38156847530702953  0.39198256743304549  0.40287354190958868  0.41398454990970596
  0.42552787511761381  0.43701578026126392  0.44774705744748317  0.45807607668271166
  0.46831771712733650  0.47878442080053685  0.48950663531881294  0.50097512322601145
  0.51344529827711494  0.52543599299496169  0.53651545417701452  0.54672801074691957
  0.55621434087903288  0.56522222302630931  0.57433026694032385  0.58395044733866319
  0.59395618050911103  0.60512771650546093  0.61713167539712932  0.62896870444109243
  0.63916044136995076  0.64902469226860693  0.65867666931851510  0.66847880469253163
  0.67807547615395358  0.68774850564147205  0.69867099073181438  0.70971789761048298
  0.72049544369424434  0.73104737003565767  0.74176409404645349  0.75269599384099251
  0.76386412096671008  0.77523314184165060  0.78648301284705391  0.79719316343082869
  0.80745325365249276  0.81739222636329045  0.82672163828469392  0.83628001181360812
  0.84633911214704305  0.85655572675994063  0.86576511485694496  0.87486758428226152
  0.88454522959704884  0.89467911130459976  0.90468979960829166  0.91466525424662071
  0.92501955845178740  0.93553815253110595  0.94640343559808626  0.95773620469960563
  0.96796399074341566  0.97816089953307928  0.98890462724714845  1.00000000000000000
 -0.00208500682716862  0.00948475843791344  0.01903586020296069  0.02960114652163282
  0.03948304930428209  0.05103805421534023  0.06215001935139514  0.07336597278634002
  0.08455460297904746  0.09537195764379111  0.10679528950949725  0.11808187879847218
  0.12906689497909787  0.13992214455084151  0.15045347325472239  0.16099464118463067
  0.17128681856654346  0.18195118832009702  0.19307749482932954  0.20445032187972181
  0.21762147429987139  0.23136616076573302  0.24487566719869386  0.25739899791461268
  0.26917946690159628  0.28098681411092147  0.29248179660590023  0.30308624363504277
  0.31346777321625785  0.32425029273450273  0.33502285172179502  0.34534022270195580
  0.35573338156202244  0.36668374418809035  0.37738134602308571  0.38720430093164115
  0.39681787266346602  0.40668754800429813  0.41651060300508436  0.42585514139082292
  0.43454868069414387  0.44365923779788280  0.45303189238133978  0.46266811967846977
  0.47217293166234103  0.48183880310384986  0.49226533389313215  0.50267708219914153
  0.51260393579662777  0.52248346371070431  0.53239380238228717  0.54243814357761799
  0.55258160888431751  0.56267857420629763  0.57443975589899843  0.58531504895781239
  0.59415434532381106  0.60256979031877522  0.61105037342562174  0.61997666732157375
  0.62878348282310437  0.63751121517899467  0.64586198700794406  0.65588046028574243
  0.66547509261229143  0.67498128713332195  0.68457791568426773  0.69625540535294850
  0.70893901730272213  0.71823592233761302  0.72821844112914991  0.73782652681224181
  0.74727049623715269  0.75678228910696066  0.76624170559623717  0.77683265995204698
  0.78874857055378844  0.80088273695292300  0.81306942656502235  0.82503634758653643
  0.83604344857546908  0.84589426923373745  0.85530256478699529  0.86439042870122607
  0.87344093072835627  0.88248900920573703  0.89157245263216112  0.90090908864347330
  0.91058506461736433  0.92085177537686624  0.93246131514214248  0.94577572650760977
  0.96010174052694353  0.97426638964514822  0.98736627423061829  1.00000000000000000
   2.2757310918731992E-011  -1.0000000000000000     
 F F F F F F F F F F F F F F F F F F F F F F F F F F F F F F F F F F F F F F F F F F F F F F F F F F F F F F F F F F F F F F F F F F F F F F F F F F F F F F F F F F F F F F F F F F F F F F F F F F F F F F F F F F F F F F F F F F F F F F F F F F F F F F F F
  <DiscreteSampler_grid>
  grouped_processes
  1 # 1 for a reference and 2 for a running grid.
  10 # Attribute 'min_bin_probing_points' of the grid.
  1 # Attribute 'grid_mode' of the grid. 1=='default',2=='initialization'
  0.0000000000000000 # Attribute 'small_contrib_threshold' of the grid.
  0.5000000000000000 # Attribute 'damping_power' of the grid.
 # binID   n_entries weight   weight_sqr   abs_weight
    25   10   8.779368000016570E-005   1.955477940342119E-008   8.798589680010669E-005
    43   10   1.245280247373412E-004   3.563607780678741E-008   1.246765223137978E-004
  </DiscreteSampler_grid>
