 -0.00000000295518690  0.00000190124686260  0.00001453554819123  0.00004011350346945
  0.00007835526362658  0.00013205910467439  0.00019295804204322  0.00026366551834690
  0.00034713623888659  0.00044321202868161  0.00054857683462840  0.00065967777963050
  0.00077393033723446  0.00088722906498402  0.00100528122007161  0.00112993795052939
  0.00126494843541748  0.00140133397083272  0.00153681263153831  0.00168235232667240
  0.00183072320932674  0.00197154976073924  0.00212303340034535  0.00228398359999403
  0.00244717878712354  0.00260671468403481  0.00277713791060457  0.00295233919386736
  0.00312798634011942  0.00330416990780116  0.00347243699344645  0.00364865432872111
  0.00384569633007664  0.00405131290639161  0.00425707872043618  0.00446633975373528
  0.00467665246160703  0.00488943578245157  0.00510230961043182  0.00531542351444863
  0.00552860079886985  0.00574259110770162  0.00595720618423412  0.00616645644904128
  0.00636634955221359  0.00655565945121815  0.00674331106939001  0.00692730932068501
  0.00710943812572372  0.00729052151254528  0.00746805163727033  0.00765347723026326
  0.00783593305514112  0.00802038153241132  0.00820195591035195  0.00838111833942878
  0.00856063358928568  0.00874467053026109  0.00892674915850007  0.00910739424391237
  0.00928744564910172  0.00947117155173530  0.00965507524005478  0.00984148986962392
  0.01003006072637382  0.01021779868799133  0.01040537448250831  0.01059455263484861
  0.01078316968460918  0.01097528854695924  0.01118672794255462  0.01142533415794637
  0.01167662578190382  0.01193564082522318  0.01219815509442340  0.01246246473728675
  0.01273393649467372  0.01301116534143751  0.01330903990965556  0.01363547605840111
  0.01397062157635423  0.01431955348183780  0.01475630395716540  0.01525218439779630
  0.01581153416413034  0.01642175765022303  0.01708237362338397  0.01782253630082904
  0.01864976604457468  0.01964355063657741  0.02098978849164196  0.02275725152387048
  0.02527946100940738  0.03262866390101710  0.05031579110480316  1.00000000000000000
  0.00967286227272865  0.01483899572323778  0.02333042346159044  0.03460780375437209
  0.04524948125016569  0.05506043608120567  0.06487318716312998  0.07502219835939303
  0.08522252268042051  0.09564943776571022  0.10649091253740092  0.11721317807990259
  0.12761640875480945  0.13754129447769922  0.14741409745376716  0.15781140310679909
  0.16825937470440383  0.17941937276321146  0.19001439105630311  0.20087675967885263
  0.21138407208568899  0.22108413399934329  0.23141568899139961  0.24095729305262364
  0.25082344442461285  0.26048287040918022  0.27036209821941221  0.28022319332761086
  0.29023997239838212  0.30067396991124823  0.31130086366078341  0.32150949465282241
  0.33135498056393392  0.34157782022253547  0.35198263260757495  0.36218454609637929
  0.37236241871673459  0.38272163844184903  0.39299467546546080  0.40287631334960938
  0.41288902585765452  0.42343965238948511  0.43534277898038337  0.44500633766437087
  0.45469514280251239  0.46463852883894535  0.47450989510446223  0.48490679176233437
  0.49474615618229928  0.50588011944420208  0.51775264182091074  0.53020108119145903
  0.54177374392905286  0.55224690814422084  0.56229824172756315  0.57241062900296835
  0.58291120760368920  0.59340863370096686  0.60544560827339755  0.61884766398953417
  0.63254113859070837  0.64508589507180591  0.65564863072961099  0.66534636698989214
  0.67486406743557303  0.68403287298576654  0.69344465410130607  0.70278015297462737
  0.71322015415585927  0.72431146743344332  0.73553665855530403  0.74658410082872595
  0.75722147896636782  0.76770068590517038  0.77803692356454301  0.78826004278761697
  0.79810296300673567  0.80794542069848074  0.81846936821480043  0.82898058515931750
  0.83990549275312942  0.85110968384455588  0.86335655761462216  0.87573607614690685
  0.88799552181914476  0.89972055421716890  0.91031524428602473  0.92136158344177299
  0.93212180818350909  0.94292189896631262  0.95335418142981099  0.96353596840554601
  0.97319141937329567  0.98236282476686554  0.99126291239123310  1.00000000000000000
 -0.00002113424663614  0.00025920195332283  0.00076598645036820  0.00153215541216339
  0.00264496357676614  0.00398533595472156  0.00551264520902514  0.00727857313665727
  0.00930548987637872  0.01162006588581187  0.01439272297577437  0.01692946945514923
  0.01961787249600451  0.02254930422625354  0.02563532484516311  0.02924413511481537
  0.03299837541464708  0.03661738704751797  0.04026166743735756  0.04432359783166343
  0.04885152128419672  0.05350059434131238  0.05817232288482918  0.06291485045642142
  0.06763700386275751  0.07249677301935485  0.07760479363955869  0.08303257003134361
  0.08887031101778234  0.09494039213970491  0.10127907484277800  0.10761390156561036
  0.11398641428191111  0.12033168945090492  0.12664513813422104  0.13303218644192355
  0.13948200356682722  0.14643990522754249  0.15422734303034080  0.16204755816852104
  0.16985198124859258  0.17727372967367130  0.18542884775145654  0.19389594987123029
  0.20236080317305633  0.21041576365376269  0.21818662573059661  0.22645786450424929
  0.23544111065576306  0.24433817050424708  0.25333618376818617  0.26248712752955311
  0.27151099038687998  0.28267303442267117  0.29450161842974326  0.30655888719632179
  0.31819910086391501  0.32901925742269944  0.34043731595085042  0.35177758134488685
  0.36362189469977135  0.37558642463876735  0.38700315141061026  0.39796060172670877
  0.40897696354382079  0.42045652801999156  0.43253913090480411  0.44500393113207698
  0.45731421035548808  0.46986901665270636  0.48315141290171110  0.49718229751030862
  0.51183521739155302  0.52722760819453285  0.54381016783506342  0.56256284476424911
  0.58087905932254291  0.59890629834811904  0.61713181005036422  0.63613038785739717
  0.65619625510347457  0.67670723111538666  0.69759496747368355  0.71667343862476440
  0.73556118855843478  0.75389499791320114  0.77245725561648648  0.79265564450648585
  0.81448462793826781  0.83744934641991287  0.86237440571072321  0.88636494139674593
  0.91072142688548652  0.93534493694788357  0.95834865732653551  1.00000000000000000
 -0.00172425954725547  0.00714172690554513  0.01563294958073292  0.02537446779935802
  0.03578682063792733  0.04613288163037443  0.05648793171605603  0.06781188170236074
  0.08015734720932766  0.09128635864604269  0.10191649805129203  0.11230649056898860
  0.12234378978754173  0.13203967326499197  0.14162448794502203  0.15145986657797200
  0.16143993819503921  0.17215379974678677  0.18322517086575235  0.19414235170292291
  0.20515309698756318  0.21678259825671928  0.22859841190021710  0.23984018950347508
  0.25071874169204500  0.26193765509858241  0.27372546293084943  0.28575630910274413
  0.29755431447576836  0.30899743292955023  0.32063286035726435  0.33265846442122499
  0.34520863372675292  0.35605272297071033  0.36514995651982890  0.37392095152605526
  0.38349728103387537  0.39296811413910826  0.40245835145055092  0.41113564816245984
  0.42082749733527536  0.43180152779933451  0.44351567802280689  0.45482459997868346
  0.46633984970436043  0.47810124899448148  0.49006270940136049  0.50265124021329810
  0.51545224208360874  0.52706360578541223  0.53851760732196907  0.54825537631784715
  0.55696598458104807  0.56553052297901796  0.57440912699644420  0.58343335994737788
  0.59274231861740567  0.60151305099554919  0.61231091828851536  0.62428827019492739
  0.63582498347899774  0.64706240425811345  0.65765311016896300  0.66787667512519788
  0.67802079799346049  0.68758493420250522  0.69782572546862187  0.70824175481366047
  0.71993911201412208  0.73150646414907705  0.74237529616551556  0.75242238998465638
  0.76237486499120999  0.77214245906487222  0.78252559487907525  0.79278928646005109
  0.80337732265744011  0.81380395032005270  0.82335864304751349  0.83296282215453143
  0.84274805891274684  0.85210211711713124  0.86152909573965097  0.87094476097549056
  0.88027410099560544  0.88967769629623450  0.89937167314660349  0.90949096306359489
  0.91915166623564226  0.92830294064182128  0.93752677059813083  0.94797586994164862
  0.95939459889643208  0.97112574490034542  0.98366219089956897  1.00000000000000000
 -0.00199248439940964  0.00840495889323863  0.01794017468407932  0.02903275804415706
  0.03986057152417688  0.05181316086470864  0.06461114185341010  0.07722098116406174
  0.08943451393330473  0.10133790049885820  0.11333255876493609  0.12501231888146583
  0.13651071083442598  0.14788599336901118  0.15904525878768513  0.17085529719214948
  0.18262143306384626  0.19421463651758042  0.20574849863729441  0.21766470461924900
  0.22926278608603096  0.23968144298890018  0.24970047724724187  0.25992916335101857
  0.26993040121359013  0.27979164529416417  0.28930528031139802  0.29831854233374328
  0.30723242439552789  0.31644295518801863  0.32583898272213069  0.33530284499121760
  0.34417680753752966  0.35331926696452776  0.36318459888975402  0.37451163159723155
  0.38557380346447412  0.39674703555105240  0.40728608796674215  0.41794853829691669
  0.42923530902374996  0.44081761029101213  0.45227631699406612  0.46424882392861100
  0.47676087087276736  0.48849138100964240  0.49905170937649440  0.50878171919964854
  0.51818303675985222  0.52742125219047498  0.53592804846931152  0.54447938826175613
  0.55284893970720950  0.56118901670366594  0.56993734472580160  0.57909856448270614
  0.58862862171126784  0.59854912247900927  0.60948154473009830  0.62143961504669742
  0.63386459075931278  0.64668027372558934  0.65811708047747242  0.66889794668849067
  0.67791645239897336  0.68692341115109934  0.69643659283383119  0.70615747095981474
  0.71691342096851185  0.72800586481319096  0.73965581914127554  0.75168732638034919
  0.76400174450708658  0.77657081973839681  0.78896387100308152  0.79999823279684523
  0.81077018003046264  0.82089588177932349  0.83066935097127481  0.84031659584148666
  0.85029937354278762  0.86123963188861041  0.87246631011665254  0.88299038433836030
  0.89317021902103499  0.90389428889175794  0.91482339691567549  0.92514106027754561
  0.93471131352190528  0.94458049824078871  0.95501830677690713  0.96478186828709844
  0.97438718468984908  0.98337535086618788  0.99189225827395844  1.00000000000000000
 -0.00300800912917088  0.01094625073018588  0.02153016993964549  0.03176483748570942
  0.04149584043587094  0.05170436354217664  0.06191549139642138  0.07150080325081902
  0.08117211747775778  0.09132017322289533  0.10180418126219713  0.11138697418821436
  0.12081020969308975  0.13053097000804553  0.14084806360934429  0.15172189108720749
  0.16274269845683881  0.17422487596397859  0.18574365506189400  0.19713272746336416
  0.20862334797212675  0.22000424956657605  0.23084772834932990  0.24141567035313988
  0.25185686848059402  0.26147760482855142  0.27120411432053948  0.28044261322399161
  0.28915142084380824  0.29777542495893283  0.30670343765502839  0.31597454787469259
  0.32507571117653022  0.33440760947929776  0.34500174738045059  0.35645075448719954
  0.36804087607479258  0.37913676302347599  0.38946587871106458  0.39930347424155888
  0.40901891105830174  0.41870148524719231  0.42807231337924595  0.43658665276156189
  0.44534260795986841  0.45384161069802342  0.46338180925946115  0.47368134819887070
  0.48474194479033650  0.49826729919545909  0.50943688730495418  0.52042242052119148
  0.53137101545055510  0.54247463343864588  0.55323565673749409  0.56283892376443767
  0.57249640524300760  0.58245699698744269  0.59301050687846590  0.60361931146057957
  0.61403758322555235  0.62481257819310421  0.63663766134794431  0.64895008779356178
  0.66097454673994172  0.67243548138295184  0.68343023411186232  0.69437443276044253
  0.70560472249199291  0.71640879630853338  0.72700099443812560  0.73859223475988967
  0.75034840385442925  0.76186503858275212  0.77308041204238209  0.78377129083542085
  0.79426340960779251  0.80498685439472917  0.81637713736023210  0.82865675023684682
  0.84105772601808504  0.85346645871864701  0.86497440604472409  0.87650887105423736
  0.88826020948769213  0.90046628565132070  0.91289530842190469  0.92486110350325101
  0.93616216166111410  0.94633451001023272  0.95573116409258219  0.96461732604253247
  0.97306799361748453  0.98152946887594417  0.99058576001297993  1.00000000000000000
 -0.00325727322461356  0.01129139675311553  0.02360681913896522  0.03576161703334694
  0.04812945375058461  0.06040919675765827  0.07255639389915876  0.08424191254391375
  0.09496597525364786  0.10550101067790399  0.11614065005503212  0.12657427365345594
  0.13663917206781270  0.14649673603920110  0.15726370583608301  0.16864905544315434
  0.18017992337437044  0.19268865349794315  0.20470355215022484  0.21606045809708255
  0.22715041328470389  0.23819113144454102  0.25035414783560361  0.26068168446816092
  0.27105491025861111  0.27944765428817547  0.28798661863413555  0.29638876893127808
  0.30503508120835815  0.31417129984928521  0.32348404614520671  0.33209044807989352
  0.34088939236740140  0.34997423787211934  0.35969618436485201  0.37000381040718322
  0.38111777103631389  0.39176106574971176  0.40339209039430390  0.41405686792450141
  0.42485726769442977  0.43571894469472222  0.44648081261185052  0.45678694877952175
  0.46664929503205255  0.47671104301108330  0.48698010879961867  0.49745261603212554
  0.50806425144226908  0.51850831197124969  0.52902722708537475  0.53958197201622915
  0.55032575176171561  0.56129386950060844  0.57272485767048209  0.58473664808354153
  0.59712731456424217  0.60932901965100328  0.62046046514253972  0.63169309655566452
  0.64247588424280866  0.65227971463366374  0.66133722312102061  0.67038499286474906
  0.67970896149946336  0.68906523523522767  0.69843806434957745  0.70805398700011146
  0.71822806778089032  0.72814730358726787  0.73762095182928833  0.74795768126173634
  0.76087165365085885  0.77384596166178143  0.78527831901137723  0.79626521762063840
  0.80757163957227973  0.81898018017347496  0.83013436576152533  0.84061941980423305
  0.85085289022639154  0.86064735793386948  0.87081759193954866  0.88040294963187071
  0.89041333096065245  0.90050635557746839  0.90983334038255981  0.91948823891817832
  0.92900158304968317  0.93870069273958190  0.94849053667585470  0.95827977593149138
  0.96890577000885991  0.97938013269015256  0.98962009841620946  1.00000000000000000
 -0.00232987728338986  0.01045208731189681  0.02055647997925684  0.03065183455035777
  0.04069476951831090  0.05126805483761306  0.06232206295037382  0.07343954658769215
  0.08458956317735591  0.09564538539086692  0.10665621837657725  0.11773489637962349
  0.12897088195239911  0.14093452572371271  0.15137617767638195  0.16103337204630161
  0.17059832657844415  0.18018464533355028  0.18995178760064832  0.19955870406080933
  0.20886517476520680  0.21836522830150215  0.22825925440708425  0.23922038193450401
  0.25075779453793062  0.26151958271610054  0.27167705755902571  0.28324938919227172
  0.29563126896058717  0.30821303145596046  0.32023497072916124  0.33113258034285897
  0.34211273416646937  0.35321365753211703  0.36347774377816461  0.37427721910544565
  0.38639717946866459  0.39785623810140675  0.40841887749962719  0.41866786467416706
  0.42907710140382777  0.43966714946610863  0.45028727198143037  0.46155926981621287
  0.47401638546874431  0.48639622250044889  0.49758014707442516  0.50889263895161985
  0.52014487585183422  0.52964048927822982  0.53954807340886302  0.54959909891887981
  0.55929562565279789  0.56858753903830073  0.57780969610063104  0.58731669537131914
  0.59704920547037399  0.60684605398798019  0.61660567091975349  0.62621173352369253
  0.63549389726690630  0.64455993072153484  0.65444607598230031  0.66429122458069323
  0.67455750620729871  0.68523158376120641  0.69680384390486327  0.70835445152987753
  0.71933831375186319  0.73078468559773924  0.74274567099789157  0.75471036930587465
  0.76624942144691033  0.77679450095885216  0.78690452408738010  0.79658273053054263
  0.80637450657260679  0.81721049432258419  0.82790467215423369  0.83789219617470334
  0.84721797573209545  0.85663120366845680  0.86648092101555474  0.87672972450801678
  0.88794153461907865  0.90033989560473338  0.91246833429065066  0.92323998514164762
  0.93331810609208732  0.94320764056376538  0.95283306045971028  0.96311116013449050
  0.97278436490804043  0.98206990841462782  0.99106648241317874  1.00000000000000000
   2.7850101964890890E-012  -1.0000000000000000     
 F F F F F F F F F F F F F F F F F F F F F F F F F F F F F F F F F F F F F F F F F F F F F F F F F F F F F F F F F F F F F F F F F F F F F F F F F F F F F F F F F F F F F F F F F F F F F F F F F F F F F F F F F F F F F F F F F F F F F F F F F F F F F F F F
  <DiscreteSampler_grid>
  grouped_processes
  1 # 1 for a reference and 2 for a running grid.
  10 # Attribute 'min_bin_probing_points' of the grid.
  1 # Attribute 'grid_mode' of the grid. 1=='default',2=='initialization'
  0.0000000000000000 # Attribute 'small_contrib_threshold' of the grid.
  0.5000000000000000 # Attribute 'damping_power' of the grid.
 # binID   n_entries weight   weight_sqr   abs_weight
    19   10   1.984523390764132E-005   8.929713411232795E-010   1.984523390764132E-005
    37   10   1.155954555031354E-005   3.103721948313266E-010   1.155954555031354E-005
  </DiscreteSampler_grid>
