 -0.00000000291908416  0.00000127682146863  0.00000877905300860  0.00002432867474884
  0.00004842361387778  0.00007980152733686  0.00011672792898131  0.00016131773572097
  0.00021023827560750  0.00026502830737164  0.00032555896671344  0.00039118586370604
  0.00046115086549649  0.00053287807403029  0.00060316376297421  0.00068110129348142
  0.00076070866518230  0.00084705321576574  0.00093515124756880  0.00102286981331132
  0.00111256773254713  0.00120390641393028  0.00129752912315656  0.00140032089239915
  0.00150901703013117  0.00160747815922186  0.00170391648590172  0.00180059665574650
  0.00189976644471365  0.00200041677240764  0.00209910888487823  0.00219970633613817
  0.00230109788076410  0.00240338295777995  0.00250586057261061  0.00260793521049152
  0.00270959693323245  0.00281114366477614  0.00291321321032598  0.00301893216259197
  0.00312410602598018  0.00323026918534193  0.00333341741281978  0.00343399973726408
  0.00353339976538389  0.00363338904215469  0.00373511935471681  0.00383877889993033
  0.00394495042855491  0.00405468644421251  0.00416373596498465  0.00427501462949129
  0.00438611938044092  0.00449368723102692  0.00459840289551097  0.00470266740997027
  0.00480751754789034  0.00491181978099924  0.00501801683657427  0.00513206079106064
  0.00524555447481447  0.00535916323665544  0.00547449759612123  0.00559295700531036
  0.00571181221805052  0.00582596885812634  0.00593762811781312  0.00604831690984316
  0.00615847243851178  0.00626909260499112  0.00638399469124100  0.00650283669373883
  0.00663638053719162  0.00677795940819257  0.00692312360223458  0.00706806010418670
  0.00721395121668657  0.00735929368828426  0.00750677062833807  0.00765744324864285
  0.00781100555917581  0.00796640259427028  0.00812137707854725  0.00826922293320268
  0.00844652648782349  0.00864700812608163  0.00886508284644337  0.00910535029687054
  0.00935190717667686  0.00962009868014610  0.00991439667186921  0.01024333985319330
  0.01063868212537937  0.01134359978212473  0.01211246702423603  1.00000000000000000
  0.00974519096602218  0.01506296351780263  0.02363001963495075  0.03312247174189558
  0.04306513820662954  0.05373439997417355  0.06406951501382065  0.07361225118579157
  0.08313164664210479  0.09285921209229381  0.10238708021018199  0.11188529150743491
  0.12154588894486490  0.13130453080599977  0.14117552367298319  0.15121061041101636
  0.16192699741939307  0.17260031534430578  0.18292312561298191  0.19346580468115440
  0.20442356765122896  0.21498878547719866  0.22519555183797738  0.23584995094234720
  0.24728392976387356  0.25826818494952175  0.26879484593601838  0.27903131853580937
  0.28914173193838971  0.29907930706601438  0.30888277630117017  0.31899737771132169
  0.32945826339047563  0.34075429005369218  0.35260870141992673  0.36332737759977657
  0.37303891838469949  0.38229604961745622  0.39126262516084898  0.40013022384431357
  0.40887163729419840  0.41792976514832780  0.42747245542545104  0.43753244924368762
  0.44803338568638829  0.45867050615614724  0.46925082380676153  0.48012522746019842
  0.49173764783778223  0.50386726276245963  0.51602065535114827  0.52834677220691006
  0.54086891369038770  0.55299391404961273  0.56531027104732412  0.57760114609244151
  0.58907211189498387  0.60060663244849710  0.61243940533629937  0.62456847833108986
  0.63678260829210043  0.64852301172286297  0.65935081591374112  0.66951099478456755
  0.67950174255823748  0.68946294757307836  0.69937564222862714  0.70929165171723296
  0.71955785245124226  0.73012102258219336  0.74000200454705811  0.75047607044255837
  0.76008675889317223  0.76958345472354039  0.77904847764863305  0.78864396471174592
  0.79881925001827303  0.80938610396590527  0.81916636002737075  0.82853130504139438
  0.83801940707553479  0.84747245362193258  0.85706322418001124  0.86661326697721308
  0.87644266240751267  0.88683447050948028  0.89747628185081230  0.90809999519807461
  0.91883203883309261  0.92971012360102834  0.94018343850424579  0.95013497738844221
  0.95991097528195457  0.96986999348204106  0.98040858706710621  1.00000000000000000
 -0.00002112224619648  0.00025678156016066  0.00075918840691633  0.00155793814112162
  0.00263921115843199  0.00412081421337349  0.00576718273068975  0.00762983736967319
  0.00961650531801235  0.01184847604301550  0.01435452617560115  0.01713865402118264
  0.01992425491351229  0.02288029444488952  0.02601153653715306  0.02936979079704397
  0.03298595319954647  0.03733606882647246  0.04160066884067284  0.04548473618529984
  0.04938776746542650  0.05342091951723649  0.05757901070337276  0.06183355195391052
  0.06636334932442521  0.07088265840549780  0.07541982411139428  0.08017161417837229
  0.08493726100538992  0.08983101914867979  0.09464459388939470  0.09974905505762892
  0.10527074779138958  0.11137690072187090  0.11796084145659631  0.12449261091304401
  0.13090665293655035  0.13752285728459746  0.14430353002591628  0.15128106455612020
  0.15851576771825779  0.16605756661531548  0.17373147470182557  0.18105868596468322
  0.18805869564754105  0.19506409366550842  0.20257958571627976  0.21046692153680926
  0.21818043747214827  0.22620870935593212  0.23445463091412824  0.24316658872151284
  0.25264119539116442  0.26269763774550126  0.27303608052361422  0.28421605960826257
  0.29582488512451277  0.30726662187493553  0.31869252241726703  0.33024467890618886
  0.34208882494053489  0.35440915465103101  0.36684624325328130  0.37959177883843914
  0.39254171938892130  0.40562802592337671  0.41966868302455262  0.43514613796447132
  0.45141800445198527  0.46775758266893791  0.48381020378544454  0.49993303429107783
  0.51624213254115314  0.53322077328476292  0.55103622155155130  0.56894581483903695
  0.58656484139184739  0.60426697593181444  0.62190015112010266  0.63957230965850054
  0.65743607401867887  0.67564362601280337  0.69427958781069166  0.71365795253699515
  0.73395302050248701  0.75486023108925404  0.77610717958229103  0.79746458367079465
  0.81932274265406391  0.84236781031121155  0.86510316674136944  0.88704346912038057
  0.91385932953018967  0.94265276380510310  0.97129084306481484  1.00000000000000000
 -0.00317073419362555  0.01182085995822037  0.02422614773809162  0.03682166863226020
  0.04902350347895782  0.06037922231841807  0.07151501944391322  0.08295298144266336
  0.09459810959033461  0.10577914796273996  0.11713790819653178  0.12844652910291521
  0.13945696780451733  0.15024849045272148  0.16093298353566404  0.17161920813098908
  0.18229864127251677  0.19376296190604264  0.20599011862898581  0.21804102956501797
  0.23021684075814952  0.24244887703139031  0.25426653758151563  0.26567358685333786
  0.27713836209112264  0.28907297747438782  0.30161707738474347  0.31494859670641900
  0.32849407188115143  0.34022394295539682  0.34976758498542643  0.35975998764525746
  0.36990106425166042  0.37997955520610138  0.38991846470565156  0.40056912663285216
  0.41263597956781217  0.42526383314625399  0.43749500131316682  0.44869067737988111
  0.45980640234841325  0.47121515115358564  0.48309432501343186  0.49467248946425568
  0.50702330613094793  0.51935691302820908  0.53128588219853001  0.54299017807967620
  0.55413444513089039  0.56528768993931844  0.57731855085760531  0.58788618270185389
  0.59794966438936736  0.60716363009093466  0.61608320409750461  0.62470053514539714
  0.63372976853179708  0.64297680561101256  0.65315542574000873  0.66346033051921960
  0.67260800747043892  0.68150853367137154  0.69052557632725686  0.69956348179703964
  0.70864480807115737  0.71765275955248120  0.72678303878747297  0.73679642656176769
  0.74757459178942021  0.75770522185787181  0.76733187515654599  0.77693449276601334
  0.78611076906352140  0.79551786567240557  0.80495529454105175  0.81475302952669781
  0.82445631125933727  0.83416900488335599  0.84418294489111900  0.85445516701453028
  0.86328427942146424  0.87215004845966893  0.88069676865453717  0.88931777496237474
  0.89768831180508657  0.90648153014754129  0.91543817521991844  0.92504282077856226
  0.93516946406676527  0.94514890121605211  0.95523805271871387  0.96452639498235193
  0.97335834026627610  0.98224746071924307  0.99111513039848342  1.00000000000000000
 -0.00267591309874967  0.01008212996592672  0.02076646206339798  0.03159993124899181
  0.04242152723973815  0.05278685628368741  0.06304048745704259  0.07357486967156868
  0.08362520124942864  0.09353658288405478  0.10357534948193779  0.11381914534354287
  0.12468203704714573  0.13589605821784562  0.14696523934626968  0.15733009007817497
  0.16809569153268278  0.17955421689827736  0.19098595689935027  0.20189278464566393
  0.21275697168403446  0.22377200121393412  0.23497417304824023  0.24614098908661228
  0.25702540177831651  0.26756107410814989  0.27820023220578216  0.28868970002885042
  0.29869595256958842  0.30844719969417683  0.31828455247009546  0.32807956423334333
  0.33736801403895122  0.34653292498191279  0.35618073138556577  0.36626836403769114
  0.37652257397727262  0.38711541215397011  0.39754209445733907  0.40837817313497177
  0.41918380932574789  0.43013080474427023  0.44045859486011296  0.45221247951267229
  0.46345805139840901  0.47492910319944398  0.48584005642466305  0.49627745696976344
  0.50628695321366535  0.51653828961081816  0.52647189595899679  0.53635596907852379
  0.54603070991645175  0.55571033883722787  0.56521565401391749  0.57410129572560809
  0.58293447256833519  0.59197817123958796  0.60111759256366359  0.61054199003817577
  0.62041610994635765  0.63081452933502524  0.64156631997225855  0.65242693231175475
  0.66327903725750892  0.67465803062774432  0.68627890537770375  0.69713086831961935
  0.70757280913563925  0.71807375253229144  0.72832270268278820  0.73819732197180910
  0.74772949164209856  0.75750692983168388  0.76742419567822606  0.77732612394335232
  0.78713333664202645  0.79725607239614493  0.80791608002922199  0.81925743864067413
  0.83143117750142692  0.84460838695378404  0.85742052925038226  0.86866866911434815
  0.87916382198234555  0.88938652662198669  0.89957245030808930  0.90986783714916908
  0.92059844224278597  0.93143143401839334  0.94200148566947983  0.95257871909182579
  0.96314803827529516  0.97425272096535553  0.98642715075056253  1.00000000000000000
 -0.00239070652885337  0.00960648333001300  0.01939840922385725  0.02894374145724125
  0.03862964520576763  0.04853185171455808  0.05792380284718851  0.06709346977699594
  0.07629443946094426  0.08616878833769809  0.09713040628147705  0.10853334171192432
  0.11957044549034328  0.13226009874209571  0.14511315273790698  0.15681374122360639
  0.16828240228383498  0.17804345692636514  0.18786990631148046  0.19712889140452144
  0.20697018724255911  0.21616615083289767  0.22531382036934533  0.23478663655755000
  0.24473534330602237  0.25457229645018992  0.26427246659214332  0.27431271039004129
  0.28474334594573569  0.29570885214567111  0.30630375966274409  0.31632949393481419
  0.32624922666420864  0.33650760090697235  0.34769340516577130  0.35880604910456021
  0.36914681636902963  0.37967200346318924  0.39017692627923817  0.40079083912798891
  0.41158714365971577  0.42310605121850420  0.43557944808298149  0.44741339774885053
  0.45825338769295398  0.46876395821320077  0.47896296849230935  0.48910003291872467
  0.49920558686395028  0.50985530025851133  0.52022018207539500  0.52977450150824779
  0.53916428979903208  0.54891336471711927  0.55892913431155866  0.56925629977682357
  0.57987082405995904  0.59083860977670744  0.60229032644834180  0.61246192690591417
  0.62290488387869358  0.63316111092696470  0.64292479338002428  0.65263280817203706
  0.66204586615913485  0.67238416780212351  0.68282825614841658  0.69248630645365961
  0.70177350503530578  0.71143553267410786  0.72157357549771528  0.73181699801890865
  0.74170570470013397  0.75212627370380047  0.76341588701982921  0.77513937544221168
  0.78757487059318831  0.80038102200389982  0.81323634549212420  0.82593933321347723
  0.83779393806275948  0.84825394893969885  0.85854498284501379  0.86859949084220922
  0.87827417559304632  0.88764105768455792  0.89750958125072100  0.90855149111887035
  0.91983328036400169  0.93079391654707977  0.94196670235462798  0.95344321712394753
  0.96487435571919333  0.97601876610658800  0.98747999584353452  1.00000000000000000
 -0.00245779486918576  0.00961837060312615  0.01973596391591854  0.03079405679749792
  0.04210120746563882  0.05350497740686218  0.06417674831927235  0.07341331257176513
  0.08271141764824083  0.09196315387677163  0.10155604386818524  0.11057691602224373
  0.11962852418858475  0.12909381136769452  0.13905649739021836  0.14878589707081719
  0.15856527580648877  0.16892751523789457  0.17992563126748942  0.19088666883148550
  0.20140016209268055  0.21163119207895634  0.22181151463695889  0.23220008111648791
  0.24260661473407996  0.25258618592861964  0.26228896816548725  0.27221055770979674
  0.28242695474127089  0.29263661800716789  0.30282679066789048  0.31331358750168159
  0.32421010728303629  0.33529896330674863  0.34668044826984584  0.35828654651576863
  0.36980054949557434  0.38089237409398885  0.39155303624237464  0.40202764975855537
  0.41229571285777417  0.42227512490692787  0.43212126134039980  0.44180658136708856
  0.45156640344951532  0.46165951085828566  0.47187014879572986  0.48186364555199684
  0.49183008180322429  0.50235136559377214  0.51323611857276574  0.52389839711196018
  0.53431087546124667  0.54513325602970264  0.55665114855851605  0.56847010981114621
  0.57972607500295548  0.59168356917603748  0.60292300442422742  0.61284944673309549
  0.62245798136549912  0.63303764333315060  0.64404770131610123  0.65315550863912686
  0.66163812569425984  0.67049738312537310  0.68005637755888926  0.68978154848123663
  0.69946875740679160  0.70955045569413866  0.72076019249030743  0.73226391140112168
  0.74357257275999722  0.75503120133033808  0.76689608477395133  0.77915844153089742
  0.79178749452034847  0.80453767120633379  0.81620129080266535  0.82674270986244225
  0.83709194421440325  0.84741449598411978  0.85797011632888476  0.86827212433396128
  0.87895367072474007  0.89038267361166090  0.90225360066482663  0.91425890889694006
  0.92703771083813746  0.93942590846201401  0.95008482578409947  0.96074739700630130
  0.97087869374316293  0.98079429063222101  0.99039681578670435  1.00000000000000000
 -0.00216469124609655  0.00918592746916153  0.01862248106101014  0.02871680081775778
  0.03879384603734460  0.04875630680979604  0.05886702093738370  0.06962710731046631
  0.08084459189829855  0.09176508879618044  0.10241162587139463  0.11347101788444774
  0.12463181737793420  0.13570659864128151  0.14686567918198784  0.15779105376065763
  0.16872786108456006  0.17945949907874836  0.19011327938152894  0.20098213623914038
  0.21188842226492874  0.22299748025634289  0.23402842926624942  0.24461814459948306
  0.25479030613381826  0.26489854129757823  0.27516238902906814  0.28604106423282671
  0.29694377997233479  0.30757502839772666  0.31739862149059672  0.32681763879002390
  0.33711657381897930  0.34740422164676943  0.35761311105467630  0.36717785412142506
  0.37670428652735627  0.38577270317711171  0.39493570492405256  0.40443990043968414
  0.41381826987166742  0.42305691622362512  0.43263496075343616  0.44300610470252050
  0.45392699230163774  0.46427156282895410  0.47389199765404327  0.48390845630201001
  0.49418958323750339  0.50458063593388036  0.51509575147972286  0.52607185530644696
  0.53741744866934971  0.54881566817323357  0.55992088439616550  0.56995157108578953
  0.57966686256533373  0.58972751147262104  0.59997310097968215  0.60986490379327585
  0.61962025271334764  0.63183711492558869  0.64612667544978608  0.66006170620387339
  0.67162025040111839  0.68136242637296052  0.69083499826384853  0.70024413674267838
  0.71012335714607422  0.72042890140752824  0.73086634194321021  0.74154444107383066
  0.75228353083373867  0.76329001853296441  0.77416401640122401  0.78456806824825753
  0.79517090258611922  0.80595056265471976  0.81675633840555661  0.82721028065369762
  0.83754530862151411  0.84808984923909192  0.85899948679235782  0.87056284273603735
  0.88229482527475689  0.89344171950178009  0.90461325148637173  0.91542792839135534
  0.92609158389172275  0.93706264338625667  0.94783831317089928  0.95815828232944700
  0.96869265041705210  0.97919585211835458  0.98972603007981386  1.00000000000000000
   8.8116479314129151E-012  -1.0000000000000000     
 F F F F F F F F F F F F F F F F F F F F F F F F F F F F F F F F F F F F F F F F F F F F F F F F F F F F F F F F F F F F F F F F F F F F F F F F F F F F F F F F F F F F F F F F F F F F F F F F F F F F F F F F F F F F F F F F F F F F F F F F F F F F F F F F
  <DiscreteSampler_grid>
  grouped_processes
  1 # 1 for a reference and 2 for a running grid.
  10 # Attribute 'min_bin_probing_points' of the grid.
  1 # Attribute 'grid_mode' of the grid. 1=='default',2=='initialization'
  0.0000000000000000 # Attribute 'small_contrib_threshold' of the grid.
  0.5000000000000000 # Attribute 'damping_power' of the grid.
 # binID   n_entries weight   weight_sqr   abs_weight
    25   10   3.372832663220029E-005   3.078920932805893E-009   3.372832663220029E-005
    28   10   5.934814864304872E-005   1.428480008066529E-008   5.934814864304872E-005
  </DiscreteSampler_grid>
