 -0.00000000263286698  0.00000130820303553  0.00000858112654374  0.00002492887124725
  0.00004985022869776  0.00008306401592322  0.00012322827719024  0.00016928758817219
  0.00021959243530916  0.00027549551282247  0.00033535194979328  0.00039964580488067
  0.00046756225136690  0.00053927240851479  0.00061135333146960  0.00068503075239262
  0.00075985359302600  0.00084035779365620  0.00092440134903814  0.00101257542914022
  0.00110942813945050  0.00120641748668205  0.00129789078436154  0.00139843719066529
  0.00150408433779898  0.00160755467231554  0.00170850558237323  0.00180698899408869
  0.00190426988279985  0.00200258138301767  0.00209990975522681  0.00219428839423614
  0.00228711881485524  0.00238060646255703  0.00247567785727733  0.00257313750893263
  0.00267314906057164  0.00277315011859884  0.00287090421976007  0.00296671590371869
  0.00306204973208276  0.00315706559347506  0.00325155558146691  0.00334559154413785
  0.00343895488246104  0.00353305746718547  0.00363052470946971  0.00372739567598915
  0.00382329391847047  0.00392682733802624  0.00403743283675832  0.00414694633523469
  0.00425399852152834  0.00436382399724883  0.00447578811901348  0.00458964539186610
  0.00470294761414322  0.00481433637951983  0.00492482518469027  0.00503706855955705
  0.00515109303869131  0.00526676562625880  0.00538532521158495  0.00550598148740257
  0.00562796656782844  0.00575326577688430  0.00587816734214909  0.00600352003980212
  0.00612985066680746  0.00625307229823090  0.00636948320584783  0.00648173192810356
  0.00662363871216198  0.00676683786170889  0.00690609766888184  0.00704111961772572
  0.00717738358220225  0.00731725338434049  0.00746106739487685  0.00760875450129072
  0.00776068123866959  0.00791644444525213  0.00807283601417697  0.00822825937386670
  0.00839887239567657  0.00859610784244922  0.00881956292418318  0.00905792145944224
  0.00931400859861249  0.00959109077684441  0.00988981944907910  0.01022322059181074
  0.01063407318927355  0.01138393168330075  0.01209892147495578  1.00000000000000000
  0.00942886214714950  0.01537767830815217  0.02526298587984973  0.03747583251154456
  0.05026693196445556  0.06271013871358133  0.07491104579853691  0.08620833664203077
  0.09699322901298912  0.10832883015335681  0.11962069287926042  0.13007224775647730
  0.13970007955086530  0.14944410045647755  0.15909447262621162  0.16833899345147391
  0.17814674290239768  0.18842632724263822  0.19921281671888968  0.20987195114879137
  0.22090031118287376  0.23164657116392021  0.24158046683499915  0.25148078566549037
  0.26171180971243135  0.27206706102669120  0.28227697401975299  0.29255131740885010
  0.30293253238031437  0.31384400832984943  0.32530220436456458  0.33654212852792270
  0.34780214140677812  0.35883414007636227  0.36968407841303175  0.37967756964980137
  0.38929432979930445  0.39892659083009224  0.40828649485644181  0.41767173751106373
  0.42670713108682079  0.43543551823724136  0.44448156530199456  0.45364276043563351
  0.46361413343834756  0.47513862749761010  0.48603469795355397  0.49661536319629807
  0.50674872829554118  0.51661223870011264  0.52685116296193946  0.53730920757749068
  0.54777665718848045  0.55787113922889420  0.56825170392182012  0.57879950566127958
  0.58871892204061138  0.59810805937174893  0.60818482290219744  0.61949625024951493
  0.63062348794023071  0.64170526548983409  0.65348179534961537  0.66528290615585661
  0.67521223008912434  0.68468698225563018  0.69467456465452315  0.70500247536372429
  0.71550353445137871  0.72626370934554207  0.73713897919156490  0.74803513715639802
  0.75797482959356155  0.76781889856261731  0.77742545478979053  0.78718896164309582
  0.79715402776272970  0.80807249185538943  0.81871816415131460  0.82956473680530107
  0.84032104757315695  0.85117546583434867  0.86191050714001660  0.87285647078330475
  0.88403361995283325  0.89456053639375932  0.90471937379445255  0.91473330586099622
  0.92509246015456492  0.93533476886832390  0.94560325506190102  0.95595528096570359
  0.96659843830693915  0.97711180806221787  0.98819353787827413  1.00000000000000000
 -0.00002199776934419  0.00026685447098542  0.00077593283251510  0.00152994401875212
  0.00258503502031702  0.00392490773016777  0.00552827961610963  0.00729458436798781
  0.00936644352359197  0.01159537926925523  0.01401267409553162  0.01665953252115175
  0.01941399096093215  0.02225313432076821  0.02525232148468736  0.02841631056113423
  0.03181154870865974  0.03551231791614440  0.03916164945066927  0.04277542691937276
  0.04648337738061332  0.05045699117291905  0.05494814794966307  0.05985382105626708
  0.06488281046333023  0.06979452350458386  0.07459455463313459  0.07954786461063920
  0.08481680126068579  0.09033109163233610  0.09578083094952489  0.10167370867314124
  0.10740482463297003  0.11312147191166302  0.11902533834876182  0.12525849377347886
  0.13154978592312219  0.13792246988312074  0.14436485508787802  0.15115515005024890
  0.15824688279021792  0.16549422384817900  0.17279137949626697  0.18016558277888101
  0.18789254099332825  0.19608733295455050  0.20468091894373577  0.21326087663783524
  0.22205327487693441  0.23132168359452973  0.24078834717290357  0.25027725565874448
  0.25978722835355444  0.26948310508904255  0.27964299946200472  0.29045845385107588
  0.30179354446008466  0.31337840404791373  0.32500170354089880  0.33687287110170860
  0.34926687666353101  0.36223057232303019  0.37562072431857207  0.38864705119998899
  0.40137155920749540  0.41415816945623940  0.42722657631829641  0.44031559320894897
  0.45370265974593404  0.46748906382662780  0.48270874737225744  0.49823837757937539
  0.51439154352686145  0.53125323024504445  0.54920748101974648  0.56879985115903298
  0.58853412644456160  0.60865055027244719  0.62933349910691994  0.64999275050853855
  0.67022866433926176  0.69058732958673130  0.71094501381604691  0.73174244942846378
  0.75247840114516484  0.77379085785067914  0.79570026197088894  0.81806184282732308
  0.84102040904257436  0.86376734576892134  0.88588366861158918  0.90893478300297370
  0.93198009530704562  0.95456890667389604  0.97714191630931813  1.00000000000000000
 -0.00283190762441739  0.01143972105609562  0.02372219412393810  0.03558568551386550
  0.04715917150977274  0.05844875186752332  0.07032948608376716  0.08203254143194727
  0.09409514033482491  0.10678161527394484  0.11977061138688522  0.13301639322409622
  0.14572602727924108  0.15834218141320436  0.17124902916019172  0.18351300863400194
  0.19561336308209112  0.20739593462667605  0.21850630304807658  0.22982251994637420
  0.24140647658587921  0.25264796549711116  0.26376441090182001  0.27547540390895919
  0.28797452618574126  0.30042091946185423  0.31229541829514418  0.32348444934550341
  0.33465652723684935  0.34593861967371187  0.35713857446771546  0.36793136303868346
  0.37841090613212292  0.38864034825338667  0.39852322416855901  0.40750898589902734
  0.41705838604808604  0.42646162593815623  0.43553847015100167  0.44474497763988707
  0.45410021762988972  0.46442503677719699  0.47538700857857819  0.48585537880548757
  0.49613103742187653  0.50682717028205260  0.51777236862873144  0.52804955031498646
  0.53786841581009270  0.54816815273811614  0.55883270905831917  0.56905591546145762
  0.57906243275497482  0.58925705972296316  0.59970948911645272  0.60984724410568802
  0.61991770396986179  0.62983831987906547  0.63931219476981760  0.64876238894694571
  0.65844435712762539  0.66820062763326860  0.67788566959243246  0.68791310907455161
  0.69863930505777139  0.70948821844119769  0.71980879410556264  0.73018328075103167
  0.74083192867415504  0.75187158225962170  0.76301905948733584  0.77365396041152357
  0.78372919928814500  0.79344678563881232  0.80312855447428533  0.81272901131305031
  0.82236076204987474  0.83172578058756241  0.84121950270452395  0.85087337134812269
  0.86041171236037350  0.86978157552615665  0.87906816324547976  0.88861893312451601
  0.89849710643954506  0.90835646872840781  0.91811468301350851  0.92758646442242287
  0.93710252687106566  0.94649925508856303  0.95585480200059947  0.96486163655605084
  0.97356062347997430  0.98234122182346395  0.99097052170050892  1.00000000000000000
 -0.00264739202139982  0.00904889803325189  0.01993120666391324  0.03094260617107611
  0.04183296023822487  0.05185517434305314  0.06151189300859523  0.07141263359561061
  0.08113448807139634  0.09102464973127312  0.10085832121768085  0.11092912857888457
  0.12062298736382354  0.13102275438634847  0.14235482230251495  0.15341460479761279
  0.16500277344124348  0.17622082172113726  0.18709801899914241  0.19770670414030853
  0.20790822687209970  0.21796888703095268  0.22838942877055179  0.24009730568581783
  0.25206102976720263  0.26296450991682707  0.27410746555717441  0.28608494925408468
  0.29710563185172251  0.30757403707623271  0.31812942572812519  0.32871465453973070
  0.33870795792867531  0.34813987562240051  0.35787053754058079  0.36788328122374669
  0.37769173573643156  0.38714318150476518  0.39653422073663686  0.40586961426284679
  0.41545810005254413  0.42563586411380150  0.43575134852944430  0.44525278122631839
  0.45414799429322084  0.46409351830254886  0.47426685884799719  0.48463419616186049
  0.49469516807419217  0.50525190837925105  0.51588303623018705  0.52631789464888545
  0.53675419063217955  0.54650271580349463  0.55570255858881246  0.56493799672495482
  0.57446688135918689  0.58404518582767928  0.59364901072406062  0.60348326033204835
  0.61403164313500036  0.62478325345400143  0.63544242308215448  0.64616475672238616
  0.65695805693383691  0.66712183436952266  0.67657174652748620  0.68619843642510547
  0.69670711461402013  0.70745908696828930  0.71755459503302965  0.72680347909511589
  0.73677676401012748  0.74751398340121333  0.75816066462132803  0.76876634434941926
  0.77983747165827699  0.79141963119558556  0.80301848296517053  0.81476199839910834
  0.82702867737414110  0.83870709255536358  0.84937940174039128  0.86047839122646452
  0.87176714930119137  0.88312015923049281  0.89457316928940034  0.90632787406558479
  0.91795114485468465  0.92891020292833848  0.94000604539594446  0.95179793716505068
  0.96375321658928936  0.97555762948898650  0.98727333079211677  1.00000000000000000
 -0.00268876204005252  0.01053907244106505  0.02125131712100877  0.03185179477683120
  0.04249893583119693  0.05274626284160192  0.06325631289407986  0.07388302562177221
  0.08374331839625990  0.09394779532121948  0.10431466482049592  0.11633172300698702
  0.12832403222154512  0.13942804756973148  0.15018180648649562  0.16142690970884616
  0.17206999805353740  0.18198895961458830  0.19169511648033069  0.20114301498697398
  0.21116646548470447  0.22130523305872368  0.23155684789605782  0.24261316814557790
  0.25408743371016390  0.26599639225115723  0.27802370479641242  0.28928313217728013
  0.30036889760733787  0.31102121492886586  0.32102803742000385  0.33188589247158412
  0.34329559968737117  0.35454678039869331  0.36515172928248346  0.37560180257374692
  0.38649046739897147  0.39730879188068502  0.40769616549159837  0.41842459276552757
  0.42935626228996032  0.43988708896877382  0.44936095727992204  0.45903244438966456
  0.46886265378598291  0.47872878303477928  0.48859442975336542  0.49830922977980935
  0.50909974240239375  0.52051245002786539  0.53210458662358584  0.54377731179090882
  0.55536552962157881  0.56677775819495746  0.57781942859111524  0.58803021671937139
  0.59810248686915590  0.60860864744565846  0.61913440294339206  0.62896443569402893
  0.63803509587699092  0.64741543381459388  0.65749258977174097  0.66767661171060078
  0.67777458160329318  0.68784307582138993  0.69849094944700030  0.70967079568713975
  0.72045577795431404  0.73092166027757277  0.74147621273682540  0.75233650244377903
  0.76369512583193866  0.77519275365731388  0.78656448133799717  0.79720839235261853
  0.80697035026524866  0.81667558428874876  0.82586442027885965  0.83525994153932803
  0.84492795475659377  0.85474981063393296  0.86551637731420794  0.87620465857891161
  0.88710732883742782  0.89742237593749230  0.90706022644359507  0.91661671161846670
  0.92666608523412553  0.93677558618643220  0.94669058394400207  0.95637844469620581
  0.96633080016797879  0.97736262423521203  0.98847597357568029  1.00000000000000000
 -0.00226797153102388  0.00835598021304601  0.01800518203411085  0.02807774284884451
  0.03864195948319539  0.04907959953588859  0.05940443528144460  0.06972839316756735
  0.08004895498500472  0.08977362114105747  0.09957395438665345  0.10962990446796342
  0.12000680726122215  0.13021023539825138  0.14007016234767591  0.14946259498022829
  0.15910595927172452  0.16844353678381996  0.17845222750598361  0.18827503275972055
  0.19880600515755226  0.20940692717648721  0.21986026068470202  0.23018275592105220
  0.24112375101887210  0.25215069383604477  0.26176746997063022  0.27162548845257456
  0.28164157575377091  0.29168191104113828  0.30189163016746962  0.31247145684801780
  0.32336033321360391  0.33429425511864330  0.34523825709853456  0.35615770607973851
  0.36689323742951990  0.37748115205633415  0.38789167842188310  0.39876149030636271
  0.40986868137599808  0.42040750907654539  0.43062497021087515  0.44074539993140194
  0.45129338888741966  0.46152530568175121  0.47148402920824678  0.48122565556281566
  0.49083844576233843  0.50069943500062708  0.51118503390588621  0.52130447108676725
  0.53190311377488075  0.54261568804894400  0.55458055719541199  0.56709588123996713
  0.57944507807134638  0.59207213077287268  0.60379651027318892  0.61498419327525489
  0.62607719076448576  0.63726456674276322  0.64773517688244364  0.65840015405813590
  0.66924103231698173  0.68122312250676775  0.69275809639288766  0.70363880466273288
  0.71398576288155635  0.72428800218401401  0.73561407919476174  0.74753343139926920
  0.75731491850788546  0.76610942639637991  0.77498431659614364  0.78449781319243894
  0.79483101803837186  0.80497124625444705  0.81547647183307403  0.82727080837197842
  0.83904914627353078  0.85020224402934619  0.86113230141627883  0.87169474692919335
  0.88245872997573893  0.89345884385084318  0.90415516320581957  0.91447290452604679
  0.92404535800194754  0.93371011914710267  0.94369854337860581  0.95368986905511977
  0.96438431316639228  0.97586712237780526  0.98783301949102320  1.00000000000000000
 -0.00299360819251272  0.01043276745252854  0.02203802293483323  0.03421249388294195
  0.04624922115083185  0.05804654669858419  0.06903905448532797  0.07944510369850949
  0.08966074031768065  0.09951890681056080  0.10936849564669511  0.11936135978281186
  0.12984776707817974  0.14071882295427435  0.15124957784155518  0.16151434796822287
  0.17222745704422585  0.18335657465560706  0.19438234843231797  0.20507636071931368
  0.21582151334070082  0.22665943628066115  0.23728538465078092  0.24774699356296270
  0.25817867614952666  0.26873605014981594  0.27940764097242754  0.29009119524034344
  0.30062270962950932  0.31102187505000822  0.32092265335892506  0.33054854429018565
  0.34040912180593269  0.35023819156540326  0.36045472943529799  0.37060760946155924
  0.37954529544839893  0.38789601327922568  0.39659977996104118  0.40562119336455593
  0.41487185542882893  0.42410061010498695  0.43317479132402842  0.44306816532087478
  0.45411093150991066  0.46484199022585654  0.47539242704422036  0.48654313445958586
  0.49790165602015668  0.50885027093898239  0.51974015593503720  0.52971761020304764
  0.54001807344160657  0.55017545738467566  0.56050266057444253  0.57093047411649600
  0.58122446753584756  0.59130523790414657  0.60174023629894569  0.61284589235459963
  0.62448352697526111  0.63544102805011848  0.64591191611727949  0.65627550468117080
  0.66614705364673810  0.67551097279053984  0.68476225415876057  0.69492508040648826
  0.70616930039027648  0.71693685710673860  0.72737060016780886  0.73792947947276644
  0.74859542418500591  0.75887803124872311  0.76882708737578875  0.77904275157287872
  0.78978984403946839  0.80130411598133922  0.81285636274966633  0.82427219379117300
  0.83572380701004301  0.84723952486867771  0.85804222471288671  0.86786463767474664
  0.87775400267016701  0.88815723735012797  0.89923726481295907  0.91089043819636650
  0.92246283183509548  0.93414141305128806  0.94570391036181589  0.95734459212955003
  0.96827080406399524  0.97899256474825447  0.98950679329263769  1.00000000000000000
   8.2676523160891956E-012  -1.0000000000000000     
 F F F F F F F F F F F F F F F F F F F F F F F F F F F F F F F F F F F F F F F F F F F F F F F F F F F F F F F F F F F F F F F F F F F F F F F F F F F F F F F F F F F F F F F F F F F F F F F F F F F F F F F F F F F F F F F F F F F F F F F F F F F F F F F F
  <DiscreteSampler_grid>
  grouped_processes
  1 # 1 for a reference and 2 for a running grid.
  10 # Attribute 'min_bin_probing_points' of the grid.
  1 # Attribute 'grid_mode' of the grid. 1=='default',2=='initialization'
  0.0000000000000000 # Attribute 'small_contrib_threshold' of the grid.
  0.5000000000000000 # Attribute 'damping_power' of the grid.
 # binID   n_entries weight   weight_sqr   abs_weight
    19   10   1.216275298784079E-004   3.797408682323685E-008   1.216275298784079E-004
    22   10   5.927306479645499E-005   1.115906471907184E-008   5.936120047925686E-005
  </DiscreteSampler_grid>
