 -0.00000210690244214  0.00008644227561769  0.00034934986461490  0.00070316929967406
  0.00111230134885600  0.00158308105214992  0.00208655842571892  0.00263321404940146
  0.00325675008900297  0.00396213788565327  0.00467249759784695  0.00537714793975896
  0.00608678412258494  0.00677002282609916  0.00745211909461983  0.00814152961713022
  0.00888608409377266  0.00965475550051453  0.01038144541563434  0.01110408260257085
  0.01188104479652858  0.01285081353172058  0.01451519337527777  0.01723731678637896
  0.01996935421862315  0.02218409115831975  0.02430503153256968  0.02622998155672733
  0.02816247030560082  0.02997732606859782  0.03173529817684395  0.03342866378025500
  0.03498910995521680  0.03647657498147058  0.03793117027980814  0.03954612021243622
  0.04115714833410374  0.04278301498035323  0.04456489900681623  0.04644018799218427
  0.04828209084122876  0.05011656292416065  0.05191257059526175  0.05363679358200221
  0.05543783889563911  0.05725816905879453  0.05909679498944328  0.06103184965852835
  0.06300223533123367  0.06489772898262566  0.06675832421193427  0.06862729832754438
  0.07050490107261953  0.07253278324363527  0.07467702656694393  0.07686071099722223
  0.07911948739787997  0.08144066126611596  0.08378572384107454  0.08597617152982651
  0.08821612488071287  0.09041870658433626  0.09305714035561360  0.09584710341422807
  0.09852747230998277  0.10111190060010494  0.10362603578193730  0.10617328722218235
  0.10889053681804615  0.11169941790259126  0.11458209352305154  0.11735159180603057
  0.12058212867621138  0.12388867445051209  0.12726467080734033  0.13080674358111261
  0.13441260494632887  0.13805835884455589  0.14178156262366168  0.14551718889763449
  0.14958840480147881  0.15378372290395645  0.15905429878702135  0.16523318617707305
  0.17193479925134880  0.17905228672542900  0.18703795433623358  0.19675212410651291
  0.21002970049223135  0.22742361919003767  0.24855698612201904  0.27662543702445935
  0.32388063247804472  0.42328952351101451  0.76590620919919516  1.00000000000000000
  0.00983152270062136  0.01539015697458590  0.02387183176604769  0.03280188752811467
  0.04215322113179309  0.05197509890712646  0.06190912895488356  0.07250676465609689
  0.08325833235503778  0.09363488962710924  0.10384795406479758  0.11457784064572105
  0.12553733427546787  0.13550926285281759  0.14514923100574570  0.15503578342310512
  0.16501284082948853  0.17457518650667650  0.18326733726858307  0.19197248365188160
  0.20140103211772481  0.21239760266911117  0.22459496341371726  0.23653907075616501
  0.24739717928454741  0.25774327487514659  0.26729831303226809  0.27667733482690204
  0.28616145278716459  0.29545326481580231  0.30464976423920920  0.31456797497463174
  0.32556794213386164  0.33711017416612682  0.34918579998266086  0.36086882417033955
  0.37258128791356432  0.38387609655833449  0.39498898387641002  0.40598221898282133
  0.41697607938845188  0.42795127449187981  0.43813798565083789  0.44720095417155969
  0.45619723901833781  0.46565959477772517  0.47477068331923900  0.48349652534431992
  0.49216185590285594  0.50134239254192903  0.51148329650568125  0.52274042088568107
  0.53451263686131056  0.54628041959353080  0.55752245185215499  0.56892259967135017
  0.58063591650251656  0.59259435800213178  0.60424913689836457  0.61532350657026746
  0.62598070609301004  0.63675808398109801  0.64780064996152031  0.65918241983550563
  0.66995050670600464  0.67885828449604813  0.68782165527161754  0.69703064902874401
  0.70640100748715551  0.71591381003403232  0.72538437760921426  0.73502794100615287
  0.74537565302369968  0.75618639690116252  0.76710587831993315  0.77790381765203498
  0.78848649899821366  0.79897074038129690  0.80902539384156358  0.81896562450843369
  0.82901690078088441  0.83896104022921147  0.84914936256050522  0.85947893887935878
  0.86997918423067577  0.88150383459346848  0.89391951788718771  0.90623792015667226
  0.91827517957611660  0.92918478031237917  0.93998127832790224  0.95157654420248483
  0.96346879049574152  0.97550273938712173  0.98753996950295841  1.00000000000000000
 -0.00001278951621046  0.00007904075143422  0.00015923828263270  0.00024996505802562
  0.00035374072925690  0.00046149973523366  0.00057945705564242  0.00071679846437954
  0.00087371769251780  0.00102504917336398  0.00118192195152213  0.00135952848676472
  0.00154754909170731  0.00172884541918867  0.00189923757395935  0.00205650531308480
  0.00220790235110098  0.00237200903520054  0.00256461437371349  0.00277208803127859
  0.00302272218769728  0.00326563239942479  0.00349916939009461  0.00373746462658823
  0.00395761524001324  0.00416730016261014  0.00438338163041806  0.00461566327704940
  0.00485051492578586  0.00508206055567298  0.00531184615298799  0.00554990820202158
  0.00580322205918907  0.00605874916333015  0.00631463773779584  0.00657865878889349
  0.00684674846491044  0.00710972920197048  0.00737498838347707  0.00763606524449476
  0.00789207752784953  0.00817435194180964  0.00842126363124673  0.00868743413403837
  0.00893956889813795  0.00920663332958416  0.00951174648940022  0.00985369670281490
  0.01019130282202405  0.01050998853658861  0.01081340206695408  0.01111099037854230
  0.01142867388077407  0.01175987796095069  0.01208033329403492  0.01239790411484098
  0.01270115926099790  0.01300137687543590  0.01330235825980863  0.01361597600815337
  0.01392695882866529  0.01424480623050730  0.01456638283573157  0.01487883358382799
  0.01517601039686901  0.01547117817513259  0.01577763544162678  0.01609914909328116
  0.01642743622534048  0.01675458325538356  0.01706826482773456  0.01737399628736330
  0.01769977991830835  0.01802162841018874  0.01834502683284143  0.01867183111591900
  0.01899110623275024  0.01936046605767856  0.01973911513933676  0.02010348240142042
  0.02044905960806711  0.02078079642316571  0.02112084101148324  0.02147621886666159
  0.02183429373156321  0.02221035327345888  0.02260135124225694  0.02296086202372076
  0.02330819382740721  0.02368822380888063  0.02413806061235517  0.02460962975106393
  0.02507544354199705  0.02553085740006509  0.02599093862029758  1.00000000000000000
 -0.00261585169722390  0.00939303783572902  0.02069742464705868  0.03261838418755128
  0.04450413526313049  0.05510872041407473  0.06599602527260874  0.07690161349991603
  0.08830912865063889  0.09920506171073687  0.11071745871545083  0.12305954537532104
  0.13516837357317119  0.14683116760396986  0.15884273349646977  0.17105482508180028
  0.18264743970297281  0.19420421542157629  0.20644596401959164  0.21897039777439470
  0.23165775929665697  0.24443848998468973  0.25694510401729320  0.26923214247823457
  0.28155321450326526  0.29421730029433402  0.30708745955235472  0.31956209176497924
  0.33177243596471978  0.34382179761462522  0.35591749728390287  0.36856627765175348
  0.38081443609243543  0.39213288167082500  0.40341358416532802  0.41481408857530983
  0.42663904371208711  0.43731562218947051  0.44791982486618437  0.45816166238008982
  0.46936840647939493  0.47968541562117861  0.49060745169308267  0.50190360250228383
  0.51261835856568860  0.52279015294548659  0.53235269154012199  0.54207465599004034
  0.55045575303797745  0.55997947151787841  0.56931050114089543  0.57773887465871476
  0.58612699879035379  0.59505332866502236  0.60430570498847547  0.61349993258179292
  0.62243314010606321  0.63145515647445583  0.64088299556155548  0.65065119124319892
  0.66077787013099942  0.67165762948747809  0.68261712461436641  0.69363826260937611
  0.70455225346004979  0.71552944552574482  0.72598979231221772  0.73559290482827178
  0.74448062592984754  0.75289586833905231  0.76115489535390624  0.76990228356720358
  0.77895640420851275  0.78809528910660631  0.79813389846427163  0.80870573878083496
  0.82002740506173377  0.83174561134727798  0.84202287439512868  0.85198579787948925
  0.86083091390370114  0.86912681289451221  0.87790886405844670  0.88661936243975636
  0.89533085457928296  0.90416960502102250  0.91399585885629953  0.92412163029711603
  0.93305229787284205  0.94257925853841362  0.95159087591047953  0.96096584445232380
  0.96989351711013294  0.97940789174927700  0.98926764126349198  1.00000000000000000
 -0.00282379509866769  0.01038495390069218  0.02317810791357203  0.03605660560089378
  0.04866607065775110  0.06098396963789998  0.07269592890687844  0.08435927065127855
  0.09689825094853795  0.10838259163194817  0.11921787213038464  0.12957338756000722
  0.13991601278410351  0.15030615763631686  0.16057194497844346  0.17103705108984246
  0.18180233789870712  0.19307302936138998  0.20472003522861068  0.21721163564744808
  0.22955636369981849  0.24102335253141932  0.25181238984053250  0.26175042377664809
  0.27133709751403101  0.28113998206255958  0.29114139513332099  0.30066904228299957
  0.30985864153795545  0.31942949726044373  0.32998848653013302  0.34136717071125489
  0.35234921956033377  0.36207812616053503  0.37168165654355784  0.38112538593497208
  0.39000914525036368  0.39925373993348029  0.40839477462929191  0.41845677327178926
  0.43006674218218272  0.44207232447980410  0.45449533508093332  0.46521381631336467
  0.47453530906811775  0.48367516068673022  0.49266142056506013  0.50130706713449014
  0.50933667554406892  0.51741642498314278  0.52630953735429653  0.53618195962004034
  0.54667331608587622  0.55732060695669483  0.56735706096279892  0.57691487387836582
  0.58685497190173563  0.59777235299848308  0.60925501429811313  0.62091473047679291
  0.63151704763069061  0.64123886967909594  0.65003929626614465  0.65863135018308161
  0.66773593770513529  0.67797548490083348  0.68941504604327963  0.70177382335928074
  0.71380061088723590  0.72472099763782882  0.73530195991941705  0.74578080462761354
  0.75612135322505147  0.76701301735068017  0.77813877196306702  0.78924119921585767
  0.79985364404850767  0.80969801302760513  0.81953404090746851  0.82944170935354933
  0.83894098143585927  0.84798169767340825  0.85728528825169303  0.86726162165513287
  0.87766486465254101  0.88859398442744730  0.90043770492613928  0.91300165383020648
  0.92506377292849595  0.93585607590476139  0.94669384432558135  0.95767487253126538
  0.96840841763832353  0.97916439106754438  0.98950519781015844  1.00000000000000000
 -0.00240236313142537  0.00952201636720144  0.01863146368203504  0.02883513404557258
  0.03877975530330813  0.04830197479353859  0.05803915661553516  0.06869770688347393
  0.08046929881237744  0.09294386551505220  0.10380680997736431  0.11431061719871617
  0.12464939331958784  0.13561810404935237  0.14702141709416419  0.15854014287252641
  0.16877698227709328  0.17822926167737987  0.18733926261011871  0.19695608343266816
  0.20822236311698092  0.22017445173384448  0.23246285859081925  0.24433582247106686
  0.25513437961797736  0.26453094389806331  0.27352893756684193  0.28252361997793168
  0.29210684288626637  0.30183823443223762  0.31152744207064242  0.32207028806035060
  0.33309163707992628  0.34326589393370538  0.35294539545281878  0.36351915317633560
  0.37425982358252885  0.38498488283100774  0.39517737112687479  0.40529622547034366
  0.41521547853437230  0.42504648015854818  0.43489256193352838  0.44473141639902625
  0.45465298294614503  0.46467987538296662  0.47495322217994751  0.48555648302842913
  0.49624294478859887  0.50632067727381380  0.51523997125204901  0.52436501954764358
  0.53386064207368522  0.54364852919975437  0.55346153171768142  0.56420636811997738
  0.57639519877230239  0.58818516117583752  0.59893392373077226  0.60953569431988985
  0.62074643637421356  0.63243586013527375  0.64404268586999469  0.65507921898325328
  0.66607929015609602  0.67727552381384637  0.68859346943461519  0.69967895045379691
  0.71049083233077670  0.72138413014894565  0.73275211576552057  0.74510703217712071
  0.75828139895359825  0.77123480108422537  0.78257765011069991  0.79335594935125542
  0.80428263146524037  0.81472517961520330  0.82475115999992366  0.83497460561559755
  0.84561749163141520  0.85656190262656551  0.86716948131955507  0.87715546305392389
  0.88766091891421406  0.89845524495550921  0.90976638283456646  0.92128127847550689
  0.93339642299822867  0.94518108931753286  0.95629635277322744  0.96572740030935622
  0.97504033689209890  0.98366476805646319  0.99189502868802082  1.00000000000000000
 -0.00298634819654586  0.01107916552890888  0.02224281550962631  0.03321894882519581
  0.04332284549511452  0.05285388158736953  0.06174752744672065  0.07119194441941733
  0.08011694630640995  0.08947890727379409  0.09915002738516018  0.11046100135664100
  0.12269795345170317  0.13349361389895834  0.14372628750134384  0.15353510946058230
  0.16311302155090690  0.17256066723714375  0.18226404438339947  0.19268364167076452
  0.20320786854074743  0.21336396861167323  0.22355444437982766  0.23396146745152174
  0.24424437222527423  0.25350938060568984  0.26143994991492497  0.26963164338015005
  0.27853245925760461  0.28740397738463691  0.29643923697735836  0.30527761028508094
  0.31485588941435955  0.32595665448269501  0.33780676972130963  0.34948918473990154
  0.36045712612530123  0.37101092568238914  0.38175740513645945  0.39269149410352161
  0.40371838003038485  0.41521001360837390  0.42668798841400429  0.43874930773374676
  0.45017682109460977  0.46006941556101344  0.46867689295158954  0.47691595865256026
  0.48618675985218773  0.49592636746753527  0.50595114124475826  0.51550550490772518
  0.52601786089322311  0.53708092502792393  0.54778141876719733  0.55862098201493848
  0.56966024019580441  0.58103270736892754  0.59258270544202951  0.60463917583904569
  0.61632453044785462  0.62712257982145281  0.63717452263726471  0.64737305731744399
  0.65790328878950222  0.66890015888976906  0.68024398091661831  0.69198881360701525
  0.70412619607928284  0.71599985921445120  0.72677091865961996  0.73669742039463604
  0.74670965416723878  0.75720906386595255  0.76754179807641965  0.77708206935550550
  0.78657448920682582  0.79643250266514987  0.80640466449699377  0.81624988370572682
  0.82649424985055864  0.83729552773000526  0.84796408502513088  0.85824716360556441
  0.86884302540912739  0.88046087529069850  0.89266882718167806  0.90485603430805073
  0.91685575600047986  0.92885719260558675  0.94125056918727257  0.95333156244862893
  0.96569220785574028  0.97739637988364303  0.98879537199571876  1.00000000000000000
 -0.00247656969266523  0.00906905873691868  0.02063496006987690  0.03211454898009648
  0.04348490245314237  0.05396700505154949  0.06460855669366261  0.07513853837519636
  0.08553946698613032  0.09604758335136143  0.10735898216883273  0.11928786167031542
  0.13083223933603655  0.14162715458127365  0.15290859336562687  0.16464185307073204
  0.17677998265258651  0.18874282706431403  0.20038490012669397  0.21191185810204879
  0.22318678570161204  0.23419066183976558  0.24473707141549320  0.25506843107174337
  0.26546985114235705  0.27622418966798518  0.28784414346056830  0.29963065837550362
  0.31189034829236228  0.32443183218108201  0.33664916740710116  0.34852198719846467
  0.36046826340189403  0.37250248515669548  0.38490850856494796  0.39671821420092884
  0.40861577250741887  0.42000235816073261  0.43172796979254513  0.44169385692444268
  0.45030928782427698  0.45924135844290909  0.46862668603448593  0.47825221083112862
  0.48828444574870056  0.49851961346074342  0.51114973381906115  0.52364057173579037
  0.53484517995079028  0.54567236010963371  0.55643761905236622  0.56702047277942169
  0.57696576817183154  0.58687808574000422  0.59757653821043244  0.60833262256968867
  0.61827363995145446  0.62794941179396535  0.63773319023736130  0.64801695613564636
  0.65788009667107228  0.66758486996917676  0.67845895490790564  0.68858742849322163
  0.69792177123559829  0.70778133916207309  0.71792238800888475  0.72758149922942028
  0.73611665061481335  0.74427761125254011  0.75354531620566678  0.76388948183674998
  0.77384413745724423  0.78303930015901102  0.79253893209721793  0.80321841169291763
  0.81437878556509613  0.82512073345801229  0.83512137886901905  0.84472830443966818
  0.85457637101841111  0.86497457071346295  0.87569092017303152  0.88588748764468150
  0.89558117969164475  0.90462121180366240  0.91348935716617807  0.92238719531774538
  0.93122304261213273  0.93996646138743178  0.94921905252023941  0.95876049415927145
  0.96906790094710582  0.97953092763335214  0.98997694026324246  1.00000000000000000
   5.9381834189719224E-019  -1.0000000000000000     
 F F F F F F F F F F F F F F F F F F F F F F F F F F F F F F F F F F F F F F F F F F F F F F F F F F F F F F F F F F F F F F F F F F F F F F F F F F F F F F F F F F F F F F F F F F F F F F F F F F F F F F F F F F F F F F F F F F F F F F F F F F F F F F F F
  <DiscreteSampler_grid>
  grouped_processes
  1 # 1 for a reference and 2 for a running grid.
  10 # Attribute 'min_bin_probing_points' of the grid.
  1 # Attribute 'grid_mode' of the grid. 1=='default',2=='initialization'
  0.0000000000000000 # Attribute 'small_contrib_threshold' of the grid.
  0.5000000000000000 # Attribute 'damping_power' of the grid.
 # binID   n_entries weight   weight_sqr   abs_weight
    25   10   7.054898989490612E-013   1.463887664621187E-024   7.054898989490612E-013
    28   10   6.947170310234551E-013   2.245065903794541E-024   6.947170310234551E-013
  </DiscreteSampler_grid>
