  0.05152495931228197  0.05165501115267680  0.05180637163977376  0.05192591727930031
  0.05203881030509681  0.05216167756743725  0.05229808732322302  0.05245837785146112
  0.05264455983768693  0.05282838786037621  0.05301270358841588  0.05318227324112400
  0.05334576018434280  0.05352349019031333  0.05369308100114160  0.05387958974576309
  0.05405410608370964  0.05420431664769285  0.05434022290501914  0.05447598286717126
  0.05462848114405480  0.05481863321336710  0.05502157343614015  0.05522716708716376
  0.05541326919983175  0.05556618710509659  0.05572332175152570  0.05588666790983671
  0.05609416452217925  0.05637250619625590  0.05664152583454979  0.05683814784435691
  0.05703355926684810  0.05723356157815304  0.05744816144399269  0.05761366500798924
  0.05776938885957807  0.05792464685733761  0.05807980926273843  0.05824008882738247
  0.05840141053458772  0.05868007682680627  0.05896326868163888  0.05923898523003954
  0.05954236443798590  0.05981651152249762  0.06017054477004085  0.06054557828075718
  0.06094734400777076  0.06135182545716483  0.06177673206261654  0.06218885567453251
  0.06256677004203688  0.06295457683989508  0.06339713102517960  0.06394556023612610
  0.06460960741197475  0.06520639732980324  0.06561712621078508  0.06596799303553187
  0.06632258972302973  0.06669637710355424  0.06711403363132101  0.06749347608733754
  0.06791813619284857  0.06837530033766845  0.06877671883212290  0.06925176788360146
  0.06975718644398013  0.07034737388575382  0.07113151350271146  0.07189945180753289
  0.07272361154886461  0.07372588510208163  0.07486236601919238  0.07606893714071401
  0.07689844297520160  0.07750975398109440  0.07812888336269257  0.07882603255170292
  0.07987314201917316  0.08129647012474669  0.08260062850280094  0.08372244749999740
  0.08521399159404022  0.08720959491641211  0.08976797546404819  0.09304946575956505
  0.09712649834980278  0.10247079693852235  0.11183151403685676  0.12312449499234897
  0.13109332361737824  0.16090561202770251  0.58557931587737688  1.00000000000000000
  0.00936666714829984  0.01743385694661862  0.02581916805511331  0.03853499912411520
  0.05393630485528397  0.06776642628513546  0.07948566753000777  0.09113231088657923
  0.10218105348018397  0.11253803830682584  0.12295452138159750  0.13490379975095504
  0.14683687553036215  0.15828336010395233  0.17093474090579899  0.18361573623139860
  0.19679185930847215  0.20897178185428184  0.22006413354863300  0.23038811860470673
  0.24046171525811952  0.25213701938359989  0.26295811972197775  0.27288234667149991
  0.28296971467028309  0.29419915167390359  0.30593834977981188  0.31840769647146883
  0.33070218460033812  0.34273768040183411  0.35585346715442973  0.36912874699184728
  0.38178281502710343  0.39348910660858111  0.40259292066344826  0.41298296428685782
  0.42456265136040272  0.43523577111910239  0.44476791340551952  0.45311480359679723
  0.46015753756854100  0.46943356639194922  0.47920488204291367  0.48876755871903388
  0.49977015387067819  0.51277900523982245  0.52544910329749428  0.53853894953672465
  0.55223333988622625  0.56538607108091987  0.57816698935481525  0.59045907402915521
  0.59919414699562124  0.60619645445930270  0.61351569284574092  0.62090772245342918
  0.62852545460476283  0.63850242815745484  0.65162105617588539  0.66246874721354854
  0.67224604869734650  0.68036626907188513  0.68962484583188810  0.70329417567170116
  0.71729090681768537  0.72894109689566378  0.73890522459180830  0.74963333191705395
  0.75912261671312897  0.77040193884541053  0.78065610055765589  0.78940620575670717
  0.79476053653491519  0.80022425018637766  0.80571068516835576  0.81162658357284123
  0.82191893146316186  0.83199131134896831  0.84080414496204492  0.84899774632064873
  0.85727061144013428  0.86628363750261039  0.87670602777954632  0.88781217206645413
  0.89810124728752361  0.90781466509962661  0.91735436288749461  0.92731913332500182
  0.93609719099627287  0.94485194446155030  0.95443441582636146  0.96274483984523684
  0.97154227924643533  0.97875261450411910  0.98872676083051814  1.00000000000000000
 -0.00724243753625768  0.02945868676762651  0.05710722137604017  0.08037554744390420
  0.09639969412955895  0.11288725260998821  0.12885150715903010  0.14032067921276067
  0.15133551648218604  0.16319328876341868  0.17450954537733077  0.18832713641839430
  0.20306826539307954  0.21763866182242328  0.23228561131715869  0.24585399413549758
  0.25803195105027388  0.26976791495937380  0.27951722974304649  0.28998999657604141
  0.29875010455949447  0.30680762996691041  0.31638314988223731  0.32864623617114441
  0.33923539335901420  0.34776020391791096  0.35757924954896181  0.36993342857296074
  0.38259913724627903  0.39504126768088299  0.40494140466053630  0.41385608121212186
  0.42391590464490003  0.43532820399191557  0.44543577097714032  0.45549875708751530
  0.46640846531493851  0.47235668814760290  0.47777493485498562  0.48455963125182600
  0.49134555618386944  0.49774047855684833  0.50531577858695120  0.51926311521219826
  0.53273478891189652  0.54372112492566071  0.55336848068641875  0.56347978774473906
  0.57478531033851243  0.58656570160843957  0.59654771246484584  0.60642156420629989
  0.61703900038470150  0.62407003975272346  0.63032303627084063  0.63578714663711566
  0.64075676481891708  0.64936988987752164  0.65780633898443575  0.66746412573400860
  0.67714257520080845  0.68749412464822768  0.69855367196173535  0.70939284545953007
  0.72043130958797130  0.73195517908733088  0.74335794141815692  0.75412546150389204
  0.76464366648500137  0.77350503209785382  0.78179728573268226  0.79067698126903729
  0.80003676079108832  0.81110845481146776  0.82168664061671559  0.83036437756488257
  0.83818647723203565  0.84587946606551900  0.85434758729262139  0.86306124757197000
  0.87180448631067653  0.88180819624845730  0.89198069905571409  0.90078550894049314
  0.90859786321763747  0.91690363012411769  0.92550877578514423  0.93304923060405820
  0.93929960451151784  0.94515375811499269  0.95126732896354671  0.96005826246129067
  0.96946588833007241  0.97953385989374153  0.99031018724434439  1.00000000000000000
 -0.00119873227966933  0.00622909214737001  0.01591507812946732  0.02540049577548269
  0.03546073431460253  0.04741837539259994  0.06052709767074645  0.07319222461211672
  0.08407564286817931  0.09393261908058063  0.10495240323751522  0.11675197891970095
  0.12910260369104984  0.14355639523779976  0.15834398071840008  0.17303723390203207
  0.18687004994791878  0.19921606525155242  0.20972826892184671  0.21855329074243701
  0.22723729021208813  0.23615091646835393  0.24825155969200952  0.26076218233873455
  0.27349332355486611  0.28681724128841146  0.29712489858041663  0.30518753052765452
  0.31219766830487133  0.31930138093200972  0.32792815074973863  0.33895202235177302
  0.35364798680614629  0.36709491184535459  0.38092033132288977  0.39336305034212665
  0.40189869257457184  0.40942029134337704  0.41550028039762221  0.42240596021117643
  0.42955446479827492  0.44188926832663428  0.45544585092034723  0.46609555562865557
  0.47307778579877768  0.47936260420633747  0.48604714691548673  0.49307747050432732
  0.50294310308521029  0.51380661856638410  0.52719150364836553  0.53866062263857917
  0.55181518115171424  0.56457104683074910  0.57793791259825378  0.59097416211032150
  0.60294639608632183  0.61453962373268978  0.62516579707573938  0.63559302361054948
  0.64412144653002434  0.65095275351322401  0.65765269897421341  0.66474022118201881
  0.67378619155525987  0.68444259743815150  0.69504780478603390  0.70560833149823188
  0.71789329799060897  0.73070832205228187  0.74448207824250257  0.76082872705763094
  0.77648777260955115  0.78778142488058456  0.79618750752232781  0.80387305878980098
  0.81248547458444964  0.82452046741110308  0.83858372616984167  0.84911256734735618
  0.85925680054764919  0.87114261453565578  0.88457192691082442  0.89931195626769234
  0.91060761814770896  0.91940410616362978  0.92615006789109400  0.93252754556539375
  0.93831212429217181  0.94279679735691557  0.94873214251410443  0.95660558496812875
  0.96461758732975722  0.97330629531905533  0.98291260738251529  1.00000000000000000
 -0.00370047372216592  0.01315356576316764  0.02610431150259533  0.03696887579171258
  0.04778477547344100  0.05549836612368895  0.06268358374034594  0.07013333555667810
  0.07921611981784557  0.09216286326002922  0.10319003136267828  0.11409803317643771
  0.12458351541462585  0.13575778790188833  0.14725312827267112  0.16252315867767433
  0.17466133489222299  0.18608592124562676  0.19718049812122168  0.20893095364581660
  0.22030437021394156  0.23012768907574913  0.24076778305621882  0.25253901579818294
  0.26515903176280958  0.27798983245128961  0.29057025423350241  0.30244483707844239
  0.31443580592454057  0.32502533820736546  0.33659617969886024  0.34958816972378826
  0.36259109883280677  0.37679868577732661  0.39508050373772585  0.41444788270609229
  0.43150240628007713  0.44463332053644206  0.45880858400665508  0.47118904622412466
  0.48306109101993427  0.49569760932701284  0.50590035545232748  0.51583105291699782
  0.52664511500886846  0.53870124851558421  0.55144336205247846  0.56417630371974048
  0.57706893364583345  0.58443742159444412  0.59060735549228782  0.59609076091711566
  0.60146191387663361  0.60638749439986817  0.61349689315581390  0.62500312121713741
  0.63873959755784226  0.64911407563831303  0.65788183217940366  0.66752919255382925
  0.67856255209246552  0.69181380502504342  0.70422350609180639  0.71577525224696459
  0.72666497631149884  0.73860200985102908  0.75273233578859622  0.76591671361860747
  0.77426032112696164  0.78114438751311632  0.78839166580473630  0.79228796352369046
  0.79532678654816702  0.79926903610021760  0.80520943335177175  0.81262080580099605
  0.82213972958889558  0.83253010954270545  0.84134910920225581  0.84902669611337567
  0.85539324356812163  0.86170494924096497  0.86843177303925490  0.87453587172483460
  0.88062724697900430  0.88750817767555790  0.89816052435724514  0.91224633944447575
  0.92508296947613899  0.93642475424391036  0.94772441124505535  0.96087088542095700
  0.97236715477439672  0.98042060988576074  0.98906023577934932  1.00000000000000000
 -0.00201353006814477  0.01048769454780002  0.02129971623635880  0.03277262944020033
  0.04466565485025760  0.05585750650999582  0.06562628347657437  0.07483791869489845
  0.08178002220703171  0.08910945803784727  0.09733504056594509  0.10586698589881000
  0.11596994632806981  0.12669046912887311  0.13892560597250780  0.15492039847488920
  0.17257734346051917  0.18992845242772743  0.20473262486085519  0.22022762957089323
  0.23364138067540496  0.24480288254038682  0.25535979216345550  0.26612634054551432
  0.27598018115528816  0.28305383183644239  0.29021061948584376  0.29781383145575491
  0.30887531644358668  0.32121429130484880  0.33235697077947202  0.34412735807802308
  0.35607555028395349  0.36396510244733066  0.36886784101821118  0.37478874705048132
  0.38124762400104922  0.38727379182044636  0.39318545739497585  0.40326734076211007
  0.41415583564297781  0.42262205887737536  0.43027854923803788  0.43642960723307400
  0.44353248250852956  0.45105018090818633  0.45804247054625191  0.46775745327613288
  0.47961101440500281  0.49335670765992112  0.50881708263066983  0.52500657462137512
  0.54132088205372131  0.55588037009469249  0.56822826172024898  0.57856050937736625
  0.58732229714860262  0.59542922349411709  0.60800111779369403  0.62039019256336947
  0.63363588045496710  0.64803274810179257  0.65813964069308051  0.66722730867027524
  0.67572807096945664  0.68559249781477771  0.69833440760786214  0.71178310398191025
  0.72288504321231550  0.73401783485249472  0.74466845441062390  0.75596654394635454
  0.76645449968679447  0.77723848463435785  0.78813603589593451  0.80062041723071853
  0.81337881859867533  0.82302707876680159  0.83176913147091247  0.83928470556680490
  0.84719460901185006  0.85515866629483694  0.86409676905841892  0.87267851519996453
  0.88213121419252927  0.89257450509536540  0.90408964912561363  0.91905258660258971
  0.93294541176835399  0.94343227847779731  0.95233013369189867  0.96213990646685010
  0.97275751092161555  0.98218888532821991  0.99162079781624546  1.00000000000000000
 -0.00083661466128114  0.00271315867148160  0.00675810675473917  0.01063103077033261
  0.01429923192272991  0.01771827093968386  0.02120595490792898  0.02468740155700407
  0.02828764125794998  0.03197109029783111  0.03565565223464550  0.03935300672917871
  0.04285582046041241  0.04598697112475514  0.04876133587102145  0.05136311665315199
  0.05407843200839302  0.05737667845833690  0.06104017665580193  0.06434816774671497
  0.06789296173685838  0.07151388816818588  0.07495040642439633  0.07838139436015745
  0.08215948297915682  0.08601448681049263  0.08982869441667247  0.09372642735632213
  0.09811761812850983  0.10355775070461658  0.10963747036134260  0.11548850906072827
  0.12058541350194264  0.12519827220522395  0.12999377921169081  0.13490537913762909
  0.14069839555747279  0.14723187254743200  0.15367551234353000  0.15899331405379483
  0.16479404192907862  0.17061048569840709  0.17671604002996802  0.18266349500386045
  0.18864886381882126  0.19500478003119137  0.20185057842262702  0.20827543997769501
  0.21455804858904623  0.22134994132672148  0.22819259039773329  0.23596570839620051
  0.24472601835079169  0.25306727257878830  0.26232335881288493  0.27289188776912321
  0.28657667515784407  0.30076023277281727  0.31490818006304305  0.32854886404518002
  0.34146225922960549  0.35580699910677671  0.37527656376042307  0.40109053729565192
  0.42856025424811273  0.46104721020776684  0.50970701569252963  0.56371835629971334
  0.59548744837239320  0.60995555985268701  0.61838337775358354  0.63176568062681715
  0.64612040367062906  0.66071296747981667  0.67545526258434541  0.69238097625871975
  0.71228088070542206  0.73399842505984914  0.76131430153498014  0.78964083292933862
  0.82140706142376707  0.84144725879389426  0.86027934544854479  0.87823775722531161
  0.89491373301693322  0.90958676648737069  0.92373162233823292  0.93250482752935560
  0.94025308058569279  0.94828462600028329  0.95725921080109699  0.96448931788180625
  0.97024706435335173  0.97595605133878016  0.98733524479460066  1.00000000000000000
 -0.00385133115049805  0.01178227548460032  0.02483815692795364  0.03600585482221647
  0.04574310843763743  0.05440043657803156  0.06111800197810798  0.06908049922522838
  0.07696114059394461  0.08811749259324801  0.10021697975832283  0.10744179935288602
  0.11329713089939975  0.11966466131411688  0.12621998621960767  0.13287430073601597
  0.13955806915472044  0.15034711251910496  0.16107693889575289  0.17017420688823215
  0.17940654972960474  0.18797429263644508  0.19588088924630442  0.20402892068180281
  0.21500010132722841  0.22539304077347297  0.23730917336261284  0.24986859704016554
  0.26271793122004816  0.27479974155484721  0.28474308931234416  0.29576971373827682
  0.30933552593247726  0.32062942469193229  0.33022353514629782  0.34037353794782443
  0.35285698164900348  0.36474728483279645  0.37525938924670216  0.38389029796838675
  0.39292479073910230  0.40335174237007021  0.41425559003446843  0.42424277140934635
  0.43308531572656295  0.44635788845218727  0.46201929172645795  0.47734558904689084
  0.49129503197050051  0.50257625470748890  0.51310278696618650  0.52103046341648929
  0.52884691864286648  0.53642363836509133  0.54390918991908888  0.55222483730545335
  0.56184304807098706  0.57230432910408224  0.58348074150487306  0.59734689464384350
  0.61040329962794759  0.62154531276985980  0.63174343292761015  0.64242827771447930
  0.65478162977533794  0.66725118154803087  0.67676285815432524  0.68429364236140289
  0.69296751145111046  0.70049910321647535  0.71073299630444020  0.72398601119515860
  0.73728981313891973  0.74995785397776993  0.76294945894097166  0.77629631505459840
  0.79096799495471171  0.80742316815283599  0.82343375388604267  0.83794795390504795
  0.85273776337455609  0.86643718452740592  0.87973155818573112  0.89082537426962516
  0.89971985835347212  0.90864319803961424  0.91818078764921973  0.92672645136985321
  0.93686467338986179  0.94578506181162936  0.95569029223937152  0.96462278191019457
  0.97321732083406554  0.98133635146088505  0.98913769468641588  1.00000000000000000
   5.6584029301216770E-031  -1.0000000000000000     
 F F F F F F F F F F F F F F F F F F F F F F F F F F F F F F F F F F F F F F F F F F F F F F F F F F F F F F F F F F F F F F F F F F F F F F F F F F F F F F F F F F F F F F F F F F F F F F F F F F F F F F F F F F F F F F F F F F F F F F F F F F F F F F F F
  <DiscreteSampler_grid>
  grouped_processes
  1 # 1 for a reference and 2 for a running grid.
  10 # Attribute 'min_bin_probing_points' of the grid.
  1 # Attribute 'grid_mode' of the grid. 1=='default',2=='initialization'
  0.0000000000000000 # Attribute 'small_contrib_threshold' of the grid.
  0.5000000000000000 # Attribute 'damping_power' of the grid.
 # binID   n_entries weight   weight_sqr   abs_weight
    19   10   8.228355845755428E-027   5.916445959416514E-052   8.228355845755428E-027
    22   10   3.764075401509374E-027   8.255446972514602E-053   3.764075401509374E-027
    25   10   1.373908544719730E-028   6.707355468667776E-056   1.373908544719730E-028
    28   10   6.695357432664080E-029   2.126393693525109E-056   6.695357432664080E-029
  </DiscreteSampler_grid>
