 -0.00000001610422273  0.00001684073303887  0.00012661302899283  0.00035526252453354
  0.00070939575322919  0.00119214300575494  0.00181559574579543  0.00252648996212434
  0.00334092706655575  0.00429121367215834  0.00542233590549949  0.00681188295074450
  0.00879496675624850  0.01137085061973952  0.01270802030402571  0.01346646238311648
  0.01405685002473926  0.01459840190365328  0.01512902808989698  0.01566266588849375
  0.01620447917833923  0.01675833230131626  0.01735893990767864  0.01797696249597925
  0.01860074087519932  0.01926644562561277  0.01998471447529353  0.02070753607898543
  0.02145430364435747  0.02219913190237698  0.02295951834199108  0.02372225670031913
  0.02453903099621441  0.02542088075124654  0.02635309803970050  0.02731459586958978
  0.02826604492272637  0.02921241900454694  0.03016474381096573  0.03113915342284762
  0.03215645052049525  0.03322970574889765  0.03431431769564502  0.03539259726878023
  0.03644177644557024  0.03747466214807689  0.03851072957499691  0.03955800050971227
  0.04061089858136611  0.04171655650054183  0.04293089555563179  0.04415958377161347
  0.04536050399527061  0.04655891599236887  0.04777750592469891  0.04899963569366865
  0.05027520093733642  0.05160747284490952  0.05298400666384959  0.05439524276647231
  0.05594862968278737  0.05758455059986568  0.05916714650971767  0.06074350086945424
  0.06234320650782189  0.06397246153595841  0.06558776600404941  0.06717137367964787
  0.06875765906881399  0.07040932325955207  0.07216984976465954  0.07403705571361917
  0.07596969101400450  0.07790125244449277  0.07981921518042742  0.08185177659393277
  0.08406981624567297  0.08641807711465765  0.08885220569611572  0.09129616841614407
  0.09424680944534383  0.09744547534525691  0.10075893713531271  0.10416900457780463
  0.10773757196849437  0.11155074656053894  0.11557436063473243  0.12008201013476430
  0.12548910502726993  0.13183602479279247  0.13909392771594803  0.14755525553349533
  0.16101743698417767  0.19753711021344361  0.31579930040892867  1.00000000000000000
  0.00764552245899021  0.02076330716340716  0.03606066398862844  0.04867056457306799
  0.05953276674980987  0.06995402748747713  0.08023517803819168  0.09070449537024360
  0.10092700115063166  0.10984656119661608  0.11831197844040962  0.12701334462413127
  0.13574725470532847  0.14474115180534289  0.15258772219377364  0.16049454141618374
  0.16843810371661219  0.17725913567042534  0.18624678892920826  0.19497436266280169
  0.20352352875022595  0.21234078313547161  0.22139660912094933  0.23061375942132845
  0.24008927875490929  0.25008632863382785  0.25991904866133114  0.26970226677442122
  0.27957251050215393  0.28902621512233112  0.29852598133454683  0.30788354713645616
  0.31924078769514941  0.33187030716409244  0.34387064792700200  0.35555342606237139
  0.36704913816524870  0.37962165624118516  0.39322150194969735  0.40703328976045972
  0.41985873831078058  0.43138566465900813  0.44176007927274158  0.45116811636902049
  0.46031654069693012  0.46958628875970848  0.47929279955278004  0.48927890873398083
  0.49914608393317306  0.50915321607490394  0.51922825710180431  0.52962144774316966
  0.54013828281174903  0.55048198318377584  0.56073511967959633  0.57108239004800987
  0.58207662636662949  0.59421958987525458  0.60632108258715056  0.61680640869252390
  0.62733197074030578  0.63849553079045573  0.64957048752683366  0.65992994998841636
  0.67054912655758658  0.68175382091847503  0.69300035996488052  0.70391827729887479
  0.71457386070007500  0.72493884789363772  0.73487839274020217  0.74442726487146060
  0.75452948420193477  0.76441211855761260  0.77456969130177977  0.78502052847919757
  0.79584170539165422  0.80714913266616595  0.81760316837154678  0.82761185414380856
  0.83755750160020925  0.84791916204122553  0.85835543647797430  0.86856134887296310
  0.87878369658763045  0.88956482411873106  0.90049830127782460  0.91099263519080098
  0.92220110140798350  0.93400157796459649  0.94485199308727108  0.95517297242795973
  0.96637556445987871  0.97801813149897066  0.98930558180480421  1.00000000000000000
 -0.00002116974886001  0.00024404330694638  0.00070105324195973  0.00140279502348384
  0.00233948021875397  0.00357604692628510  0.00490643495627053  0.00640185318543872
  0.00826124171864612  0.01030240335263337  0.01255965109457827  0.01501584570970036
  0.01763636934129469  0.02032230063283638  0.02302466814767378  0.02596835837761318
  0.02911993589798396  0.03246203839199186  0.03594124920973677  0.03969196322840247
  0.04371308394890910  0.04787391698658115  0.05216356920873734  0.05666701508648462
  0.06146621393895637  0.06658189141648918  0.07237699611930908  0.07857455380384432
  0.08478431072979270  0.09081284151113692  0.09646711243848399  0.10155779600226056
  0.10655056842317305  0.11187009942593223  0.11725910354800782  0.12279764702814826
  0.12865597535378678  0.13517464571649540  0.14206423783226585  0.14869583846233617
  0.15505171651947883  0.16153988203400693  0.16796749053128399  0.17426837287865302
  0.18062455082189283  0.18732730652377264  0.19401458870929025  0.20060152217268809
  0.20723993258809337  0.21396780784320352  0.22055502599056170  0.22922194692689465
  0.23810661308434933  0.24680225905663411  0.25562812049152245  0.26466671595644775
  0.27373932193706962  0.28281789838936772  0.29305946043964687  0.30328516668068090
  0.31371893024843256  0.32433601787269123  0.33503092331298862  0.34566520191981254
  0.35583553309159732  0.36605840637493359  0.37661993922066606  0.38775985855575829
  0.39981397470375035  0.41176294630694765  0.42426967807706950  0.43727591228699142
  0.45051161944557061  0.46348723640436074  0.47697188732588625  0.49021605822320441
  0.50388914670937635  0.51735391922510621  0.53014924932940843  0.54238440525045462
  0.55453880338683725  0.56627995748406845  0.57750664964416509  0.58826970915436250
  0.59879806537776070  0.60936141197031590  0.61974199477338143  0.63033210597426381
  0.64122189602929514  0.65178825735450219  0.66202435601987564  0.67270736604276171
  0.68355258670419339  0.69377063967746533  0.70102432484728916  1.00000000000000000
 -0.00278134003392865  0.01029615515732654  0.02201691300444681  0.03425604530492082
  0.04808898888452149  0.06243222859127188  0.07624442124344320  0.08998342864696214
  0.10363137491779098  0.11747484377954355  0.13210867211287530  0.14715466092666904
  0.16129103655186700  0.17312154166301238  0.18353022752289763  0.19372632672010065
  0.20296091397980676  0.21143304853359410  0.21950362960430567  0.22804490277689235
  0.23744794752185319  0.24613861937086673  0.25502300052160848  0.26453575375143551
  0.27550734555588841  0.28839969771030916  0.30278620174285026  0.31722638849805979
  0.33021984848292002  0.34309571699493641  0.35494419248320341  0.36586797092062984
  0.37706068648141972  0.38785993930138030  0.39853505644934817  0.40900507820437887
  0.41939891788301575  0.42951224906560148  0.43924033837034993  0.44834678915527659
  0.45753846952093918  0.46651417217095065  0.47499830051694952  0.48411823373882451
  0.49366569559702417  0.50411615724225800  0.51628190007758545  0.52768962113872542
  0.53932342535734401  0.55127726316093650  0.56333695813926554  0.57571954572161177
  0.58824065923518198  0.60091338492349133  0.61225577496269068  0.62330752218787422
  0.63488324384679495  0.64585983663925906  0.65567882131418842  0.66528343781670052
  0.67542126937307478  0.68589894993705691  0.69624790885679677  0.70630978329187355
  0.71504648777819102  0.72340691895797460  0.73188847889586905  0.74013060142659759
  0.74782379960498935  0.75574120876492357  0.76395745124781211  0.77269766578830856
  0.78303131049655428  0.79458441150109893  0.80530670212799127  0.81544095373419445
  0.82610227762748711  0.83626419792503348  0.84683318098829230  0.85724355242418360
  0.86673481504427230  0.87592467021760223  0.88479407031234414  0.89325712519985334
  0.90181206248783796  0.91003840164748284  0.91887849272639843  0.92857074466295697
  0.93844222805905053  0.94862086899094500  0.95864013381353708  0.96732395446902941
  0.97628322309109594  0.98483819255417548  0.99269905181865714  1.00000000000000000
 -0.00413877183166807  0.01340370654591334  0.02539760638548222  0.03652890575151797
  0.04781835871760470  0.05837029143601097  0.06866399225895592  0.07931243020025491
  0.09126784822820540  0.10431390562626497  0.11700976723792414  0.12918873018042862
  0.13940911630397351  0.15018860810694931  0.16075970441514673  0.17118292717876732
  0.18117106610272857  0.19159415253626599  0.20247406458166006  0.21342349058724441
  0.22412476380541968  0.23418080961674981  0.24370072001796755  0.25231926514072356
  0.26074019784153463  0.26970678674863091  0.27894549964446924  0.28798785915063269
  0.29695625506791423  0.30549127873494925  0.31496855010671659  0.32716406572674428
  0.33857132234956228  0.34906983769494865  0.35896802726490817  0.36852891572065927
  0.37785429571829271  0.38765162950488780  0.39813274942843685  0.40923115762100898
  0.42010650980549386  0.43016257045649908  0.44023360567278097  0.45068647768635683
  0.46157328716782819  0.47265958485128629  0.48399249430508068  0.49616503883380592
  0.50787769554122020  0.51885921116331646  0.53046722140528357  0.54157044994151238
  0.55335955071377063  0.56455144421218728  0.57606127015370789  0.58782851460365881
  0.59915937779631445  0.60956883158495756  0.61916172893798271  0.62838084073103539
  0.63730625835889321  0.64650181304344179  0.65591405710211415  0.66561135166276419
  0.67480469610659588  0.68431188601533643  0.69433926901680298  0.70434621517631868
  0.71442828599561525  0.72442965592073749  0.73504127147169218  0.74699903959881497
  0.75877884877535473  0.77081037633720151  0.78237846142141998  0.79369811656968026
  0.80489160370294732  0.81495074761173769  0.82298815178539153  0.83181304342900064
  0.84010458212006789  0.84819642002434847  0.85600278351412207  0.86429552507455065
  0.87299891225347859  0.88351038743481980  0.89500387430804629  0.90597689342545573
  0.91695269417741732  0.92831516494103627  0.93964602261272112  0.95170566087750430
  0.96432706136582591  0.97717900522303580  0.98910420420442413  1.00000000000000000
 -0.00228872267412558  0.00737980337558128  0.01830154276498242  0.02831981350826963
  0.04047161283814334  0.05393573295791230  0.06623580478004683  0.07685512686508002
  0.08652618797032607  0.09579491411266002  0.10545761572975305  0.11577929954895567
  0.12593617015716865  0.13615154531392504  0.14628196959031439  0.15644947582424754
  0.16684382068224143  0.17701006059991278  0.18678714031704552  0.19620939370604831
  0.20530311534371842  0.21436657262575340  0.22389846677631839  0.23410451724748754
  0.24336564274560957  0.25294059540846625  0.26339688316891940  0.27516307777893195
  0.28872040312709962  0.30183460144043611  0.31437897008868787  0.32646490319293542
  0.33795951838768634  0.34907942527060709  0.36013307287797197  0.37087447684278918
  0.38144919343694972  0.39163097957037873  0.40184736256370407  0.41243604643086024
  0.42401909076612104  0.43633382221163391  0.44905012870902999  0.46141064885900546
  0.47283018934255916  0.48370403667107026  0.49442900953804825  0.50565260678938673
  0.51724171626377491  0.52763501254614864  0.53668140165882616  0.54558848959309136
  0.55461956247937239  0.56398431752195888  0.57347521425054959  0.58309306279316819
  0.59264740983136821  0.60211928095842993  0.61214130786527199  0.62244599468363038
  0.63302822378151224  0.64384696118511187  0.65590674399933702  0.66753998855289898
  0.67730775945734256  0.68705687043631292  0.69737319751362115  0.70756107428140136
  0.71742944430146405  0.72729002113273566  0.73806739064178017  0.74874315819560433
  0.75904515856275268  0.76939823282400321  0.78180869147050724  0.79362810904573744
  0.80330707306622029  0.81328328817011064  0.82326138066396926  0.83250490653304554
  0.84102156841198783  0.84935653317617199  0.85876008989076036  0.86978897518879406
  0.88108587824308049  0.89259128950144750  0.90364262102440107  0.91384354421546343
  0.92370634449715527  0.93419072140087611  0.94527733821218585  0.95648404486783400
  0.96758623845781389  0.97890236792523044  0.98932230835156354  1.00000000000000000
 -0.00256908660228134  0.01098637616199269  0.02224651079233725  0.03351584723128644
  0.04375868251202396  0.05355013712550546  0.06323737443229807  0.07230398001897279
  0.08097853504753298  0.08993899267461623  0.09917679807741007  0.10836419679994647
  0.11713270017578940  0.12611103853592118  0.13666883941279026  0.14781444714355940
  0.16279446485620799  0.17495435191808628  0.18516533994257584  0.19518403482345936
  0.20453525018023219  0.21377253517400890  0.22344930083034920  0.23452048290811869
  0.24590637446669977  0.25673795916402559  0.26701447084639773  0.27821275143457308
  0.29040947728253030  0.30199691707255172  0.31245224673335575  0.32266020501289144
  0.33311743368591995  0.34481877622749285  0.35815434983729549  0.37197177968602924
  0.38624439767140067  0.40124647384192502  0.41505130287415631  0.42506167935142730
  0.43564203918400690  0.44544880884800886  0.45478860864156467  0.46409351737707261
  0.47345046879534103  0.48417886174524932  0.49630397164841727  0.50771090031581434
  0.51838876878669493  0.52877096501638565  0.53862463458609400  0.54809482030222179
  0.55807642704324467  0.56745579717810646  0.57673661453991354  0.58568690746376839
  0.59372778418444616  0.60145833999071185  0.60919960285245267  0.61713033323766531
  0.62557578836502237  0.63493906093995534  0.64516003756064844  0.65591980730949317
  0.66701150940431353  0.67789602127482873  0.68787285838186751  0.69685664307806727
  0.70593211954661139  0.71589786609057304  0.72616882569790298  0.73616695382930042
  0.74547654561270893  0.75620839020101860  0.76820130014432275  0.78045425659057099
  0.79164450960765509  0.80190852069570140  0.81197170479322889  0.82219788621803891
  0.83295687560457610  0.84378030485394562  0.85469972382082293  0.86615494320804298
  0.87765194467368679  0.88896540069720176  0.90014989249411015  0.91090805283086029
  0.92177746779297509  0.93250540091911926  0.94324208358428663  0.95412087541708657
  0.96511698265175572  0.97622343809882595  0.98775688860886379  1.00000000000000000
 -0.00333338563098373  0.01028996476551380  0.02239302788690247  0.03371571619624392
  0.04485143996593031  0.05562653000756106  0.06606605514803041  0.07644424101810239
  0.08771051695092413  0.09940151701724249  0.11017155157159590  0.12001928198871374
  0.12984949840195922  0.14018602111807235  0.14969316893327891  0.15885627583530826
  0.16782168981786214  0.17633036252717960  0.18456545592249821  0.19291297035135832
  0.20126151709752754  0.20999193151966589  0.21930667727408831  0.22811001913023049
  0.23918335289364653  0.25067237731622444  0.26222654028646125  0.27426432187805938
  0.28521080567663937  0.29692820601799519  0.30807941061325539  0.31930303810008753
  0.33019536766083013  0.34182862068871722  0.35382436546714158  0.36522447193086893
  0.37595782196690442  0.38674059502382468  0.39739910094939440  0.40714077520009229
  0.41697826644045222  0.42672047416880798  0.43642129986078904  0.44606498362054137
  0.45564801475363925  0.46623702755951490  0.47811500417051450  0.49138104904408103
  0.50525359787178648  0.51618431418452049  0.52643709822151097  0.53563764909162892
  0.54493943720936133  0.55403528743556441  0.56321416937090807  0.57248451196191474
  0.58215247203482567  0.59308043521590448  0.60489966165069320  0.61647746807712311
  0.62752720613185287  0.63783884721888229  0.64767657625639152  0.65641775792312840
  0.66499763980188986  0.67394361981558526  0.68322692408668917  0.69218651984194690
  0.70080742840295018  0.70883329888900992  0.72083820017652223  0.73211973067964264
  0.74250629574349880  0.75337336368761521  0.76438406778672541  0.77538505706661198
  0.78701158320260423  0.80075724273529225  0.81441065358159037  0.82687507442656871
  0.83842783103714380  0.84968470627254056  0.86101706005197998  0.87195217622679100
  0.88288910814277244  0.89384343490138218  0.90468615261287710  0.91624275040266900
  0.92878867785194763  0.93984255316837184  0.94937956299150672  0.95890388404233073
  0.96950840314699938  0.98024027483033860  0.99024319109643610  1.00000000000000000
   3.6458148177961279E-016  -1.0000000000000000     
 F F F F F F F F F F F F F F F F F F F F F F F F F F F F F F F F F F F F F F F F F F F F F F F F F F F F F F F F F F F F F F F F F F F F F F F F F F F F F F F F F F F F F F F F F F F F F F F F F F F F F F F F F F F F F F F F F F F F F F F F F F F F F F F F
  <DiscreteSampler_grid>
  grouped_processes
  1 # 1 for a reference and 2 for a running grid.
  10 # Attribute 'min_bin_probing_points' of the grid.
  1 # Attribute 'grid_mode' of the grid. 1=='default',2=='initialization'
  0.0000000000000000 # Attribute 'small_contrib_threshold' of the grid.
  0.5000000000000000 # Attribute 'damping_power' of the grid.
 # binID   n_entries weight   weight_sqr   abs_weight
    25   10   8.118370711252110E-014   3.272629322673669E-026   8.118370711252110E-014
    28   10   2.181563133115723E-013   1.662200159832488E-025   2.181563133115723E-013
  </DiscreteSampler_grid>
