 -0.00000000880909402  0.00001023387332176  0.00007289582194669  0.00020954107756647
  0.00042757143863403  0.00073216311025398  0.00110467021308540  0.00151536613601499
  0.00196760524693350  0.00245982674034666  0.00300725676316251  0.00359080649048811
  0.00422321582025055  0.00485303552751068  0.00549710337311457  0.00614105283068747
  0.00683673105665007  0.00756954462872287  0.00829802627740402  0.00903108582133619
  0.00977129532005286  0.01053363066400165  0.01132621487971167  0.01218552268587817
  0.01304341689484997  0.01389702632410252  0.01476816672175787  0.01565290376672619
  0.01654852700767610  0.01743591511458154  0.01829887744592525  0.01917669723907347
  0.02011482958371609  0.02107380444450684  0.02203027100639731  0.02301052575799537
  0.02398199594477793  0.02498563124173536  0.02609576750314183  0.02726089952574300
  0.02843502596498535  0.02959843274975542  0.03074015861928746  0.03185087149412178
  0.03292425534988150  0.03400426110230203  0.03517838465944417  0.03637296175274507
  0.03756720148140492  0.03877171920975975  0.03999206556948646  0.04120572255801726
  0.04241912991905721  0.04362329786708902  0.04486516722067823  0.04618576773258182
  0.04755630038184890  0.04891176946403675  0.05023827435952977  0.05154877791686337
  0.05288933592695971  0.05427188432951727  0.05569243064287535  0.05713065463388488
  0.05856345523016639  0.06000831964118886  0.06158279094043409  0.06326955045289820
  0.06501513129412111  0.06677175921065179  0.06851168609223492  0.07030124595919035
  0.07208984422426312  0.07389399198984450  0.07571557464130675  0.07753047449121596
  0.07947705535238050  0.08150930411768076  0.08386700041026615  0.08638166927228028
  0.08891552946702583  0.09147315881161976  0.09420842082190117  0.09712937426932680
  0.10021969168256641  0.10377548482316303  0.10793015114169686  0.11287007022626151
  0.11855801800282836  0.12455029712127259  0.13138989325559566  0.14023319923183819
  0.15590243292876191  0.18867481108205131  0.32008481399045641  1.00000000000000000
  0.00947858985084603  0.01529826262047059  0.02439821671756920  0.03493968052982314
  0.04545764738732874  0.05648884933467013  0.06684719864699325  0.07703086101729646
  0.08749568922071779  0.09815256291221219  0.10864145876565626  0.11926825906333360
  0.13058663657994915  0.14220559409871011  0.15343346213394626  0.16395985759934201
  0.17361209466365213  0.18313914244729135  0.19245098086435808  0.20195694905959433
  0.21143393196767035  0.22056792527810079  0.22986273986618042  0.23988521788881045
  0.24983781936682961  0.26270424731386910  0.27590276440256861  0.28888819849893294
  0.30041690288227807  0.31104853094236834  0.32193069911836325  0.33250204565286340
  0.34211526216558813  0.35149635237396459  0.36118737108214766  0.37125917775201328
  0.38101329014111734  0.39031809979409482  0.40016743065265120  0.41058278021992034
  0.42105565992073379  0.43140088698647405  0.44156486300217856  0.45217443051137901
  0.46284952690058301  0.47366579420761079  0.48390270952036823  0.49417443094604518
  0.50460874341262696  0.51484417981710184  0.52472270482223793  0.53474288411292004
  0.54476812478835546  0.55481774278639784  0.56474851255589020  0.57438594429930301
  0.58435475719556662  0.59442272118109452  0.60441260376914840  0.61493052225137279
  0.62562939047479482  0.63649590406201417  0.64694764947980399  0.65599231035382466
  0.66505822164302519  0.67453155422940769  0.68441862771680007  0.69492038056951333
  0.70553273715826992  0.71677116582904710  0.72957289201649045  0.74188834616613142
  0.75432645469525472  0.76690789274637827  0.77776534229990568  0.78735886938178967
  0.79615744251020693  0.80445501351941562  0.81338859161752330  0.82305787587180701
  0.83292123341302349  0.84312048459621913  0.85321534349918493  0.86333878607968828
  0.87354703648714649  0.88336141018493852  0.89287307254190740  0.90245386150127549
  0.91247549884278667  0.92324511015171562  0.93430223532556755  0.94586559251119873
  0.95829556082942191  0.97155814584787370  0.98560814393238283  1.00000000000000000
 -0.00002109071373461  0.00024848306712389  0.00069557613751005  0.00140762105094663
  0.00238129871250171  0.00356253965193816  0.00493430074045890  0.00650063338059787
  0.00836159486737386  0.01045791471896096  0.01280024682378285  0.01553332327210251
  0.01827657421687708  0.02088883985065504  0.02366489002495853  0.02670143973812917
  0.02992300084332444  0.03312011034188676  0.03661448817948205  0.04044852184774806
  0.04449021723415936  0.04860406095845561  0.05274363624366502  0.05689571301732205
  0.06112328870870990  0.06555116745815646  0.07035503930357855  0.07554440640526384
  0.08139595394384969  0.08778056700484292  0.09398460379093439  0.09964451126079545
  0.10501471743622434  0.11043387233780058  0.11580471049659000  0.12128370763253385
  0.12655055264699006  0.13216495741586298  0.13805757114253642  0.14456572762262754
  0.15182594016315848  0.15917999477516820  0.16683813263584335  0.17432924411241224
  0.18156593765422646  0.18855121252538540  0.19549315263392653  0.20247057853124331
  0.20928477506862808  0.21617118172884239  0.22341776721834380  0.23100195386542752
  0.23894302776025830  0.24721264836837722  0.25628731209954780  0.26542266450908575
  0.27463537761508588  0.28492748276657420  0.29586551007307393  0.30690696807885415
  0.31779558451913298  0.32860530214319023  0.33943175062198422  0.35068634334768550
  0.36234261032363646  0.37417682868008573  0.38592802282371003  0.39658169300599000
  0.40720164876530918  0.41762293856821731  0.42804287277853503  0.43859223680830112
  0.44928007236575795  0.46009084426287111  0.47112239449138732  0.48225861385922031
  0.49348622629268873  0.50474727536528019  0.51599237235905726  0.52717252010846860
  0.53869564187001451  0.55064057259609522  0.56247445116040640  0.57445210612729891
  0.58645119262988199  0.59880420415822111  0.61151817921659091  0.62439980290960362
  0.63703882057865224  0.65027550223653430  0.66354106278951797  0.67719966891857009
  0.69055891127067237  0.69914456599766894  0.70015457265366077  1.00000000000000000
 -0.00293011171394169  0.00998934578725973  0.02160136183225535  0.03341515926771093
  0.04530203566483115  0.05697859556300346  0.06791835635390581  0.07816744735623843
  0.08818903853565359  0.09798519753219058  0.10758173607483654  0.11733838664584574
  0.12709678657822063  0.13795836324489494  0.14957587665655381  0.16174098161564357
  0.17366267141057751  0.18533789701817738  0.19711202156881652  0.20945522388553037
  0.22244613186883722  0.23584812252514609  0.24861320595652034  0.25910525454962624
  0.26832385052015689  0.27770765654853541  0.28707085765564522  0.29646457725908915
  0.30559022508994882  0.31463072341209708  0.32368047699132940  0.33230786813713953
  0.34063166733297834  0.34895389188063014  0.35783253923256669  0.36700052983136638
  0.37603548476764803  0.38648192488681826  0.39767965184738840  0.40893558727467899
  0.42029333061299567  0.43140039249634127  0.44286854919281210  0.45441884050954801
  0.46607001556865407  0.47783589106496405  0.48917033693700723  0.50014805155756570
  0.50924817978589376  0.51840552300171217  0.52776825396666827  0.53691296373243325
  0.54625305496260745  0.55518085194056643  0.56446770377730004  0.57519323669371725
  0.58634448523817084  0.59709719026759700  0.60817091990669869  0.61958513359519429
  0.63103388947126104  0.64202568772730073  0.65303346861937672  0.66397037119494029
  0.67480658272808491  0.68562807494271705  0.69710607502739863  0.70855320493407536
  0.71864366120659096  0.72781968432168298  0.73696753137065274  0.74642582460951401
  0.75620526044131564  0.76600687408833756  0.77591070719790234  0.78601292468344952
  0.79627569728670167  0.80693101687776347  0.81702652749356719  0.82729867749825214
  0.83772590428140559  0.84859961925674343  0.85891178126359047  0.86904837931947132
  0.87899145869151130  0.88832015711460144  0.89739622273198705  0.90617303810400340
  0.91478881794802791  0.92408304644364003  0.93403410776262219  0.94536240448630426
  0.95844033030958309  0.97196096328055814  0.98622251125985627  1.00000000000000000
 -0.00198906760787161  0.00742537646459130  0.01526039473136348  0.02377203947124229
  0.03192921327148700  0.04022350536091150  0.04856149682605750  0.05713957427528904
  0.06623797113167018  0.07561717594536083  0.08583174494740041  0.09654413961048434
  0.11001734710676993  0.12350457637057125  0.13463238523051982  0.14442214154843430
  0.15398534434320019  0.16365827162715885  0.17359419556452155  0.18368729405431725
  0.19474945016923625  0.20678468221197049  0.21908126407183215  0.23120651202898793
  0.24288257568881236  0.25415403169630246  0.26531469888035419  0.27645617765285113
  0.28761747324021575  0.29848065907702342  0.30913579187405782  0.32007530990006400
  0.33113465938615133  0.34180148751039080  0.35218936647850935  0.36282695112587360
  0.37384752437104352  0.38504345876498380  0.39611816019585211  0.40710607778773272
  0.41717136226789220  0.42591987233552514  0.43441993951659641  0.44299013733072645
  0.45124113428640672  0.45950684618368454  0.46824495426243906  0.47760848793068922
  0.48930476054489180  0.50219128656072409  0.51496221411350374  0.52756793848803563
  0.53981299481900247  0.55146012403500932  0.56246687544704355  0.57226567872909651
  0.58203345074825497  0.59161433281769549  0.60102209767922243  0.61033104080167477
  0.61952620868417896  0.62894005791926999  0.63833175891863025  0.64793192898035212
  0.65777941663902273  0.66762524199210993  0.67742999395246217  0.68733123529265860
  0.69787676433838119  0.70821532798682851  0.71828756948426931  0.72887744737895055
  0.74022018761385577  0.75144267709163759  0.76213806979839338  0.77303166228964715
  0.78485373452238305  0.79711876508079293  0.80928441610986190  0.82109478921771939
  0.83270592594854920  0.84495605031762133  0.85794149496624927  0.87148792217908821
  0.88464123515230331  0.89684501002025607  0.90906855945363763  0.92081271383162100
  0.93182591844685980  0.94276406911550759  0.95404117809182210  0.96394050984929625
  0.97315357066782104  0.98222667050220702  0.99096789686290987  1.00000000000000000
 -0.00207975609050437  0.00885044653319240  0.01847512990116287  0.02867588536753179
  0.03843736969689398  0.04897077716927070  0.06028178600243059  0.07151134757689380
  0.08238266424753571  0.09266212481745534  0.10303259318281839  0.11305584044843248
  0.12299245740589554  0.13344170502245561  0.14437258809101372  0.15578691693607188
  0.16710623037068628  0.17839023872341361  0.18949173753834667  0.20079185843817043
  0.21194763908141587  0.22283156093740300  0.23417702955201711  0.24556402266205452
  0.25650231040552929  0.26691397199909250  0.27729874148184541  0.28779702518757616
  0.29760415977892257  0.30720764299773290  0.31678937075598290  0.32655837926211295
  0.33657188328469090  0.34633029281422906  0.35580006599960512  0.36542977191436204
  0.37563018318086944  0.38669134044463238  0.39790601112686569  0.40902037753700171
  0.42009867404282281  0.43116234517346574  0.44196063491241050  0.45285343492037322
  0.46459072044026961  0.47718367001413953  0.48862239620391718  0.49915519228530769
  0.50978875467216822  0.51994600097264232  0.53012976438909798  0.54064797111484031
  0.55179173634329026  0.56348301315390481  0.57514683384796406  0.58669824581894092
  0.59931715531430196  0.60993937027860001  0.62021771801706438  0.62963253330016478
  0.63898334771736520  0.64847443088185008  0.65768342594667151  0.66688333174134473
  0.67598910439771365  0.68508474577477196  0.69399006765673243  0.70275646937031644
  0.71184727123960956  0.72114804850435898  0.73040677877751570  0.73968990369546916
  0.74918206074503213  0.75919406236753517  0.76928254082410485  0.78007068672002500
  0.79146260719512040  0.80314790153987714  0.81430457941225676  0.82465047464700025
  0.83487079096912165  0.84547206401736186  0.85614272892427545  0.86648650899933100
  0.87697324252119413  0.88796286233209443  0.89955414411628853  0.91109880743127447
  0.92306563725877944  0.93562298175328473  0.94779493494285083  0.95950698290678649
  0.96955419084153294  0.97968646424879469  0.98960558017778388  1.00000000000000000
 -0.00245082480441741  0.00918734343746163  0.02003830749742396  0.03110751574370854
  0.04209034633958214  0.05292411462521508  0.06393055150608720  0.07505411177811534
  0.08741712815478410  0.10007394519696799  0.11174466326952991  0.12262583162155621
  0.13272421956220204  0.14218835398053015  0.15142303376004709  0.16084202561656499
  0.17059249922769235  0.18045924146811684  0.19070817507043467  0.20206323468810991
  0.21452978732456399  0.22705517920049786  0.23836242838612939  0.24921175801516754
  0.26043438059575880  0.27163318612001419  0.28234486503481399  0.29250649219889979
  0.30258678696208963  0.31310564686112569  0.32412227375159491  0.33478956420136768
  0.34450001740456454  0.35380964989688879  0.36342646564659564  0.37367053159312319
  0.38426252486446721  0.39477054923475907  0.40537530058265570  0.41660476541955416
  0.42879912322299790  0.44087509605012631  0.45196613529966040  0.46318377486233686
  0.47479340404272241  0.48636019754264026  0.49795026451519092  0.50936372704958988
  0.52034359065666314  0.53101278056928825  0.54164299229390134  0.55220757813181298
  0.56251595978410207  0.57250282426278276  0.58241776369940401  0.59249087046313798
  0.60253690466897891  0.61295606774484146  0.62346526828458770  0.63398827053692952
  0.64452260548203621  0.65518534382895610  0.66544963862432338  0.67519224574942360
  0.68475336585085644  0.69422265528672555  0.70364511291572884  0.71308307026319928
  0.72304812236828953  0.73388493603920191  0.74502843317085932  0.75621680837887906
  0.76730531688917414  0.77824150161037886  0.78897905133948409  0.79930103176805212
  0.80946483291192972  0.81972829706741035  0.83035756365654578  0.84103128929529025
  0.85116865471155434  0.86082454568976208  0.87056993309709552  0.88061869748544164
  0.89045687496104287  0.89982265055666899  0.90875193146649891  0.91851594044875207
  0.93006269667797969  0.94137634738253373  0.95177150142241662  0.96183358902870553
  0.97201748752221695  0.98169700394813009  0.99096512911288315  1.00000000000000000
 -0.00363967554901995  0.01252581075941153  0.02478330187924026  0.03595510763838008
  0.04626337379717719  0.05602562237517691  0.06589604469165232  0.07590722904155972
  0.08630945498428454  0.09693216175921054  0.10745514639964979  0.11848610064750054
  0.12941888595552412  0.14064388322446264  0.15177673968402669  0.16287650159864100
  0.17513839549531829  0.18697877256330453  0.19763006061447341  0.20779441754246766
  0.21807231857245007  0.22803790831031473  0.23754042662793598  0.24699261099347555
  0.25703930653886436  0.26738216905116224  0.27831436617520916  0.28931505004724573
  0.29892408829567757  0.30800292140700491  0.31719768260269315  0.32657584936759543
  0.33578299703309822  0.34493366917606821  0.35391837527636599  0.36526896437858114
  0.37680182810803470  0.38840146283150184  0.39952036449472178  0.41047265202887273
  0.42132221470930808  0.43213858603111471  0.44344535668715629  0.45526321863651531
  0.46707448005692237  0.47851207553164254  0.48978296097730828  0.50110775122895534
  0.51243113702097787  0.52376458423738337  0.53521276256515693  0.54635321329744679
  0.55661280764039278  0.56600218680290937  0.57489881975136969  0.58382620920582928
  0.59256040269006371  0.60130419118420630  0.61048296850911110  0.61989093263768380
  0.62949378712091453  0.63908417149696961  0.64906271349138778  0.66034962491648219
  0.67220538472097124  0.68400116140372147  0.69525582121993401  0.70635563234239696
  0.71754882565134948  0.72897912568418033  0.74061798677213209  0.75201047176452751
  0.76288165581403966  0.77311445335431161  0.78279524036100734  0.79216654579492651
  0.80074086644747988  0.80918553200712218  0.81793131593730639  0.82741920436962080
  0.83720978317628969  0.84772310959627650  0.85813312258611418  0.86888668608729080
  0.87889393275354055  0.88870643437682506  0.89931579403878525  0.90951025241377970
  0.91992134195237840  0.93134788630379761  0.94340268503104829  0.95625502654622330
  0.96708867296008239  0.97816787743497335  0.98907174036208578  1.00000000000000000
   6.0374551175521624E-015  -1.0000000000000000     
 F F F F F F F F F F F F F F F F F F F F F F F F F F F F F F F F F F F F F F F F F F F F F F F F F F F F F F F F F F F F F F F F F F F F F F F F F F F F F F F F F F F F F F F F F F F F F F F F F F F F F F F F F F F F F F F F F F F F F F F F F F F F F F F F
  <DiscreteSampler_grid>
  grouped_processes
  1 # 1 for a reference and 2 for a running grid.
  10 # Attribute 'min_bin_probing_points' of the grid.
  1 # Attribute 'grid_mode' of the grid. 1=='default',2=='initialization'
  0.0000000000000000 # Attribute 'small_contrib_threshold' of the grid.
  0.5000000000000000 # Attribute 'damping_power' of the grid.
 # binID   n_entries weight   weight_sqr   abs_weight
    25   10   1.939914323865184E-010   8.016786803279139E-020   1.939914323865184E-010
    43   10   2.835956631106484E-010   1.589971008361082E-019   2.835956631106484E-010
  </DiscreteSampler_grid>
