 -0.00000037945321223  0.00001387650476672  0.00006142081003041  0.00012919090362798
  0.00021162289616534  0.00030134614651353  0.00039954532182993  0.00051061509897114
  0.00063376440605165  0.00076273820572722  0.00089676718987584  0.00103495180776449
  0.00117415798865181  0.00132066184477757  0.00147209126037702  0.00163273976431632
  0.00179948959813734  0.00195876377561678  0.00211409887754073  0.00227235562612190
  0.00243411167260645  0.00260269642670616  0.00278325103634505  0.00296646616760580
  0.00314114943126522  0.00330939784502382  0.00347933128485519  0.00365440516843174
  0.00383481159473168  0.00401447517097668  0.00419095722500969  0.00436910026058565
  0.00454735375900284  0.00472456705120922  0.00490883453413581  0.00509224589516310
  0.00527333070155062  0.00544917942434573  0.00562420625296610  0.00579814371394953
  0.00597468276858374  0.00615124419709168  0.00633228462785414  0.00651786388476919
  0.00670181742391965  0.00688371628992373  0.00706340437966847  0.00724138833602617
  0.00742011187815273  0.00759918570783748  0.00777846330576253  0.00795437094910687
  0.00812716320091555  0.00830010431571141  0.00847303127634833  0.00864264904057483
  0.00880388672165071  0.00896169995176396  0.00911998984966710  0.00927856819668407
  0.00943704020359096  0.00959035167343128  0.00974570559147175  0.00990140024050323
  0.01006024922681771  0.01022150123942659  0.01038324676658376  0.01054691289450390
  0.01071377139645758  0.01089549109227016  0.01107645845529620  0.01127502876297837
  0.01148790078329097  0.01170924730924496  0.01193867335936054  0.01217833934308113
  0.01242627298044933  0.01268814036868853  0.01296306302193751  0.01325139852312653
  0.01355275181453395  0.01387558565369586  0.01422244008354937  0.01460630754926346
  0.01504775576833461  0.01556238925137229  0.01614404081420577  0.01676007285903787
  0.01745246815062437  0.01824271681869940  0.01918564090613651  0.02070859918894241
  0.02312348948514145  0.02978380285848523  0.05155195740481373  1.00000000000000000
  0.00935823927863775  0.01671835075713515  0.02683521142914295  0.03813546144488784
  0.04891667810291821  0.05994057641958483  0.07089487923120842  0.08169759132811480
  0.09192277252998239  0.10187604129553678  0.11183419166010630  0.12158393023154627
  0.13115289928836438  0.14126267493094566  0.15172033237094881  0.16250872189659166
  0.17351254994701432  0.18478557585052416  0.19544046892447095  0.20546137861885172
  0.21542575233972738  0.22525289096402001  0.23503978695093364  0.24531687368203742
  0.25643421896329860  0.26807774924699396  0.27933086397411938  0.28961186999550514
  0.29987646650976579  0.30981441872937954  0.31996998647509928  0.33085672918575332
  0.34230456716693702  0.35302516699570491  0.36338494180450659  0.37338316879439248
  0.38359700235287775  0.39328448274929029  0.40268794531876606  0.41211736026952567
  0.42172087764104438  0.43112273308207244  0.44059468351582615  0.45029482073268495
  0.46021056201493693  0.47058173365344291  0.48118948976168868  0.49170147940621522
  0.50188301898308452  0.51213746868029075  0.52271426504820862  0.53348901546121708
  0.54486379775254068  0.55647925329922310  0.56731891660006528  0.57784501986228376
  0.58860758411948155  0.59936212272519185  0.60965730668392293  0.61971331962441978
  0.63014126528407000  0.64121814870533056  0.65233865095108590  0.66334348531014231
  0.67416758363956175  0.68476932118586653  0.69532149669452914  0.70624086454070378
  0.71779293646199471  0.72922285329366532  0.74007426873257165  0.75054783497776001
  0.76115171378186863  0.77194991223819687  0.78263150608791610  0.79281020339609898
  0.80260136558666451  0.81281207943957035  0.82327449825832855  0.83386480061092128
  0.84431784431394574  0.85476774644549136  0.86537060796706100  0.87627578335795864
  0.88733571533910049  0.89847077324953228  0.90898099304845981  0.91928284268785010
  0.92998260837177049  0.94050224693887496  0.95093635168982782  0.96115618858111451
  0.97135461631413367  0.98176919150165054  0.99144835380683460  1.00000000000000000
 -0.00217909091376658  0.00920746785710828  0.01839864932040256  0.02820499625167855
  0.03786948047633917  0.04756854681524657  0.05761640246825776  0.06798350097047834
  0.07921636962429429  0.09060990996285541  0.10190872993981834  0.11278765096028820
  0.12368571799378489  0.13359772128985178  0.14420756297825907  0.15522564409845571
  0.16671987088982676  0.17845958353095703  0.19066060636551255  0.20296281074029618
  0.21439757570362758  0.22489578823507136  0.23494621564213727  0.24485202604643408
  0.25499652067957934  0.26538762879199940  0.27581086190699095  0.28624330474726684
  0.29684314432523645  0.30808458036088243  0.31978689862618176  0.33109757246714522
  0.34228269192871369  0.35333400001795190  0.36407797417007060  0.37467475517398224
  0.38514107957518284  0.39575162573105488  0.40635982156977984  0.41692728514766181
  0.42719380154533376  0.43748696481983512  0.44778703377344375  0.45816874160959387
  0.46860876323471357  0.47924414672014731  0.49016158035239105  0.50144649259205010
  0.51261391586829508  0.52395751029812321  0.53519260120968992  0.54607116832558000
  0.55644823676027921  0.56667284808939289  0.57691321255135919  0.58743184593847053
  0.59802859123971264  0.60823008361328335  0.61797275668421681  0.62767214913772817
  0.63752865720229834  0.64727440763289490  0.65713384625835536  0.66730082383488665
  0.67768446087661049  0.68807652563867361  0.69859429980834609  0.70925521891309862
  0.71997360655610865  0.73065723977774844  0.74132011018607302  0.75235614460634836
  0.76404110914487600  0.77610224470482381  0.78769744524771912  0.79862316688862578
  0.80920256176246852  0.81943173262641200  0.82935313160776147  0.83935275642667251
  0.84966838304703107  0.86000944076498653  0.87019292367726031  0.88039339086208468
  0.89070635514783292  0.90092093841034382  0.91109537722247769  0.92143504715004410
  0.93157526441069849  0.94160369290245149  0.95143894705123566  0.96096529082283177
  0.97064546374599570  0.98002970844611159  0.99025561034046405  1.00000000000000000
 -0.00238836103646657  0.00922894849611457  0.01853551132895133  0.02923481099984633
  0.03930938640500914  0.05002399424183887  0.05963481168640280  0.07152711087610002
  0.08326305739437401  0.09496393597372557  0.10627839279407840  0.11743132528367731
  0.12888730894195025  0.14068924798839302  0.15226739952319426  0.16328190487753380
  0.17386346082530951  0.18421186508048973  0.19434747682746187  0.20448238817079667
  0.21517153862992255  0.22641828856507826  0.23703304191732646  0.24697074941308952
  0.25655040401955809  0.26638305300478460  0.27679591508502133  0.28755728713505513
  0.29854432877304637  0.30936623031079286  0.31993104939571387  0.33049319775252844
  0.34115334471717168  0.35207028624689196  0.36257885327920358  0.37254154912096377
  0.38239293307850603  0.39258348348028316  0.40230925239785237  0.41127552048055205
  0.42039633811910504  0.42999277013764631  0.43996094177110695  0.45034005440241087
  0.46130124507701759  0.47309708964304303  0.48496647141383692  0.49701188461134771
  0.50861821773275062  0.51964091573611138  0.53049575397553816  0.54136608339378733
  0.55255698263409947  0.56386566474868105  0.57503381043049906  0.58591072024687696
  0.59659090352907374  0.60711640034996150  0.61747108974019793  0.62773515765981081
  0.63857714499551543  0.64941215108142003  0.66040222241351176  0.67088043140721298
  0.68165322320500177  0.69230242588103752  0.70296086720876561  0.71327727696483445
  0.72354496580930494  0.73345341896838678  0.74333118622450878  0.75327341831190497
  0.76257720132401963  0.77223148090954807  0.78197390164034120  0.79230877457099469
  0.80264553672242245  0.81276583270358416  0.82315245269985027  0.83359788513569677
  0.84425369630776170  0.85473040277309476  0.86558572415959056  0.87590466715118787
  0.88601506608765046  0.89601106778510620  0.90596884830080604  0.91616685341946780
  0.92636772114415722  0.93645750395388050  0.94619805524054712  0.95623009521752778
  0.96645566055696175  0.97785435193804848  0.98878391696595036  1.00000000000000000
 -0.00262118076414963  0.00987967516150851  0.02046469449435246  0.03015123390529143
  0.03957477498390163  0.04863748176515535  0.05760748967903783  0.06654925245309044
  0.07526712906577368  0.08400916968675214  0.09328761561601552  0.10285057357905610
  0.11265193713207998  0.12234544634673671  0.13229432914044334  0.14257665477805445
  0.15331892629935442  0.16471785707456646  0.17612986229835528  0.18747853678025211
  0.19863934320395943  0.20958606876504757  0.22011152158126282  0.23059038437088988
  0.24118018743420164  0.25174443711371680  0.26240058415031553  0.27323036720312838
  0.28385019373615988  0.29441558756588010  0.30507646046507964  0.31555851017625763
  0.32595747215712906  0.33676343259517394  0.34805275946878977  0.35896114310614757
  0.36928716625200486  0.37959068896789122  0.38990362056748312  0.40026522550769583
  0.41074589012927082  0.42130217406629783  0.43180032017742132  0.44215574797435608
  0.45271141409716825  0.46333010907705496  0.47352912983903417  0.48331329473025469
  0.49307194587565417  0.50331246711481348  0.51415909150393746  0.52527867681566631
  0.53646824657644776  0.54763689466211629  0.55876689525806833  0.57003360122200464
  0.58117500117780752  0.59194051445432794  0.60261940711779638  0.61322685474292815
  0.62388205264040575  0.63399708708008762  0.64403876610404098  0.65418174892846814
  0.66425888504202979  0.67442451794071823  0.68482721746024988  0.69524656168706711
  0.70614914501594095  0.71758543754160176  0.72916539920846324  0.73998016888214735
  0.75055610199634992  0.76159925617629087  0.77255812954298708  0.78297655861539373
  0.79331046423106288  0.80416343445929517  0.81520727894911404  0.82590940820111636
  0.83630041588911808  0.84650235961428433  0.85711993778735340  0.86776864965970546
  0.87856640527853724  0.88975367243456682  0.90130107877361010  0.91286728234176906
  0.92530067040961383  0.93625132722566584  0.94731188936812039  0.95827972439585729
  0.96820593359017904  0.97901926798357775  0.98957630974524868  1.00000000000000000
 -0.00214504732307307  0.00877478249096623  0.01780603004817406  0.02790164820404519
  0.03756560194936286  0.04767191236196765  0.05762698931802572  0.06845294148742649
  0.07945135455029737  0.09035361712817315  0.10087709013439508  0.11180185895860628
  0.12221287706637726  0.13311349830319072  0.14389050326338088  0.15493615887206783
  0.16576766849322969  0.17682132600594228  0.18782985645638597  0.19852776639257971
  0.20945035955544414  0.22034755742485626  0.23178125637278604  0.24258676075035113
  0.25312998575679779  0.26367129205919171  0.27473181460018958  0.28663945140891228
  0.29770620519379892  0.30809961210143899  0.31805081247309891  0.32763296771918898
  0.33731238707483630  0.34713565358939513  0.35713008901315380  0.36733686391863274
  0.37810206791849432  0.38944556985223600  0.40084541090629588  0.41191613437934449
  0.42276672371961110  0.43330827227213770  0.44328077378421082  0.45301526469225362
  0.46290459597519484  0.47328062373586327  0.48438873689863937  0.49522630470013435
  0.50562023778791076  0.51588636389821818  0.52684175808926992  0.53776775856668024
  0.54815121538340728  0.55805338075944522  0.56809586985616212  0.57797733657742689
  0.58750375780480457  0.59690054866824771  0.60636377363322502  0.61555384798811130
  0.62482709644098666  0.63473546929934366  0.64495785668557026  0.65524493085464097
  0.66549717028829636  0.67541783638068353  0.68526127257401614  0.69536060483969542
  0.70604224482591460  0.71677311824336976  0.72712107721274299  0.73800376938795131
  0.74924949434190613  0.76102657038837052  0.77305532478959671  0.78424991582478087
  0.79567874363516400  0.80659620347396588  0.81751845318230920  0.82777948226113796
  0.83808279593285695  0.84850015282982227  0.85918881462698071  0.86954031712855540
  0.88007667518685129  0.89104720474101828  0.90209415620008337  0.91330041944359719
  0.92383034511264706  0.93423337682352736  0.94406596645585350  0.95443259077253162
  0.96582420853735995  0.97734140686463766  0.98884349229143453  1.00000000000000000
 -0.00144514820627951  0.00467288094078429  0.01060650079801987  0.01638709133144375
  0.02229570977236419  0.02826886622373809  0.03435298858208133  0.04057504746635372
  0.04701762445024021  0.05362237578036588  0.06019909972769712  0.06675806356872373
  0.07323187580930002  0.07976790758185566  0.08620774728547802  0.09288213295890568
  0.09962748056635662  0.10643247419470210  0.11299261898178448  0.11959058010681475
  0.12656935518170268  0.13421732098385070  0.14217375230820684  0.15061338855831224
  0.15921523093484230  0.16831017752148372  0.17788272627789187  0.18851121674054916
  0.19888691518314533  0.20946687959336893  0.22001828651452565  0.23052050191593543
  0.24133468848558851  0.25257511749633582  0.26452086068969405  0.27732712441158164
  0.29138304583090530  0.30661729353202727  0.32238015082658306  0.33897337966445673
  0.35613609175793820  0.37365914338551132  0.39140739395440577  0.40966695782610291
  0.42846499049420567  0.44876222151694101  0.46975542945284243  0.49017513737032714
  0.51059687815543187  0.53117722308953930  0.55279415528492992  0.57320268725022072
  0.59206138999033642  0.61013438947595711  0.62745919816235385  0.64454066028788248
  0.66140966990572814  0.67738701253756950  0.69212317738544715  0.70557358821526217
  0.71777433314236172  0.72963063879600010  0.74191554184026787  0.75357386031379270
  0.76466933982466490  0.77564368610799506  0.78744052118561469  0.79871475340272080
  0.80916553844754502  0.81834550043963161  0.82708986752910307  0.83554370707306702
  0.84375446071402671  0.85178810924658921  0.85949161803133156  0.86691422427820186
  0.87421871571449739  0.88141378028347717  0.88866802617824936  0.89565418679502429
  0.90273657367651194  0.90980250616244340  0.91659504393439228  0.92360857593908641
  0.93045320881471194  0.93725391452722195  0.94391236602646555  0.95064451232139235
  0.95733458978777752  0.96374272253242321  0.96985997954435310  0.97589827687976971
  0.98199592616236164  0.98807926568501458  0.99406319262604181  1.00000000000000000
 -0.00223406121463727  0.00939645869717850  0.01908296477169435  0.02876158382454438
  0.03794885640649167  0.04713441566845181  0.05678085168458256  0.06670203841739371
  0.07675976109461405  0.08687210181012106  0.09701669635036213  0.10717566362183491
  0.11733961344381441  0.12758360075487143  0.13815212843236677  0.14928468999099018
  0.16067869086352482  0.17162915109033564  0.18211674957937762  0.19250905375536986
  0.20285216315393637  0.21300067831170255  0.22319294794634628  0.23409124413169902
  0.24545018785721456  0.25620124169872560  0.26655785299730117  0.27719270121325901
  0.28803754982494950  0.29903505612781905  0.31014560556819781  0.32154743916635864
  0.33291525016780088  0.34408087244239771  0.35565256657928401  0.36691815885566614
  0.37821921319657292  0.38990426587367066  0.40175309977380502  0.41394602862130120
  0.42610331081391978  0.43784565234798722  0.44950140729554738  0.46079346247490005
  0.47148098960684376  0.48197909567580316  0.49224098818620876  0.50262053642902227
  0.51309847702899991  0.52417681538898764  0.53545620629156088  0.54635307997163107
  0.55672722641533146  0.56716623244270714  0.57763133315186566  0.58780008462412248
  0.59812984821866910  0.60827694283142608  0.61859247992569688  0.62924905390199637
  0.64022795069717997  0.65045621802773712  0.66038703887888739  0.67032606464086442
  0.68106442609995510  0.69161403282087730  0.70217750377694199  0.71239669123327254
  0.72212836638060007  0.73184544814447261  0.74174523660634883  0.75218218754107091
  0.76304707686493289  0.77381196673752328  0.78452003976234219  0.79537836405140550
  0.80645889758936273  0.81758548824749933  0.82803058568428478  0.83859536081439989
  0.84951033868800918  0.85946278309397317  0.86867999391689710  0.87869447630450881
  0.88888989183402622  0.89940822243353569  0.90921246916750720  0.91930088129735221
  0.92972293521978744  0.94006044549489098  0.95032061883630514  0.96072357682116594
  0.96991063359544383  0.97934651987486676  0.98921528589664887  1.00000000000000000
   1.6793828277597230E-014  -1.0000000000000000     
 F F F F F F F F F F F F F F F F F F F F F F F F F F F F F F F F F F F F F F F F F F F F F F F F F F F F F F F F F F F F F F F F F F F F F F F F F F F F F F F F F F F F F F F F F F F F F F F F F F F F F F F F F F F F F F F F F F F F F F F F F F F F F F F F
  <DiscreteSampler_grid>
  grouped_processes
  1 # 1 for a reference and 2 for a running grid.
  10 # Attribute 'min_bin_probing_points' of the grid.
  1 # Attribute 'grid_mode' of the grid. 1=='default',2=='initialization'
  0.0000000000000000 # Attribute 'small_contrib_threshold' of the grid.
  0.5000000000000000 # Attribute 'damping_power' of the grid.
 # binID   n_entries weight   weight_sqr   abs_weight
    19   10   9.598132877494469E-009   7.152530886093946E-016   9.599638992798182E-009
    25   10   1.342781929765927E-008   1.199286387549546E-015   1.342817865683661E-008
    37   10   2.693195534301819E-009   2.278086213212943E-017   2.701318676669626E-009
    43   10   3.314629349816076E-009   5.344005789962526E-017   3.314698528415245E-009
  </DiscreteSampler_grid>
