 -0.00000000279301103  0.00000131633596337  0.00000872255182622  0.00002495831979368
  0.00004971532741081  0.00008117030272904  0.00012033212981356  0.00016614507448858
  0.00021688251549560  0.00027044953777267  0.00032875553866895  0.00039152607975026
  0.00045799108182091  0.00052854555748247  0.00060087015911301  0.00067740340815718
  0.00075840650342621  0.00084427368436106  0.00093417464385878  0.00102361036764596
  0.00111488053237062  0.00120564174871934  0.00129668359306805  0.00138786173134182
  0.00148077429862179  0.00157302032397153  0.00166512274696979  0.00176034637384138
  0.00185666526912696  0.00195264670910489  0.00204794613210286  0.00214337882134087
  0.00223908958942814  0.00233561797280229  0.00243543083454551  0.00253153217683838
  0.00263055121376294  0.00272911169078836  0.00282417192091447  0.00292371057153877
  0.00302814845767563  0.00313587342276325  0.00324377042784408  0.00334952322596150
  0.00345502300551506  0.00356119774755816  0.00366674996378557  0.00377083013751705
  0.00387848773367034  0.00398914600451448  0.00410061708178936  0.00421228658567018
  0.00432120664106028  0.00442836872724655  0.00453595687232921  0.00464390430258913
  0.00475200775257597  0.00486150734012276  0.00497558930364544  0.00509365332035001
  0.00521466824086552  0.00533401815192810  0.00545089100254412  0.00556610099275843
  0.00568149194913281  0.00579895473290170  0.00591813640836375  0.00603976248815632
  0.00616359567129292  0.00628339586154253  0.00639818477807970  0.00652282904592100
  0.00665405806210167  0.00678827121306534  0.00692558791838204  0.00706501026863875
  0.00720902982509289  0.00735435053757072  0.00749960630346329  0.00764581445155104
  0.00779541361392784  0.00794978693540239  0.00810511639752201  0.00826794233465236
  0.00844253116510498  0.00862741897847420  0.00885856604434120  0.00909710035460135
  0.00935208033931426  0.00962867126273028  0.00993233541863259  0.01027451112862370
  0.01069259350583017  0.01145254265859280  0.01206355224094272  1.00000000000000000
  0.00875224590092146  0.01817548821062238  0.03055123438955992  0.04188856460013404
  0.05233220848358724  0.06255215201486652  0.07373456277523360  0.08525520542299238
  0.09740423531733980  0.10924380466941261  0.12079777623665927  0.13221580299623018
  0.14374289726499787  0.15600266000666271  0.16770827094282106  0.17831938590154667
  0.18841964346820519  0.19842350156153862  0.20850511683545689  0.21889112570781041
  0.22971655944658462  0.24128742975403786  0.25310180372788699  0.26465189579253462
  0.27545147666929026  0.28508181949915812  0.29427047642687104  0.30350059323524403
  0.31312112692373634  0.32266613176493159  0.33191562949884229  0.34143504578474621
  0.35126361373133536  0.36114044962344183  0.37113394697742197  0.38086157292562978
  0.39037217313651845  0.40017505137200321  0.41037009690498394  0.42106249362897180
  0.43194364352733089  0.44352929810425462  0.45591622926253866  0.46863787197444001
  0.48086792434148418  0.49244143236630888  0.50418704210507925  0.51633544662745678
  0.52789555068831906  0.53895846428979266  0.54998154860384574  0.56091905420388422
  0.57100161539554073  0.58068257482944496  0.59043074404945950  0.60041078931274272
  0.61029137663793842  0.62014240993318159  0.63013718333229873  0.63985951235625604
  0.64944550331645334  0.65946622464367388  0.67046065080508610  0.68217666099439478
  0.69321336342267081  0.70332471361915971  0.71330399266440814  0.72315574497578838
  0.73266795869598511  0.74193684061343268  0.75166486503763996  0.76208390520489955
  0.77234108403041557  0.78226590228251647  0.79238434392899826  0.80253841124661074
  0.81252596059534121  0.82268830260094739  0.83310657943542810  0.84369607290550275
  0.85423966562908660  0.86446703221390897  0.87444917876513972  0.88386474120985092
  0.89335297478124476  0.90291759193670196  0.91235662329413936  0.92157336879386920
  0.93063682659045388  0.94040626253364967  0.95098506780917724  0.96147594241787304
  0.97163924296424042  0.98135463988616334  0.99114281771079860  1.00000000000000000
 -0.00002065220425719  0.00026348521967883  0.00076071174017270  0.00154941491728621
  0.00263499511715783  0.00406051238768089  0.00570937730799898  0.00768082709455646
  0.00974018268931832  0.01209279670712483  0.01475144621308689  0.01758742429389138
  0.02061099692557340  0.02370807746243799  0.02700091471073866  0.03046017474125997
  0.03410855940902276  0.03781270584237880  0.04152041278844525  0.04535795563795100
  0.04939183292583850  0.05393622238490338  0.05881290751092019  0.06403623322730076
  0.06948455209577452  0.07483510849198864  0.08010382616342593  0.08526331291414599
  0.09038960111570934  0.09564664330384795  0.10108536000900459  0.10654199572829502
  0.11223313893515349  0.11798985823572029  0.12407243823808750  0.13039202549162543
  0.13681290027643980  0.14343429641171609  0.15031447052785196  0.15730045400060813
  0.16447769363730017  0.17232164918688750  0.18008871837193458  0.18833362938434345
  0.19685254172655264  0.20579005999764294  0.21496955059083456  0.22423935884304555
  0.23347529856743277  0.24261671013789515  0.25198634651185070  0.26228436197659388
  0.27299024387297538  0.28397389166840964  0.29533976324429856  0.30745006877299846
  0.32027867507449104  0.33345721765569525  0.34754571296553816  0.36167830665014566
  0.37594299278344584  0.39001548720362927  0.40361117546446884  0.41680476014713724
  0.43023164886044729  0.44400863559593734  0.45839494433346584  0.47318001536423254
  0.48818684849559396  0.50331991453286440  0.51851868839646420  0.53411958841149376
  0.55040880000660386  0.56682877596949299  0.58339961281401753  0.60016026552180923
  0.61710978675342676  0.63441322183402815  0.65187234989987308  0.66974032297766306
  0.68745768950386565  0.70562757599964299  0.72443749148172698  0.74371101184322419
  0.76317315159759525  0.78255982639434352  0.80181212924062872  0.82307690651089971
  0.84440078452496481  0.86547837213128465  0.88645763980169101  0.90825215494048606
  0.93108251271486486  0.95421401276632944  0.97721647394966615  1.00000000000000000
 -0.00304250376416381  0.01221213240203436  0.02451754505733855  0.03626238048463239
  0.04844133094751589  0.06072061267505966  0.07238699227303345  0.08380620657644169
  0.09450583261700252  0.10442178734596126  0.11344583514934695  0.12235979114865171
  0.13126703051844907  0.14013842533571219  0.14971888421155249  0.15944999808518390
  0.16914472301621428  0.18071523833317427  0.19297442719243915  0.20695296215843390
  0.21926019577869124  0.23140071012817026  0.24419615642559231  0.25586601746462451
  0.26729178807062026  0.27899420013901377  0.29062296185152575  0.30087387555085593
  0.31105310823102289  0.32158444723346408  0.33217848600777056  0.34210824399111828
  0.35200125874343158  0.36283445101816836  0.37400948771188369  0.38527922317933816
  0.39661208707603973  0.40984393746698516  0.42268304185035066  0.43533610366131786
  0.44814508135218850  0.46072900021268015  0.47297407331506308  0.48496851133408853
  0.49672611711598474  0.50807414846253174  0.51899218657447987  0.52962725463292915
  0.54010463768471328  0.55079792500747826  0.56167674109247223  0.57221642916400539
  0.58220358673698236  0.59187289221548789  0.60168433583513481  0.61204116054121671
  0.62269810093670896  0.63315308381093416  0.64372440325667990  0.65425612199171723
  0.66478022471039988  0.67480984503725983  0.68475625658541805  0.69506999389794921
  0.70546534992736976  0.71541771898171280  0.72509135571372774  0.73474959588782185
  0.74462988740753067  0.75475289974188908  0.76487824482874200  0.77539701026823749
  0.78590077043596107  0.79540761977639729  0.80437813254249491  0.81345516541232354
  0.82283239644880413  0.83202944462607187  0.84060779391423956  0.84880685222510110
  0.85782463418184274  0.86759426276773488  0.87708649647488235  0.88634239066693743
  0.89551980768687700  0.90556496799140662  0.91571503967630219  0.92554067832710263
  0.93540662893793680  0.94551974358475910  0.95560206722791574  0.96489665669172564
  0.97390715964601826  0.98269835692908392  0.99155405473873148  1.00000000000000000
 -0.00242764467691931  0.00918212722798717  0.01864270152765927  0.02916674158974678
  0.03963748093409569  0.05029188147239856  0.06081638309955129  0.07235711469135475
  0.08373755610174508  0.09408287933013752  0.10470756679340171  0.11589250102957119
  0.12707583288134416  0.13796119082496536  0.14983335309014528  0.16209330454236395
  0.17461108357167068  0.18622703631865425  0.19711462638798877  0.20762693242037533
  0.21831134797799279  0.22904090049732084  0.23944137903234528  0.25006779228654458
  0.26166741954714684  0.27317403162214993  0.28409637184766745  0.29481446450087201
  0.30531355536211979  0.31549311898665650  0.32549167050716898  0.33523591091555283
  0.34467083786893837  0.35411882343780471  0.36418097625360046  0.37451470739009274
  0.38453121834949694  0.39449493026392224  0.40504007965204619  0.41597139436547093
  0.42725767642233570  0.43844545933476164  0.44823532825109552  0.45829634280455794
  0.46788334832914508  0.47710403878396651  0.48598431827137140  0.49496403537397754
  0.50474564075066075  0.51526391138522942  0.52574749888644612  0.53677142279396328
  0.54741898468135319  0.55846477241327297  0.56871257394816699  0.57867278717896931
  0.58831835823521395  0.59814731900652685  0.60784446461378350  0.61773262093907100
  0.62812840898131062  0.63957011510898421  0.65041236362543553  0.66103224864847798
  0.67183555469729772  0.68343573629205967  0.69355043005728256  0.70289987152463174
  0.71244073786051554  0.72189081627167095  0.73142490719024034  0.74114715728027425
  0.75132579686985324  0.76293819000793306  0.77482047021506117  0.78695320480200426
  0.79900999144786911  0.81135561215836094  0.82411435529020882  0.83586744363631782
  0.84708929133129041  0.85796961237565006  0.86885685593819950  0.87964031740383275
  0.88998509547350180  0.90031775520492441  0.91093957285216631  0.92157496214677681
  0.93193482794582783  0.94183945660445223  0.95131419616275825  0.96085322484726921
  0.97071798175982582  0.98071179177459344  0.99052802926170946  1.00000000000000000
 -0.00208844663718087  0.00929221432902273  0.01882274659889033  0.02888864183122198
  0.03873980433844023  0.04814727232620050  0.05725892085658956  0.06723184381406201
  0.07860277014458350  0.08992729288037968  0.10140058114928654  0.11205271692211459
  0.12317855101718247  0.13361126410969165  0.14385307614468107  0.15388269415323014
  0.16405822296697664  0.17455503841584769  0.18496848989811199  0.19532777205462745
  0.20581235135361062  0.21627125210198911  0.22651022374717256  0.23634218055918019
  0.24630763589957760  0.25707668750700446  0.26835831172565083  0.27927069209747785
  0.28996998472853902  0.30146956251754725  0.31337104547702066  0.32486882317809535
  0.33597094418626161  0.34698343391507031  0.35780887689928781  0.36835400859380812
  0.37943853599846467  0.39069331687165593  0.40164759214480467  0.41235710890446958
  0.42337193555209507  0.43476832485337669  0.44546006830891122  0.45591193172647648
  0.46631103617898884  0.47664352989290376  0.48661362732710134  0.49664579190854241
  0.50724823467293456  0.51890379610133575  0.53090795788321032  0.54343693279767635
  0.55669516835660693  0.57005425178711244  0.58273499908239779  0.59486499999039300
  0.60646866077423500  0.61739655840482399  0.62795409147773995  0.63828922285494627
  0.64834285403689973  0.65804542803418187  0.66792599074461179  0.67790588475406832
  0.68800562508741891  0.69800870667697545  0.70768615808782032  0.71722145602313858
  0.72673625032686306  0.73632378004584154  0.74592881625360175  0.75570277911063688
  0.76577944186289260  0.77618791730362191  0.78681608616376209  0.79693652806796300
  0.80683375288154013  0.81700890524062653  0.82719870208922508  0.83762632902154144
  0.84801224741308312  0.85925741106439935  0.87108037303569408  0.88230304931585346
  0.89293220821977748  0.90285067687595122  0.91244378101897772  0.92203651110567575
  0.93160441045248332  0.94074394953094775  0.94965554891326254  0.95857175140675688
  0.96901519671273806  0.97972217629304414  0.98987025691170460  1.00000000000000000
 -0.00219236163947718  0.00841642131775745  0.01792412515405750  0.02789607458830175
  0.03751990647332085  0.04657164142432707  0.05573670890734773  0.06540883365913372
  0.07638886281084856  0.08794267840373407  0.10030959157555835  0.11175715436125420
  0.12291612682339600  0.13343236796505559  0.14385272642563732  0.15408233982088684
  0.16353608342279688  0.17272642600851437  0.18196802060440720  0.19183835451251566
  0.20256206882982844  0.21330463581744963  0.22375575494486269  0.23416932458331230
  0.24458850274160013  0.25485400132742603  0.26486772935812469  0.27591421667336341
  0.28774816161246297  0.29851674359079539  0.30834976227612476  0.31835067152217322
  0.32869438978424098  0.33925213524431852  0.34964341061753901  0.36022300908464255
  0.37106596118158186  0.38205006726036350  0.39325147897003276  0.40466803405163293
  0.41608226146626776  0.42730602007162866  0.43818105461782825  0.44836962447228318
  0.45833071757687022  0.46843463338081159  0.47877172873465257  0.48950781051419090
  0.50083872693864062  0.51310016551039983  0.52534218072622163  0.53659250841503936
  0.54832313247335973  0.56063684028026095  0.57215845869689796  0.58280080459090955
  0.59387256143185108  0.60479549474875238  0.61598330185931294  0.62686104628241868
  0.63766745271809433  0.64816306848576932  0.65815304732100455  0.66786640624282689
  0.67756853402494410  0.68732857296266980  0.69732406463812902  0.70753454261364068
  0.71762288012450159  0.72798668409226064  0.73847731558970287  0.74863059179622826
  0.75907500116121718  0.76907152598382855  0.78009163898508993  0.79127779081211780
  0.80195384750235676  0.81273400516344585  0.82227502578312150  0.83186916832791458
  0.84129347624240325  0.85069561801322124  0.85981361806423995  0.86943333627149200
  0.87927548972427128  0.89047170877615622  0.90134032933114450  0.91255264189649299
  0.92329843838122860  0.93400783768137885  0.94539621827696785  0.95611036110127345
  0.96681938456332728  0.97758377918961270  0.98888594410029584  1.00000000000000000
 -0.00313626303971480  0.01092722825554008  0.02245113408037707  0.03427437637585421
  0.04576443236267175  0.05690702314897345  0.06803479561916990  0.07892726382286523
  0.08986827003308759  0.10058770906307785  0.11157410321681942  0.12254932591319713
  0.13317953266604082  0.14348397082915504  0.15350916438834147  0.16364911427865245
  0.17387172332896192  0.18384243502300174  0.19410565784984476  0.20480454340381943
  0.21612013961100279  0.22793195360077395  0.23986560858260134  0.25209303355309459
  0.26431837888403148  0.27729446317340423  0.29006580756218958  0.30157068626636585
  0.31220911263560081  0.32281982658242347  0.33327004707562385  0.34316673865554864
  0.35354194195382344  0.36496968575090510  0.37679584672798927  0.38821514797781786
  0.39879773647705624  0.40866960022960269  0.41814593484762697  0.42747089074304251
  0.43665941004327025  0.44524870387862003  0.45341373398798684  0.46204205348366723
  0.47144484533536729  0.48127713530173821  0.49203600106822443  0.50231003758301307
  0.51251960273208141  0.52271643768443443  0.53275289175700302  0.54287430177382923
  0.55294902798653722  0.56308227472183381  0.57345882044669649  0.58397944896119913
  0.59472251996074721  0.60518902146174958  0.61558171700105468  0.62598937626160356
  0.63683559429056658  0.64799115720211753  0.65932798723752872  0.67057834170860409
  0.68136265065250823  0.69208630429966955  0.70278149987910288  0.71354875141244400
  0.72407881279844089  0.73465067490374514  0.74510344612959500  0.75534113709139372
  0.76572095235386761  0.77626161786813441  0.78760084413172349  0.79897266193145045
  0.81031166524095000  0.82129022884247260  0.83172949436869248  0.84164048791432322
  0.85128218607473505  0.86082516433600165  0.87029279365142675  0.87989728347420260
  0.88947822266693521  0.89919861432478865  0.90904084674886776  0.91917810291694835
  0.92902995036821179  0.93878243225898628  0.94856450045829721  0.95840668377406868
  0.96834800759108874  0.97837820878402793  0.98926818819487095  1.00000000000000000
   8.3433879914766434E-012  -1.0000000000000000     
 F F F F F F F F F F F F F F F F F F F F F F F F F F F F F F F F F F F F F F F F F F F F F F F F F F F F F F F F F F F F F F F F F F F F F F F F F F F F F F F F F F F F F F F F F F F F F F F F F F F F F F F F F F F F F F F F F F F F F F F F F F F F F F F F
  <DiscreteSampler_grid>
  grouped_processes
  1 # 1 for a reference and 2 for a running grid.
  10 # Attribute 'min_bin_probing_points' of the grid.
  1 # Attribute 'grid_mode' of the grid. 1=='default',2=='initialization'
  0.0000000000000000 # Attribute 'small_contrib_threshold' of the grid.
  0.5000000000000000 # Attribute 'damping_power' of the grid.
 # binID   n_entries weight   weight_sqr   abs_weight
    19   10   7.759150207551297E-005   1.686952377332566E-008   7.759150207551297E-005
    22   10   7.592728855865948E-005   2.147005613898681E-008   7.599377980243914E-005
  </DiscreteSampler_grid>
