 -0.00000058980783536  0.00002007905233205  0.00008660170875612  0.00018131772561863
  0.00029844026380339  0.00042481564897023  0.00055764661626874  0.00070240082045748
  0.00086211137313494  0.00102374999784388  0.00119692683060784  0.00137244250931172
  0.00155312047158735  0.00173752343480511  0.00193126142291114  0.00212747473972907
  0.00234322675296295  0.00257511760387324  0.00280260711877296  0.00302451736441715
  0.00324366473475378  0.00347874763688593  0.00370926767750208  0.00393486587262728
  0.00416662933987111  0.00439959670418844  0.00463253695954929  0.00486687436352662
  0.00510813248799652  0.00535061134587892  0.00558633680904503  0.00580951944547512
  0.00602183886435968  0.00623944900881227  0.00646387417401961  0.00670167034158113
  0.00693843739323515  0.00719005921056143  0.00744004527410516  0.00769000670487313
  0.00793186197170269  0.00816706900980475  0.00839390865033923  0.00861644475612437
  0.00884248493873745  0.00907104454086742  0.00929109107288204  0.00949778887243185
  0.00970509883090935  0.00992925113393001  0.01015628473908916  0.01037637134838467
  0.01059379256023325  0.01080255580758255  0.01101292230245556  0.01123304898498192
  0.01146805025641601  0.01172404211040766  0.01199063299364838  0.01226849354790364
  0.01258154287259486  0.01293986475191815  0.01338175763772478  0.01412344628424551
  0.01569859528300737  0.01734164544848290  0.01851811346720167  0.01958671884268114
  0.02064699607436159  0.02161788576886938  0.02251776143349581  0.02339282555022278
  0.02426853001850880  0.02514336520217052  0.02599000009059748  0.02680748717136838
  0.02764795476755609  0.02854415595658196  0.02947572173259784  0.03044085749538132
  0.03144426716871063  0.03251707198192490  0.03366115100834539  0.03490140309905994
  0.03623059667116072  0.03761526435571581  0.03901771921754744  0.04057281647094566
  0.04238244371765035  0.04454740664578318  0.04709160100057856  0.05011451173786065
  0.05463883297642862  0.06523885487554061  0.11746604917093990  1.00000000000000000
  0.00899528911359169  0.01720090340824595  0.02899932386058433  0.04048607340562616
  0.05164921920996875  0.06256500076548574  0.07387286075185306  0.08471210989375391
  0.09522824908015445  0.10587999375850671  0.11593174834954330  0.12599410528270225
  0.13595378136588507  0.14671199279688366  0.15762228045963478  0.16861495748648245
  0.17980830434701464  0.19100132699747760  0.20193688344336819  0.21293154569547182
  0.22416495395371799  0.23407219672772056  0.24343919966774277  0.25325532523014277
  0.26350701937886467  0.27290316752938315  0.28174759252712439  0.29113820706538179
  0.30188689974540550  0.31297199462606717  0.32384895556072996  0.33406169690734189
  0.34421921898966973  0.35410809138850541  0.36498321469054573  0.37484547644800587
  0.38406860435083706  0.39320701651758788  0.40369726361860708  0.41531840516743973
  0.42617434944171423  0.43708667043897942  0.44819926496661333  0.45927251920563850
  0.47015261563596561  0.48065019657593777  0.49048664600649283  0.50041813042436034
  0.51065155497529535  0.52155459329980891  0.53266583395986156  0.54378403191462710
  0.55503291421804990  0.56589076674636174  0.57635188842464868  0.58660282049491885
  0.59698070919462531  0.60775322260659870  0.61895693011556430  0.63064803267015157
  0.64182747405566531  0.65283198892629735  0.66342493922860157  0.67360440704864044
  0.68362952239429686  0.69407051889330706  0.70469279649089445  0.71494741384521343
  0.72483669224692504  0.73450488983367168  0.74438181857745411  0.75505000145595302
  0.76692610291196928  0.77904393319046072  0.79111556851297538  0.80262830740316415
  0.81375486485390180  0.82425760794003000  0.83446500605063001  0.84523281650719106
  0.85592081771529538  0.86701737173806137  0.87816236148384841  0.89007415247369881
  0.90155622539900826  0.91219921993022335  0.92164765927308911  0.93041127025372694
  0.93954650961275177  0.94932570573720310  0.95880934741200019  0.96760846438086656
  0.97612795155553500  0.98519057316848646  0.99022262062244237  1.00000000000000000
 -0.00165731323988345  0.00659367460732391  0.01419523787624754  0.02208177766960218
  0.03033608056446348  0.03892528305327721  0.04793050213525650  0.05757220518307115
  0.06797893058705577  0.07894270881240527  0.08883734810480261  0.09743228300038087
  0.10652850669084026  0.11591635400527657  0.12574686789429329  0.13475287064646685
  0.14314810328092489  0.15157009010585318  0.16012251679197945  0.16902345354617887
  0.17808966361388479  0.18744199805494546  0.19693174995971063  0.20669183864463636
  0.21638664865920218  0.22533447521661659  0.23390099904454045  0.24236206772933269
  0.25120990798509590  0.26016723625644672  0.26884453689443188  0.27819848827854432
  0.28847770376452880  0.29774750970176184  0.30698981331313674  0.31598516273419586
  0.32480658650534067  0.33357991581687868  0.34195590329234354  0.35043400841329814
  0.35914151086897061  0.36790243591605720  0.37700628941001429  0.38689458229410839
  0.39724581946807885  0.40780350407233179  0.41822434095061295  0.42834844227923480
  0.43848667446122352  0.44941589185770836  0.46056196329322208  0.47139773990343775
  0.48195011881556171  0.49246286732354727  0.50290314012169191  0.51297038149543728
  0.52296564335666007  0.53320665059517025  0.54327705651574598  0.55303401440396760
  0.56261640793748968  0.57275087679158521  0.58273670530018773  0.59309236362845486
  0.60421959152489102  0.61640154301202155  0.62864348118757496  0.64044501703476586
  0.65212913213070400  0.66378254164052519  0.67600426003908465  0.68838547190342092
  0.70101392949636576  0.71357154383861721  0.72588602548807424  0.73703391792874751
  0.74765678459657248  0.75794713410772474  0.76941044469121722  0.78080577914958960
  0.79217046771876309  0.80397902762134510  0.81638501509185224  0.82912483508587631
  0.84212635275781411  0.85516141657615297  0.86824847775786618  0.88223377004364656
  0.89700395835768587  0.91101441427066732  0.92544836558650123  0.93991195395081184
  0.95414152448781364  0.96909378745009156  0.98435169410900636  1.00000000000000000
 -0.00243905329569220  0.00961668409483866  0.01849847442500875  0.02769778277182413
  0.03730216320965696  0.04704782912357855  0.05683507079365158  0.06694148670439591
  0.07910117413645672  0.09062522259025468  0.10254161407192736  0.11290288695890809
  0.12343905212162809  0.13365739278239214  0.14376486304006453  0.15380697672407662
  0.16421539032138860  0.17552242378554866  0.18713240939630491  0.19830535283667611
  0.20909943286391527  0.21940355565039998  0.22925663065597385  0.23907349172084749
  0.24869383406255333  0.25863463161951311  0.26879016779984122  0.27949031044037953
  0.28997005392713049  0.30040764310962742  0.31045171850260334  0.32033814430665319
  0.33032438254373098  0.33983489418651930  0.34902287439127616  0.35771412105568279
  0.36615806998265160  0.37478547556339764  0.38401295253693002  0.39372428531566250
  0.40445687475291059  0.41627159348249543  0.42823806411034987  0.44005768175652560
  0.45153154353072228  0.46249093631104732  0.47357304151897045  0.48489368636753710
  0.49610600297904389  0.50673423032607212  0.51720349869677207  0.52798217364446531
  0.53873959566120655  0.54913602405893769  0.55937412901640138  0.57037984315564805
  0.58174852836129154  0.59306348429344469  0.60441546804631452  0.61666178769042879
  0.62940498818869983  0.64149844067684636  0.65297459482955589  0.66372330105796085
  0.67528205753775439  0.68667360767218533  0.69736032877221532  0.70795878147805469
  0.71906732072783375  0.73096934009217063  0.74269574111112147  0.75429510491654317
  0.76509954153814796  0.77542739089128232  0.78513575916432721  0.79599533441032866
  0.80721724890662860  0.81811133852000473  0.82925717120577191  0.84048627206680404
  0.85229006011080322  0.86265588328091025  0.87252979982511591  0.88287252290587415
  0.89342954363027627  0.90360961090832814  0.91298068420966338  0.92260641480439121
  0.93248835779036443  0.94215798782566573  0.95183001287879898  0.96109763480229893
  0.97081853006767982  0.98054900042132875  0.99001926452223465  1.00000000000000000
 -0.00229062919005741  0.00985924212872015  0.01935154784624829  0.02906323437256159
  0.03877750030148431  0.04893582084270457  0.05933256527999219  0.07023239762273778
  0.08130774337069743  0.09249833528012294  0.10334720207087755  0.11405474890114985
  0.12494079536806854  0.13512479461803939  0.14625951350610183  0.15521430444583664
  0.16431346283349202  0.17290630513201147  0.18161016350351314  0.19053892525540020
  0.19969988104686287  0.20886438792847539  0.21816985334208622  0.22796085340159908
  0.23791857123748653  0.24815883637222352  0.25816087498976154  0.26831695707446629
  0.27865037722507868  0.28913786914573852  0.29960555449987630  0.31019680328321225
  0.32092290277273861  0.33148451390225353  0.34179131406593577  0.35222120890262154
  0.36307990189449463  0.37438012044067037  0.38590517621326736  0.39730307277596666
  0.40866575614928102  0.41986836126101656  0.43086153321675513  0.44165837098256894
  0.45226295519608456  0.46314832895107094  0.47423092921639221  0.48561358530965110
  0.49735848778932901  0.50938212729872112  0.52128255908595067  0.53180175018517029
  0.54164779026448950  0.55132118090017479  0.56100804106907431  0.57093489876660841
  0.58119845956682425  0.59214368098730219  0.60315793044266253  0.61347024649445470
  0.62381906669601694  0.63468279437655095  0.64626085640058761  0.65703614973608016
  0.66753938029418414  0.67808299397422700  0.68878172053509867  0.69959277377560047
  0.71129597932561206  0.72381441978661276  0.73571195557702818  0.74686006638244629
  0.75765178480453421  0.76847762232886185  0.77849563519649967  0.78894675692941274
  0.79919669126967796  0.81017564705854928  0.82075381709801742  0.83124225025219922
  0.84111334657065839  0.85063846137308807  0.86022296083011496  0.86970893464186616
  0.87933186403759744  0.88913567499151069  0.89977063479252140  0.91138648505765585
  0.92355157293390910  0.93543434022459138  0.94661559754245583  0.95710010881265228
  0.96792276971006930  0.97901657497752059  0.98958704607497650  1.00000000000000000
 -0.00311650370227734  0.01024292802799809  0.02149447926128116  0.03271862015203288
  0.04364461935736767  0.05432084208476678  0.06537585378943761  0.07661131622000321
  0.08769426597439400  0.09855423260932582  0.10937348253992599  0.12037453416767438
  0.13138212491655374  0.14220805095456182  0.15335289698029278  0.16494002707634095
  0.17790340889052481  0.19074160083881456  0.20267153039740651  0.21418186082747634
  0.22561903570064809  0.23736694179416579  0.24885076394975419  0.25924692597588406
  0.26910918611529094  0.27851075399540065  0.28760119507208737  0.29672530690624171
  0.30561201965751023  0.31452093982903123  0.32388637638158596  0.33375131809045666
  0.34423032540197068  0.35551749596772586  0.36693376093468810  0.37809964435388227
  0.38889543356309092  0.39953780716464121  0.41042987280301546  0.42125469327596593
  0.43226677737813379  0.44331809163957886  0.45510788929592394  0.46753580465748734
  0.47989510538131686  0.49229285645276744  0.50441907929144547  0.51650569181230233
  0.52697192290648354  0.53637848336210847  0.54565665302142230  0.55482043462679265
  0.56417924722881296  0.57388320609966526  0.58373618754012135  0.59401063013110100
  0.60440843490541718  0.61475540963435482  0.62470337670203580  0.63419967901909458
  0.64379203671855023  0.65391162578857864  0.66431995105455555  0.67515381497530935
  0.68612783559817636  0.69674395144200374  0.70714620993697508  0.71760149229682291
  0.72816964380453875  0.73828450960752179  0.74807918382647298  0.75784732886305695
  0.76763163553632641  0.77759168171437831  0.78749849330343880  0.79818233733794242
  0.80881622511661555  0.81867344257871244  0.82778772492950947  0.83690253878352072
  0.84653709968898661  0.85642633201317186  0.86598615490694042  0.87504995991592893
  0.88421793007750715  0.89416954890190348  0.90470922450183611  0.91490109468240777
  0.92420848210672557  0.93389492830061371  0.94417890814964101  0.95534961282983355
  0.96622494600081266  0.97674673786412780  0.98814413496873166  1.00000000000000000
 -0.00096273394437187  0.00403179399757815  0.00905562112893142  0.01389211439809241
  0.01902310712833685  0.02444527111242384  0.02988441808148322  0.03494626380206527
  0.04003980250383688  0.04561058850405528  0.05161747415823947  0.05783191392038366
  0.06411649873990188  0.07097132818534464  0.07718457118972748  0.08362558682080973
  0.09039034133106486  0.09769689501494074  0.10526587064513912  0.11292029748730044
  0.12078594077545347  0.12890676850292082  0.13690237447417017  0.14521368582809546
  0.15458355032138910  0.16440779172603565  0.17465443684248641  0.18464383813047616
  0.19502155256267706  0.20608542372461902  0.21678711412460283  0.22730355626177959
  0.23740430722078637  0.24772200128191449  0.25954697154774309  0.27394820341429005
  0.28868292903918308  0.30173343763386623  0.31488627121950158  0.32917732445631476
  0.34492180259901023  0.36165392265562302  0.37932560618497296  0.39842196423088394
  0.41886553906753821  0.44039546350763026  0.46293171294796454  0.48553830546459448
  0.50795851632636357  0.53028549966565464  0.55256247303293715  0.57367617836025575
  0.59339914201205268  0.61216569709114066  0.62969572059737000  0.64662008117880410
  0.66312615849311285  0.67909190609278003  0.69402692942906596  0.70827325789522755
  0.72185783171355433  0.73497115402300872  0.74716098616297488  0.75874272157754441
  0.76975510544096304  0.78048580512244070  0.79106848701666588  0.80141027310409318
  0.81146578559580074  0.82103492416103074  0.83029461455146403  0.83930177224403413
  0.84810872908994617  0.85665775695591706  0.86490326132517459  0.87309026763688846
  0.88106420950400577  0.88888098989676334  0.89642529609922550  0.90353844226308366
  0.91038575812150957  0.91705409675504157  0.92374010701573706  0.93031227226284197
  0.93680129560780112  0.94320729000625558  0.94947689863042062  0.95563149381068313
  0.96151528338687975  0.96711051909076762  0.97267539033894757  0.97824005787073709
  0.98368280745280101  0.98912477953095690  0.99456513690454584  1.00000000000000000
 -0.00216680401410403  0.00894305704021619  0.01793564134032648  0.02788619767043829
  0.03811494553079744  0.04899870817786735  0.05941332774194080  0.07046216063743545
  0.08189913377373093  0.09347741462567152  0.10459986353065952  0.11443240171736285
  0.12408332455961829  0.13313266921322586  0.14230958424337004  0.15119756528212522
  0.16057255530517597  0.16993838737632755  0.17944247057331242  0.18893137098760354
  0.19927707761615016  0.21005418538502652  0.22013304806781259  0.23059585959272036
  0.24099699807769551  0.25117970046012478  0.26104720580670510  0.27078438104206493
  0.28071944000694737  0.29093762638636927  0.30131251606955051  0.31188290849980005
  0.32249215211125248  0.33308263489361412  0.34313849631210414  0.35288484762846128
  0.36243755601116701  0.37202725518916036  0.38226347503034469  0.39261061687457638
  0.40375264463666444  0.41506059055622924  0.42641189239953647  0.43775516395503372
  0.44873397131872539  0.45919218207104034  0.46948087206115791  0.48018171118061825
  0.49040274987059135  0.50004765511285310  0.51001921941532313  0.52043816798565401
  0.53088437344184281  0.54170748943413560  0.55198219147753624  0.56106447940123338
  0.56997662539960747  0.57903563375112022  0.58926995851680275  0.60016481093074947
  0.61110901215411295  0.62117438471065600  0.63074905244280310  0.64047751897627725
  0.65057485596391096  0.66152810233713133  0.67325124451211449  0.68507147989984574
  0.69625346021422219  0.70699211239167492  0.71707466598828706  0.72773596350240821
  0.73851041555126806  0.75033798894083714  0.76286485835886320  0.77386431112182341
  0.78495634565804162  0.79586369228734744  0.80767700717642299  0.81974102440298791
  0.83094739047609945  0.84164735846545446  0.85244600097488799  0.86350165234338938
  0.87461486415302292  0.88590021550955900  0.89744168378955103  0.90917171374129913
  0.92104982037638228  0.93253893169902946  0.94354761834791501  0.95424779549760397
  0.96526267797057563  0.97652781246304188  0.98842423467527563  1.00000000000000000
   3.5310582432114175E-017  -1.0000000000000000     
 F F F F F F F F F F F F F F F F F F F F F F F F F F F F F F F F F F F F F F F F F F F F F F F F F F F F F F F F F F F F F F F F F F F F F F F F F F F F F F F F F F F F F F F F F F F F F F F F F F F F F F F F F F F F F F F F F F F F F F F F F F F F F F F F
  <DiscreteSampler_grid>
  grouped_processes
  1 # 1 for a reference and 2 for a running grid.
  10 # Attribute 'min_bin_probing_points' of the grid.
  1 # Attribute 'grid_mode' of the grid. 1=='default',2=='initialization'
  0.0000000000000000 # Attribute 'small_contrib_threshold' of the grid.
  0.5000000000000000 # Attribute 'damping_power' of the grid.
 # binID   n_entries weight   weight_sqr   abs_weight
    19   10   1.141832822144630E-014   5.893391157683632E-028   1.141832822144630E-014
    22   10   1.457924258283740E-014   1.610373434035754E-027   1.457924258283740E-014
    25   10   4.355507130367681E-014   1.659772165125200E-026   4.355507130367681E-014
    28   10   7.686267132020717E-014   4.313134089600956E-026   7.686267132020717E-014
  </DiscreteSampler_grid>
