 -0.00000616553339509  0.00023997481350165  0.00106336336155546  0.00224810534957387
  0.00373190685431358  0.00562455635778575  0.00850426795718660  0.01187964447448715
  0.01346654384571474  0.01440248612542263  0.01519209996451049  0.01594941291493638
  0.01672337684829456  0.01755203315602115  0.01842107144486598  0.01930409579771209
  0.02018908642373967  0.02108904513789008  0.02203347846867367  0.02305599746405566
  0.02408290766502859  0.02508596705028207  0.02613428625451522  0.02715387373861161
  0.02818293275342618  0.02920044981438807  0.03020323064046164  0.03116462619591925
  0.03219959770024906  0.03332119185158412  0.03453928075833329  0.03578091800980832
  0.03700925466358154  0.03828842413349869  0.03955588393056707  0.04078559843308246
  0.04226462961862124  0.04391900016266424  0.04554687100307185  0.04718522709233577
  0.04882921983282604  0.05041967249403556  0.05200773813078660  0.05360624808856408
  0.05534594047713593  0.05705611093298512  0.05872613939223194  0.06039972888468007
  0.06212768214237736  0.06398137388238487  0.06588698168070807  0.06796327852020333
  0.07024023157799995  0.07265598516046796  0.07516540238594722  0.07769281129821659
  0.08014642932398811  0.08250239992195305  0.08483444772718131  0.08725470232908272
  0.08967155272694223  0.09217619464613039  0.09470971416918354  0.09726532513168697
  0.09983467986965094  0.10239373648055104  0.10495805557001306  0.10753772444314215
  0.11017471643366746  0.11290481156111527  0.11553082717795089  0.11848055308949546
  0.12160004021809623  0.12497141272062839  0.12853463318968922  0.13217603115184548
  0.13573446454189375  0.13923404718417468  0.14272128323387984  0.14627348063080356
  0.14990271570088948  0.15367939696971208  0.15825261246399383  0.16370759219273437
  0.16985812797963101  0.17705806896773046  0.18493394558063497  0.19340512169135179
  0.20259398512224061  0.21503017825152759  0.23182975720885979  0.25289503725714335
  0.28308851874935531  0.32857462678726468  0.42268742040316437  1.00000000000000000
  0.00910230045135178  0.01722563544091377  0.02804613226753786  0.03816966608787343
  0.04835405327366447  0.05885621555662581  0.06961616012639353  0.08194627745331959
  0.09435553491633619  0.10604937782626224  0.11717280734875636  0.12717938774060722
  0.13680638157165623  0.14639854774562039  0.15586870130538016  0.16524326782303669
  0.17456262085432356  0.18424146090296686  0.19491435861956219  0.20606541908046294
  0.21708120991124050  0.22819114445974575  0.23979897628182825  0.25107414504457343
  0.26140796823978202  0.27110290256212460  0.28109919598394550  0.29037922207538158
  0.30125649152835116  0.31157677354707281  0.32139249044703039  0.33126782775458746
  0.34117265947610620  0.35031019122269125  0.35858916870349289  0.36715255606836694
  0.37595749567493392  0.38444042883973989  0.39278474738889124  0.40186082360503389
  0.41169133543104142  0.42131091546730959  0.42995188956261388  0.43863873713697243
  0.44928137824154468  0.46036752843915374  0.47179884039265785  0.48192825193841382
  0.49214322546677636  0.50236227502125763  0.51305731261526477  0.52386836376536605
  0.53472183911647819  0.54584761221526390  0.55697196871954446  0.56822704473787644
  0.57969140069464098  0.59128116553695231  0.60254235322797645  0.61274446246820691
  0.62293237479957297  0.63390817692436008  0.64495496765249227  0.65553357883324703
  0.66495029367633252  0.67415443732633129  0.68421972882736370  0.69543418128932677
  0.70703310885253279  0.71742628591817126  0.72694978593542281  0.73588823332489350
  0.74476506844800150  0.75411396593482005  0.76380295116257413  0.77336118688967670
  0.78260605047447318  0.79171156456898562  0.80113993544572082  0.81095437822862038
  0.82149993295859269  0.83251220696220973  0.84505887157921411  0.85653069657564451
  0.86725160221885589  0.87852978711142515  0.89050311138114358  0.90221956079932275
  0.91393666661595163  0.92596505115708971  0.93859687131903125  0.95190876565817184
  0.96460975093975276  0.97590434897728739  0.98743904240901770  1.00000000000000000
 -0.00001214301744047  0.00008048862947673  0.00016245496664600  0.00024961962267265
  0.00034833509221314  0.00045720016545692  0.00058688842301394  0.00071869434402374
  0.00084247584319431  0.00097646179333931  0.00112983098505683  0.00129408462441581
  0.00148394161055870  0.00168100513904309  0.00186944918668397  0.00206442881730869
  0.00225822178191187  0.00245599672533493  0.00264913060854569  0.00284283730352310
  0.00304532311059524  0.00325516771979508  0.00346529911425731  0.00367144018915069
  0.00388642586022557  0.00411798296475610  0.00434658290676370  0.00456714074496090
  0.00479258443843212  0.00502073962423683  0.00524996340485867  0.00547659034980248
  0.00571166927693189  0.00595732711166046  0.00622546516726550  0.00649004623446886
  0.00674946909144955  0.00701366928528157  0.00728794020721766  0.00757076150215890
  0.00785562737813737  0.00813669627442139  0.00843342730044682  0.00872752865139384
  0.00901933881062627  0.00932223991436470  0.00962308166959606  0.00992465858933672
  0.01022830285563613  0.01054593037657788  0.01087329478628253  0.01118905605771419
  0.01149564917328740  0.01180279828008520  0.01210881954385305  0.01240629796097939
  0.01269371810252358  0.01297144166199500  0.01325169935835579  0.01354936439429583
  0.01387112507191765  0.01421301625601528  0.01453640320546144  0.01484662986854468
  0.01515773545606238  0.01547507182030421  0.01579711487423992  0.01612840008997768
  0.01646200326520051  0.01679853581553447  0.01714435927524011  0.01751492469793111
  0.01790486746697499  0.01829765264899054  0.01867632756544508  0.01901815589285430
  0.01932836425895606  0.01967061099922977  0.02000816147168311  0.02037129507621740
  0.02074107683883839  0.02113385261115290  0.02154927900774289  0.02193642489318803
  0.02230712393111129  0.02266913923304275  0.02302710790485979  0.02338693186475135
  0.02374320431063960  0.02410449215618793  0.02449054568923193  0.02488880048081381
  0.02529948299685381  0.02565635300849926  0.02594512683553671  1.00000000000000000
 -0.00310695013899580  0.01034565872613075  0.02355067800367288  0.03650407681924184
  0.04883832822794926  0.06078041198365687  0.07195574234533529  0.08285396571344049
  0.09393975968031566  0.10465453749365754  0.11519440983704990  0.12541380330543439
  0.13593832156665173  0.14653791971961097  0.15684442919658093  0.16803423451164029
  0.18025888841551480  0.19269331783524762  0.20632250635283955  0.21845017412430937
  0.23004393080442959  0.24098401421765100  0.25171781597690934  0.26262109675976181
  0.27360191950218093  0.28491494295521091  0.29664502784208219  0.30862322028359357
  0.32042487722444718  0.33136785046458234  0.34276584957848505  0.35444685298323392
  0.36679406909513368  0.37957190026736626  0.39240759012186893  0.40439447282369989
  0.41595657503102640  0.42788642110831210  0.43958132562777652  0.45053587279542079
  0.46089743761115970  0.47087557205625724  0.48082963678620977  0.49073995125645392
  0.50072537924554250  0.51096906271758191  0.52127243528695766  0.53219012064166993
  0.54305476228904592  0.55152956680065679  0.55963376813660837  0.56829408827648475
  0.57764782724836916  0.58643241193804185  0.59386934006149228  0.60133910514064659
  0.60948276767683540  0.61797015307233139  0.62640370539328638  0.63498118659043956
  0.64363687403062275  0.65399013383965510  0.66493492732936266  0.67498742391068522
  0.68456740675873218  0.69384023443138476  0.70274062736326148  0.71225856180972347
  0.72217295999910014  0.73243086852846573  0.74305442136762323  0.75399845821531131
  0.76495479829015300  0.77484758107896945  0.78453004626195433  0.79510283130343506
  0.80628587229338966  0.81738929774451718  0.82837798740792890  0.83950886444261807
  0.85012730358560018  0.85973080757634235  0.86873210066121698  0.87797398206607347
  0.88756290063190202  0.89737047617895915  0.90753835901872426  0.91790866216624745
  0.92900454969443957  0.94001193402610905  0.95065167828093000  0.96093794999678894
  0.97090647981781519  0.98064847134377364  0.99050308260204900  1.00000000000000000
 -0.00252341901938928  0.00973718004297101  0.01953759640852645  0.03020624157968365
  0.04115171753961414  0.05360935757437368  0.06598428552334674  0.07730611219831732
  0.08798087126750645  0.09847409887338589  0.10922551062331298  0.12108105249773247
  0.13119769921990262  0.14096397629142565  0.15055375433166976  0.16054738967089804
  0.17143881634040073  0.18283862603077758  0.19429309189671401  0.20539492623116304
  0.21602732483267045  0.22669246952248812  0.23771199438814428  0.24874496453948369
  0.26040150933223194  0.27225707017346418  0.28404579705750116  0.29539358996663806
  0.30673167606646867  0.31724094787252544  0.32709597059963280  0.33682788627027399
  0.34632356416744087  0.35591999557740384  0.36547567573336409  0.37504881076658869
  0.38540489325824706  0.39633304905103156  0.40693776734728754  0.41782822079588344
  0.42908582342518142  0.44022759270172801  0.45103295964035750  0.46196215284454312
  0.47321476335488549  0.48428991621640510  0.49501390640669568  0.50533180637095876
  0.51482260279460113  0.52487894878179775  0.53557479122834706  0.54614332451026182
  0.55734432565363690  0.56834513724208724  0.57843164300519256  0.58745050524803044
  0.59616358375189316  0.60582826165783377  0.61643313285393364  0.62739562019910999
  0.63809447275104236  0.64897392681920818  0.66110758607653075  0.67294626750334918
  0.68444448777902955  0.69627954470742692  0.70790248970758818  0.71815608551249277
  0.72754377994121244  0.73716114274475109  0.74708122096133212  0.75707706243474759
  0.76706894712159457  0.77747675246000569  0.78858075458983290  0.80000957420457586
  0.81095037681409754  0.82091829749166778  0.83015067606288317  0.83893117845109866
  0.84783253905135714  0.85768800325081174  0.86831824111742806  0.87846030929352947
  0.88718962248325750  0.89539080006161109  0.90383259279226158  0.91379630098344322
  0.92438703581327542  0.93374092691585586  0.94391704809440968  0.95463367709270164
  0.96492767817598890  0.97496851410109198  0.98654071535632981  1.00000000000000000
 -0.00281098499069339  0.01069281972207595  0.02221781365299264  0.03350302607837754
  0.04421105450247849  0.05450175828404955  0.06468980066399382  0.07459421824636228
  0.08434410893521645  0.09453954490926517  0.10568648705782850  0.11735377654477862
  0.12883820699981630  0.13983348588487668  0.15036381953136821  0.16089208769992669
  0.17173929014255720  0.18259599500961024  0.19283814512110892  0.20256336669096159
  0.21275688430374681  0.22354071812257534  0.23439833170051252  0.24545027152886545
  0.25682235244871687  0.26755054654105415  0.27712592306300349  0.28627080498066276
  0.29612660823904169  0.30739245555463568  0.31965837952487108  0.33144899815142714
  0.34219861051702816  0.35243671677544447  0.36278302682617847  0.37359338946001430
  0.38460753833816191  0.39560256657543280  0.40635331938689023  0.41719492390553065
  0.42850325977570586  0.43991673775848195  0.45132270325326435  0.46251004403514262
  0.47379298811288112  0.48487532240523906  0.49572424861003744  0.50624969445668011
  0.51690877607746100  0.52805803483294123  0.53909626757718909  0.54861988800372996
  0.55757352273285177  0.56698480924975114  0.57679357871260539  0.58598757649873545
  0.59449045566423553  0.60309426361691032  0.61325345692691369  0.62479844047650823
  0.63647982295341188  0.64784241610372484  0.65870334832443855  0.66927038975021769
  0.68017625717134256  0.69069829627419055  0.70030029166705432  0.70938645925673705
  0.71833034993559830  0.72760176608390148  0.73746402772644171  0.74756287166561086
  0.75867902820186839  0.77063063803968690  0.78070193825556677  0.79238173270960455
  0.80315312911234604  0.81330799167722267  0.82301099252023846  0.83211158514887595
  0.84252058078603564  0.85320912844190189  0.86435115823272135  0.87481189584646046
  0.88461737928498552  0.89408254129208686  0.90390142581335642  0.91365836852724369
  0.92335812371861603  0.93314813314829570  0.94388752282662336  0.95526783393266601
  0.96646516803094307  0.97741575229866484  0.98885217647213897  1.00000000000000000
 -0.00291880672206184  0.01034317005090011  0.02157100089399892  0.03201217744299755
  0.04239257869608987  0.05214101460296589  0.06163117586620846  0.07110628667582145
  0.08074436292848042  0.09098968622901960  0.10193388789722936  0.11280945371546283
  0.12416453618330321  0.13522944185391206  0.14646488045666062  0.15801583295088001
  0.16945811030600022  0.18028736628301037  0.19069119568774109  0.20091215253055345
  0.21114251130487999  0.22146487680118612  0.23193867829313222  0.24251134091742277
  0.25318482164665579  0.26401254379927236  0.27425942648793528  0.28437256963735968
  0.29518685577234438  0.30607928409713980  0.31666274925014132  0.32715706628427416
  0.33823071740037897  0.34951161896215460  0.36048635390650569  0.37093682721056226
  0.38136000990600166  0.39165714521661443  0.40262262841461943  0.41432489871504463
  0.42667765746711112  0.43822134409901187  0.44898936262124561  0.45909388251631100
  0.46943193472655242  0.47982466300190341  0.49051932978263096  0.50119323806229521
  0.51099321853111224  0.52087983836189256  0.53051922754803182  0.53989933044164395
  0.54867358605894312  0.55757216697282097  0.56700672310732492  0.57684009431304095
  0.58668945766275404  0.59658949966393615  0.60682365453448339  0.61727291163756215
  0.62854636080248805  0.64024645859102891  0.65171082849903494  0.66219252463921141
  0.67242088359738050  0.68305239402740869  0.69410381745719818  0.70518754465676936
  0.71579881215338204  0.72623471584478405  0.73718195782773821  0.74842125441856833
  0.75965915098208792  0.77139955985742570  0.78247786334663560  0.79271181579766647
  0.80194389420138024  0.81141244830902215  0.82155215793677661  0.83228157604338260
  0.84290165271466544  0.85390968193764105  0.86503019739048048  0.87659649633832548
  0.88781825526881297  0.89931735293070947  0.91051130120799673  0.92102362258588433
  0.93169259485338929  0.94156416679287669  0.95189961647881383  0.96177005419574546
  0.97126225490997908  0.98088406562143293  0.99045302296524507  1.00000000000000000
 -0.00320450261051343  0.01167174293838725  0.02168344986045354  0.03188110126425220
  0.04206652445424235  0.05329078557917191  0.06380439422009099  0.07379034268899030
  0.08467609665471298  0.09637286559575331  0.10790667182963504  0.11895424308094335
  0.12960259707918925  0.13952286633703409  0.14840127871246980  0.15734548325954217
  0.16616463981176008  0.17484204840343762  0.18364153885704723  0.19291639671814834
  0.20226435925187775  0.21177144414347601  0.22108244726387002  0.23150358180746516
  0.24312954751535598  0.25412952901362890  0.26507683037476099  0.27584156449873010
  0.28682495226405647  0.29784215477491882  0.30848445253349704  0.31958192629300280
  0.33069922408286156  0.34048261285043369  0.34982209146544541  0.35964802283900721
  0.36999957054680854  0.37947679855909477  0.38829816538242196  0.39786406337383506
  0.40840239416731500  0.41879035538267567  0.42909572975279892  0.43934976614187615
  0.44987703117946520  0.46042140674961968  0.47153077022402262  0.48199897730011609
  0.49131395349488938  0.50149584300636352  0.51176421824399410  0.52164691804505159
  0.53103296959883095  0.54080309006711758  0.55294490909591354  0.56529367604078273
  0.57508072955405742  0.58433055563321123  0.59370367416412639  0.60379511351740001
  0.61382886387850033  0.62454839506286342  0.63616637123212483  0.64889411206136061
  0.66082887287842529  0.67222901965283754  0.68338476651552382  0.69298183832188165
  0.70213911162123566  0.71174607814216451  0.72194742074556539  0.73255786751748031
  0.74269020838267130  0.75252841645793389  0.76289437399539273  0.77359932264728770
  0.78551542544688280  0.79738053046574131  0.80919330430043690  0.82073268092955065
  0.83179809730175691  0.84261568376875995  0.85376354428559542  0.86560872761991481
  0.87808362164321796  0.88992061132424261  0.90227112017222799  0.91456451510756043
  0.92661425738975278  0.93787831843941671  0.94959654287440987  0.96072951325723066
  0.97045990386413061  0.97977299299398002  0.98925767975343004  1.00000000000000000
   5.9059188839631088E-019  -1.0000000000000000     
 F F F F F F F F F F F F F F F F F F F F F F F F F F F F F F F F F F F F F F F F F F F F F F F F F F F F F F F F F F F F F F F F F F F F F F F F F F F F F F F F F F F F F F F F F F F F F F F F F F F F F F F F F F F F F F F F F F F F F F F F F F F F F F F F
  <DiscreteSampler_grid>
  grouped_processes
  1 # 1 for a reference and 2 for a running grid.
  10 # Attribute 'min_bin_probing_points' of the grid.
  1 # Attribute 'grid_mode' of the grid. 1=='default',2=='initialization'
  0.0000000000000000 # Attribute 'small_contrib_threshold' of the grid.
  0.5000000000000000 # Attribute 'damping_power' of the grid.
 # binID   n_entries weight   weight_sqr   abs_weight
    19   10   8.762625291585160E-013   2.648853291315539E-024   8.762625291585160E-013
    22   10   1.299038827980546E-012   1.444917874192852E-023   1.299038827980546E-012
  </DiscreteSampler_grid>
