 -0.00000000424005415  0.00000169498824199  0.00001216368444904  0.00003324563962634
  0.00006437083186242  0.00010693811798351  0.00015588551208657  0.00021679581254578
  0.00028852754490483  0.00036890896754696  0.00045239968274348  0.00054328830500310
  0.00064297249149068  0.00074708213965562  0.00084938335210734  0.00094996549610246
  0.00105673851773279  0.00117355290399831  0.00129574385676034  0.00141837136148286
  0.00154273005870171  0.00165941335363610  0.00178885320701397  0.00191839385438134
  0.00205176861954527  0.00218501576113938  0.00232874591628144  0.00247637076727779
  0.00262512257383039  0.00277577072265359  0.00292791298148074  0.00308278877972387
  0.00323968423665710  0.00339443155195912  0.00354896609245961  0.00370826519300990
  0.00387520077790233  0.00405209807966893  0.00423263557932721  0.00440556244801463
  0.00457429618875815  0.00474301660994757  0.00491717266044799  0.00509681771654118
  0.00528160360731495  0.00546467962624863  0.00564733268578756  0.00582811637885402
  0.00600880805701729  0.00618748675150160  0.00636531733817977  0.00654979091674934
  0.00673307448205161  0.00692054280019104  0.00710469533132248  0.00729080726512168
  0.00748108889028608  0.00767366921829262  0.00786114241232661  0.00804520182912636
  0.00822369761390486  0.00840468835347276  0.00858989518625163  0.00877474573131326
  0.00895946177252250  0.00914177230430675  0.00932346715628913  0.00950543922757976
  0.00968793130963955  0.00987056201573660  0.01005509006184090  0.01024163000469635
  0.01043020667799970  0.01061046751186240  0.01078516938465286  0.01096423836549424
  0.01116402321630895  0.01136119094931824  0.01156900168147015  0.01180083313701782
  0.01204434326335144  0.01230180532216985  0.01257377286508746  0.01285884670911680
  0.01322792513787627  0.01368143461655124  0.01433018671949205  0.01589746327269302
  0.01741476737346543  0.01874767398396285  0.02040448728191702  0.02251080354595776
  0.02545301017107077  0.03198760222732094  0.05056142312780796  1.00000000000000000
  0.00907617232339948  0.01643215008896854  0.02862433479176184  0.04186812187005656
  0.05567450764847393  0.06915083712959474  0.08144644389802132  0.09291356434328019
  0.10384835741303577  0.11453429939863335  0.12516150300658332  0.13511421654776581
  0.14467231898435340  0.15475219812474572  0.16538973475801319  0.17572022328013584
  0.18548718850208040  0.19494859163895478  0.20425454139196175  0.21375054147541345
  0.22310221395241847  0.23361104818207307  0.24561991862054278  0.25800881918273122
  0.27019633524110193  0.28191408103046905  0.29297755418803395  0.30332383967932980
  0.31369764214234297  0.32451698898067605  0.33544617975055097  0.34639628768193442
  0.35730967873309788  0.36757812947156759  0.37724655198280421  0.38666472819064662
  0.39593354265116654  0.40466960302105054  0.41364689656552162  0.42358630618183907
  0.43466114635310210  0.44534113675277404  0.45576634160595103  0.46649349928603556
  0.47729154437283483  0.48725822438104033  0.49736191238736555  0.50823229733621877
  0.51913322041044019  0.53063138953694511  0.54167539557597666  0.55396156847795697
  0.56565294620009676  0.57797617024526082  0.58894796347202871  0.59926070362222150
  0.60981928329136603  0.62092204428358277  0.63182820315670007  0.64220043409035121
  0.65234724795456667  0.66222806520102140  0.67188360103659994  0.68150435445754909
  0.69172701673745784  0.70320047272599551  0.71355872073886983  0.72301465823793543
  0.73274693160609550  0.74288061166267205  0.75300936561771403  0.76240766693252482
  0.77155952776961378  0.78114176531926638  0.79102312746197423  0.80078622596246019
  0.81035701223438050  0.81962681337557908  0.82869317608939519  0.83821464839392756
  0.84810342001554806  0.85847922608693483  0.86895679479967114  0.88036458474186019
  0.89210089373040047  0.90430587564923492  0.91616326721344954  0.92734919737369415
  0.93819866231441840  0.94893547754244667  0.95884661169084362  0.96755947069465997
  0.97627949756648691  0.98537587405403537  0.99012596481009596  1.00000000000000000
 -0.00002052897012377  0.00026628522228340  0.00075337592373572  0.00149252651179563
  0.00250013064932161  0.00377120566988059  0.00519388227218485  0.00690656106821046
  0.00894161795984730  0.01129836300338508  0.01361433667392467  0.01616641474577390
  0.01888320694472688  0.02165061820806239  0.02470396703814229  0.02790608413052346
  0.03129789471143724  0.03488067098712352  0.03868440588908305  0.04247729313422995
  0.04632253136704637  0.05051719565092637  0.05480163918916334  0.05959884001999585
  0.06444455764552773  0.06934810474673685  0.07430543566097107  0.07967280197717738
  0.08526166274749637  0.09083911961065906  0.09650973695826431  0.10273474176975725
  0.10906229479797493  0.11558321289225684  0.12265652302401639  0.13038164474197167
  0.13800655350681987  0.14595884078019472  0.15427068946319306  0.16289534952373100
  0.17174114225603890  0.18048660028089047  0.18908949990379795  0.19773130049121460
  0.20666100525138065  0.21615464482374869  0.22613061084747885  0.23641839075514015
  0.24693820512587206  0.25781163859214462  0.26925944130704593  0.27973634628128141
  0.28992824938677869  0.30007522922390956  0.31038007949731095  0.32116103580511179
  0.33223287756199393  0.34341190608809402  0.35519596274557297  0.36705868761811133
  0.37915261491034019  0.39154118483855566  0.40417662426649087  0.41698759403205160
  0.42982218108953707  0.44444992716819037  0.45918681861918254  0.47410550978546673
  0.48968704126132406  0.50572973874510219  0.52139963268243839  0.53728320704579535
  0.55357282684698472  0.56971818381907247  0.58570071717275973  0.60177350006361152
  0.61812392372060421  0.63493282524968020  0.65299189789958023  0.67068754820323573
  0.68818874470311697  0.70575021680146643  0.72405355826123463  0.74309020047602736
  0.76240518714205696  0.78172871628024532  0.80080874529656676  0.81959704519587717
  0.83859375039146578  0.85831012053552203  0.87872023665596199  0.89979774167875870
  0.92165116788088597  0.94188055957008843  0.95533338927119327  1.00000000000000000
 -0.00188327707040518  0.00807384507616528  0.01657788001466876  0.02616372161213397
  0.03614070348135448  0.04584622162096796  0.05543810515395286  0.06496711115230105
  0.07436342536613488  0.08371225964493040  0.09370132864727641  0.10389788041875077
  0.11512530083825762  0.12660281132763954  0.14026020000260900  0.15233688544010554
  0.16394338170396983  0.17549114614884481  0.18717889434067914  0.19952358141150617
  0.21164064136179578  0.22328772262032331  0.23486878197033104  0.24679416856783198
  0.25876588187464705  0.27076976517213591  0.28270957463776974  0.29423355033179754
  0.30500039956178193  0.31541195810166645  0.32525853807206762  0.33558344783217914
  0.34589008467380133  0.35665466659077899  0.36656550224209633  0.37712989360126281
  0.38759844166530111  0.39800643945496650  0.40739513168957153  0.41714215942555638
  0.42784586817039427  0.43882224639221101  0.44918280839455910  0.45972307518905225
  0.47136300147969046  0.48298591207505742  0.49410075370603723  0.50460264396598820
  0.51498392869830623  0.52529159019103666  0.53574423619217648  0.54688525356175499
  0.55846088528172855  0.56993436823816679  0.58124320931484430  0.59233607649677567
  0.60329792432931206  0.61413496411348911  0.62514622886807591  0.63638631747232566
  0.64823786328388699  0.66062278313970646  0.67198877895754516  0.68161108511774593
  0.69059222350363803  0.69874415361176456  0.70713439096938635  0.71600950500810556
  0.72575019009115016  0.73594586278201590  0.74618896871335982  0.75622827286016570
  0.76629402139528568  0.77606037061729782  0.78563636361259137  0.79555591820642224
  0.80626195556578995  0.81685978243893909  0.82690984351630459  0.83660039890425608
  0.84630415951621807  0.85583251925100645  0.86516518308857304  0.87451130095936080
  0.88431766140937018  0.89422110242087749  0.90378683801758286  0.91302746252313249
  0.92257002652912379  0.93265829829582314  0.94305553362959460  0.95384760148115988
  0.96453622946266648  0.97576598959926431  0.98732133980604386  1.00000000000000000
 -0.00242288854524556  0.00898436098444667  0.01863023493293822  0.02874706591310994
  0.03876572054134955  0.04857502091995566  0.05809481149494285  0.06810770938744060
  0.07833607964706150  0.08880207524395520  0.09966632525331416  0.11037799700616269
  0.12114869241798168  0.13227834031469776  0.14418989106199068  0.15462373165384780
  0.16535360166581092  0.17667620270981207  0.18839842095669126  0.19900866565243353
  0.20902866573935366  0.22005154456624590  0.23109172888432619  0.24255145835261627
  0.25332486494592427  0.26361929521566996  0.27323231191019065  0.28229784931902485
  0.29166253890442911  0.30137412377108475  0.31102685235445621  0.32096428754488565
  0.33048261746575747  0.34062686070442327  0.35108936529040280  0.36168170611651618
  0.37277471313717808  0.38508157017542394  0.39700700816026130  0.40823921849738271
  0.41952365340750664  0.43099072781933839  0.44213368172346490  0.45230078492065745
  0.46260924992249225  0.47331320748788036  0.48435097182882031  0.49539773738187093
  0.50694376879123837  0.51850003647035880  0.53049438808898552  0.54191894392931816
  0.55346377394430746  0.56437683022429430  0.57491535808581140  0.58486142757944215
  0.59388987581214470  0.60329392925935299  0.61256108245002328  0.62167955758332116
  0.63066405454115604  0.64009018273076201  0.65049643018091019  0.66109524335662395
  0.67159379568577515  0.68246972171201425  0.69323736273565273  0.70361919615966773
  0.71352666707087709  0.72318274041647534  0.73307799276720609  0.74332740123959806
  0.75521781834240576  0.76755473868707313  0.77850224266111367  0.78857240450734645
  0.79845428008009078  0.80824786165116269  0.81791218939354282  0.82765772449831343
  0.83758074615011335  0.84787323759132371  0.85819221360477072  0.86846722364952500
  0.87857544037935476  0.88804467289962408  0.89763039499014485  0.90788877376757948
  0.91866118066327562  0.93118891861613839  0.94292267966572285  0.95438639813750459
  0.96585052139138794  0.97787636589565852  0.98885710189410281  1.00000000000000000
 -0.00231350926437763  0.00900117146179276  0.01908060756510633  0.02794174343077442
  0.03697885624361558  0.04627162941898517  0.05635985226264426  0.06679106112678068
  0.07705192417362720  0.08770537816192819  0.09871822206463038  0.11018046895943161
  0.12204059057743563  0.13406588354499746  0.14557775685451585  0.15637033087394930
  0.16699523234693273  0.17765829257993565  0.18847878298108842  0.19967178868114518
  0.21054300881912963  0.22156330455643625  0.23212831839843470  0.24245501310223025
  0.25276502192830091  0.26304289194388908  0.27321727047278960  0.28321106917891598
  0.29345430440944004  0.30383967512651333  0.31405148001118061  0.32432145527204642
  0.33447139762678380  0.34472237228579666  0.35470310454921927  0.36501861808184627
  0.37591111430675589  0.38684786566631674  0.39758227651251532  0.40815821928351159
  0.41900757096794916  0.43036334793741315  0.44167006767809375  0.45276482252059019
  0.46413900125869778  0.47601206682746661  0.48823814535306942  0.50009998173234638
  0.51147698630460303  0.52247302241380256  0.53371534218780514  0.54519510723202569
  0.55642635924860262  0.56833107892423185  0.58044098395325960  0.59115078495325046
  0.60121021375122163  0.61111709700172590  0.62053888203063634  0.62973870456557390
  0.63838934953694992  0.64739162003149120  0.65675581935205873  0.66660095240822193
  0.67661380270553662  0.68671330315382939  0.69742026640532861  0.70832792041936288
  0.71835867278286847  0.72794383210734948  0.73779488471981469  0.74746632506625654
  0.75699504864102851  0.76607803373797112  0.77547196423941900  0.78558273478936891
  0.79629212151736239  0.80723147657960881  0.81777239889457620  0.82772643200348106
  0.83724920002001657  0.84674970848619135  0.85665004002393774  0.86632298974504585
  0.87571588577697923  0.88495283012782833  0.89419166143400053  0.90448517716391907
  0.91593465212475478  0.92839240757108066  0.94097738341647885  0.95397338241560692
  0.96609124394336476  0.97859457472335265  0.98929306651318483  1.00000000000000000
 -0.00219886463822731  0.00785089671730406  0.01705189095694449  0.02748982635394499
  0.03831390052564832  0.04830582207706255  0.05815993498070825  0.06910955841725799
  0.08032903030246374  0.09036665496904873  0.09983117602464336  0.10983953173481176
  0.12041729455756246  0.13074203290127409  0.14089528886159317  0.15100412885058873
  0.16117995745752239  0.17168236708856183  0.18238145693290317  0.19315847776518924
  0.20415914474381791  0.21470868469743076  0.22454847936557334  0.23447062820071218
  0.24463592160922995  0.25533637497518752  0.26623716349619209  0.27664612103226266
  0.28677097151369058  0.29695724586714928  0.30742518884359710  0.31823157197037422
  0.32893899724708164  0.34111824020110781  0.35361148738740217  0.36350977579869925
  0.37313157181378276  0.38252817551996426  0.39224440467242938  0.40208203995101438
  0.41159320962736773  0.42207851582354877  0.43392670677243927  0.44598110445412353
  0.45769374609616914  0.46873694511379760  0.47919026815223859  0.48922099082833947
  0.49952578670049136  0.50920705790373033  0.51928895246425810  0.52952543240955174
  0.53981302485005722  0.55002152918458214  0.56012225021861517  0.57008856075577952
  0.57996659487361457  0.59026448736104553  0.60042114127398405  0.61020669388242954
  0.61956801669022044  0.62906069411675281  0.63890847321889876  0.64896416965419357
  0.65897239682050268  0.66879681476811237  0.67910402492870148  0.68982969512617476
  0.70038226728098985  0.71090010156280126  0.72152321735759584  0.73193035336712653
  0.74214278978016357  0.75296180226796239  0.76442320243485229  0.77553786118413659
  0.78576918496491721  0.79689451561647295  0.80915697274181742  0.82157302943360944
  0.83450774557946428  0.84771939607497615  0.86108355174486961  0.87331550031213656
  0.88413074016766968  0.89431244367713447  0.90510256471594608  0.91602559918788551
  0.92706009390152855  0.93796495069088004  0.94917617541646560  0.95989102402620097
  0.96995215566734561  0.97994592748015985  0.98988865235165491  1.00000000000000000
 -0.00297931462016681  0.01023475008404588  0.02146076243829258  0.03344980429492958
  0.04465709569837841  0.05488849878256311  0.06503104439883151  0.07531666280252516
  0.08531443196379486  0.09515015210083180  0.10539188976186566  0.11605782115479027
  0.12667551329766266  0.13698208316017998  0.14713477922003487  0.15697268251331323
  0.16674277397346191  0.17655247520259437  0.18639764976238424  0.19649202291518902
  0.20685093004778776  0.21749363060693183  0.22831408277388668  0.23953131738473218
  0.25087918973677314  0.26053612640430535  0.27055566149541954  0.28084726478788608
  0.29170291981283009  0.30212024300157231  0.31271960833163415  0.32395085151845532
  0.33514892465117962  0.34575853263950296  0.35659086330875150  0.36796690400811000
  0.37982119291431754  0.39178039558876654  0.40351956871703837  0.41479939870666421
  0.42565836128657669  0.43701975152259942  0.44703031430402085  0.45717917754015641
  0.46785021072024874  0.47854825971277659  0.48833519512851359  0.49783795839509315
  0.50717571408505080  0.51683086477791129  0.52675087002209720  0.53668920432937350
  0.54573112947036040  0.55490828992841257  0.56396553693254059  0.57491367941836902
  0.58619927580574516  0.59702252997113614  0.60803615017525725  0.61944155179909588
  0.63118808744749189  0.64359963274971932  0.65624424893676392  0.66888978864004422
  0.68123398847035188  0.69266056197875303  0.70325744351494002  0.71362176773157460
  0.72429338024449708  0.73556370058589193  0.74707322886789429  0.75851827994137178
  0.77005971328895384  0.78083453536557890  0.79126609917164559  0.80183477435184336
  0.81309825481401699  0.82509448470302149  0.83637083340250962  0.84598687298981101
  0.85520442710935141  0.86465481895486962  0.87434777058953361  0.88414597141526841
  0.89392178343845319  0.90338952736067302  0.91261894040001268  0.92179425119357805
  0.93156256376205682  0.94140637388261594  0.95115604926852382  0.96077949383191341
  0.97119983356987150  0.98103779010902081  0.99079639540866193  1.00000000000000000
   2.2155405356106088E-012  -1.0000000000000000     
 F F F F F F F F F F F F F F F F F F F F F F F F F F F F F F F F F F F F F F F F F F F F F F F F F F F F F F F F F F F F F F F F F F F F F F F F F F F F F F F F F F F F F F F F F F F F F F F F F F F F F F F F F F F F F F F F F F F F F F F F F F F F F F F F
  <DiscreteSampler_grid>
  grouped_processes
  1 # 1 for a reference and 2 for a running grid.
  10 # Attribute 'min_bin_probing_points' of the grid.
  1 # Attribute 'grid_mode' of the grid. 1=='default',2=='initialization'
  0.0000000000000000 # Attribute 'small_contrib_threshold' of the grid.
  0.5000000000000000 # Attribute 'damping_power' of the grid.
 # binID   n_entries weight   weight_sqr   abs_weight
    25   10   1.051121824297391E-005   2.582990572914082E-010   1.051121824297391E-005
    28   10   6.710887290668874E-006   1.440625335439820E-010   6.710887290668874E-006
  </DiscreteSampler_grid>
