 -0.00000000185989130  0.00000119580928037  0.00000822893527909  0.00002285350738791
  0.00004600240573500  0.00007751071728747  0.00011520667203158  0.00015790840318354
  0.00020755235963040  0.00026079309481468  0.00031757667045572  0.00037827124153004
  0.00044267368317446  0.00051148497469148  0.00058686239375663  0.00066337903773390
  0.00073901043637142  0.00081274281253749  0.00088526252745615  0.00095983623124878
  0.00103823669189838  0.00111709428700622  0.00120212590805413  0.00129399709072118
  0.00138727182686805  0.00147889776924396  0.00156976952038900  0.00166576046816379
  0.00176102477259650  0.00185513515494063  0.00194644103698311  0.00203505080236540
  0.00212015276123564  0.00220490022003946  0.00229083585732321  0.00237864365169279
  0.00246767937779793  0.00255611828045679  0.00264471614299946  0.00273537711363839
  0.00283289629160371  0.00293709647260941  0.00303736372784735  0.00313614495631356
  0.00323236663434369  0.00332415594338759  0.00341227811753764  0.00349971218070140
  0.00359020009099791  0.00368836922977548  0.00378631187423972  0.00388547555796258
  0.00398172344468955  0.00407858843277329  0.00417498514553635  0.00427107185062538
  0.00436848673005643  0.00446489353059776  0.00456087887529805  0.00465553474122061
  0.00474973357677697  0.00485424910458020  0.00496307455738086  0.00507351763752110
  0.00518824134385038  0.00530924106953202  0.00542973654462260  0.00555118019232323
  0.00567116070667081  0.00578901568330390  0.00590635666162139  0.00602485161353110
  0.00614541439228601  0.00627064313929605  0.00640418098412418  0.00654774631202605
  0.00670193767190113  0.00685488385097951  0.00700855568533413  0.00716361367699460
  0.00732039868723887  0.00747832947002535  0.00764328503529268  0.00781312852884631
  0.00798690074772003  0.00816319540047807  0.00835737428068471  0.00861122551911285
  0.00889733904814608  0.00920211128223985  0.00954299843031894  0.00993647316776652
  0.01041572996832243  0.01113130018055490  0.01214672459849203  1.00000000000000000
  0.00943871738965207  0.01573984178293842  0.02572359102505186  0.03867477878038232
  0.04969587839550262  0.06078863175799635  0.07167522208599603  0.08236857228628626
  0.09255934833019963  0.10210947927101569  0.11188891668020835  0.12220882010537723
  0.13346279028600647  0.14558404396679514  0.15675303694686749  0.16749594240407017
  0.17849020367387292  0.18996268161955787  0.20165352200239695  0.21270298214117644
  0.22299485368066063  0.23342550082727251  0.24442581133127494  0.25587255500176675
  0.26730272185474208  0.27974931116160068  0.29319709080187817  0.30495047524158198
  0.31671037834616039  0.32830900955740794  0.33899813860472605  0.34916179349879028
  0.35927287385165974  0.36925378401139769  0.37962815585347937  0.39027359213997487
  0.40134957015383477  0.41238720217455110  0.42313314471350333  0.43356652873381152
  0.44358321632880993  0.45332005612854548  0.46267488935118639  0.47139416242880039
  0.48025550736895883  0.48882102045180759  0.49736824493586029  0.50604951963846678
  0.51480102358754953  0.52446872583927084  0.53490003181344759  0.54536773653772230
  0.55585430110211820  0.56618672673765325  0.57597347107624552  0.58765376318555507
  0.60067076018860799  0.61359202617390718  0.62607954475673633  0.63853841185480564
  0.65031723499065808  0.66094257581754912  0.67209163096352098  0.68291837413816869
  0.69323203667861522  0.70304308452590103  0.71265978967323751  0.72328799796957410
  0.73386164815771127  0.74530212883321378  0.75596344272799787  0.76624694207597788
  0.77558899411447402  0.78503443673221496  0.79464207254460428  0.80446328412783796
  0.81435479132453159  0.82454701784405782  0.83458007044577365  0.84403359689608259
  0.85301356645700899  0.86135565774189482  0.86966754966327797  0.87847546338789650
  0.88776512262409946  0.89725525862765010  0.90638523918421388  0.91531159827121256
  0.92482454634816869  0.93453346824464556  0.94400575491104266  0.95374496568070177
  0.96384426785545829  0.97462187567742131  0.98585031062047013  1.00000000000000000
 -0.00002184958180418  0.00025929287783893  0.00074542898468870  0.00147819959384400
  0.00255193876301916  0.00385436917976876  0.00532634452515837  0.00717366400843022
  0.00940188686628617  0.01183605440644166  0.01440723979080465  0.01716245945631549
  0.02007690597811582  0.02335448973347595  0.02684289155269724  0.03043137874534257
  0.03424451514065575  0.03824751569484351  0.04225444418070037  0.04625040174546864
  0.05040987055659756  0.05476563490665864  0.05935509661186380  0.06400217472812780
  0.06901312252685625  0.07455158628488188  0.08043726420338286  0.08650501780354361
  0.09261332174925768  0.09888774582417435  0.10515426235271040  0.11116972248922879
  0.11711766369995792  0.12368932146631213  0.13031865431975201  0.13688974331207104
  0.14337400910859291  0.14982138186681221  0.15642853670911944  0.16321499447079710
  0.17031835087670466  0.17770427175775450  0.18531238962871538  0.19298123688804869
  0.20055509469821123  0.20811489751902301  0.21577877001835050  0.22413084499990676
  0.23316407125263564  0.24199828219419983  0.25092309035543531  0.26042613207183651
  0.26966826001732380  0.28003112170610356  0.29074603729372844  0.30142854302298411
  0.31180850602296284  0.32192706308412355  0.33226705453434008  0.34293116858778583
  0.35384612449612934  0.36499468036166449  0.37563279716028841  0.38761478099057312
  0.40008270664979240  0.41267604385378559  0.42638018741328004  0.44201784685389622
  0.45775203710222279  0.47372786534383327  0.48993737640501783  0.50642978576240849
  0.52324810810295963  0.54061627088568376  0.55946857772592240  0.57867194177034220
  0.59825702647947476  0.61826486438400230  0.63855813087430713  0.65870937400506380
  0.67810291446493376  0.69670948185137493  0.71492126204376305  0.73335525787548095
  0.75204835151934823  0.77135427234209109  0.79147535162898941  0.81220996364336306
  0.83359869129432485  0.85583992921057872  0.87798520481223941  0.90037649212585402
  0.92478976289052117  0.95040532642269915  0.97530899578792785  1.00000000000000000
 -0.00282037174509745  0.01068016644740300  0.02238677676487387  0.03358986496897225
  0.04429967429901023  0.05471758212696697  0.06484327093995575  0.07451166009652732
  0.08345697526479887  0.09227526320190277  0.10104664253553169  0.11081653546280210
  0.12046212974030102  0.13067954790985709  0.14129914184419753  0.15188362584866852
  0.16227192438868290  0.17237233811802116  0.18199788170650935  0.19151522174981392
  0.20166873445446284  0.21213632912122726  0.22269519468138649  0.23308364737936524
  0.24443049387536891  0.25639256726637399  0.26737257947514903  0.27903920520141623
  0.29122602391157193  0.30359337754683852  0.31549388006782159  0.32621561398428028
  0.33589220170379347  0.34523807578422377  0.35449999628827022  0.36405409418704560
  0.37411496964435287  0.38482980890359086  0.39604287487870077  0.40781207995391366
  0.42013076392196363  0.43229241981421135  0.44420997605964185  0.45643479095691636
  0.46806184108197357  0.48011547486795658  0.49070457689923108  0.50200123693205190
  0.51223405776164432  0.52279574756501246  0.53319021000796585  0.54323208969269410
  0.55262099979869284  0.56234785937189247  0.57287765838736815  0.58399490288074229
  0.59506287373300093  0.60595742353085447  0.61699271275742540  0.62772696795961469
  0.63781800943161715  0.64796903816706874  0.65780047149629794  0.66750796475943186
  0.67696381223977120  0.68639447677367926  0.69637769051047538  0.70691548256068537
  0.71780041016212615  0.72865672504716983  0.73909617388267845  0.74951902889822730
  0.75960899687075345  0.76903629031213627  0.77811622181271922  0.78733250803856991
  0.79787749255581331  0.80939041367017706  0.81996641686662908  0.83009045049990482
  0.84063704208077539  0.85121277146879182  0.86171780451216340  0.87228663896862668
  0.88305986612981813  0.89365783664365428  0.90377157312735845  0.91417119880684228
  0.92549161309323580  0.93702826943438611  0.94748605514937878  0.95797484024285229
  0.96883203589416866  0.97967809907554593  0.98978537456763327  1.00000000000000000
 -0.00298344962508888  0.01073053510862115  0.02234044403519763  0.03469995551164508
  0.04598217891024339  0.05622757434373312  0.06662185662850131  0.07702777803468513
  0.08705837830956420  0.09626475026943301  0.10586117404057885  0.11641664089287408
  0.12763015863253688  0.13891101725475066  0.15039297637026219  0.16223324512337806
  0.17405511149275305  0.18577743013567116  0.19740618978319666  0.20925516881832851
  0.22176112925674385  0.23447166525043484  0.24708138785615427  0.26048146434109987
  0.27353541310321305  0.28510558326913926  0.29649682441657149  0.30745482624979714
  0.31802694539509374  0.32859281424376230  0.33941456658844488  0.35042380425293451
  0.36152467567694274  0.37257829513274759  0.38360400566427560  0.39393501814332860
  0.40536213432770418  0.41683786751090646  0.42767968775983117  0.43848942030162175
  0.44943662779683941  0.46076519566956570  0.47226186433030176  0.48356433528553816
  0.49395253133223715  0.50372624189486159  0.51310193600799592  0.52302239859769839
  0.53343532535088378  0.54351805177792756  0.55290011643713377  0.56259697271839926
  0.57262672152619909  0.58248415559597366  0.59216507206933622  0.60153370882638746
  0.61204131526881733  0.62455224739415305  0.63675306666505516  0.64971711667804155
  0.66023322212076851  0.67044529083237125  0.68111781398082327  0.69099683351616592
  0.70052256580366457  0.71011105732964097  0.71900992433914168  0.72735764373904899
  0.73552870043347196  0.74382438612244162  0.75226296051844987  0.76107240278087773
  0.77019593867078640  0.78014148769574931  0.79080982801132671  0.80213661859134155
  0.81353358452785485  0.82330383515727501  0.83244660190320374  0.84160803625039804
  0.85082348273019004  0.85994326908092977  0.86882668712679212  0.87829662227391858
  0.88845178892463061  0.89805956138694010  0.90694403641980881  0.91609832035542904
  0.92508427182212583  0.93415212080713617  0.94359508744672826  0.95345787824602701
  0.96351931818384695  0.97495049494636665  0.98666820588996773  1.00000000000000000
 -0.00263087744515221  0.01000910724351849  0.02062975540840685  0.03050779396962975
  0.04046285866352677  0.05004780216833488  0.06031040069085308  0.07023939510427327
  0.07999799095899696  0.08937601631166110  0.09861233425179962  0.10841174300830078
  0.11949352334672804  0.13053383723210085  0.14123050794631700  0.15174297920503038
  0.16227228474163360  0.17220010309161157  0.18168549811511250  0.19222682079927572
  0.20340086847397673  0.21496177465352392  0.22655149863264401  0.23823075302615668
  0.25025458933825023  0.26235294412927834  0.27376621396326811  0.28449897533006124
  0.29526367887723676  0.30580194051196863  0.31575691248919197  0.32526287868105086
  0.33503621606164924  0.34520579727429590  0.35579164936522933  0.36643839905205283
  0.37735647239669012  0.38803089388541062  0.39854122518281471  0.40864648727334546
  0.41904076607896812  0.42951806116072117  0.43953019238911872  0.44911140473101124
  0.45891662870277244  0.46875840824565307  0.47835304131293210  0.48774151272388655
  0.49740379784647087  0.50756421543506980  0.51791595667508628  0.52870819258915036
  0.53979537076264839  0.55056726785422005  0.56146816800232469  0.57310642165238446
  0.58594588888918397  0.59874902933786267  0.61280635916866755  0.62611985715328211
  0.63859140487146282  0.64899782959901831  0.65841449757173498  0.66762306354455625
  0.67655392538101811  0.68539402311702746  0.69405218947723968  0.70257652495714928
  0.71155669360781026  0.72132744076869237  0.73242495637539529  0.74517284144848339
  0.75780163514653665  0.76928778560887967  0.78108439011775721  0.79268319319159219
  0.80362667777403596  0.81428752885785682  0.82491657969219612  0.83544991210972586
  0.84571661278373966  0.85591532210449883  0.86651994813392175  0.87736834838741162
  0.88859871108892086  0.89975278542717507  0.91134562863667834  0.92311696799985254
  0.93522731908761148  0.94630617969426534  0.95740119166514348  0.96667537515060153
  0.97569573368972273  0.98420175142282373  0.99220417979081255  1.00000000000000000
 -0.00353999072424879  0.01160043816659565  0.02367672890081288  0.03355462304102386
  0.04356938084121235  0.05438107541694861  0.06522281135756780  0.07563296396870983
  0.08690211789100161  0.09912678050394284  0.11112228604809885  0.12244223434990600
  0.13325452511516303  0.14384546972796100  0.15402631223507060  0.16358550342193354
  0.17317298270584211  0.18335316656673781  0.19433815199512930  0.20581735077878252
  0.21766782318685224  0.22949404375533805  0.24153956385304320  0.25350074329075800
  0.26512780624608129  0.27688394273095224  0.28851561067418696  0.30025284317944057
  0.31122283142947960  0.32027941964922002  0.32888122963716593  0.33718718104481665
  0.34522342902845793  0.35370657084507895  0.36257308983298475  0.37165529136888154
  0.38158990200910881  0.39227216945731225  0.40333589112512430  0.41462236871368474
  0.42547312831219486  0.43607444779474280  0.44657783336466766  0.45689240741740833
  0.46681935883656955  0.47640054999685000  0.48566096403511100  0.49468003366336333
  0.50425191685753645  0.51358718470483133  0.52314680266113034  0.53326006543239257
  0.54413155835658411  0.55589770375754499  0.56808844820909066  0.58013101170999326
  0.59125753375112389  0.60224609403287477  0.61398293651723990  0.62570251707332680
  0.63599955974780709  0.64624955912534676  0.65641083545901713  0.66658095274125451
  0.67702688295113178  0.68734717116859589  0.70023196063783488  0.71240342116268607
  0.72449603387984485  0.73555179510362056  0.74608913231037355  0.75658532454255456
  0.76715773489367456  0.77773083669883525  0.78845939386877129  0.79894063725175291
  0.80933028592701384  0.82010672015148944  0.83105734577003965  0.84152821345911455
  0.85136692453926843  0.86057653994715488  0.86959396191615335  0.87860196257974565
  0.88754373931342545  0.89637077119731090  0.90566369837164584  0.91519168939304174
  0.92558980569081983  0.93577779504196923  0.94582654217264495  0.95590233588950380
  0.96639497780439199  0.97701590072735334  0.98825027045282754  1.00000000000000000
 -0.00191060828159905  0.00827988470283849  0.01769903421137142  0.02887371418788037
  0.03981361125020374  0.05118839388526476  0.06300726235850367  0.07429533595948896
  0.08636322363106057  0.09836074762636643  0.11069309482127028  0.12236964409595473
  0.13315575338973221  0.14346937710231727  0.15393814800748981  0.16433040087431627
  0.17447712535172652  0.18483382265116705  0.19581138906524570  0.20674293266590027
  0.21709160223671037  0.22743071395092870  0.23832655089936783  0.24957507682859395
  0.26022455820711554  0.26991139205511216  0.27874182344308129  0.28751099995553314
  0.29613334279430442  0.30439598133970752  0.31281131134073098  0.32199363342869958
  0.33088901670850773  0.33964271111587319  0.34837889546983186  0.35720428613297489
  0.36644677426872441  0.37602936067778420  0.38547074217386323  0.39503252556472190
  0.40597194090482036  0.41724564123238445  0.42806231073953654  0.43826132992684413
  0.44793991005332356  0.45728650416219019  0.46672818674776900  0.47635910797652797
  0.48651646294679962  0.49702344310381913  0.50758657242022831  0.51865152196055819
  0.53021620795405378  0.54285334762052029  0.55675402068160451  0.57050129750708534
  0.58409133815552983  0.59721056363539426  0.60985376101935895  0.62196393353513335
  0.63253925350708406  0.64167066861499433  0.65075395660766400  0.65970381433237135
  0.66900400988244946  0.67839731784397428  0.68868649356156997  0.70018101390401011
  0.71152351630758548  0.72234404354224135  0.73343604898679082  0.74471254866422087
  0.75525319745513753  0.76569564534034984  0.77732342307260704  0.78968853270580330
  0.80101238872737879  0.81084819595799251  0.82064347845471675  0.83016106454785576
  0.83963371134029419  0.84896962678541832  0.85866819753805201  0.86843265342442022
  0.87818014090252561  0.88859190222478845  0.89939780083249299  0.91059644476796608
  0.92225025993711418  0.93483759259715737  0.94639743459976444  0.95762830072699612
  0.96802277240729639  0.97889622548720812  0.98913071132883856  1.00000000000000000
   2.2783713509137117E-011  -1.0000000000000000     
 F F F F F F F F F F F F F F F F F F F F F F F F F F F F F F F F F F F F F F F F F F F F F F F F F F F F F F F F F F F F F F F F F F F F F F F F F F F F F F F F F F F F F F F F F F F F F F F F F F F F F F F F F F F F F F F F F F F F F F F F F F F F F F F F
  <DiscreteSampler_grid>
  grouped_processes
  1 # 1 for a reference and 2 for a running grid.
  10 # Attribute 'min_bin_probing_points' of the grid.
  1 # Attribute 'grid_mode' of the grid. 1=='default',2=='initialization'
  0.0000000000000000 # Attribute 'small_contrib_threshold' of the grid.
  0.5000000000000000 # Attribute 'damping_power' of the grid.
 # binID   n_entries weight   weight_sqr   abs_weight
    25   10   2.230498764773509E-004   8.586338417299954E-008   2.230498764773509E-004
    43   10   3.218843264114352E-004   2.824490203468089E-007   3.218843264114352E-004
  </DiscreteSampler_grid>
