 -0.00000000538017832  0.00000258043711573  0.00001835328296135  0.00004805402802230
  0.00009841187660392  0.00016143347839825  0.00023893961410617  0.00033750518862621
  0.00043705364647551  0.00053999330630617  0.00066068704980133  0.00080044832268683
  0.00095614570885046  0.00112124615674035  0.00127428245538797  0.00145289594907860
  0.00164105040257341  0.00182748682975385  0.00201747320782785  0.00221468264201709
  0.00242285183705427  0.00264623919207035  0.00290239819358281  0.00317781212452649
  0.00345161646110776  0.00372022232061692  0.00398894793448858  0.00428295144173399
  0.00457908704369555  0.00484605752410517  0.00511297384299218  0.00537277691674083
  0.00562542149285680  0.00588331852393139  0.00615665112734732  0.00645318599544637
  0.00676124547551184  0.00702857151399047  0.00722187251019825  0.00741761524734424
  0.00760230302277174  0.00779060570971202  0.00796184258947824  0.00815581898279111
  0.00838110302153943  0.00864662181544458  0.00894503925546377  0.00925139349161789
  0.00953032629293866  0.00979547333191863  0.01004169157312547  0.01027396893862632
  0.01050328500065335  0.01070712948043870  0.01094145442676777  0.01120004079393887
  0.01146835915680742  0.01173539945148351  0.01198906240183904  0.01224428488607989
  0.01251340838878290  0.01281086707535570  0.01315225067995123  0.01359900810365988
  0.01435231905719994  0.01566325903089235  0.01711050671862526  0.01805141329535636
  0.01897675439567864  0.02009840060803230  0.02122098588730864  0.02227283386244908
  0.02322520936115020  0.02414394834977095  0.02513831504369272  0.02609257337164209
  0.02709791516436008  0.02805510066268094  0.02891085181519927  0.02981364723486662
  0.03062765202996149  0.03157806301397631  0.03271914518268351  0.03391443996777885
  0.03518248119442708  0.03650094764896991  0.03802504904648230  0.03967788202168761
  0.04155170343120237  0.04378342921119684  0.04656505142681981  0.05020461059048991
  0.05596081839006969  0.07092253781245930  0.11550300489889828  1.00000000000000000
  0.00986185162285278  0.01678168589804925  0.02575818131011400  0.03631998028253286
  0.04693509883671327  0.05711171953176996  0.06819611563894590  0.08233115724929213
  0.09002202536504672  0.09851528216468665  0.10592638286782477  0.11230677779288754
  0.11782369548157970  0.12304854956101542  0.12887123682075055  0.13533269105157461
  0.14248717287159046  0.15303650076122788  0.16666933706305140  0.18052556651818030
  0.19270933569616919  0.20419452547366557  0.21561979804612144  0.22743723912553732
  0.23968279070978596  0.25126976870376583  0.26201825978237314  0.27418781792132574
  0.28297402287383983  0.29211157864150089  0.30047407370363655  0.30991154774813984
  0.32054493576836068  0.33175579454271076  0.34443990249233125  0.35816613977618172
  0.37192678879877866  0.38560321032852152  0.39663003760849275  0.40751299090960946
  0.41862219736998924  0.43029111912833545  0.44212636615409562  0.45297399074561495
  0.46308000525594795  0.47332102897137002  0.48392617669977794  0.49447239073600302
  0.50562959538814989  0.51864494491543356  0.53124903389527878  0.54283905701271218
  0.55441291992540487  0.56694564102250333  0.57908238039545645  0.58870891197823205
  0.59747692122664675  0.60625236065518895  0.61546309769201935  0.62363605498620822
  0.63148932634303279  0.63867977009600019  0.64646719011407372  0.65731333885442023
  0.67044112018076663  0.68345224989692399  0.69461591988834648  0.70367637720126119
  0.71282162180051756  0.72182027470011156  0.73123516598065941  0.74055768424008017
  0.74876242337016963  0.75792106375177670  0.76802245468297570  0.77849503377039231
  0.78914844668509765  0.80013085262687123  0.81180074137895919  0.82400683253803364
  0.83662796743681511  0.84823655376113283  0.85797317682190422  0.86677388178059989
  0.87560576719657979  0.88429268601794908  0.89342399945170659  0.90231272185111888
  0.91026726788863710  0.92174003281832773  0.93501090048113311  0.94764265861232111
  0.95940277458866818  0.96991079395846358  0.98038426166921966  1.00000000000000000
 -0.00109270524654573  0.00522168837353821  0.01080020728975456  0.01695258791126278
  0.02370089542141383  0.03067574413522519  0.03697753690740235  0.04262700231510544
  0.04838022704452677  0.05480047360121057  0.06308000800221095  0.07354124918665754
  0.08441204611738744  0.09455045172035098  0.10337912378307258  0.11201441091170809
  0.12123164683958149  0.13116084436318287  0.14182690433665618  0.15294713707474017
  0.16119686292674049  0.17124072935166693  0.18337279691491859  0.19391786756204205
  0.20593002216119438  0.22015124996228941  0.23266991663630771  0.24176490691933383
  0.24836412133719102  0.25425151206643715  0.25921109539884241  0.26569552176129013
  0.27325621319295923  0.28154147259818924  0.29064085547260721  0.29880222034535592
  0.30609385927608312  0.31425013858763617  0.32510011054308258  0.33673591044800677
  0.34699214878714935  0.35645154959707209  0.36502775807966320  0.37362907907492171
  0.38290699082515611  0.39358725439511077  0.40504135164827632  0.41582954820770696
  0.42723721245669127  0.43837056406483338  0.44959221690235834  0.46032410574200899
  0.47110687340147511  0.48086070388723351  0.49059639537651628  0.49931010051318248
  0.50893734965620718  0.51940037952446372  0.53051535927956783  0.54323188551973289
  0.55657217423748928  0.57159014394325069  0.58557983589582041  0.59810413314629618
  0.60986858391042076  0.62159551269566349  0.63279224693997105  0.64211391458754508
  0.65095787741867905  0.65989041993366215  0.67043375527961924  0.68415882812501849
  0.69735914722218351  0.70918310722018896  0.72087173881830080  0.73262876276167221
  0.74603650422696510  0.75819514914903274  0.77036777831616365  0.78348859651035740
  0.79420994654724020  0.80276082130813664  0.81165461378346349  0.82482505536797690
  0.83896511369551707  0.85230122712942658  0.86534264837903241  0.87828494599378859
  0.89153540843558188  0.90550461491273382  0.92104089132875955  0.93814535209036154
  0.95405405924086473  0.96899024775165887  0.98464465040213134  1.00000000000000000
 -0.00259204122350885  0.00929800643472362  0.01770350548247934  0.02549623132982492
  0.03425777476669681  0.04358193968176361  0.05480243432726023  0.06900737951641084
  0.08250697930683021  0.09502377595300995  0.10799381478604431  0.12329134439571213
  0.13791835781845205  0.15094429590867642  0.16278957325785270  0.17496549815536103
  0.18742342905957432  0.20100147117453379  0.21545819629859406  0.22752217548147108
  0.23955578138300290  0.25185019672491027  0.26436458245691891  0.27475063395659610
  0.28521141384782911  0.29579392538537375  0.30704337595817788  0.31931536775334013
  0.33058262690557616  0.33901029012588257  0.34546605746733239  0.35189051455932463
  0.35925599255534935  0.36507239723017648  0.37047607173240910  0.37560704923616373
  0.38055084932766975  0.38902394547479813  0.39799744321491870  0.40859925079284981
  0.41837019835132072  0.42696579139114793  0.43496414241881864  0.44378713364183714
  0.45393275708957753  0.46584429613131828  0.47710848984671467  0.48616696828265871
  0.49560020989649467  0.50483171596430476  0.51593515188567407  0.52580744918527300
  0.53623078538214164  0.54649359342692039  0.55602136140974368  0.56522664997026173
  0.57404073878858797  0.58134993123639367  0.59216700772102371  0.60623714159816244
  0.62129277888137646  0.63742593327578778  0.65159638770966632  0.66301956690719499
  0.67409559994710999  0.68504485807812499  0.69709195850981009  0.71144814174885462
  0.72586510617789857  0.73935230560659382  0.75108450857108111  0.76254676011103084
  0.77432074593654676  0.78716197575538682  0.80198094392999875  0.81493025745355296
  0.82373392140380453  0.83253341050726670  0.84129324984390885  0.84953896462865131
  0.85789578131519661  0.86675246519195548  0.87785377582040036  0.89311679686652790
  0.90770374144242238  0.91962766198656754  0.93129745411826392  0.93992831855936765
  0.94759849983004896  0.95472247563427004  0.96103799528657941  0.96767357604738469
  0.97604164535483373  0.98382845242920647  0.99175956954145317  1.00000000000000000
 -0.00248882629437196  0.00850458225643068  0.02051826621047245  0.03026216687094746
  0.04092450973584575  0.05135058039878782  0.06416496587356792  0.07541451045963291
  0.08510764654063604  0.09511488335753773  0.10518355114027318  0.11646135697107830
  0.12892998674723033  0.14211271714973742  0.15539155914379946  0.16776716967998759
  0.17938625119154575  0.19103856828548149  0.20283235812970674  0.21571004986391598
  0.22870946223119884  0.24047200359581583  0.25077087645076812  0.25921347016407942
  0.26777891339237420  0.27805193734023809  0.28707699690330540  0.29504167260953712
  0.30250283376792414  0.31085244947340512  0.32059638895665776  0.33070322438282068
  0.34014350488233980  0.34931995206125360  0.35946402458435361  0.37015387587192283
  0.38126317458186004  0.39372400629209120  0.40753624080788697  0.42237208656517833
  0.43543639733544759  0.44701699891001140  0.45809802431535640  0.46897963355780281
  0.48072893651035781  0.49351365325675933  0.50477050126687284  0.51535156912607083
  0.52578918162556054  0.53491129506803525  0.54337047444187803  0.55004791692837118
  0.55771057836315185  0.56483313302726401  0.57187642290590446  0.57903846506920265
  0.58595656421649989  0.59229101384656713  0.59898215534153310  0.60734705135517775
  0.61880478441990405  0.63149392352310374  0.64464007272389323  0.65653063436417036
  0.66746431383448335  0.67822842359982050  0.68955658460596403  0.70178769839293165
  0.71429144401355760  0.72657490848721173  0.73926595240161064  0.75189271872093877
  0.76552427301476134  0.77531618492905441  0.78360019903954681  0.79281150551732593
  0.80258494692661975  0.81108856261784767  0.81911793378710518  0.82732015486892674
  0.83737050211260000  0.84812781855760377  0.85937281833049406  0.87084710693343148
  0.88202191273546726  0.89347468351995307  0.90616258458439780  0.91969276918085208
  0.93217503599859608  0.94583203224111601  0.95869552152985682  0.96812237582298666
  0.97617224037579287  0.98433504063194766  0.99236693003620868  1.00000000000000000
 -0.00176544662718512  0.00610158728118504  0.01526613114037971  0.02295332733962924
  0.03130061240304326  0.04008144814708451  0.04961126510239128  0.06007552560523056
  0.07078538139480967  0.08088762623711789  0.08938772337017427  0.09854943622032142
  0.10784014986969340  0.11693233566941207  0.12533295482205364  0.13419747135296897
  0.14223056622906871  0.15238728448923314  0.16486389490714029  0.17721821486752559
  0.18962747519372422  0.20099911429331402  0.21212380574880038  0.22375857900673526
  0.23604416525816230  0.24886822863063310  0.26176581987927788  0.27409706264361872
  0.28658835400923954  0.29599875655661145  0.30372828638764465  0.31065942482704850
  0.31754430266400518  0.32555666920976128  0.33317118017749936  0.34102345566105152
  0.34878515299474067  0.35753427196173532  0.36815824137475417  0.38035261131702386
  0.39294288943985156  0.40491616238237749  0.41696992313405473  0.43020313016932665
  0.44295534663126357  0.45426241866380918  0.46538873813846665  0.47687722398275834
  0.48946697952609597  0.50234195365802170  0.51285661133041671  0.52263547909819019
  0.53291051604228956  0.54241550535166316  0.55145361956711358  0.56071296746657950
  0.56954441475562489  0.57838376870850861  0.58648480859460661  0.59533608363454193
  0.60526019955837096  0.61676009611856275  0.62791415608898127  0.63754532101785732
  0.64727697289340724  0.65703202282897177  0.66750608106753595  0.67983506885359146
  0.69423714701070438  0.70919747316909421  0.72123422872125986  0.73221778632026058
  0.74109013306312121  0.75141317016921660  0.76169251447125830  0.77274837720121881
  0.78283182686431918  0.79133336908122698  0.79994675336130394  0.80916725193672212
  0.82019224070210173  0.83206069695146723  0.84514026030008971  0.85755482481117173
  0.86982564994127776  0.88342076093888000  0.89751063321964397  0.91003422335322970
  0.92128840574169946  0.93191402596667572  0.94259192857122198  0.95380477093839466
  0.96484549417414001  0.97612238837318155  0.98764364797002646  1.00000000000000000
 -0.00067153853139428  0.00401994875607791  0.00743019786121894  0.01099673745204256
  0.01428717773961921  0.01815866357543777  0.02201306736853134  0.02702975343904275
  0.03235904762201208  0.03721965613302594  0.04094761229845598  0.04618233354076086
  0.05133699839092991  0.05669498178605884  0.06257102108873251  0.06813524679146171
  0.07395689368333137  0.08331090116198829  0.08942253242076796  0.09463004082577230
  0.09990170434403033  0.10514572168227419  0.11113972864079710  0.11949962920284737
  0.12753498835909882  0.13460417199974051  0.14171911162741177  0.14887968891309294
  0.15615299314264924  0.16422301806164200  0.17358314724201010  0.18436713587053066
  0.19759578936830788  0.21280686402309071  0.22880846829954188  0.24376767053079504
  0.25950632163221482  0.27239834810644670  0.28638352675271106  0.29958453037847677
  0.31786738394859376  0.33889938501150507  0.36216546590262322  0.38403865210271737
  0.40458781599889432  0.42257481305008709  0.44008826317295791  0.45935292067172501
  0.47782092369646628  0.49692733650199650  0.51495197207942867  0.53299416844720993
  0.55195011837651065  0.57143024936425180  0.59016772500698245  0.60853351274233325
  0.62580301062927801  0.64239049760717859  0.65789400499531847  0.67289045017580618
  0.68800943566402806  0.70226377449221777  0.71518383198434055  0.72717937395906396
  0.73836924041292074  0.74893504155730606  0.75885698324271189  0.76872347581863143
  0.77772265349916503  0.78628477661154006  0.79512334726539580  0.80522420877813861
  0.81541416071228157  0.82570312353757780  0.83533307116051114  0.84498372613063888
  0.85534026873647384  0.86553023954311181  0.87620206203020334  0.88594745911717709
  0.89508214884445447  0.90396236569749666  0.91264602428674058  0.92110266137702457
  0.92985834951245672  0.93753113990877690  0.94451006867895304  0.95105713428606742
  0.95749821303579619  0.96430799227298958  0.97105469724365212  0.97747437725228314
  0.98348818748395306  0.98922502272163815  0.99469619551874300  1.00000000000000000
 -0.00289154212510002  0.00740249645928064  0.01701546856283008  0.02672014447681829
  0.03817134162829812  0.04863899615125936  0.05782249651188031  0.06659747329491224
  0.07537146186459472  0.08448714397254917  0.09355162062767992  0.10245398583642598
  0.11116375134543152  0.11931278560998088  0.12735130870877598  0.13547203947107178
  0.14404250293661902  0.15231651025175022  0.16079768006324391  0.16963472035322633
  0.17859723336083169  0.18663947046607107  0.19396184458583340  0.20041697253024285
  0.20811917203351477  0.21795631788694750  0.22839003551894901  0.23798288274169843
  0.24792494509874183  0.25844194005029386  0.26884911672836048  0.27762333941755113
  0.28592792634376202  0.29491158746037849  0.30637576306699865  0.31855561837695767
  0.33175014894136728  0.34562876268066500  0.36065613270293861  0.37531352901874754
  0.38740920773936649  0.39733299200072003  0.40839318574350558  0.42104546647860092
  0.43582720355187915  0.44762966379239666  0.45879641886718936  0.46915836470157862
  0.47911988565487096  0.48880540532141398  0.49775686576841111  0.51315003355685151
  0.52854512768221806  0.53970124413029452  0.54853491202456839  0.55720002221811427
  0.56482705190307436  0.57186017790149068  0.57856063274589287  0.58523246343308510
  0.59208146979862941  0.60110678544343088  0.61122601660692810  0.62148462290955542
  0.63160709345004862  0.64126390671794609  0.64993963745144090  0.65810218612022109
  0.66723577872062423  0.67861859150024606  0.69270095292526834  0.70491755396381883
  0.71902788603997014  0.73501115833504804  0.74743459605625373  0.75893988795135481
  0.76894792173335091  0.77949003166751663  0.79131527131745560  0.80300362878657172
  0.81561231588286953  0.82762971926588125  0.83863182510450263  0.84851973268347847
  0.85947592996855704  0.87223693453856244  0.88687204777476114  0.90226290958521460
  0.91657101427047727  0.92950470010727082  0.94131697463667197  0.95425954112519040
  0.96640368470112614  0.97815229054552222  0.98952234418552709  1.00000000000000000
   1.8487688120369043E-014  -1.0000000000000000     
 F F F F F F F F F F F F F F F F F F F F F F F F F F F F F F F F F F F F F F F F F F F F F F F F F F F F F F F F F F F F F F F F F F F F F F F F F F F F F F F F F F F F F F F F F F F F F F F F F F F F F F F F F F F F F F F F F F F F F F F F F F F F F F F F
  <DiscreteSampler_grid>
  grouped_processes
  1 # 1 for a reference and 2 for a running grid.
  10 # Attribute 'min_bin_probing_points' of the grid.
  1 # Attribute 'grid_mode' of the grid. 1=='default',2=='initialization'
  0.0000000000000000 # Attribute 'small_contrib_threshold' of the grid.
  0.5000000000000000 # Attribute 'damping_power' of the grid.
 # binID   n_entries weight   weight_sqr   abs_weight
    19   10   4.533039886067748E-011   4.491751518197928E-021   4.533039886067748E-011
    22   10   3.662922345502049E-011   2.313454335752875E-021   3.662922345502049E-011
    25   10   9.897607040668009E-011   2.828849169285906E-020   9.897607040668009E-011
    28   10   1.667551094164644E-010   9.135467533119652E-020   1.667551094164644E-010
  </DiscreteSampler_grid>
