 -0.00000001850774238  0.00002456601177893  0.00019516404159549  0.00054939235592428
  0.00107096621603660  0.00178626407287394  0.00270978712671882  0.00379610290090271
  0.00502927835321850  0.00632156529455774  0.00769379868224309  0.00916329952911318
  0.01075700281481418  0.01243365168492921  0.01411765728486315  0.01579842544216450
  0.01749075744198125  0.01915576556125640  0.02094785039108643  0.02279705609279823
  0.02463915132233261  0.02669593672373916  0.02884405558913666  0.03095163910928867
  0.03300443618048948  0.03509327537300518  0.03718930816320516  0.03927270824433008
  0.04135779358692819  0.04338096347576532  0.04546189948482920  0.04767660809606278
  0.04991519545199058  0.05213023534346681  0.05434602509393315  0.05651377927367884
  0.05863657463996282  0.06074715511671196  0.06284107253218625  0.06495297306382869
  0.06711220135921889  0.06930158290144203  0.07149344624085796  0.07366089883524550
  0.07582860328323861  0.07801206053829604  0.08029244048229783  0.08272575681811987
  0.08519544445600948  0.08766453618401820  0.09016711845995744  0.09276131304952528
  0.09529280790147172  0.09780967975227922  0.10030387558994765  0.10278347139854592
  0.10537373671336681  0.10821074388434529  0.11123071870032326  0.11437642800259491
  0.11742007119588897  0.12038940641885332  0.12332006285979953  0.12625185624798052
  0.12922490573465698  0.13229527290864110  0.13536341535068533  0.13835855320356197
  0.14170133548451747  0.14551228074977793  0.14930714655579502  0.15304444150594118
  0.15692571154536344  0.16095850683981602  0.16505023746289579  0.16892907736870738
  0.17288863753169856  0.17690958730165007  0.18116220028813160  0.18571011819710137
  0.19071952767071593  0.19639398943337982  0.20285055926874532  0.20953496674670755
  0.21650618333123445  0.22388393010104729  0.23162854774095576  0.23986990070108172
  0.24998646684582640  0.26312075856497696  0.27856745181261355  0.29766995178155747
  0.32477881230459099  0.39070581635423896  0.61668899819985334  1.00000000000000000
  0.00942842282315494  0.01604829622281727  0.02562004540399514  0.03566414918800690
  0.04533946219736117  0.05470268481063782  0.06423466174844314  0.07418176175379022
  0.08450468461353162  0.09531050348565032  0.10644172191237747  0.11775468232848978
  0.12910062536069450  0.14014059032955792  0.15066634692712141  0.16098854674954036
  0.17139808091251887  0.18187601657157046  0.19250070040060102  0.20321194627035424
  0.21384968698811388  0.22438923109449208  0.23523397707410729  0.24615627484976785
  0.25667234418720641  0.26689112547149152  0.27739058403221173  0.28764045646472497
  0.29791650686896542  0.30851627752385458  0.32051868632669783  0.33362874832815759
  0.34445881255938715  0.35501302679223845  0.36537483462113374  0.37554148238310459
  0.38540887136514979  0.39506369349145665  0.40475002851631242  0.41473602910516050
  0.42463490684493033  0.43469829691706990  0.44492490760040443  0.45550671297261069
  0.46669410583222559  0.47798366311116630  0.48882619885615797  0.49941780161381910
  0.51075184605543045  0.52186801520893089  0.53143309049470489  0.54063188202237000
  0.55009317425723547  0.55950223825225964  0.56855276611721683  0.57740141089427632
  0.58648257969448514  0.59563754549563330  0.60459475823407016  0.61370077790955202
  0.62325434620082154  0.63366607733357927  0.64437052548684981  0.65607574995463136
  0.66760569019692406  0.67783196118792799  0.68781698273076375  0.69800322667004799
  0.70806037420840362  0.71775581419176282  0.72756104494941121  0.73862706964904012
  0.75027569638240221  0.76170927566689373  0.77309944705306832  0.78435209123042182
  0.79499765667710598  0.80501484918603150  0.81526306720772745  0.82612096682792413
  0.83677140014961682  0.84690020321629944  0.85746665531715482  0.86868024652125619
  0.88014680008631974  0.89173606769301905  0.90324914470120754  0.91586890931701537
  0.92930671922151398  0.94164015168084525  0.95095127476984964  0.96089206589059173
  0.97145583787094247  0.98221823257098473  0.99110080521122501  1.00000000000000000
 -0.00001791353567645  0.00018511394108850  0.00049399504144000  0.00097282366059916
  0.00163746544121310  0.00245043642370228  0.00340116348168155  0.00450769591322295
  0.00572612814913621  0.00716440927011116  0.00869579963460406  0.01027108128335242
  0.01205474407502922  0.01406333629694206  0.01616344353385057  0.01836259347353930
  0.02077125990293154  0.02339177902789229  0.02629578785154855  0.02924618577714342
  0.03197398377338496  0.03464216388288602  0.03740342704570736  0.04014598883436703
  0.04305500939666091  0.04611117708327607  0.04927369603208907  0.05258930042534875
  0.05596891633069085  0.05932185698360001  0.06267631772822274  0.06595890144136320
  0.06940289914977925  0.07301181572831392  0.07673714916167776  0.08070179171484826
  0.08471867046141784  0.08866300501326933  0.09267663533025446  0.09666527270545845
  0.10073761057451511  0.10485744473724408  0.10903414382792487  0.11313090937159981
  0.11722765756361067  0.12134937817189954  0.12548668357701784  0.12967415051517739
  0.13400933662163281  0.13840517950205627  0.14279101816172604  0.14737061244337535
  0.15227317291321746  0.15732524272785076  0.16225841120626375  0.16776772640760226
  0.17353247644309577  0.17937864851373150  0.18552885729101873  0.19207833775670791
  0.19873987220306594  0.20509032521356099  0.21151737349611116  0.21815093645811548
  0.22475586291789651  0.23120053245770950  0.23765533220634211  0.24405780711330394
  0.25048743695774728  0.25700508745235306  0.26358673292456725  0.27016453116848815
  0.27664636007422089  0.28268857865675123  0.28867507337040721  0.29468035828874106
  0.30045347140375039  0.30654471636550495  0.31305245828801914  0.31975921612892594
  0.32662960355320675  0.33351217940255462  0.34039165031625795  0.34690291928719302
  0.35329783039679291  0.35979619263910878  0.36626061692156747  0.37271752920681028
  0.37905580690920954  0.38555288667797483  0.39213853876059052  0.39871823895168584
  0.40508816050077079  0.40961418542484179  0.41125752946643557  1.00000000000000000
 -0.00347398628576941  0.01147978524361989  0.02466192492538674  0.03745113350835960
  0.05041544521047583  0.06297893687220821  0.07528269854317758  0.08738299197394209
  0.09916455109202306  0.11046855694717025  0.12147689476357412  0.13253360039652659
  0.14357578767366344  0.15478097458638149  0.16580900769485829  0.17630322282381591
  0.18660903786918676  0.19730657111758995  0.20815554256613877  0.21768699965503296
  0.22651500339685826  0.23553661084232627  0.24478891772233602  0.25373482425160371
  0.26251898795158318  0.27153723997177293  0.28080388554246632  0.28998766654213270
  0.29887612270042735  0.30765852639558761  0.31611995323143882  0.32473396677633815
  0.33363852521232912  0.34386788667851692  0.35455623518336687  0.36402217168581935
  0.37287996227088166  0.38194505402287698  0.39145028153298822  0.40123792863071533
  0.41146893577514199  0.42221618977499581  0.43359058937964357  0.44462880408985039
  0.45530258442253529  0.46540225361112297  0.47534668934378582  0.48585971336976069
  0.49699326362064011  0.50724964743010881  0.51684327371619776  0.52672346441475337
  0.53662288261846114  0.54661951101104389  0.55647437189178817  0.56673340820054252
  0.57782359334114541  0.59000529041485616  0.60219899196186732  0.61344904002977874
  0.62415375001608597  0.63469545503363767  0.64486539523535968  0.65415609098323435
  0.66319888300028307  0.67228965866890378  0.68154295659673214  0.69151396176620772
  0.70179385560286844  0.71195521665739936  0.72179623048427832  0.73186304096449095
  0.74288376528958278  0.75354355449729060  0.76367445751101493  0.77384607528826921
  0.78445046470458790  0.79529169927006538  0.80612733322662022  0.81820719829820443
  0.83193708968773616  0.84505955724995674  0.85786870712198438  0.87052561609756252
  0.88300519564344671  0.89537043195538768  0.90801203816572262  0.91993281967852147
  0.93077846616618043  0.94072068388279007  0.95087567125679617  0.96154321344217142
  0.97185143711184352  0.98142219036583322  0.99058672694883732  1.00000000000000000
 -0.00240921605356953  0.00969295437363947  0.01977186264343644  0.02986614661479067
  0.03982484442853368  0.04967913179586987  0.05973175955640182  0.06994349769111874
  0.08091385006721308  0.09197887124567392  0.10354198372792005  0.11532889723415993
  0.12711385934167080  0.13833547486410888  0.15000436445165177  0.16186590246720606
  0.17295796335848426  0.18360750394542819  0.19357778539405598  0.20296801614385859
  0.21202104908794939  0.22118011492987991  0.23072530554524048  0.24046310660663087
  0.25007128616876007  0.26093700057442459  0.27236767889083091  0.28393757308917039
  0.29552025531480380  0.30683252093489671  0.31795557737637081  0.32932332469868686
  0.34033412313123629  0.35159869531284704  0.36167625778157764  0.37166511138179353
  0.38210150831000916  0.39201060818289846  0.40224855466953424  0.41212834877287563
  0.42505822752433309  0.43871843105915620  0.45115560576788166  0.46326129310529168
  0.47566942324778783  0.48792942636077435  0.50052338275793773  0.51205120765913636
  0.52381632012938284  0.53493241452387430  0.54615864746563414  0.55715854464724568
  0.56891116155265897  0.58123961989216077  0.59313317698330337  0.60463139330914062
  0.61607400713106908  0.62730105344821985  0.63811769344531832  0.64927437557814216
  0.66096932448686885  0.67190794527289011  0.68187630102420882  0.69122609048521766
  0.70050267564436663  0.71005814648911825  0.71982253437515253  0.72955567581445824
  0.73877162610172253  0.74771610294728252  0.75676645497181816  0.76615677914086044
  0.77573115871524601  0.78488173979920151  0.79432467797718986  0.80461184104837102
  0.81517748305845728  0.82604204015117721  0.83698998971855154  0.84745818609048973
  0.85712753692102261  0.86609548716257456  0.87528641236202409  0.88462987383488112
  0.89400669701410662  0.90307955634645221  0.91164025281738870  0.92036325431485932
  0.92954988589237653  0.93894879723818336  0.94834575414426936  0.95785819732488608
  0.96772166416726146  0.97765594917780962  0.98870826175959725  1.00000000000000000
 -0.00261189521181663  0.00905847203541881  0.02081525594804133  0.03225244295625643
  0.04424186171242930  0.05588584211479363  0.06685700680133171  0.07797844299232790
  0.08819203472936601  0.09828137442873421  0.10821287685163826  0.11753607113657942
  0.12684280620613775  0.13649886121704788  0.14747572066596190  0.15977836596733302
  0.17176940021718223  0.18264495561919264  0.19274045749001995  0.20259373768537559
  0.21275854095095961  0.22299426039760167  0.23381155431537101  0.24425809142676508
  0.25583867246759112  0.26776145906761167  0.27835104855170012  0.28840296737310134
  0.29855000111193830  0.30838938471746469  0.31802696498788358  0.32747042555314215
  0.33709931704941110  0.34698616379044805  0.35664240809606762  0.36652587406774606
  0.37629780221389691  0.38540752355038566  0.39449567624297988  0.40484905597872017
  0.41610539456468881  0.42670481241047198  0.43782300497494964  0.45091261681412009
  0.46486440151214309  0.47832846149751140  0.49090129448190456  0.50322381928775739
  0.51511814825295232  0.52672977226504947  0.53812128936967041  0.54944311455515449
  0.56092489463419959  0.57191151130111628  0.58233907430963761  0.59264292514976158
  0.60280158470145684  0.61258584149661210  0.62221241842121899  0.63153176711866132
  0.64039605814820666  0.64890862108624292  0.65729109846735567  0.66628657076277931
  0.67594641762126129  0.68589756058661711  0.69629236555576135  0.70698961873843114
  0.71784433574854389  0.72853556360195604  0.73928506589975940  0.74960675354560680
  0.75954926244880216  0.77034310931837979  0.78277286067441132  0.79647626393158577
  0.80968279150072897  0.82042041923821096  0.82960868118988418  0.83926159657841926
  0.84890434359353961  0.85830236630111234  0.86750795502303635  0.87714946477665989
  0.88772156874944608  0.89856290060656319  0.90937347586294026  0.92030958768957705
  0.93127702444315186  0.94226154086934766  0.95315143255045975  0.96320789306060794
  0.97254003937425215  0.98164293388790747  0.99079298203809252  1.00000000000000000
 -0.00295354002333181  0.01141332096234162  0.02385152119719980  0.03620364040916941
  0.04881584068976780  0.06053036010614558  0.07113050804540662  0.08133224479456687
  0.09198503079941582  0.10314963394750673  0.11449039640872855  0.12575087422310782
  0.13701069643674146  0.14815651518385012  0.15929135266192807  0.17071877523762802
  0.18203981019390028  0.19265207353071853  0.20271105358865002  0.21282801617850147
  0.22329912356706394  0.23404576489584908  0.24534468174834884  0.25739989597825158
  0.26978296297986171  0.28276518041880738  0.29403104337417157  0.30410900846194477
  0.31370271852242443  0.32316920253365033  0.33233780410314379  0.34122478765479081
  0.34995481507269588  0.35921228262459598  0.36873349924119830  0.37853842136415794
  0.38852492469877942  0.39853501610311048  0.40864155813233766  0.41853187229110339
  0.42823706527208061  0.43762019785248729  0.44751685513092010  0.45799506053135453
  0.46889787599791705  0.47969134994809587  0.49002711267350119  0.50001325507575756
  0.51018609755069577  0.52092483792697619  0.53267517001472475  0.54493089208680057
  0.55703605285106172  0.56831810186169940  0.57895516826394866  0.58985822235239249
  0.60125671473145015  0.61414386711647040  0.62686569468061004  0.63824866742616426
  0.64872222918516886  0.65943571347385077  0.66953495440121802  0.67921854434044249
  0.68922528934784244  0.69924728882320830  0.70882610879082142  0.71813717198368099
  0.72794702382609555  0.73863155381767742  0.74960345026934749  0.76058357107363639
  0.77124904182380638  0.78179743053562611  0.79243463561947436  0.80331054691266990
  0.81443898371119561  0.82494277616059841  0.83473205963694275  0.84447523443594963
  0.85455471109752557  0.86521679779252259  0.87547366442829055  0.88454277169403905
  0.89338095016945174  0.90261509265027240  0.91201363313418504  0.92149887036239797
  0.93069341319225263  0.94010808467148355  0.95018420347629395  0.96019493304381542
  0.97058740230540730  0.98067146065420874  0.99040165835790805  1.00000000000000000
 -0.00295480019418450  0.01076415438498388  0.02358345830341376  0.03668845696184535
  0.05031650253979166  0.06316751248985931  0.07505333555707611  0.08648508263241395
  0.09795851804237270  0.10886881766332226  0.11908077631487929  0.12919160740734953
  0.13928045636243860  0.14917660022909646  0.15895346015397033  0.16894658058033371
  0.17943478853145345  0.19010922800298433  0.20095860917171032  0.21239816779039403
  0.22405143643250802  0.23546694851084243  0.24664960024222105  0.25762859596393151
  0.26843706434331055  0.27875638727869828  0.28852634370279173  0.29886748348542130
  0.30980132171429636  0.32024776911921959  0.33072415416090489  0.34109679503171891
  0.35154115469661479  0.36209871546813044  0.37249043348214517  0.38279169632597154
  0.39332269198970915  0.40441827340893255  0.41576793002670615  0.42651624011689165
  0.43720996748541252  0.44823075821332170  0.45905460525756203  0.46937688944864547
  0.47937320669777039  0.48928264368171803  0.49904619063018879  0.50865394868426339
  0.51799873444375333  0.52760658658026538  0.53707943885930853  0.54649918518039842
  0.55620599880551680  0.56664445040906086  0.57797805373649414  0.58941408595523903
  0.60105141699281439  0.61251830914263483  0.62457619907611484  0.63707868939620804
  0.64838599003702058  0.65833236227826530  0.66807495305597386  0.67848118575203353
  0.68863396521162645  0.69726662834349784  0.70537247655467894  0.71397492643798177
  0.72282339683564045  0.73163732920501845  0.74010026943909513  0.74872456165348700
  0.76044137122513278  0.77250933856012860  0.78339841856054937  0.79369429513977130
  0.80393658669146018  0.81383674784900317  0.82344620494984377  0.83351017415330320
  0.84471221525171136  0.85570150328829453  0.86500988212284169  0.87395777500441696
  0.88367711937128735  0.89426871729957336  0.90386770484068557  0.91386731071446714
  0.92426754342745321  0.93485336867642777  0.94453595258022804  0.95478055921303662
  0.96585167135977690  0.97780235713679320  0.98893309160941367  1.00000000000000000
   1.0452687579113109E-016  -1.0000000000000000     
 F F F F F F F F F F F F F F F F F F F F F F F F F F F F F F F F F F F F F F F F F F F F F F F F F F F F F F F F F F F F F F F F F F F F F F F F F F F F F F F F F F F F F F F F F F F F F F F F F F F F F F F F F F F F F F F F F F F F F F F F F F F F F F F F
  <DiscreteSampler_grid>
  grouped_processes
  1 # 1 for a reference and 2 for a running grid.
  10 # Attribute 'min_bin_probing_points' of the grid.
  1 # Attribute 'grid_mode' of the grid. 1=='default',2=='initialization'
  0.0000000000000000 # Attribute 'small_contrib_threshold' of the grid.
  0.5000000000000000 # Attribute 'damping_power' of the grid.
 # binID   n_entries weight   weight_sqr   abs_weight
    25   10   4.039378749958323E-013   3.276446828951341E-025   4.039378749958323E-013
    43   10   3.859897832730171E-013   2.164536539953025E-025   3.859897832730171E-013
  </DiscreteSampler_grid>
