 -0.00000000460705652  0.00000361148712636  0.00002707472010833  0.00007899319359674
  0.00015595655653083  0.00025156930776896  0.00037395679364583  0.00051699626839718
  0.00066742349802842  0.00083280630029332  0.00101369418285749  0.00121107848738246
  0.00142276170261170  0.00164706313054460  0.00188347198870596  0.00212400110910808
  0.00236569209181654  0.00260716307282713  0.00286011678469779  0.00312244348624133
  0.00338044074698084  0.00364124209842064  0.00391214324781544  0.00418426710280312
  0.00444727206013128  0.00471663203148392  0.00499574152067838  0.00528441361890556
  0.00557604044638772  0.00586957641711797  0.00616907902788864  0.00647345517620807
  0.00678525992060736  0.00709765783629208  0.00740650212389584  0.00771655173135502
  0.00802505379773288  0.00832931346265389  0.00868105641924423  0.00903613598185118
  0.00938482131331964  0.00972968820718837  0.01007085745691561  0.01040708068177718
  0.01074175336314318  0.01108652766551022  0.01143993051127745  0.01181431006646545
  0.01219120632878918  0.01257101478976392  0.01295412755707266  0.01333996559411866
  0.01373578989709532  0.01413566590660240  0.01452858150504739  0.01494250593811248
  0.01537245007279695  0.01580898441690768  0.01625015079610090  0.01669810823319046
  0.01714948920050699  0.01760982896389368  0.01807482941106180  0.01853770130959245
  0.01900114933292099  0.01947752508323834  0.01997979193996032  0.02055372370856238
  0.02113183998503877  0.02171916632227567  0.02231793677766918  0.02292551895131350
  0.02353536256628562  0.02414693939794465  0.02473586132011385  0.02537228195987162
  0.02606002374042745  0.02681355010995332  0.02765764915950241  0.02854412878983060
  0.02943687647854571  0.03035742134827110  0.03130694554986205  0.03226766632775371
  0.03322858734468499  0.03438754209513846  0.03589988134836650  0.03760478448991832
  0.03949207256099111  0.04158812223996047  0.04408814550722223  0.04779398896187296
  0.05316209945636595  0.06430860241461067  0.11636678127755361  1.00000000000000000
  0.00937493822226119  0.01575501412400845  0.02546657855608857  0.03632487841804579
  0.04716399820174507  0.05842082876538712  0.06966563065889185  0.08108871746050786
  0.09170493634923188  0.10277460624222130  0.11374961157225484  0.12467934009479337
  0.13495022796543649  0.14499245185597387  0.15581091593363000  0.16664151696922436
  0.17768330634356347  0.18890828296594139  0.19998654592501527  0.21121053949398341
  0.22258645815079600  0.23366925675357453  0.24465289744192045  0.25581799880889194
  0.26692394350292803  0.27849978183574925  0.28982337419351339  0.30051003882405675
  0.31082236123565266  0.32103824563482747  0.33146102080459167  0.34183611042892631
  0.35172382265730517  0.36106822895005791  0.37034869991096209  0.38017822140653568
  0.38991333500742248  0.39933639514292552  0.40911272889235312  0.41872502526213934
  0.42905127265684195  0.43929248856347336  0.44956996572253743  0.46006439809711064
  0.46978630826067980  0.47946717418920026  0.48957245886159773  0.49972817576274592
  0.51000190212771745  0.52026063722557614  0.53088387110509583  0.54141567686713299
  0.55188717790834674  0.56259066496425136  0.57434865854447770  0.58639187388241765
  0.59813779275185242  0.60892428140401256  0.61922289298056865  0.62951868058149019
  0.63981440646103138  0.64936189758472140  0.65855853566397982  0.66829114484003471
  0.67901227676771858  0.68972451658430156  0.70042947389662513  0.71148164862488827
  0.72289847478817526  0.73419585428653800  0.74502468150445922  0.75573162198155519
  0.76666402093430019  0.77812474752533223  0.78974896621162338  0.80105823831842426
  0.81208367278834659  0.82290661702781354  0.83361659865084603  0.84382265155949365
  0.85370796199871857  0.86281057996857369  0.87173201357590535  0.88090928163874171
  0.89034737361769767  0.89986840514842525  0.90947502357740018  0.91902519800181037
  0.92954961008524895  0.94000182739957183  0.95034723537177224  0.96082136551056629
  0.97120931233195362  0.98137088035499254  0.99151098204450738  1.00000000000000000
 -0.00002048596863010  0.00025959096856563  0.00075647628189138  0.00151111828352376
  0.00263040764611749  0.00393939079438109  0.00556958158040175  0.00750328051793520
  0.00962047966679115  0.01187504391575589  0.01441961183977499  0.01717696523578906
  0.02012590321015447  0.02343029425966419  0.02695150893749756  0.03053066649958842
  0.03428577316379413  0.03815944949681745  0.04227371928108098  0.04662399448158973
  0.05119383361146784  0.05599890940082569  0.06086350273459395  0.06572503064995039
  0.07057360460378728  0.07539792604498491  0.08054693384382329  0.08594206731254798
  0.09148656758677993  0.09721888639692187  0.10331430987903667  0.10943305962131145
  0.11551511298412635  0.12161624507901275  0.12776302850313367  0.13396537826601437
  0.14080469183712116  0.14797867481479185  0.15548321869180706  0.16333999794083637
  0.17184335772081821  0.18080434932680636  0.19002534660105980  0.19953724497071568
  0.20923345169993604  0.21965944999094195  0.22901744907010133  0.23830857403118014
  0.24781225929373971  0.25765681854165651  0.26771503515160122  0.27740481568277259
  0.28706736312942754  0.29647444652769372  0.30589952916908286  0.31613285432962546
  0.32688771374461939  0.33792730908989893  0.34918960274936783  0.36060408533997745
  0.37211944084967341  0.38411574862051917  0.39642503394208439  0.40876881141755061
  0.42089733202301355  0.43362744405052411  0.44666043786209114  0.45961309352782853
  0.47275814468964200  0.48633974260179402  0.50026725101745573  0.51462551098780851
  0.52920382776782937  0.54388941693670634  0.55836401894015764  0.57264506875811205
  0.58696185157767644  0.60141373435181034  0.61626413830615834  0.63174294429950784
  0.64840626073063923  0.66591688716981257  0.68371857266724301  0.70107606268247169
  0.71833143277849276  0.73601393017250860  0.75408820657881648  0.77247873541234513
  0.79091939684363022  0.81001517543431567  0.82916995933489535  0.84774257144689513
  0.86565978673369559  0.88320589711573039  0.89528257008197898  1.00000000000000000
 -0.00229436323982472  0.00927533992107119  0.01906296129221978  0.02936387879193216
  0.03998693030945862  0.05049676481633672  0.06089031927042420  0.07283649845233980
  0.08410129480746353  0.09486778567913631  0.10542471108739157  0.11592865999901426
  0.12623136769577420  0.13632803720835521  0.14663804093692945  0.15724212926390363
  0.16808742180754135  0.17929751682979420  0.19018694822849935  0.20080759838755796
  0.21124430679077738  0.22193889388371077  0.23240910105380849  0.24242715978851953
  0.25284579700120552  0.26323536330095504  0.27377530283640322  0.28385575104081412
  0.29424890939661408  0.30479981942190054  0.31502832366976591  0.32511160068449202
  0.33540444435944339  0.34645800093408569  0.35786213171275533  0.36933873240850534
  0.38027574421355287  0.39045884386305774  0.40076727986327476  0.41055810391498587
  0.42031312622056632  0.42957103812334901  0.43897370666824981  0.44854738658329391
  0.45825192644841589  0.46808060155692871  0.47799181815350750  0.48780252075037212
  0.49753533598429656  0.50733897181600718  0.51751971889237769  0.52747452998095656
  0.53686473777522847  0.54621421903252565  0.55577788815677498  0.56570957567208513
  0.57567861446557911  0.58538964428501628  0.59521877754080321  0.60525446342565303
  0.61601126239182036  0.62700273389043604  0.63822092882180148  0.64965835068574540
  0.66210654575733019  0.67397784190361365  0.68483980732219196  0.69585018254104181
  0.70686793177373963  0.71848752770496349  0.73005366913297931  0.74179130026366091
  0.75319484137231574  0.76439217606649246  0.77517668018109132  0.78569594820906741
  0.79598562396758299  0.80601306221416325  0.81584405012035455  0.82548880617084752
  0.83572038728397890  0.84639594876983182  0.85726325646420343  0.86843942999165924
  0.87972607544556536  0.89082449211388470  0.90130692061266959  0.91137583130177413
  0.92173045236771090  0.93229068495220813  0.94317109778212493  0.95430165211976925
  0.96567871717938714  0.97750526506282398  0.98887712176124654  1.00000000000000000
 -0.00206531813249808  0.00868759283726967  0.01803996502911374  0.02813263716630128
  0.03849274514347106  0.04837778961501069  0.05817167389993615  0.06766603595589596
  0.07743986681257263  0.08716426588796156  0.09702016538176934  0.10722909166064651
  0.11845744953833980  0.13013139931942147  0.14165280745034456  0.15305840034053456
  0.16404912657608658  0.17481684387451474  0.18588256317840798  0.19750916120476442
  0.20918881382771501  0.22044876758550982  0.23161023406624914  0.24280964820998552
  0.25446960847380135  0.26624583954533171  0.27815301302725365  0.28960122327149901
  0.30058089247855208  0.31108939480293146  0.32206566191382369  0.33290030465222897
  0.34378099192078126  0.35457509383979419  0.36551442545176421  0.37605669029272765
  0.38625666184845475  0.39630476405379433  0.40645086227249655  0.41696541729966896
  0.42828881971065608  0.43946712198779309  0.45063149954159742  0.46069563413440501
  0.47008847242699575  0.47938887890913862  0.48855468692366422  0.49809036475323143
  0.50732336541694545  0.51655921245528569  0.52577134892448940  0.53557374444476191
  0.54558010263186019  0.55612303635171256  0.56658852185130393  0.57678862960693156
  0.58687769970509263  0.59689808022594215  0.60693125476769916  0.61669635783916188
  0.62647436350595609  0.63646576391068421  0.64666764767573481  0.65753224210025929
  0.66860570781526896  0.67955895480671902  0.69057895076957743  0.70196897744446785
  0.71312560151063076  0.72373614249603146  0.73422304872647393  0.74470942257943373
  0.75504718433323659  0.76529639882782774  0.77569287059882830  0.78628540693500748
  0.79658685159535103  0.80629277232418173  0.81589642031439435  0.82541384702912823
  0.83517857376662585  0.84559738839993348  0.85632959430890998  0.86744640787167149
  0.87867818212910753  0.89015728866690502  0.90055954470364752  0.91032063504079674
  0.92016705373899577  0.93036863666413949  0.94056719627452978  0.95064974943834701
  0.96180690104242172  0.97438911342500456  0.98752943530870385  1.00000000000000000
 -0.00262938799486050  0.00939865719081283  0.01959221274992402  0.03035852416885712
  0.04128029035535150  0.05180144700932264  0.06212430966636013  0.07256825192359573
  0.08367925712645044  0.09491113765635012  0.10601457616354554  0.11701075314747184
  0.12783987366526867  0.13829562098262996  0.14890663792654202  0.15914232200337702
  0.16904495669129599  0.17873400630032574  0.18859345140642486  0.19902896588361113
  0.20968599879986910  0.22132070572733525  0.23318897763488527  0.24530133959474801
  0.25666018445992433  0.26801226157465946  0.27963019829164820  0.29120957815405923
  0.30202059450864599  0.31261851868246460  0.32368987566039864  0.33479211185471858
  0.34575908608513656  0.35678203829373811  0.36790975522555019  0.37873638167566398
  0.38913249817374318  0.39984402008884112  0.41108044720232972  0.42214876196738921
  0.43274734047245889  0.44340336727882135  0.45423058850642634  0.46487469523629832
  0.47528720673705926  0.48598252978025747  0.49709886189656288  0.50811061835379534
  0.51891561649439399  0.52929336532157079  0.53916010878740983  0.54888404971632820
  0.55842937333871734  0.56821655850847164  0.57803991189411330  0.58785774604885743
  0.59780027433585203  0.60804862105565616  0.61867719648554587  0.62894862347042568
  0.63859151465085762  0.64811177828465627  0.65833733147817897  0.66880169116619537
  0.67984531758754085  0.69091833831993688  0.70170780596596527  0.71158529009154559
  0.72053671522042417  0.72930884331403256  0.73833083016005241  0.74761144409222047
  0.75707468810342027  0.76698663064725914  0.77766691597490134  0.78890873958477903
  0.79956538107254416  0.80996775934895049  0.82042576492159014  0.83128274213496844
  0.84194680586798298  0.85265841900295625  0.86349556754879575  0.87459724411579520
  0.88640559283813580  0.89773653279035548  0.90857229244168036  0.91906214406613984
  0.92959420950870719  0.93991895311862517  0.94965121045272693  0.95961662974066042
  0.96997460425183180  0.98013789748402225  0.99006096699295909  1.00000000000000000
 -0.00239243272578762  0.00929049517237657  0.01922704250377436  0.02957972222119848
  0.04016436115634363  0.05017266987224119  0.06083517682459363  0.07128358161788408
  0.08102433412416592  0.09054417258056541  0.10019692000075048  0.11053403819317234
  0.12100484299950290  0.13184886557981576  0.14326075357825299  0.15443759395279097
  0.16529448779303377  0.17576466390121126  0.18574453554656756  0.19537942082763596
  0.20500997857646985  0.21485440089039937  0.22508946213767869  0.23494147729412185
  0.24449059764028705  0.25432566812668306  0.26423490537578725  0.27430269267969393
  0.28409439169818002  0.29425209700220412  0.30513373062070254  0.31602071819921418
  0.32636768494614449  0.33656551046407202  0.34690905889976953  0.35731030757206766
  0.36768230571657912  0.37833117515646131  0.38948156194384304  0.40052956849119248
  0.41132418620556122  0.42178855217279093  0.43210039627971786  0.44269807613459777
  0.45350458141877553  0.46416461633372286  0.47473068086977910  0.48591657955223228
  0.49786507921457207  0.50956837552585932  0.52067122034831359  0.53128154632722691
  0.54147776292472072  0.55179263100319420  0.56218650363964628  0.57287675438156382
  0.58384378954532845  0.59473324292725505  0.60539257780052347  0.61583805681135384
  0.62602247574157210  0.63615761399749993  0.64637308811998406  0.65678260380381814
  0.66731313544455528  0.67807189311018079  0.68924242960050541  0.70075281406885392
  0.71227800506415562  0.72384920452535284  0.73541603903318953  0.74708959597843694
  0.75835155949261623  0.76987797045356932  0.78119819582135253  0.79270667536778205
  0.80417958935142320  0.81574652930575753  0.82663656619833525  0.83748492911846972
  0.84825389162554554  0.85909445319840694  0.86970081588057713  0.87978355324049484
  0.88968791228065602  0.89968229918724996  0.91005630830791229  0.92007623544963624
  0.93000751493092892  0.93987850078176705  0.95042609554376667  0.96075761659602810
  0.97046048709287502  0.98002649940051512  0.98988153633750953  1.00000000000000000
 -0.00229189507179196  0.00920880699783026  0.01874592242839899  0.02946716725756186
  0.03971860418356041  0.04987600291827740  0.06006327145697796  0.07087370259507346
  0.08213047368610553  0.09256090882858081  0.10273363726387515  0.11243747925374986
  0.12285512887086847  0.13447224893989249  0.14582188524642112  0.15754415129918334
  0.16898271650704394  0.18088644197035697  0.19162601172405955  0.20148306943428940
  0.21106942842583590  0.22047681798086641  0.22995194396961466  0.23950009491533408
  0.24914354035176980  0.25919289882056329  0.26945563967186303  0.27983357076500487
  0.29060198884902805  0.30164980647188028  0.31251105311906746  0.32250941761940161
  0.33219889424139093  0.34188440170786549  0.35168695074792772  0.36132895799660703
  0.37119375363109508  0.38123553463449605  0.39150034158987618  0.40157799436715158
  0.41159889165401786  0.42164818882585697  0.43221727784264258  0.44337294256272841
  0.45498689412552107  0.46657214754965709  0.47831888228723229  0.48973875252850702
  0.50118152803306004  0.51290954660001054  0.52424457961087567  0.53491239919653932
  0.54537279024338670  0.55590783340299477  0.56615963745078302  0.57608706315696390
  0.58651577033895974  0.59763024852155910  0.60887909756861869  0.62003798052224524
  0.63073609980804213  0.64110706267506301  0.65168228122536254  0.66231436822136780
  0.67309453749837278  0.68377042568975388  0.69503766631446862  0.70634024044108124
  0.71681465811100331  0.72696213066528548  0.73713356386832030  0.74727377331195444
  0.75707071668566872  0.76687631411285584  0.77712374681323693  0.78793413431426729
  0.79808141165221314  0.80801362443470981  0.81788366441139626  0.82780284396717108
  0.83739804489997594  0.84689594145132130  0.85649396979436843  0.86681835354690817
  0.87752345584154046  0.88886706551767003  0.90030515668332245  0.91181999264568736
  0.92334952580032470  0.93519783827010672  0.94676578724769811  0.95797679650663781
  0.96817001675084002  0.97859040319501789  0.98907701595420816  1.00000000000000000
   1.7019759731810969E-014  -1.0000000000000000     
 F F F F F F F F F F F F F F F F F F F F F F F F F F F F F F F F F F F F F F F F F F F F F F F F F F F F F F F F F F F F F F F F F F F F F F F F F F F F F F F F F F F F F F F F F F F F F F F F F F F F F F F F F F F F F F F F F F F F F F F F F F F F F F F F
  <DiscreteSampler_grid>
  grouped_processes
  1 # 1 for a reference and 2 for a running grid.
  10 # Attribute 'min_bin_probing_points' of the grid.
  1 # Attribute 'grid_mode' of the grid. 1=='default',2=='initialization'
  0.0000000000000000 # Attribute 'small_contrib_threshold' of the grid.
  0.5000000000000000 # Attribute 'damping_power' of the grid.
 # binID   n_entries weight   weight_sqr   abs_weight
    19   10   1.867195752896435E-009   7.844900689575513E-018   1.867195752896435E-009
    37   10   2.458919148488582E-009   1.283690132110362E-017   2.458919148488582E-009
  </DiscreteSampler_grid>
