 -0.00000000909286894  0.00000991769111838  0.00007378263777780  0.00020602881710510
  0.00040205535216746  0.00067024072238222  0.00099652353742767  0.00138255992035715
  0.00181584405877531  0.00229006596633764  0.00277392225748699  0.00328341936005595
  0.00384253845320733  0.00446084317490869  0.00509973425723509  0.00575333084906478
  0.00639121504428460  0.00708614200573166  0.00780024561055376  0.00851971340880101
  0.00925375494097715  0.00999610752107940  0.01072221287447869  0.01145791035407244
  0.01227092608188518  0.01307453903027613  0.01389082553796183  0.01473301730056561
  0.01561532414358657  0.01654424414769583  0.01744288416518578  0.01834301675547344
  0.01924521925793802  0.02020048943354932  0.02116541215048130  0.02211184601103746
  0.02304368794401377  0.02396027802094869  0.02487664855692640  0.02581718173460753
  0.02677541993716684  0.02774263861225804  0.02871184159771937  0.02968533046150551
  0.03066987735853736  0.03167146760324005  0.03264110763968152  0.03359005208647180
  0.03462181384057426  0.03569819921197345  0.03678727914210551  0.03789240838850014
  0.03902660768655632  0.04016014226114736  0.04131071720485974  0.04246976112806310
  0.04362877685765940  0.04480297122100677  0.04606590258922343  0.04755384817555894
  0.04896344111733707  0.05040095326926686  0.05180913069863962  0.05319908573518210
  0.05461115730069254  0.05603546649221648  0.05741283606861650  0.05874380783503080
  0.06036198308454159  0.06231701468028442  0.06423847979928357  0.06627143999919291
  0.06832887541529348  0.07039329122074374  0.07249491670219488  0.07458213107288092
  0.07666719169876281  0.07899067229011741  0.08158423274789127  0.08416757224875362
  0.08696556059202565  0.08975669950534483  0.09260757258726005  0.09558187585011578
  0.09860554681112434  0.10176884337524930  0.10603911458538737  0.11103715602753182
  0.11659285182774269  0.12292175921162195  0.13055357599867526  0.14066539373740547
  0.15578473273435045  0.18968943481716954  0.31991839834577368  1.00000000000000000
  0.01017151852374870  0.01366596728973997  0.02125958901964608  0.03043015963523118
  0.04014245754247370  0.04976747483649441  0.05949653884180262  0.06959619949681820
  0.07989526982462879  0.09004607028497900  0.10011641574616320  0.11050301085319449
  0.12116480086919477  0.13178712546153365  0.14252925006693273  0.15306004069331031
  0.16283191498352212  0.17226872556684225  0.18139297204590246  0.19098637334213669
  0.20058058252913533  0.21083178253175822  0.22165793074283663  0.23283735003005449
  0.24441556835219774  0.25583616001263543  0.26716175883031323  0.27791308281459098
  0.28811326058826686  0.29788846780432610  0.30752024329607375  0.31747351965702519
  0.32750524889025889  0.33766977957981631  0.34794838572330250  0.35806788862059219
  0.36772659642821204  0.37748310503237181  0.38763722338430984  0.39763532221270653
  0.40726986342673765  0.41725404869539123  0.42793934348336760  0.43837626443799516
  0.44949135068703616  0.46135693318192733  0.47423409146581869  0.48666306097153439
  0.49767900168137219  0.50832493704026194  0.51853257444121259  0.52839780877363207
  0.53821550873427315  0.54842683238161649  0.55882605114273387  0.56877564072083198
  0.57863301139709156  0.58877145934212205  0.59941113092615605  0.61006756801610729
  0.62110237289260228  0.63282495937518746  0.64515833832222769  0.65742181103453690
  0.66935755443001488  0.68132108814103010  0.69342632809111326  0.70534178263997627
  0.71782365340778442  0.72971625352902880  0.74017753854723012  0.75033971616970041
  0.76116354011984799  0.77264672823100888  0.78477965577132547  0.79755377163659402
  0.80930347996664531  0.82016623028209068  0.83055494803085039  0.84139311565823671
  0.85206176621231255  0.86132722769977343  0.86997543934414845  0.87916908547546269
  0.88885132393517630  0.89777844155415643  0.90595262791516729  0.91385378902585612
  0.92237724232542273  0.93147081138790444  0.94055066447519298  0.94994524139038949
  0.95944458211835026  0.97008821527298028  0.98061288473864783  1.00000000000000000
 -0.00002168394233683  0.00025176985322312  0.00068199399040396  0.00135254992282020
  0.00226251160937562  0.00340224699770523  0.00472345170561974  0.00637883522777768
  0.00819643845891730  0.01007785846378304  0.01231660808578599  0.01482212807472684
  0.01749305945660954  0.02032978693857208  0.02321657445042049  0.02615716235174189
  0.02910577054660057  0.03226615357172979  0.03554390397863869  0.03897902835400285
  0.04252928758196162  0.04657672591847616  0.05105404621778983  0.05548450496964306
  0.06021505616005216  0.06499449548718951  0.07020770299723529  0.07567217230633538
  0.08103225981558169  0.08621903719313077  0.09129164783238825  0.09651913260791273
  0.10202539852573415  0.10776858713626049  0.11361074284280191  0.11944841068020143
  0.12517583467338153  0.13077615806372106  0.13676111491173745  0.14278537732718208
  0.14893072020303691  0.15506074988362964  0.16132071934830661  0.16767595233322125
  0.17427644331004385  0.18098255252493686  0.18773120884384265  0.19465582289480166
  0.20224254729772626  0.21047732746838924  0.21901637488338344  0.22753054303024048
  0.23593138149288712  0.24419801630444421  0.25296422986906031  0.26208877124911883
  0.27116627754389200  0.28014587383616130  0.28940988909580395  0.29831632324336060
  0.30706049990400452  0.31713743511979220  0.32753243253750441  0.33800800947367948
  0.34863128572461810  0.35921882006269040  0.37044368779218839  0.38145071659718432
  0.39234160119892181  0.40330705015358054  0.41426006891052486  0.42505276775682471
  0.43577790697148122  0.44660205558984389  0.45716669972312707  0.46839047792318034
  0.48008015313249430  0.49208659529242277  0.50406897595816347  0.51553500555398213
  0.52768662407203271  0.54060745494114049  0.55392880467868610  0.56732859429478821
  0.58064630828856967  0.59424164062601725  0.60744962852105988  0.62060476699014344
  0.63378871694132011  0.64678314064661768  0.65869727312032700  0.67056673210875217
  0.68286135223104172  0.69453706098946466  0.69989342145152766  1.00000000000000000
 -0.00239533904643954  0.00882433807409658  0.01817499415689175  0.02881190275018961
  0.03949565124964689  0.05039166926019524  0.06110243506374294  0.07391247200486231
  0.08623544770781572  0.09876286129684061  0.11008736418802796  0.12134607071236554
  0.13234961305153725  0.14303414544779539  0.15340619154486948  0.16399249080912140
  0.17514943569916458  0.18676633413124857  0.19881656664213646  0.21108770261068069
  0.22381392685859511  0.23611148299873597  0.24750419546692379  0.25854458369621952
  0.26941842878899341  0.28050480792020255  0.29190546973117165  0.30331652731804837
  0.31506538576414955  0.32795146403480196  0.33979035887323317  0.35094147218122063
  0.36127942884899400  0.37092706352373261  0.38062779197172586  0.39009353839035804
  0.39981786991658730  0.40915973730865551  0.41861180178041146  0.42958002953781455
  0.43988249200693391  0.44831865381345992  0.45648144041704264  0.46476148999688383
  0.47334350850119605  0.48196000161036617  0.49019178669541602  0.49902048283143741
  0.50899507748417927  0.51898142464053609  0.52905291273755206  0.53967471312240989
  0.55118545049739642  0.56305331747900711  0.57505742414154792  0.58619332107472499
  0.59596493249764948  0.60625405511181618  0.61667751727851761  0.62612522375678481
  0.63517871207417764  0.64420521233952766  0.65457672435895708  0.66564174689351852
  0.67641055493765989  0.68696076671860384  0.69721924839796556  0.70759730703516144
  0.71806086571349548  0.72866984566751725  0.74018062212481872  0.75221599333500944
  0.76497257909504246  0.77827700431613656  0.79061016779095994  0.80202044724792343
  0.81244207166791316  0.82191733582169135  0.83096463329755943  0.83977244954394403
  0.84856994580992329  0.85808292013917697  0.86823737216313401  0.87835467988300986
  0.88827757931554496  0.89805551286002361  0.90826710229458285  0.91862035905073014
  0.92886770338528812  0.93897666749354147  0.94881580884374561  0.95779475696083027
  0.96750885191922020  0.97716338165185856  0.98827280181086041  1.00000000000000000
 -0.00286361145956301  0.00962614058784285  0.02042045332270836  0.03125864593497055
  0.04240924596198667  0.05396993630412424  0.06500231936336924  0.07565995352120324
  0.08632914763167818  0.09746854966403332  0.10892187538529143  0.11998746561086283
  0.13036660722737320  0.14025265344678467  0.15029997519533453  0.16068209142119946
  0.17101975491260055  0.18112795831159850  0.19111515719438441  0.20112938898992874
  0.21106506327200653  0.22129388306511635  0.23206865271537674  0.24331822974098705
  0.25388396028400179  0.26435466960879667  0.27525550569966117  0.28595313389760885
  0.29626584920191368  0.30618159176983883  0.31657208905518125  0.32669729053182933
  0.33672309030241249  0.34675844860206567  0.35672079790824440  0.36673750090386081
  0.37706180318257793  0.38764103882213852  0.39815228094216482  0.40855492107293540
  0.41963028912440453  0.43173667650368058  0.44362254299138820  0.45511036706087943
  0.46675861583659267  0.47816747830397915  0.48900134138069362  0.49983424432498463
  0.51124243022048987  0.52256179234893851  0.53301964046731598  0.54309068449501552
  0.55348337823401628  0.56443640224171787  0.57589972844173054  0.58749887536720657
  0.59899633795684015  0.61036735411603149  0.62177129397290698  0.63297106047569396
  0.64433933462163018  0.65632873646789414  0.66772004146630126  0.67747066442054671
  0.68714108708949651  0.69735824206146846  0.70789815634521014  0.71812062543321886
  0.72846475937328781  0.73988103758628798  0.75229687559274183  0.76292289228104404
  0.77396583097053939  0.78451308022716926  0.79512861528036594  0.80530781895124015
  0.81538739723719289  0.82667042120154255  0.83697456228850142  0.84580504674909018
  0.85446132027287081  0.86287786063777094  0.87138874022680246  0.88032125737505751
  0.88929022133990554  0.89906998800832461  0.90912299121153317  0.91928240716396115
  0.92923124425733494  0.93956046556916251  0.95025087188690727  0.96051219986318126
  0.97012877783650120  0.97995178338602018  0.99012370058103039  1.00000000000000000
 -0.00257874281797515  0.00960649600945862  0.02042470822606495  0.03118089621981946
  0.04169830443965698  0.05111940965399048  0.06046351865523369  0.06912157559738369
  0.07756355402453223  0.08622274756701773  0.09515811560706247  0.10410855847105874
  0.11399424235006032  0.12446266452842240  0.13577044635058039  0.14764733645493663
  0.15878089822465008  0.16995470200832799  0.18103795879739321  0.19204028520687902
  0.20261323456821331  0.21254366479616876  0.22207084898633109  0.23201066115824617
  0.24193789598606319  0.25097982909957850  0.25893508035303214  0.26702609018552065
  0.27565025350815686  0.28439060672735933  0.29333727431056128  0.30256430040892934
  0.31201386277298143  0.32227169051044269  0.33268934242681841  0.34313660679593194
  0.35329747357032154  0.36322758317936443  0.37306057457158853  0.38315506529875443
  0.39360338333124795  0.40410152723471521  0.41532514020790723  0.42742815121850158
  0.44051786351418715  0.45390494098705414  0.46656615007448676  0.47949512002124489
  0.49185259589531322  0.50382789188071031  0.51564656377878082  0.52794372320171556
  0.54021636079876501  0.55133689325234769  0.56151258479123844  0.57136855700231914
  0.58109418803264445  0.59085477005135179  0.60087453695003357  0.61153116317827827
  0.62264856802484869  0.63388816512764345  0.64516098459791882  0.65640330383641121
  0.66776997803250449  0.67956606056950442  0.69123789969851956  0.70225138403914544
  0.71274519686562510  0.72235305948675377  0.73252422586980059  0.74302957239740208
  0.75358867582125444  0.76444359099183645  0.77560153061504289  0.78763282469489371
  0.79954069190951460  0.81156291202003072  0.82293390315839299  0.83392484291204960
  0.84454638355726230  0.85457798550718522  0.86425065343676910  0.87404249973924053
  0.88467456622662610  0.89505981222699238  0.90535499345530934  0.91583684718736313
  0.92745676867287152  0.93868128693417896  0.94963936892620304  0.95969809333369482
  0.96968293347937295  0.97955582235792382  0.98987095192062091  1.00000000000000000
 -0.00285433987721427  0.01039488715131799  0.02112480498676436  0.02994661279798233
  0.03960398967859428  0.04941528375638311  0.05909353954140079  0.06862441829388637
  0.07780475317106698  0.08747433883838621  0.09808742704727155  0.10851738714697390
  0.11873227499925459  0.12879508356769007  0.13889415781768530  0.14891587599165063
  0.15875474488826447  0.16840615074512283  0.17814424181507293  0.18843905576744102
  0.19896664757242208  0.20944038787313013  0.21998577980263490  0.23150602171299958
  0.24427813523801012  0.25751247653997611  0.27030471215671936  0.28203209636535237
  0.29281553456391002  0.30379686986200677  0.31436549641812023  0.32529211521482171
  0.33681607634210203  0.34829033702730439  0.36003136440343969  0.37176272508536345
  0.38325882679609230  0.39491734606591539  0.40653578168539356  0.41773835433648360
  0.42879864092215514  0.43978910316424685  0.45096373273189294  0.46304294317562406
  0.47575727603902018  0.48801702636306599  0.49989166299335541  0.51156452407056618
  0.52207468437186466  0.53069573347377408  0.53909249171446749  0.54790187520754718
  0.55714866454547962  0.56667775638224760  0.57617653489802767  0.58572951852654542
  0.59543424248072052  0.60559575782416641  0.61629409668319202  0.62726333452274097
  0.63795997467960786  0.64850224992084060  0.65903343406455561  0.66961820021045726
  0.67937035632633136  0.68949485631678842  0.69989088341019856  0.71000112288566986
  0.71992290313850049  0.73032003144628066  0.74145572474455246  0.75208411509173045
  0.76266950409198986  0.77377120294403612  0.78541170139714100  0.79693291905464037
  0.80845393460182280  0.81956699992161441  0.83099661275639325  0.84215194340989108
  0.85329298921039887  0.86396829975490363  0.87457855752395808  0.88487525033631620
  0.89540182500591647  0.90570761557894208  0.91552273879686796  0.92500958966683811
  0.93460979526758770  0.94360933461476237  0.95239979293054278  0.96132640012936910
  0.97145940683676213  0.98134774919121781  0.99083455904294881  1.00000000000000000
 -0.00253527159184515  0.01040108003348139  0.02077330917840173  0.03158612266242591
  0.04263377773151718  0.05236180924038447  0.06201652254561670  0.07155634591359281
  0.08211909977219425  0.09208397304072921  0.10201632786666168  0.11227537477422783
  0.12247387575942098  0.13233967217264914  0.14242567226691652  0.15386427140315212
  0.16673444042443511  0.17900547807755096  0.18989800114948027  0.20002283080157277
  0.20959279017279089  0.21908171938209142  0.22868135704224860  0.23772599979391310
  0.24652529251416969  0.25558175550837942  0.26476185849813960  0.27463929312121566
  0.28546751593758590  0.29656860516085204  0.30787620357735329  0.31898629940615897
  0.33028432174127004  0.34057490804799823  0.35040760712593244  0.36048068588901405
  0.37038175386249977  0.38027906728149502  0.39005715383821410  0.40059956275406927
  0.41206967210186529  0.42272710998535029  0.43235347677709590  0.44198706791550474
  0.45238344147822457  0.46265918176753684  0.47266908926990597  0.48287806358195140
  0.49339218433675330  0.50394547651667965  0.51394875902754511  0.52356348210901560
  0.53348801259049350  0.54397988812484499  0.55507717404225076  0.56616940811720418
  0.57703493892185009  0.58806737046950341  0.59941823908571601  0.61087599310924801
  0.62250991131423616  0.63410861304024702  0.64572601405436847  0.65718970477204119
  0.66834648650751172  0.67974331074527095  0.69130794360050729  0.70423546779561319
  0.71602496030470419  0.72831103546925935  0.74104998707500569  0.75396676492521975
  0.76638497568643205  0.77834955376436232  0.79013845742752664  0.80178555629708947
  0.81284926577152572  0.82302264435434713  0.83278549074143182  0.84276610866881718
  0.85288807612893969  0.86279201844479581  0.87261626813435800  0.88262810157568905
  0.89292402068592946  0.90321957676523557  0.91323974096168503  0.92284319860164743
  0.93214706715936380  0.94183383564122369  0.95155447238794821  0.96103968424328268
  0.97040849024139375  0.98006114520971910  0.99007028703976563  1.00000000000000000
   5.9345537286653967E-015  -1.0000000000000000     
 F F F F F F F F F F F F F F F F F F F F F F F F F F F F F F F F F F F F F F F F F F F F F F F F F F F F F F F F F F F F F F F F F F F F F F F F F F F F F F F F F F F F F F F F F F F F F F F F F F F F F F F F F F F F F F F F F F F F F F F F F F F F F F F F
  <DiscreteSampler_grid>
  grouped_processes
  1 # 1 for a reference and 2 for a running grid.
  10 # Attribute 'min_bin_probing_points' of the grid.
  1 # Attribute 'grid_mode' of the grid. 1=='default',2=='initialization'
  0.0000000000000000 # Attribute 'small_contrib_threshold' of the grid.
  0.5000000000000000 # Attribute 'damping_power' of the grid.
 # binID   n_entries weight   weight_sqr   abs_weight
    25   10   2.297424484982774E-010   9.647654175099074E-020   2.297424484982774E-010
    43   10   2.190766290997922E-010   1.275180247548520E-019   2.190766290997922E-010
  </DiscreteSampler_grid>
