 -0.00000000647570908  0.00000272801423349  0.00001916148132186  0.00005322294625018
  0.00010750887919890  0.00018081221472596  0.00027032382563965  0.00036897830034838
  0.00048168118231881  0.00060344702591127  0.00072860059233224  0.00086062120380600
  0.00099786233593887  0.00114125051368891  0.00129070504949604  0.00145414356820199
  0.00162144842215640  0.00179529297525001  0.00197792706127464  0.00216333674145740
  0.00235887790941642  0.00256692098628202  0.00277987417688422  0.00299720329954252
  0.00322202254489611  0.00344713344628129  0.00366909775632346  0.00389789217909638
  0.00413417785826945  0.00437472645547599  0.00461254950944989  0.00485444214566890
  0.00509808697174761  0.00534096283937184  0.00558326832935636  0.00582368528561946
  0.00605950146310298  0.00629338509702732  0.00653493662564350  0.00678714179365420
  0.00704133070599709  0.00729382175181497  0.00754622282871912  0.00779907186656407
  0.00805114669901098  0.00829954586736368  0.00856709206292776  0.00883912852741615
  0.00910813899384202  0.00937034188839107  0.00962546307469637  0.00987919758717224
  0.01013931159355603  0.01040131647700535  0.01065788296045121  0.01090207358052752
  0.01120095882218137  0.01150929419490499  0.01182540448888137  0.01215177304439441
  0.01249250466911848  0.01287784237068135  0.01332968688033568  0.01393829409019432
  0.01509477048317315  0.01673001055961833  0.01790731757580835  0.01889965677696928
  0.01985992349342770  0.02083409404134525  0.02177945666653830  0.02273005608192662
  0.02369062449053230  0.02467448491893178  0.02568288017166298  0.02670666607978262
  0.02775202635700610  0.02878284614975988  0.02982076233952971  0.03082207302981477
  0.03189549497897530  0.03310977089833837  0.03438747856148124  0.03571717758872457
  0.03709969871406722  0.03851364176874864  0.03993927878866863  0.04160449051700656
  0.04369019502108919  0.04601006727342388  0.04867521658233207  0.05178692892263443
  0.05660400616544617  0.06800115793912961  0.11632577364892796  1.00000000000000000
  0.00974488864727420  0.01517981739254089  0.02420019348789365  0.03452925507020034
  0.04462028252523681  0.05476455887873802  0.06507786364225863  0.07521956391541092
  0.08526629909371417  0.09541699890052209  0.10586272605598318  0.11659031334180178
  0.12758384900973838  0.13876274879038217  0.14970290082597706  0.16003950439084516
  0.16993363926997973  0.17970954581002418  0.18981748423294395  0.20032122889078807
  0.21079190730630218  0.22129938262135587  0.23209558183460960  0.24345011915334139
  0.25539548190831701  0.26745121977223529  0.27930310517235679  0.29076833628968796
  0.30160331448657329  0.31176968521267096  0.32137272289046592  0.33038191614023832
  0.33935565169111431  0.34823316936758986  0.35753315049262757  0.36701263643008991
  0.37689459636374739  0.38743094226205521  0.39848138335421662  0.41029934148570724
  0.42269874425967713  0.43541610973746747  0.44766241221003417  0.45921110731311371
  0.47082336951864484  0.48197863873371743  0.49410411932713216  0.50517185777923135
  0.51583123734754355  0.52604131850392244  0.53549682634280815  0.54466782545535419
  0.55362866987812920  0.56265827529872980  0.57204823875308874  0.58151466427009635
  0.59213334771729220  0.60361165802376715  0.61488521126086571  0.62559639470210349
  0.63610501372167993  0.64621458890988448  0.65554389194685592  0.66526492039143614
  0.67517383797044928  0.68487236177838395  0.69445072759970128  0.70419986302695747
  0.71490427847811833  0.72587582200595346  0.73707092737809998  0.74817429818416525
  0.75841727290387317  0.76854792798867488  0.77851491040174825  0.78831059465616982
  0.79766100384568728  0.80667829796637824  0.81667133799795544  0.82809155604947282
  0.84064798710593747  0.85318280382110478  0.86388631916518133  0.87464104100498741
  0.88485200477506765  0.89542673876675027  0.90577036184477411  0.91594224089057030
  0.92707534499967559  0.93875637253396993  0.95206943339047867  0.96345962615265224
  0.97333395403929912  0.98330217247782437  0.99087300939514233  1.00000000000000000
 -0.00002018009024379  0.00025757760900447  0.00073314447913385  0.00153043313249917
  0.00265018308439392  0.00404441764293024  0.00558385826321221  0.00749906518331585
  0.00953038263095174  0.01174327464076834  0.01411748794546413  0.01674757116624439
  0.01967606447310163  0.02281877642537240  0.02619623450203499  0.02952055335968897
  0.03285873544636656  0.03627397052912198  0.04006279519592651  0.04419500368958990
  0.04822895021756894  0.05234377938276581  0.05657739718966288  0.06087141699237207
  0.06529661151525004  0.07000161910635974  0.07491865461122287  0.07998258970688903
  0.08531967706451460  0.09163783269341801  0.09773281219351027  0.10367999623104564
  0.11005387322904671  0.11661561495712137  0.12318245819850125  0.12993704740279574
  0.13713831789929512  0.14440859168445064  0.15123050155455287  0.15781476054542903
  0.16465162971361649  0.17176381398380591  0.17901006734636116  0.18639942448590746
  0.19397135705662807  0.20142304277137285  0.20951783498167728  0.21734528302345665
  0.22551132853785735  0.23414538847464597  0.24294469038445798  0.25175633398605829
  0.26061165057558389  0.26969870116355232  0.27918587184189059  0.28913918474432876
  0.29955062602260846  0.30999572009250048  0.32071606994023893  0.33152337478138799
  0.34251847561382071  0.35390551235564432  0.36557271215707299  0.37734263988791472
  0.38927203649368824  0.40146785552060943  0.41346968589163929  0.42600458900425131
  0.43936214638945809  0.45301670636473240  0.46706283696314393  0.48240379466465705
  0.49973573669552362  0.51682947126525169  0.53339700275444568  0.54948539735532564
  0.56528206827620409  0.58054606950766574  0.59703635470525152  0.61386817734564580
  0.63096696392917062  0.64818765613402640  0.66514401430523040  0.68210224317679757
  0.69863940577200700  0.71668115057130199  0.73566833465038206  0.75549197718600503
  0.77650623679290853  0.79727130984049310  0.81867861324930513  0.83974576273557966
  0.86094105297785661  0.88107620144477139  0.89662190955699828  1.00000000000000000
 -0.00256101119567791  0.00975151420619652  0.02055437508269773  0.03186951735002351
  0.04339476890135288  0.05502601690033393  0.06711455960023552  0.07948293080622702
  0.09211985260237111  0.10500200363911812  0.11823851390841698  0.13189122949360965
  0.14457748887892771  0.15705455329844267  0.16871862142732663  0.18054486197363981
  0.19191265179711825  0.20311882789907384  0.21440182320713086  0.22535449160130641
  0.23611443873984886  0.24686571404074181  0.25765789976617398  0.26813901609938012
  0.27852232018881506  0.28916124993142139  0.30001999696992154  0.31083367893085168
  0.32162987704898766  0.33267251198859743  0.34399821983041845  0.35526406225013141
  0.36620146040490564  0.37697600749455284  0.38774670092520269  0.39796884888981043
  0.40768201666129561  0.41746297517960973  0.42747268986232745  0.43758290646026138
  0.44789325663065438  0.45851176149641931  0.46916918885602743  0.48014274532986295
  0.49148688107998034  0.50303876559178851  0.51451860207223543  0.52570812000755851
  0.53671959892899201  0.54761283959387008  0.55805468401016778  0.56778005319529312
  0.57718865924311469  0.58701477479393105  0.59720627232128953  0.60724533928887847
  0.61684002624351664  0.62652987860596732  0.63687991079074457  0.64756504402020543
  0.65858231369492204  0.66945072015368856  0.68000473908417836  0.68992722468689460
  0.69942930520539282  0.70863113068617523  0.71735555823209307  0.72578198236160263
  0.73434316522865506  0.74314113822841199  0.75221920573307488  0.76120424227249550
  0.77035903278058881  0.78029124412510265  0.79027610178938246  0.80016038982622673
  0.80963714229597272  0.81924425869384010  0.82911309727904037  0.83976186453480905
  0.85089025663954865  0.86199749489437094  0.87254520082661280  0.88326669224282750
  0.89379192846073552  0.90434329050984974  0.91535038899181764  0.92634979705826981
  0.93665148896662087  0.94561897027158437  0.95439408184305152  0.96358811243374975
  0.97305486179698342  0.98235881039456185  0.99121831940371330  1.00000000000000000
 -0.00253289086333624  0.01019149470082305  0.02120138106073084  0.03130398596966415
  0.04145415150490311  0.05145268224580333  0.06134112614808491  0.07118361924842595
  0.08107385047452033  0.09233331573956868  0.10396322517601739  0.11491149636809028
  0.12568168713897140  0.13620515696077154  0.14641580393488746  0.15647031278861578
  0.16680303653939832  0.17755896242675795  0.18768658497681745  0.19807165327524340
  0.20851555742467578  0.21936489658798969  0.23019082776320676  0.24161413759088793
  0.25252477308237248  0.26293121874589287  0.27361130637797826  0.28429408874154588
  0.29514231328631935  0.30580986345050748  0.31651859828578272  0.32721491597951174
  0.33825498800046572  0.35009616071760613  0.36147338089937131  0.37268730853977200
  0.38284100717500297  0.39292526302583269  0.40267318536302749  0.41228721170481997
  0.42162986720702800  0.43090128951564693  0.44054480680378472  0.45044085381150301
  0.46031888945892580  0.47022208617170691  0.48105369416090055  0.49333796499652371
  0.50570911321035572  0.51725716936269073  0.52802129741012738  0.53837190935007484
  0.54856390765374585  0.55825367227430922  0.56774145572058510  0.57749907491591135
  0.58777583875078632  0.59875295453296806  0.60972494495675189  0.62061001577197916
  0.63112378103861688  0.64077649653915503  0.65010723384870173  0.65921895209283743
  0.66842569516956918  0.67758138661565637  0.68691188592867869  0.69685911455835137
  0.70728459338558602  0.71786378825018271  0.72851665165670765  0.73943301642767822
  0.75052228810277910  0.76157565482705203  0.77290432428420297  0.78447006244636852
  0.79586243079975394  0.80700131093185856  0.81792420404636057  0.82869218361066233
  0.83935893424112573  0.84974293960111458  0.86017943327063806  0.87005911261537017
  0.87976379676311667  0.88946612686294479  0.89935267482101500  0.90969051285109825
  0.92046361756958184  0.93197866416102326  0.94380028203955613  0.95610603649459880
  0.96758377562807285  0.97874502661062412  0.98959877878099578  1.00000000000000000
 -0.00190079301957857  0.00800031665617226  0.01679951528544545  0.02634746247987018
  0.03656101478947529  0.04639075993968565  0.05629103823384886  0.06646483078333590
  0.07716163687808990  0.08772690841759517  0.09826087799919873  0.10915175591644558
  0.12038256383296676  0.13097368936927017  0.14079678095534739  0.15017900201772599
  0.15928553832274769  0.16862320613797946  0.17836029981738744  0.18841596754399545
  0.19888734076571454  0.20962192461472701  0.22054531515800505  0.23194746962805635
  0.24368000906595547  0.25561625264740062  0.26850002661163380  0.28012712983330967
  0.29154447902955594  0.30279368140186735  0.31327146974402459  0.32331718730425008
  0.33345986998370952  0.34395271802347355  0.35467530737458369  0.36511396921375039
  0.37561006784178808  0.38647019064120597  0.39739918321583173  0.40879772647649210
  0.41953543783481589  0.43014999216904298  0.44037198973800312  0.45035703379285724
  0.46018209892558187  0.46996414841423045  0.48000600563102913  0.49013994052026172
  0.50047453381026186  0.50995441958499688  0.51952057772907212  0.52892276662745841
  0.53873467427859145  0.54856129485673466  0.55784869728258601  0.56767186520855684
  0.57842454966899470  0.58935476557979827  0.60021069098510915  0.61154861831161167
  0.62255558798972077  0.63306800914057781  0.64358110277491876  0.65432551351815438
  0.66533585849264942  0.67640790220563052  0.68737685830093209  0.69802424473194868
  0.70878533332107541  0.71967117275149350  0.73115691545814654  0.74197679726974808
  0.75301548785022288  0.76433276395710603  0.77545813074707348  0.78627708207525804
  0.79627843988570968  0.80605537202598154  0.81596127315052358  0.82650820693689675
  0.83692694962232073  0.84700114602612131  0.85739076861286723  0.86801766262244795
  0.87868151847621478  0.88923364220458534  0.90003743477939790  0.91135734900624255
  0.92266918315493540  0.93367079772665218  0.94436610838419077  0.95467247837925850
  0.96532938458611883  0.97643649378974362  0.98807653932563144  1.00000000000000000
 -0.00275132151546403  0.00925553272149334  0.02009360556580025  0.03059520900652112
  0.04134303687088388  0.05207060628527377  0.06287238885022940  0.07367399911624620
  0.08486717247124828  0.09625540663676339  0.10779043416101973  0.11899755667783125
  0.12954222939086846  0.13951906606703923  0.14956023026106025  0.16019929894536658
  0.17142579192955945  0.18317516371794060  0.19459222346395696  0.20529601637049780
  0.21587141517075900  0.22651640453157018  0.23628090157922690  0.24578455058815066
  0.25563432740033637  0.26616127782761928  0.27641460582789978  0.28630269401053010
  0.29660658566451953  0.30785970855814099  0.31952767670436483  0.33143299182248454
  0.34273037362857395  0.35340993477149507  0.36391050706603345  0.37454342734294394
  0.38518768905968559  0.39562965602573691  0.40700448265148848  0.41872208565605645
  0.43025045347543223  0.44131090258489725  0.45228543334006088  0.46346838844522853
  0.47456031303568869  0.48545833227120605  0.49646811759743975  0.50778643293531878
  0.51955796038388047  0.53188341824135954  0.54395321462208568  0.55524787331847492
  0.56614785748653240  0.57707681713514369  0.58721705616911846  0.59665003925349325
  0.60635365391559615  0.61652357739407071  0.62687396791664229  0.63732746283217190
  0.64807044499952149  0.65911424456353440  0.66974956898945825  0.68003333946103173
  0.68989848771984086  0.69921817957053700  0.70819289667779506  0.71694167824874400
  0.72568122293884851  0.73455149974885592  0.74337053904344064  0.75255693465720108
  0.76222723908047596  0.77246150354302801  0.78338829240992525  0.79472209107631642
  0.80603722637151598  0.81673907169850013  0.82726315412693097  0.83774237558310738
  0.84828348048344260  0.85832286991551243  0.86771376710419601  0.87696246954658164
  0.88648595347339987  0.89640193736083174  0.90581224338332822  0.91534998408921597
  0.92507800943258556  0.93517774958861866  0.94515384108930045  0.95503203987058383
  0.96528022188057749  0.97658248124141289  0.98801995517981756  1.00000000000000000
 -0.00262471445200498  0.00944112790548911  0.02061429919868971  0.03241147702583608
  0.04427004650742951  0.05601048534722967  0.06736305281706358  0.07851114469248031
  0.08959055152048345  0.10076705591711668  0.11234290805501235  0.12418537535888710
  0.13578237729137704  0.14683983494288674  0.15738534440656740  0.16766479269482451
  0.17815091525332999  0.18867103816468753  0.19920005644110911  0.21024869182935826
  0.22168222626658174  0.23301799192490427  0.24387269262461000  0.25474760423927628
  0.26558653467483179  0.27614457536769560  0.28651679956597637  0.29693958243917479
  0.30742908320476925  0.31766967001544433  0.32784479424600016  0.33834941203194807
  0.34957692487135922  0.36119575873973730  0.37372945401767660  0.38590343265074445
  0.39776493358996207  0.40844819518684433  0.41935377297141652  0.42997288165845271
  0.44056683711315536  0.45103972502200912  0.46162641829722506  0.47239033843688510
  0.48296334839345040  0.49320916424163452  0.50345031831075104  0.51370459896556886
  0.52385154668497502  0.53342095252512556  0.54272949905064494  0.55183159323282904
  0.56086505313017077  0.57026595650211553  0.57996194225842124  0.58979177037351294
  0.59954817491677825  0.60978024568300515  0.62071057017363740  0.63177167754914687
  0.64254320798199982  0.65289916051717201  0.66300735970407398  0.67329145955839409
  0.68381023156013121  0.69445922334940513  0.70487778930175093  0.71515388053123263
  0.72537751601113643  0.73543532818471846  0.74529277804470584  0.75510189253914495
  0.76483024020925283  0.77432720793913734  0.78368053716424557  0.79312560004661559
  0.80279766618971260  0.81235019905499295  0.82185664378481105  0.83169340322250018
  0.84192026105549922  0.85205120008108748  0.86254976542388762  0.87362271240415523
  0.88381342115014361  0.89376215402084391  0.90360286342355256  0.91394476041695782
  0.92469962497396130  0.93619421191302232  0.94755133444710027  0.95882459646020579
  0.96910498080682772  0.97972147440688429  0.98991959659820705  1.00000000000000000
   3.3608520002069989E-016  -1.0000000000000000     
 F F F F F F F F F F F F F F F F F F F F F F F F F F F F F F F F F F F F F F F F F F F F F F F F F F F F F F F F F F F F F F F F F F F F F F F F F F F F F F F F F F F F F F F F F F F F F F F F F F F F F F F F F F F F F F F F F F F F F F F F F F F F F F F F
  <DiscreteSampler_grid>
  grouped_processes
  1 # 1 for a reference and 2 for a running grid.
  10 # Attribute 'min_bin_probing_points' of the grid.
  1 # Attribute 'grid_mode' of the grid. 1=='default',2=='initialization'
  0.0000000000000000 # Attribute 'small_contrib_threshold' of the grid.
  0.5000000000000000 # Attribute 'damping_power' of the grid.
 # binID   n_entries weight   weight_sqr   abs_weight
    25   10   1.075985048997200E-012   2.975894004526894E-024   1.075985048997200E-012
    28   10   6.163193457583666E-013   6.929557216205913E-025   6.163193457583666E-013
  </DiscreteSampler_grid>
