 -0.00000000453735786  0.00000376942212072  0.00002740023318258  0.00007693283992204
  0.00014699085685897  0.00023558207984566  0.00034040971732176  0.00046707587148571
  0.00060925483496731  0.00077403044015652  0.00095560555807287  0.00115350968434636
  0.00136470455930767  0.00158823222637942  0.00182211635694488  0.00206206824845844
  0.00231135602815230  0.00255935631854936  0.00281693056430787  0.00308397272341337
  0.00334957302945454  0.00362618128731060  0.00393074576293925  0.00424434027234981
  0.00455333979478418  0.00486335933415362  0.00517192375744302  0.00547578576119450
  0.00577447170707881  0.00607510024275784  0.00637131950615147  0.00666304345187871
  0.00695217934826665  0.00723867624431603  0.00752876075573677  0.00782271804533849
  0.00810485402943111  0.00839553992573670  0.00869635907559131  0.00900473719077136
  0.00931563216461520  0.00962463920419420  0.00992999345415846  0.01023345708909736
  0.01053430745280900  0.01083151996974417  0.01114029556772660  0.01147480012504861
  0.01181641295925294  0.01216116478360040  0.01251403714127227  0.01287689717808592
  0.01324457437813003  0.01362401435731743  0.01399422785415767  0.01438619501663594
  0.01478642188379512  0.01524466402407024  0.01572773578964849  0.01620483201373723
  0.01668224189790080  0.01715273774519850  0.01762135372322107  0.01809667432305512
  0.01857827797238838  0.01907767911178194  0.01962287844510123  0.02022648924166734
  0.02084158050575985  0.02148141576601403  0.02213220700380844  0.02279587488632557
  0.02347892959833123  0.02419359463356823  0.02489743246718026  0.02560898343924064
  0.02641814813414688  0.02733837247245744  0.02824952554506033  0.02916823240380881
  0.03009904055212947  0.03102979134917555  0.03195166835716950  0.03288586996971413
  0.03405322510220511  0.03533531888013617  0.03689823925143574  0.03867782486176711
  0.04057915272147902  0.04274362350486387  0.04512589216211584  0.04926039850472040
  0.05458174126211610  0.06559343053076527  0.11556207605840318  1.00000000000000000
  0.00947274668364632  0.01571114797490304  0.02547683289033293  0.03681086837378689
  0.04698250366104542  0.05621303497519761  0.06536535437163399  0.07514090195496841
  0.08588750226000380  0.09746272512943724  0.10897155031454081  0.11992285098208601
  0.13098816350247247  0.14255531525580004  0.15353522774224465  0.16479321338356381
  0.17794986381630348  0.19174363538311584  0.20498836410746790  0.21708177960281771
  0.22758887954764839  0.23715925596054416  0.24579218622429774  0.25500930024169366
  0.26475821741696937  0.27449096370710618  0.28355897082254961  0.29255949930508385
  0.30217027391365853  0.31176468750201358  0.32052330340299545  0.32910559878521944
  0.33826802116940957  0.34755760514708028  0.35715048579323444  0.36707525091602056
  0.37725658122760036  0.38839612253820388  0.39898272583883909  0.40900438351866497
  0.41918511516802071  0.42877417258731071  0.43868259244463864  0.44848646818303478
  0.45811966828602407  0.46791020909706532  0.47775611114393096  0.48886211348167141
  0.49987917008144034  0.51269049050095661  0.52579317031750050  0.53870620776360023
  0.55153810960882588  0.56366975672749808  0.57454525221631803  0.58462008205723981
  0.59438922306596254  0.60409764119711395  0.61386495698578136  0.62337881780185334
  0.63325158082529054  0.64325275569737550  0.65314753865236153  0.66307146929707417
  0.67348176188827724  0.68419446493407332  0.69433547311249544  0.70434389505967865
  0.71493664651565914  0.72603164511010188  0.73736380060624096  0.74889817917466617
  0.76051996035943381  0.77195912131584077  0.78266353470473160  0.79278342959054493
  0.80290374437319767  0.81297413291840837  0.82329002055145051  0.83352624308371748
  0.84338736695946692  0.85312839841643995  0.86289615280173604  0.87297082236030299
  0.88322264641532389  0.89362834167310601  0.90454389147693148  0.91543275983652983
  0.92557771352094931  0.93536088354540747  0.94542885562304535  0.95580161159748256
  0.96617892136567751  0.97661199543198984  0.98772151473992931  1.00000000000000000
 -0.00002043633965793  0.00025224110410108  0.00074535159376080  0.00150308468890511
  0.00248722555445758  0.00386162827572222  0.00539323063812902  0.00717479059928884
  0.00917799462847340  0.01144556229538411  0.01391064154962881  0.01640257370973305
  0.01918504545272784  0.02236879854320236  0.02566362824856347  0.02897011436588529
  0.03226128561957366  0.03570798146770339  0.03932717786932853  0.04311097846074619
  0.04703616260632738  0.05123319138804208  0.05555079585975491  0.06000631628479131
  0.06467487887056120  0.06953563751188950  0.07454115531837643  0.07946872847002594
  0.08407142690309993  0.08897415051577787  0.09395261073154189  0.09917704176484413
  0.10471360795035811  0.11070149010944413  0.11700081620096259  0.12321131071271083
  0.12926823187195144  0.13606718298486675  0.14304423975592276  0.15012356048901307
  0.15678693425629869  0.16359246274862690  0.17035467068983792  0.17739223585936037
  0.18483023689019240  0.19257658843765726  0.20068278873655723  0.20930125335558503
  0.21837641900649718  0.22740399661197036  0.23636732165588298  0.24525939563002952
  0.25400535211079028  0.26285956437732738  0.27205252066628577  0.28157671770059262
  0.29129332327338869  0.30115146352288830  0.31135348168167992  0.32307265365798105
  0.33350379554404275  0.34489091655615878  0.35716047473973728  0.36985580223791209
  0.38287285080314182  0.39695661739089705  0.41137859284374950  0.42589026402892399
  0.44067120169886936  0.45569674548634193  0.47080299174303686  0.48639352463951080
  0.50203463267458193  0.51825276595070413  0.53463885539657430  0.55091760520083477
  0.56752314972926221  0.58405510973630792  0.60115990055010748  0.61860476507186801
  0.63649977806653901  0.65499007958603661  0.67384815016832567  0.69441205982631249
  0.71425044782690328  0.73356625425551147  0.75247271378258396  0.77042407594759876
  0.78896921397059128  0.80790228248338691  0.82691642832008661  0.84593342302048380
  0.86458162148110962  0.88184427570595991  0.89535090894193992  1.00000000000000000
 -0.00238617874786666  0.01006570951386613  0.01969138598947100  0.03031856478951378
  0.04068211071695164  0.05128747953771159  0.06158455718817398  0.07205467966225834
  0.08317864944380274  0.09335450461080405  0.10330371335192423  0.11311154864009425
  0.12295591705171194  0.13347186442458517  0.14426963824850658  0.15528887468731467
  0.16635052762275376  0.17743441065857307  0.18820849939035267  0.19810050525093392
  0.20775621338446709  0.21753574938257533  0.22737447530457194  0.23729811465274764
  0.24695982847087614  0.25688712595402335  0.26627608163711591  0.27545993484952114
  0.28491923570341360  0.29519584488073536  0.30603633647756245  0.31712205983483632
  0.32839686609814689  0.34004347070544227  0.35224317778005798  0.36313887478071699
  0.37378002940905436  0.38431408746265366  0.39464764839081956  0.40472054743326769
  0.41490292113409355  0.42522314277306056  0.43547340794216149  0.44574630710411683
  0.45618150908711497  0.46703866428351037  0.47779637856603785  0.48833894900299879
  0.49899345756261232  0.51001064000293317  0.52109253250850907  0.53147110331186587
  0.54125583498441698  0.55100736449554344  0.56109544851320270  0.57159932575766126
  0.58187227733261482  0.59205869170357828  0.60247037985505558  0.61366125801121385
  0.62549334584951977  0.63692793177559437  0.64785274502449974  0.65814850249180401
  0.66824568612690605  0.67834982488423445  0.68825378830699524  0.69840035127182221
  0.70938976105729068  0.72124759620794232  0.73337489400391598  0.74539330924672864
  0.75670645211053256  0.76842029546195956  0.77858086324193065  0.78852776456688756
  0.79902546983229916  0.80987770221674638  0.82027575370708283  0.83020988736473389
  0.84104332348159883  0.85311328510806306  0.86486426308334352  0.87649359748814015
  0.88856221612924158  0.89988559106212118  0.91021821416420523  0.92053845358796216
  0.93042926616454413  0.94041166099734419  0.95027372618687045  0.95972474311867673
  0.96973388221713130  0.97968364741579916  0.98993112148249340  1.00000000000000000
 -0.00266681240107918  0.00978729288798674  0.02113124834119268  0.03250603955014342
  0.04340695398872875  0.05369193114465290  0.06361322919244899  0.07305739280416348
  0.08235583766297640  0.09150809066559586  0.10056855702872904  0.10945406924706434
  0.11818519009023563  0.12690507359405878  0.13705802032847911  0.14725688502754192
  0.15694484410594456  0.16648313898324604  0.17618650186822876  0.18589045556600775
  0.19550853853501934  0.20517232559502152  0.21500722831470218  0.22504816938373637
  0.23513511205810542  0.24563891509485977  0.25656017485014987  0.26826313941220870
  0.28099462885599447  0.29376567802537751  0.30509703131888988  0.31525986227457675
  0.32493982028506196  0.33418204346826208  0.34366408791406683  0.35323282810701362
  0.36309515886288224  0.37306325349513425  0.38328701174855551  0.39372187780813844
  0.40400066926096906  0.41412380535218557  0.42455164370127879  0.43603592752623338
  0.44778335664945440  0.45943822975638887  0.47127257766721747  0.48261819604874212
  0.49358770971671301  0.50429092738288794  0.51461919008864898  0.52505752633950997
  0.53510140322494060  0.54641876932556233  0.55816992653268438  0.57161029197566682
  0.58421706037516485  0.59620613038882275  0.60723226777131645  0.61751621200560203
  0.62784599090315196  0.63786841588714682  0.64795105727580371  0.65833539500020222
  0.67029710705238021  0.68252472788690932  0.69331197304129621  0.70305379056010586
  0.71285150865079727  0.72225031848908872  0.73178998206313894  0.74171426020911957
  0.75077353311125894  0.76137449673799484  0.77167947330608166  0.78282296683094588
  0.79430819521728824  0.80561063606950112  0.81618634091721631  0.82650813821338787
  0.83710856314373339  0.84871739486562059  0.85948075396723811  0.86955561786222146
  0.87942866235842165  0.88925426447258427  0.89889211299710703  0.90811236936231743
  0.91730433864335104  0.92755584057921725  0.93911792449881382  0.95172118728518373
  0.96324803333105535  0.97495110233931093  0.98659004773080206  1.00000000000000000
 -0.00304555285417973  0.01188543950858224  0.02354554139679347  0.03467098842766811
  0.04550533024651875  0.05698947672353786  0.06765793489493518  0.07738041879903772
  0.08691482989170997  0.09691917327327462  0.10693418453893093  0.11658709206038226
  0.12676510467698326  0.13788369736809483  0.14897502483032429  0.15958300024307293
  0.17025202317752905  0.18039910685317059  0.19026588449384427  0.19991633324125116
  0.20937875725118257  0.21896810862712701  0.22871766440075555  0.23905006925684774
  0.24959549715088905  0.26013369174486167  0.27088483324277124  0.28150330249722666
  0.29155230455430958  0.30121256996934770  0.31114147139372056  0.32189960092377501
  0.33275237777510919  0.34240872392757105  0.35155380846836159  0.36115423575054839
  0.37079319455827303  0.38004698307077861  0.38886146390741633  0.39782112196069819
  0.40743897324727846  0.41724776183073753  0.42695241968122177  0.43623019876214536
  0.44527761955782641  0.45489782411768431  0.46457370430055966  0.47387209359571203
  0.48266469302816956  0.49162308562123008  0.50056688377488590  0.51041035372448462
  0.52027927479944902  0.53058206686464582  0.54123598118340210  0.55212750219911222
  0.56322336597590439  0.57434583124425809  0.58560082989505136  0.59808128049675602
  0.61041837938922661  0.62233554315352713  0.63389615320778536  0.64545673658242242
  0.65749351148833624  0.66914086295066133  0.67949572076381870  0.68930834042804479
  0.69924939196736391  0.70923162100298598  0.71904231534695717  0.72908699776854968
  0.73972000629940515  0.75086438881996775  0.76234725307023454  0.77439090795104082
  0.78644889582108013  0.79815973240062932  0.80983608566407528  0.82221950166249103
  0.83544519329867561  0.84805999678499366  0.86013331147382999  0.87161731401704245
  0.88276943571433319  0.89411341212080908  0.90567789087270634  0.91720754499466972
  0.92924026060509679  0.94029088404810035  0.95077949328966638  0.96128681761098811
  0.97149825912199128  0.98134139692144740  0.99045553370718986  1.00000000000000000
 -0.00256623201244944  0.01070638218096933  0.02167237608630872  0.03320018404670391
  0.04392846138574722  0.05437286776424855  0.06494682166531383  0.07551013430311988
  0.08538753765873364  0.09463875656532389  0.10433031341056449  0.11468540813012067
  0.12575958298617620  0.13756666948800039  0.14946620490150886  0.16199925788225356
  0.17269870846976010  0.18314783822311098  0.19302641080379904  0.20304592728171955
  0.21293760294075786  0.22261817271668183  0.23275064985660546  0.24351481932958058
  0.25487677010010068  0.26563030909826058  0.27618675950200766  0.28640938957313272
  0.29736907883410391  0.30874093215080572  0.31994659372903794  0.33108073615535843
  0.34343811879217800  0.35568954084634369  0.36723636188112369  0.37836433194096863
  0.38939847443742692  0.39986579077324697  0.40977909414227776  0.41953922863764753
  0.42886493971169981  0.43807935802688919  0.44743439398628165  0.45676813135171090
  0.46585369067079879  0.47473741952976301  0.48410533004577205  0.49362441753670411
  0.50334305275718660  0.51291158656571567  0.52252523010929841  0.53249401832907994
  0.54288661268708271  0.55341091319064983  0.56415028920206700  0.57499064662484944
  0.58555524351990662  0.59591441419552693  0.60635703941806951  0.61646492023972455
  0.62605537306496761  0.63553427300565801  0.64529769146174354  0.65557401888782696
  0.66627796952460772  0.67703211482248238  0.68780061969392448  0.69877487372518365
  0.70992469469162134  0.72104339745292545  0.73183658091512138  0.74227166117822607
  0.75282525170318537  0.76349401350963397  0.77383260133256992  0.78373956474731798
  0.79371858447013910  0.80416153674942170  0.81484976559387168  0.82536765573811910
  0.83598961404329619  0.84684064998637198  0.85756093783576415  0.86808227606252186
  0.87888841422307717  0.89008459265711504  0.90131013962871909  0.91268214773511913
  0.92417765076584291  0.93656071727644019  0.94799698754172301  0.95938780795679957
  0.97018339338286941  0.98079565533960722  0.99045308349284944  1.00000000000000000
 -0.00270486280562128  0.01013903496581096  0.02150436371646565  0.03211615887832616
  0.04281970668328580  0.05361802041377262  0.06412618726983772  0.07426249770408987
  0.08426452376300951  0.09443433416021819  0.10497715571125610  0.11520975230860381
  0.12502531039226944  0.13498712389388751  0.14497948972528135  0.15488305260424401
  0.16463587183595474  0.17445114409890980  0.18397217697536761  0.19317964642661395
  0.20187644976402916  0.21105952420830057  0.22088010132484762  0.23124706720022714
  0.24200033919367248  0.25339541319325892  0.26509354170573324  0.27728657729924983
  0.28949763017888602  0.30147042842158273  0.31298944537354434  0.32389905770420957
  0.33417379426619853  0.34367896122948643  0.35296182736230197  0.36239564073833130
  0.37165019240289171  0.38137887293464934  0.39122586762697908  0.40321029837886935
  0.41518780315680687  0.42587690644398035  0.43605882278858021  0.44631670826726877
  0.45652738312476299  0.46659980523748640  0.47702515375064841  0.48808544162145823
  0.49990330587916454  0.51207753338253670  0.52433777656030500  0.53643265939528717
  0.54811626780348377  0.55958048748173017  0.57089408367257333  0.58154820113290706
  0.59259772987212367  0.60403685362875481  0.61581824486152159  0.62717948364076714
  0.63764280390846528  0.64766328089289671  0.65767111369316633  0.66779430822020891
  0.67808558741371139  0.68888945052006512  0.69938043413118045  0.70919180062209408
  0.71796776300167919  0.72630531372342921  0.73500285702571799  0.74431315992267222
  0.75442365218866381  0.76484031887320414  0.77500132140002798  0.78490096377641594
  0.79494929419312277  0.80542110454040128  0.81645922792432091  0.82741577900389440
  0.83830830193698957  0.84931227158790168  0.86021870218975249  0.87181273624975342
  0.88346916738737635  0.89542190755317741  0.90607657495692429  0.91656324733053596
  0.92636381418018421  0.93607035645502568  0.94582591050919362  0.95597226357975829
  0.96656205698907138  0.97778876978836649  0.98861594925778429  1.00000000000000000
   2.9492312766206665E-014  -1.0000000000000000     
 F F F F F F F F F F F F F F F F F F F F F F F F F F F F F F F F F F F F F F F F F F F F F F F F F F F F F F F F F F F F F F F F F F F F F F F F F F F F F F F F F F F F F F F F F F F F F F F F F F F F F F F F F F F F F F F F F F F F F F F F F F F F F F F F
  <DiscreteSampler_grid>
  grouped_processes
  1 # 1 for a reference and 2 for a running grid.
  10 # Attribute 'min_bin_probing_points' of the grid.
  1 # Attribute 'grid_mode' of the grid. 1=='default',2=='initialization'
  0.0000000000000000 # Attribute 'small_contrib_threshold' of the grid.
  0.5000000000000000 # Attribute 'damping_power' of the grid.
 # binID   n_entries weight   weight_sqr   abs_weight
    25   10   2.543326675451914E-009   1.284672898663885E-017   2.543326675451914E-009
    43   10   2.058681545377249E-009   8.008369863545257E-018   2.058681545377249E-009
  </DiscreteSampler_grid>
