 -0.00000000206182528  0.00000098505025101  0.00000684378365728  0.00001897425002279
  0.00003954420658205  0.00006907372451325  0.00009884605421575  0.00013839964699436
  0.00018833669276640  0.00024273685126114  0.00029552929015626  0.00034810083861183
  0.00039645768028636  0.00044610065952608  0.00050088622743494  0.00056678549915418
  0.00063769291311786  0.00071068613692569  0.00078382012341699  0.00085748143457761
  0.00092914266926407  0.00099935185747739  0.00107306161162361  0.00114419040326139
  0.00121559972514103  0.00127725199422409  0.00135197088117821  0.00143107821206491
  0.00151583848623934  0.00160247831822072  0.00168823583810189  0.00177036307332910
  0.00184562272204770  0.00191946958166731  0.00199444972852445  0.00207042662939097
  0.00214545006470162  0.00222662169438093  0.00230477750988841  0.00238087502397408
  0.00245760181831012  0.00253519253571677  0.00261260432835849  0.00270292387600598
  0.00278246908055879  0.00285209884093567  0.00291873552351640  0.00298679549539192
  0.00305949942397704  0.00313922611414312  0.00322657359590044  0.00330749622289264
  0.00338293015187778  0.00345822149884073  0.00353157341050389  0.00360376454251803
  0.00367841535922078  0.00375214939345975  0.00384244521449165  0.00394208456406008
  0.00404854723904293  0.00416161456312385  0.00427410339080640  0.00438028789737422
  0.00448145328831251  0.00458154095903828  0.00468292562750949  0.00478980892492968
  0.00490503413369755  0.00502225261859570  0.00514138584389619  0.00526694717687679
  0.00539350416108509  0.00552506542978608  0.00565572567128841  0.00578419788569423
  0.00591561820482633  0.00605433727746275  0.00619180566478884  0.00631989460910890
  0.00645178007526821  0.00660870653741982  0.00677305702443626  0.00694435533623675
  0.00712372263963692  0.00731605072577401  0.00753132479743893  0.00776184930788667
  0.00800947000962218  0.00828091989100143  0.00859286562545326  0.00897871689744519
  0.00946168322970022  0.01022026051519266  0.01229159360043778  1.00000000000000000
  0.00942040909305616  0.01615825539027918  0.02551297131989843  0.03583338670563275
  0.04444281880320293  0.05243101136566840  0.06137438201604110  0.07093178824399843
  0.08044726974103870  0.08962973412310006  0.09846569908529089  0.10776774145253283
  0.11953777041885633  0.12910175526304740  0.13851481192056611  0.14758997147012173
  0.15677207984858815  0.16673062852638004  0.17648024661350772  0.18571850314541521
  0.19468113371931733  0.20465948833840597  0.21535166433263764  0.22656406427664721
  0.23692394605108968  0.24703756801944776  0.25731086015310423  0.26762930466081342
  0.27783558268549607  0.28738064445413830  0.29706762886539351  0.30753771971106642
  0.32003781371394824  0.33404526277078300  0.34695587533903283  0.35868148715887371
  0.36872598656169325  0.37786607900349461  0.38578380685929342  0.39350577308356277
  0.40153638843975020  0.41052899846958052  0.42007185941923852  0.42940197719897633
  0.43719731899380854  0.44866067776255836  0.46202732132428131  0.47642666585385018
  0.49247813477023267  0.50796206326634763  0.52162318012099484  0.53376857866465111
  0.54500598428190661  0.55586307785664768  0.56644702232616617  0.57557205670257816
  0.58338251557248111  0.59103268860985092  0.59929328678185456  0.60812634300828550
  0.61718053272810991  0.62608840272065169  0.63919340741910702  0.65145051508642404
  0.66250627708575183  0.67209205655000648  0.68107685997115208  0.69041364354303214
  0.70047228052351862  0.71179118983176071  0.72523735113218213  0.73842461006519577
  0.75243816457043577  0.76507430447570512  0.77653407670276209  0.78752919917321407
  0.79873554059150464  0.81007495784543526  0.82059806298718385  0.83029597871043792
  0.84167050651373676  0.85080616268738818  0.86181132989685272  0.87251108320955173
  0.88278097884866635  0.89351534021045864  0.90461085533020980  0.91510238627495810
  0.92442248144022887  0.93270311488675195  0.94209273789667591  0.95243457026775058
  0.96279444155729821  0.97346697213285438  0.98551263536293632  1.00000000000000000
 -0.00001901612365146  0.00026862690336997  0.00074437010442053  0.00146054480932368
  0.00246422138694208  0.00373852190799504  0.00537674963657609  0.00766993616421287
  0.00967160040611717  0.01191708270109971  0.01452602100346208  0.01715885021190915
  0.01998938832776793  0.02313648961082266  0.02682967768162059  0.03074686831333050
  0.03469389655833714  0.03902564990208676  0.04338762909700321  0.04816480395897053
  0.05375815757589741  0.05973105280978695  0.06562692036542239  0.07128740371059236
  0.07649386558802850  0.08227312949970297  0.08811907186182157  0.09397984234073860
  0.09950059253220246  0.10487073913146266  0.11001551340039888  0.11556835493759049
  0.12179547004223810  0.12854897437580193  0.13596471140185334  0.14389507315088149
  0.15231694359210188  0.16083931510366423  0.16868309339516818  0.17625243861740361
  0.18430004413962731  0.19280229368940852  0.20159777480710339  0.21176464123986929
  0.22210512943559502  0.23232409433268755  0.24235998853664059  0.25235302321847297
  0.26260459554695842  0.27305668661087490  0.28385503238180299  0.29534155540161267
  0.30614890857451610  0.31645602011232699  0.32699251044137717  0.33813537164884550
  0.35027755294277912  0.36276489434844206  0.37554623338273380  0.38940260454873732
  0.40375641321285982  0.41766696299535089  0.43025036467318672  0.44183084700745801
  0.45454433538473210  0.46853823700623320  0.48334828976315197  0.49802765752276290
  0.51205428090483540  0.52588382290481994  0.53896230730978811  0.55252165554426136
  0.56627408591282347  0.58119965137980811  0.59796316719362430  0.61577113579724108
  0.63208322255553295  0.64767612839936417  0.66379351077477500  0.68323290211229348
  0.70275183901903959  0.72191103040362725  0.74047766081614785  0.75800873587384476
  0.77537264032915609  0.79382093482485461  0.81394430230025883  0.83699235688016227
  0.85923626386652208  0.88063665856306395  0.90134659362922209  0.92138529252414658
  0.94132822706830088  0.96138791646102173  0.98073510053346957  1.00000000000000000
 -0.00176031494826615  0.00814473800962772  0.01683436370686097  0.02574554390976060
  0.03369565236810414  0.04155818382776832  0.05104755992553592  0.06424147825985094
  0.08021751498105270  0.09701207708661483  0.11440186379050662  0.13278484878604660
  0.15053138969892546  0.16808897703018802  0.18452260183315511  0.19684256627221977
  0.20658327723174560  0.21638141340587544  0.22631365856943708  0.23602416378897687
  0.24506288670646692  0.25539026665370801  0.26787688531689680  0.27962582070657449
  0.29167260407526574  0.30090410415442043  0.31057243195494705  0.32050374029677958
  0.33099301132037673  0.34041535054060734  0.34903086805955141  0.35808039421940235
  0.36753691712853176  0.37635276851186056  0.38472324467887076  0.39380372055926227
  0.40633672735863802  0.41921974405943152  0.43118296811999623  0.44285430586759805
  0.45469090710385168  0.46616317116319406  0.47772140942877600  0.48944995493398813
  0.50042409330262094  0.51121560457270243  0.52276591024231489  0.53437339919643434
  0.54509464124327167  0.55557363126183601  0.56623569908825566  0.57693882155334908
  0.58788812176144112  0.59921382230653719  0.60919158756554648  0.61852693977005480
  0.62833717705483461  0.63799252787728644  0.64756268997763777  0.65561219966736228
  0.66295293355098428  0.67119500382370145  0.68132557398471894  0.69085802701946908
  0.69975075957443633  0.70871528493809532  0.71744547376604650  0.72584592069843823
  0.73439286212927180  0.74195505455422806  0.75017617998483666  0.76087075686925287
  0.77329044146068027  0.78549220856465196  0.79711632164600021  0.80874270509654989
  0.82016024734032955  0.83116069002460047  0.84068560622474908  0.84973441463986632
  0.85925800936142716  0.86805936885290924  0.87620643912563367  0.88402709075178731
  0.89261173372213409  0.90258680560365978  0.91273708598370928  0.92227964900943182
  0.93161432388265963  0.94094665863314586  0.94966006102115763  0.95766831266998664
  0.96593128029555375  0.97479837393252255  0.98489593899556560  1.00000000000000000
 -0.00312598580724702  0.01141869132226338  0.02336561995295891  0.03370206354043453
  0.04392355703359727  0.05309093730901378  0.06184852188793424  0.07036947324074257
  0.07909408260729435  0.08724520373370580  0.09560653100063177  0.10407953844915296
  0.11271258699635056  0.12189994648588713  0.13135773855848384  0.14179444917938266
  0.15462912583754473  0.17053357384783221  0.18242609668101756  0.19291294035763412
  0.20312665935537022  0.21340236895410472  0.22472957014701847  0.23819554780656499
  0.25261094950100449  0.26332874177916415  0.27433680502028379  0.28548151047236781
  0.29618262401201978  0.30691941418486351  0.31800187674942720  0.33044726447893275
  0.34168736071995492  0.35247785269136178  0.36261817502125360  0.37292881769010955
  0.38418783631848036  0.39591713624465330  0.40651348762771505  0.41720907240245242
  0.42716059904953974  0.43790270088272309  0.44861094832766935  0.45861378140976961
  0.46778267387023975  0.47713546707797755  0.48649832276671712  0.49570547758144518
  0.50415784869493230  0.51240821926863023  0.52053755345676112  0.53041926552507279
  0.54144556310160141  0.55254178268118626  0.56376236421383630  0.57520086290019845
  0.58683176864294928  0.59854901783197778  0.61019878367649660  0.62148895280480976
  0.63168882388788605  0.64123159795390405  0.65067376686421297  0.65955130965697428
  0.66824486938697836  0.67671666911379602  0.68455501662292761  0.69290271976572482
  0.70238129059507115  0.71177934680687205  0.72243569050108325  0.73366415758283798
  0.74555249630574361  0.75740150332943135  0.76927451484226395  0.78000272953215621
  0.78980073551213825  0.79983248179184152  0.81034320696511908  0.82101637521181425
  0.83149376506982575  0.84217383115278799  0.85402642408824225  0.86390940283941720
  0.87375857856887496  0.88296699008191826  0.89209766134392388  0.90150688899105835
  0.91121643552994946  0.92184293778644266  0.93361831798617423  0.94641766866109123
  0.95977121445707347  0.97203223556162810  0.98601581690586926  1.00000000000000000
 -0.00113751004341608  0.00970226219598402  0.01827310843442061  0.02712765995327735
  0.03672646885101116  0.04625433067029978  0.05656447622558232  0.06572635865873759
  0.07773492230150858  0.08839899243628128  0.10159425595004803  0.11488381242875846
  0.12834570747117482  0.14102916922378739  0.15320471330042915  0.16614731135901145
  0.18091233857833913  0.19258591645873013  0.19994089347322533  0.20785004320645684
  0.21590615590837314  0.22380471716994157  0.23184709208142182  0.24015921164012155
  0.24939735540879807  0.26145710057119265  0.27404540897850982  0.28444034872827606
  0.29486739461445777  0.30580910172696879  0.31626009307820296  0.32595212931336426
  0.33578066616772362  0.34658600322789973  0.35795208265672684  0.36771778928458349
  0.37748924937598677  0.38747187138939676  0.39794915473654685  0.40756806593219630
  0.41669095086394853  0.42575978720284358  0.43504380685866856  0.44453860325606986
  0.45483530506032677  0.46694768643418127  0.47966626846495558  0.49233534954594743
  0.50504823523679432  0.51809204255938790  0.53080548113839376  0.54302417808533943
  0.55422979749324808  0.56521867442686669  0.57706883042935464  0.59118148568105944
  0.60469708476813711  0.61374015836034723  0.62153952762401365  0.62918486802000495
  0.63661810468383162  0.64421172999709297  0.65232184410280780  0.66108868608265980
  0.66970251874722309  0.67803269827012180  0.68658341059034622  0.69590708540777446
  0.70522249193151121  0.71365429992320861  0.72075129980068031  0.72791059280597858
  0.73719604175582754  0.74689743666984887  0.75731539966537154  0.76867303177459878
  0.78129025702612431  0.79403485042985422  0.80569060715673990  0.81712235775604547
  0.82876168162004338  0.84208537435598774  0.85722158536901150  0.87208804250493099
  0.88501504966339950  0.89686474145848605  0.90872751094347803  0.92080314296909160
  0.93231595417868629  0.94206213738467515  0.95081704687095980  0.95974885257309095
  0.96963212199202697  0.97982597688950546  0.99006445848125901  1.00000000000000000
 -0.00411564644197999  0.01482186104982347  0.02836608038795257  0.04047618000567922
  0.05174404144118745  0.06213505166474745  0.07175183403395635  0.08180372655492808
  0.09322659762307013  0.10578281233158392  0.11876777484872825  0.13087402145523075
  0.14165236811948054  0.15224347965846158  0.16334608552385324  0.17431052948013562
  0.18525896317446694  0.19785870174077266  0.21069880953651787  0.22003400650666377
  0.23006009476272091  0.24008010623867485  0.24918404552973902  0.25812639803594095
  0.26706482974448575  0.27767850860265791  0.28892785023659190  0.29817656255638236
  0.30594750767329232  0.31354245899039351  0.32123656965642233  0.32967518340107727
  0.33759853057537426  0.34474675763787854  0.35087523651682095  0.35837971148996067
  0.36732162579128186  0.37885384107384357  0.39271884345367403  0.40654302317805013
  0.41806989494964492  0.42923802380686837  0.44016709070621429  0.45349211634510816
  0.46413835689924771  0.47443489042855175  0.48404973882577540  0.49375644891032511
  0.50328739531850586  0.51288151418660144  0.52165343989925694  0.52936133379458616
  0.53627339890828307  0.54400763467510382  0.55213387080028031  0.56059501700065995
  0.56871053781149605  0.57638410752849767  0.58453181238505925  0.59462091516154703
  0.60588137220322280  0.61755022066159648  0.62949984110957558  0.64240248289598390
  0.65637011051362759  0.66984417910850369  0.68051259922901508  0.69151422978098420
  0.70268847811320256  0.71378042498393601  0.72426259434692475  0.73521359181242196
  0.74912850315977553  0.75794130562009154  0.76768479321941685  0.77794421837257854
  0.78758722691503391  0.79700603224036526  0.80634759478521956  0.81609672828642510
  0.82756320331524480  0.83966013338897294  0.85184252937919691  0.86481194074173684
  0.87839634669612388  0.89154222021299301  0.90363012016393074  0.91510347449475093
  0.92608458502679236  0.93643181162726530  0.94614621870439164  0.95588115541610008
  0.96560779479204684  0.97706793588007845  0.98823076975916413  1.00000000000000000
 -0.00196328322745854  0.00861503838147405  0.01802954466981595  0.02856832670529695
  0.03867299335058409  0.04882032982342815  0.05901238429545790  0.07029442004719398
  0.08265633829764724  0.09582222296715122  0.10998034128597868  0.12384058904488845
  0.13736529859062224  0.15091064746474800  0.16184169318420993  0.17173260672508633
  0.18170564055008931  0.19346156523662408  0.20651729040425837  0.21571539443105056
  0.22390101935762727  0.23259501401604207  0.24169269814775693  0.25067901458046804
  0.26074980645129930  0.27102601294112116  0.28237912154537964  0.29315653224592347
  0.30432770205477300  0.31421811316348064  0.32186494273549499  0.32970086339191518
  0.33836067770182615  0.34742535223622933  0.35560249594422461  0.36406026373790795
  0.37256884209535152  0.38416262713822047  0.39648072622948333  0.40982530436499276
  0.42353945550486949  0.43731357527174841  0.45078408970917505  0.46254873225694515
  0.47328319350929737  0.48391509785973152  0.49354651679383699  0.50285338072911701
  0.51117349729537231  0.51961397462698544  0.52796676639939599  0.53755206304009029
  0.54730582986504994  0.55842910881236207  0.57034534654568603  0.58206264763524818
  0.59387325272240177  0.60502516663625117  0.61514117750502950  0.62554434325206820
  0.63664416354611542  0.64733940120154987  0.65869365939556390  0.66915826356359642
  0.67777696783227304  0.68592048449311860  0.69381170267476178  0.70211618399414566
  0.71088342767886192  0.72054946157034117  0.73201621049939869  0.74450610889708713
  0.75508111765500074  0.76453893378349347  0.77288987541302245  0.78330870953013221
  0.79364638199636062  0.80337477332945484  0.81291559810441583  0.82243036907179334
  0.83194157746853081  0.84406735720954029  0.85743113194839604  0.87234854940512963
  0.88270838327378187  0.89151433356116061  0.89970155204502522  0.90791215183434015
  0.91649207283936640  0.92549505922786413  0.93363278236943981  0.94432449591906087
  0.95772830812416798  0.97193015839406993  0.98614913908854474  1.00000000000000000
   1.1774430542324553E-011  -1.0000000000000000     
 F F F F F F F F F F F F F F F F F F F F F F F F F F F F F F F F F F F F F F F F F F F F F F F F F F F F F F F F F F F F F F F F F F F F F F F F F F F F F F F F F F F F F F F F F F F F F F F F F F F F F F F F F F F F F F F F F F F F F F F F F F F F F F F F
  <DiscreteSampler_grid>
  grouped_processes
  1 # 1 for a reference and 2 for a running grid.
  10 # Attribute 'min_bin_probing_points' of the grid.
  1 # Attribute 'grid_mode' of the grid. 1=='default',2=='initialization'
  0.0000000000000000 # Attribute 'small_contrib_threshold' of the grid.
  0.5000000000000000 # Attribute 'damping_power' of the grid.
 # binID   n_entries weight   weight_sqr   abs_weight
    25   10   2.303875422643391E-005   1.824127651573917E-009   2.303875422643391E-005
    28   10   1.045428133284450E-005   2.009109696732692E-010   1.045428133284450E-005
  </DiscreteSampler_grid>
