 -0.00000000394205156  0.00000166870209578  0.00001207671490994  0.00003229305385597
  0.00006387565451311  0.00010562019817343  0.00015505449912353  0.00021656457784154
  0.00028694486911966  0.00036476752945538  0.00044326497123951  0.00052641401641667
  0.00061548221089144  0.00071067638587324  0.00081163492443958  0.00092090560425939
  0.00103631949796738  0.00115685768890242  0.00127313576194618  0.00139336585015987
  0.00151596352767029  0.00164183879315522  0.00177406279775439  0.00191860238120042
  0.00205908715140675  0.00220086468471053  0.00235295737055351  0.00251505267373180
  0.00267832274767130  0.00283941273551394  0.00301106973151491  0.00319108438694566
  0.00337013174435746  0.00354557289095393  0.00372011517129851  0.00389700988551586
  0.00407700144564586  0.00426243555264274  0.00443951134453505  0.00461491763228293
  0.00478721354341898  0.00496511493277796  0.00515199543632545  0.00534433584789933
  0.00553979213525758  0.00573581924676016  0.00592518217817009  0.00611022263555752
  0.00629038929581306  0.00646713443812617  0.00664304486404754  0.00682234431483766
  0.00700811243976397  0.00719550488602861  0.00737879074673203  0.00756644709506768
  0.00775680451895426  0.00794391761417623  0.00812644156554140  0.00830615969662897
  0.00848419513423084  0.00867575521934404  0.00886937107599492  0.00906335450218540
  0.00925677102752247  0.00944747313684525  0.00963271221225343  0.00980991508643252
  0.00998146145858894  0.01015001876687038  0.01031307950856916  0.01047763725605000
  0.01064035451088519  0.01079808764322462  0.01096945601039133  0.01115540929633013
  0.01135262780137192  0.01155985090960458  0.01178483478446993  0.01201714614313356
  0.01225648754918351  0.01250497475160464  0.01279193679820715  0.01311399921610283
  0.01349678636662289  0.01400933905110563  0.01498604697175432  0.01646714344935061
  0.01768413599216250  0.01880345919990475  0.02045786252498737  0.02251046047385195
  0.02533451839247673  0.03164926738878956  0.05069702386449402  1.00000000000000000
  0.00938447772171254  0.01623507554818800  0.02571747051741903  0.03694178070143749
  0.04875705507919182  0.06085292444135091  0.07220340992454123  0.08307843557081343
  0.09381864186084041  0.10438128825492005  0.11414251207008927  0.12310799189605909
  0.13198715269696168  0.14071984465092222  0.15009406357726782  0.15995308457120988
  0.17018621651258278  0.18042564214194820  0.19090850739584661  0.20239644609173421
  0.21337468789921391  0.22320235126365207  0.23276884075404852  0.24229587473777328
  0.25152890985408977  0.25967712875321630  0.26770623464850807  0.27602911855140744
  0.28450634957554294  0.29294452016171219  0.30109861662316262  0.30966434091412026
  0.31989810903669036  0.33123530142680202  0.34206993459819501  0.35284543556421655
  0.36414788511145041  0.37583670875124375  0.38714149232805040  0.39804746708745664
  0.40862522539970486  0.41917073468554744  0.42998447442579091  0.44123485523805656
  0.45256160454115069  0.46342443662663774  0.47360880862217597  0.48365690490713548
  0.49413941041298276  0.50512865287313913  0.51638333527641223  0.52733192927420436
  0.53806630221747265  0.54847660846996227  0.55860666375842261  0.56904963164625388
  0.57981029740971868  0.59096199890125767  0.60260595482170465  0.61549750365675870
  0.62945671860615493  0.64312652335292086  0.65425814662762827  0.66450182509834366
  0.67517374375382411  0.68603278003989077  0.69641390581331841  0.70658290048316241
  0.71666646632446973  0.72708843119651301  0.73638602997595870  0.74570273162594503
  0.75461538689433771  0.76384509587330873  0.77322974964074498  0.78277428414710515
  0.79227023983087752  0.80186023774523063  0.81128450612113368  0.82072391528780986
  0.83077677451839793  0.84326332851677532  0.85705948802534260  0.86936059065974869
  0.88062038790393304  0.89091758052252346  0.90152471842538029  0.91197751110363789
  0.92240052099590464  0.93307928927360440  0.94396928678359915  0.95544577844600842
  0.96717529587006701  0.97880880160120975  0.98958828920072184  1.00000000000000000
 -0.00002082285119425  0.00025754562561487  0.00074145560606597  0.00152527221951682
  0.00260269419598304  0.00404308684169151  0.00566195554608924  0.00766967967468208
  0.00976026838739542  0.01184172869693631  0.01426045325479392  0.01703927507007843
  0.01993974816968360  0.02301138993029783  0.02614482959889022  0.02926543649986147
  0.03264009972900556  0.03646083816586183  0.04042703472538530  0.04435935190554524
  0.04840550227376483  0.05275719947340336  0.05728907421720378  0.06182559401902632
  0.06636524365183648  0.07100213385376308  0.07573021579611999  0.08046772869063581
  0.08524125908157851  0.09020337903849693  0.09544339577546616  0.10098358608645934
  0.10696996337757837  0.11329388871316476  0.11971456307917336  0.12605735678542643
  0.13266761732007759  0.13954232872920921  0.14658737953721762  0.15397689431226114
  0.16139689500208607  0.16876135221913233  0.17602329332534039  0.18339380962425375
  0.19130873932595185  0.19961658416377115  0.20817904426379891  0.21712597255664162
  0.22652347026781108  0.23653712097528742  0.24718473660748894  0.25822003832478546
  0.26929945437669572  0.28030037867766106  0.29155455357313403  0.30284670595098079
  0.31423558925039152  0.32599155005640329  0.33822919269039220  0.35108624065244087
  0.36397317585461442  0.37690863034559541  0.39024301314528115  0.40402624689020744
  0.41795069719659439  0.43219703105050361  0.44727501888573745  0.46293588487619763
  0.47901930066417781  0.49542146300919127  0.51270925812146528  0.52994883158739470
  0.54729180901213170  0.56468091663629527  0.58198322497261068  0.59907902422241210
  0.61597779414485110  0.63389044051063304  0.65214775651689894  0.67056514683477342
  0.68909134893468527  0.70788847578976111  0.72728529126244368  0.74772547221795693
  0.76935092702262942  0.79166109331167378  0.81233737353379787  0.83206675298499100
  0.85199715676104515  0.87216860361666881  0.89222705419638459  0.91247258635984740
  0.93199522271610824  0.94819496606315423  0.95375097292037136  1.00000000000000000
 -0.00218862317874388  0.00936725832907124  0.01914354904996138  0.03025710440167904
  0.04174697355657480  0.05373896052194509  0.06586540077024033  0.07828546267325771
  0.09153224821504724  0.10542822665464743  0.11943121453163155  0.13150394571467613
  0.14211715114223572  0.15257804730432423  0.16353419395580221  0.17454166518537778
  0.18488952616119797  0.19533906914548818  0.20625713725540568  0.21736603309772753
  0.22862928197096669  0.23875618895038525  0.24817738001897649  0.25748582070666398
  0.26675432120333098  0.27612974182133998  0.28576943247712372  0.29618533647019307
  0.30723985658764436  0.31838736446030258  0.32955300813402399  0.34088737787814000
  0.35256395932151902  0.36477504482964351  0.37665418721144123  0.38757043681052367
  0.39857450241222042  0.40990996584560407  0.42157321727957908  0.43342688880017710
  0.44555270354332055  0.45785531404878621  0.46988484306357436  0.48136141638818564
  0.49225942573173670  0.50295509741886446  0.51306052847059869  0.52314807833146015
  0.53342461063554814  0.54481901838083835  0.55660500733362717  0.56746215053869431
  0.57777952661134402  0.58764171047949743  0.59755370029666022  0.60803044668498218
  0.61934498054413267  0.63121985151380144  0.64313332860190753  0.65544377803065801
  0.66724543942988179  0.67851356008157337  0.68909661141527490  0.69901031803838476
  0.70869317585774394  0.71831345950450576  0.72759767574578038  0.73637958959770267
  0.74492569727547009  0.75403160979240524  0.76355319220518481  0.77297191869220572
  0.78178748445508850  0.79069184951554783  0.80053676983265931  0.81028350737259092
  0.81936643947449528  0.82806923757089657  0.83723375754113827  0.84655558774525108
  0.85595460244302513  0.86537457641004645  0.87478066194122805  0.88374853011889831
  0.89257861103117841  0.90191334068052464  0.91208634180085191  0.92305518877316217
  0.93419925586160446  0.94445732176328490  0.95397439733083589  0.96364630749441982
  0.97318419309329707  0.98252517881219370  0.99130287896161284  1.00000000000000000
 -0.00236477740253166  0.00933575697038416  0.01930974474129113  0.02967757066182087
  0.03974912119233553  0.05027436195608904  0.06117608351715033  0.07298988020742524
  0.08474379556869167  0.09619564514852208  0.10779613646821018  0.11998252273772132
  0.13206410586667097  0.14385838567029904  0.15597085334130953  0.16752870316578317
  0.17781224844441104  0.18798011656669941  0.19830401439041573  0.20836716886470644
  0.21820275874428782  0.22816457578445568  0.23803380886043815  0.24782616789110737
  0.25699170884063954  0.26573372397781442  0.27458218957037306  0.28366742551796831
  0.29313567526997575  0.30426918183110846  0.31492818084706814  0.32559099408373171
  0.33611187403642373  0.34825395457908970  0.36031006843130914  0.37280373641336351
  0.38424249526907023  0.39572850329877857  0.40660667378984511  0.41716895356026645
  0.42771641912802399  0.43917497755369239  0.45157604411558716  0.46288841979092477
  0.47305922893154406  0.48294511613150648  0.49260004381229089  0.50234033397095013
  0.51184481372109414  0.52124654625989297  0.53054246811047523  0.53959622674913787
  0.54973447014242993  0.56076039781134823  0.57214676145817778  0.58363217103403342
  0.59516621499613998  0.60603842840352795  0.61585095622008501  0.62548421754069683
  0.63524165835468371  0.64479036351910501  0.65424967669390921  0.66369625518982256
  0.67392700664250538  0.68459570569830608  0.69482546608176998  0.70507829909626474
  0.71569413691365813  0.72652409645232585  0.73772967204764661  0.74914856907926397
  0.76181645194527936  0.77377370779090926  0.78489019135289206  0.79507611920323640
  0.80461511371548011  0.81478291909395273  0.82448316032547342  0.83428246822030250
  0.84406547970469981  0.85463403660415072  0.86589456682660071  0.87739451430589632
  0.88767593008125600  0.89778476489137726  0.90726376285462973  0.91630494286904851
  0.92558034003286593  0.93538331370474370  0.94633618333030645  0.95776455115349490
  0.96807392332656628  0.97836314677613678  0.98895914123848738  1.00000000000000000
 -0.00271894644473796  0.01056163505981643  0.02152963092602479  0.03195075058482762
  0.04258832650155567  0.05289053360208270  0.06284346571190966  0.07423988832892775
  0.08586766021719767  0.09709010333519014  0.10803746757270521  0.11894083824800560
  0.12980861769417273  0.14095153237410088  0.15345572881317429  0.16706840448684693
  0.18066493109770970  0.19412151494283497  0.20692121706231176  0.21769585708640710
  0.22723137427568804  0.23644628356037709  0.24544601433505220  0.25434465416809898
  0.26313528445952872  0.27237322920791290  0.28227024839460962  0.29235964018425881
  0.30273315108090437  0.31285056749374324  0.32216023930264381  0.33077012211249573
  0.34022140927438504  0.35017668680471670  0.36020011048233480  0.36997260764440631
  0.38015219795115790  0.39078259279943950  0.40093457541662569  0.41115944290002593
  0.42216528231448386  0.43350921377646501  0.44458399282322236  0.45544171882169709
  0.46691594241611983  0.47871296043701050  0.49029939565310354  0.50153426725948369
  0.51254781718280196  0.52395776607692712  0.53518373676786968  0.54514672111200702
  0.55406113056847150  0.56376423409788434  0.57348373597360736  0.58241863202571453
  0.59101159096289091  0.59967997197422163  0.60884984583737178  0.61868417103368378
  0.62878925520031326  0.64142243691050593  0.65354311480829463  0.66556783580724699
  0.67732254349507826  0.68852779889002169  0.69906725374400835  0.70945914285088063
  0.71949852745380083  0.72947581787796456  0.73987436173953958  0.75055174311585371
  0.76240745864082227  0.77378283169416517  0.78587014640906749  0.79664787496128520
  0.80712435147448169  0.81746317488404119  0.82792974900164418  0.83860056339159217
  0.84935938421636914  0.86000544397101397  0.87061907334966360  0.88110242503116887
  0.89137563580965296  0.90106867913340893  0.91052999982600913  0.92010695734363490
  0.92959878400308316  0.93909401053025643  0.94898490986523321  0.95884535474230081
  0.96910573649096288  0.97912648835992200  0.98953158055037915  1.00000000000000000
 -0.00385379684561301  0.01262515514692277  0.02631072040913433  0.03942171296155531
  0.05142557206117908  0.06207865567635648  0.07219480397688943  0.08205776450219548
  0.09213358783553856  0.10256776424149272  0.11278884362250977  0.12271477822273136
  0.13257855582221953  0.14274205302111831  0.15327921617730600  0.16382938457492885
  0.17406857563005049  0.18416677459152941  0.19494972215687578  0.20597657840398725
  0.21784340578789033  0.22951206278366426  0.24061967206064794  0.25175345581792991
  0.26299548132416917  0.27443263315102290  0.28603292347810472  0.29794369465252396
  0.31012619733438229  0.32206247023390200  0.33395752237539239  0.34549962675256074
  0.35688885734007292  0.36775577427446193  0.37851166085383636  0.38890717276461573
  0.39928388050813690  0.40864282118661416  0.41783388303875635  0.42725302257150316
  0.43670071042804348  0.44601645642191867  0.45569633685618410  0.46629139478842990
  0.47701219222153851  0.48688505860917036  0.49610451579602338  0.50592450287962465
  0.51642652584583060  0.52716472497231714  0.53792842323380330  0.54859106488976683
  0.55914914871676624  0.56936009629106998  0.57913780539948989  0.58900279508367837
  0.59925176983480044  0.61007048104688544  0.62121189396040288  0.63195741521724158
  0.64231677014862520  0.65260004454508691  0.66303310543511684  0.67355978944719175
  0.68404050760771085  0.69465544172131155  0.70508980991836334  0.71523099519163202
  0.72567775480336272  0.73667564176374412  0.74981032705774753  0.76139125459591317
  0.77264767851712346  0.78417966157922858  0.79491420131102108  0.80514843367747890
  0.81535040795894487  0.82626333024090337  0.83587809067026675  0.84554169247700472
  0.85546540134535898  0.86545400324830390  0.87513297342855678  0.88465194902293209
  0.89388219880683950  0.90301612530071773  0.91193741242637960  0.92161476433389544
  0.93208248046653541  0.94236288457793083  0.95232165882097985  0.96207759225135270
  0.97157740421448335  0.98083646152284976  0.99029383208028343  1.00000000000000000
 -0.00274324457466139  0.01000442742266154  0.02041181891957865  0.03139412586452543
  0.04224654119399501  0.05308415047960426  0.06438286687571236  0.07644330440402525
  0.08825034816847567  0.10064578856194586  0.11370786404007940  0.12616111657954793
  0.13664695302647439  0.14626159886071569  0.15544133204462238  0.16436227629393291
  0.17325364705769644  0.18173703186346515  0.18998987492230843  0.19849463967175740
  0.20765186508358477  0.21697857676686691  0.22622704902448379  0.23542997833178400
  0.24450947303978604  0.25367516366751813  0.26319063750820459  0.27270110115800245
  0.28308022133772626  0.29360906518632540  0.30460975965637049  0.31482788332261585
  0.32410098447867136  0.33335043444778328  0.34308615824512473  0.35319397082963477
  0.36307070522776924  0.37265455116472479  0.38294499366688989  0.39398593117126601
  0.40528973223611497  0.41662422611729077  0.42764857280146856  0.43823093630170645
  0.44833178946955271  0.45837287487672712  0.46892031326156908  0.47978252722233522
  0.49073060049160894  0.50151068524870235  0.51192975821311093  0.52233415681577167
  0.53272654674641251  0.54366137144633964  0.55493909955555198  0.56658437364378877
  0.57905524374182660  0.59162382156500837  0.60450090244034471  0.61764793079513181
  0.63084878819372436  0.64398932225606764  0.65638899507762405  0.66885240199380280
  0.68024023022733160  0.69234309832786067  0.70472329100802333  0.71568794849359552
  0.72575362388055331  0.73495497472058757  0.74445870992706331  0.75431294842528163
  0.76413603750676862  0.77364125874224376  0.78335828716824307  0.79331224159339009
  0.80391371946956125  0.81485989463807285  0.82507763049748351  0.83542842569541975
  0.84576505042447225  0.85697974516973385  0.86838989070914452  0.87975024022825565
  0.89057351037056587  0.90068353285408698  0.91008879024461364  0.91967569409892314
  0.92908837339218409  0.93872326923434990  0.94821335296489395  0.95793675029444925
  0.96829233035538420  0.97852669197727260  0.98940026131833558  1.00000000000000000
   2.4724463641060936E-013  -1.0000000000000000     
 F F F F F F F F F F F F F F F F F F F F F F F F F F F F F F F F F F F F F F F F F F F F F F F F F F F F F F F F F F F F F F F F F F F F F F F F F F F F F F F F F F F F F F F F F F F F F F F F F F F F F F F F F F F F F F F F F F F F F F F F F F F F F F F F
  <DiscreteSampler_grid>
  grouped_processes
  1 # 1 for a reference and 2 for a running grid.
  10 # Attribute 'min_bin_probing_points' of the grid.
  1 # Attribute 'grid_mode' of the grid. 1=='default',2=='initialization'
  0.0000000000000000 # Attribute 'small_contrib_threshold' of the grid.
  0.5000000000000000 # Attribute 'damping_power' of the grid.
 # binID   n_entries weight   weight_sqr   abs_weight
    25   10   1.611267949168161E-007   8.171838415187830E-014   1.611267949168161E-007
    28   10   1.499289795969775E-007   7.267735790704349E-014   1.499289795969775E-007
  </DiscreteSampler_grid>
