 -0.00000001610422273  0.00001684073303864  0.00012661302898941  0.00035526252452426
  0.00070939575320854  0.00119214300572446  0.00181559574573925  0.00252648996203961
  0.00334092706642402  0.00429121367197586  0.00542233590526751  0.00681188295042811
  0.00879496675562196  0.01137085061937686  0.01270802030386521  0.01346646238300373
  0.01405685002464448  0.01459840190356194  0.01512902808994909  0.01566266588882683
  0.01620447917895869  0.01675833230221503  0.01735893990868315  0.01797696249700417
  0.01860074087620341  0.01926644562675182  0.01998471447641527  0.02070753608013689
  0.02145430364549102  0.02219913190348765  0.02295951834310546  0.02372225670140179
  0.02453903099738874  0.02542088075251117  0.02635309804100191  0.02731459587086453
  0.02826604492401472  0.02921241900582771  0.03016474381224896  0.03113915342416924
  0.03215645052186017  0.03322970575021079  0.03431431769689718  0.03539259726996605
  0.03644177644667100  0.03747466214915824  0.03851072957608585  0.03955800051078966
  0.04061089858242372  0.04171655650163518  0.04293089555683145  0.04415958377278264
  0.04536050399636630  0.04655891599345741  0.04777750592574121  0.04899963569473074
  0.05027520093836877  0.05160747284597702  0.05298400666493141  0.05439524276755774
  0.05594862968402044  0.05758455060100009  0.05916714651081111  0.06074350087049604
  0.06234320650883127  0.06397246153695269  0.06558776600500035  0.06717137368055581
  0.06875765906973921  0.07040932326052844  0.07216984976561111  0.07403705571462856
  0.07596969101502826  0.07790125244549330  0.07981921518140411  0.08185177659499253
  0.08406981624679521  0.08641807711582658  0.08885220569726314  0.09129616841726235
  0.09424680944667391  0.09744547534664867  0.10075893713665682  0.10416900457908103
  0.10773757196971891  0.11155074656164836  0.11557436063577509  0.12008201013579399
  0.12548910502822996  0.13183602479360984  0.13909392771658827  0.14755525553395704
  0.16101743698490262  0.19753711021371412  0.31579930040888315  1.00000000000000000
  0.00764552245898993  0.02076330716291091  0.03606066398742675  0.04867056457177983
  0.05953276674839272  0.06995402748593571  0.08023517803646811  0.09070449536815019
  0.10092700114819758  0.10984656119420444  0.11831197843760159  0.12701334462081273
  0.13574725470171320  0.14474115180134986  0.15258772219017377  0.16049454141242261
  0.16843810371209350  0.17725913566553353  0.18624678892430410  0.19497436265802512
  0.20352352874528992  0.21234078313044255  0.22139660911598719  0.23061375941636170
  0.24008927874981306  0.25008632862808144  0.25991904865592874  0.26970226676863440
  0.27957251049618509  0.28902621511655041  0.29852598132883057  0.30788354713055038
  0.31924078768832453  0.33187030716353316  0.34387064793437677  0.35555342607737800
  0.36704913818148577  0.37962165625918842  0.39322150196849842  0.40703328977893311
  0.41985873832692872  0.43138566467330236  0.44176007928536137  0.45116811638071025
  0.46031654070880940  0.46958628877132846  0.47929279956517129  0.48927890874560187
  0.49914608394489440  0.50915321608639919  0.51922825711333598  0.52962144775473519
  0.54013828282261234  0.55048198319394470  0.56073511968919298  0.57108239005737815
  0.58207662637670377  0.59421958988558254  0.60632108259576889  0.61680640870067049
  0.62733197074830160  0.63849553079847798  0.64957048753369528  0.65992994999517307
  0.67054912656464349  0.68175382092583015  0.69300035997156362  0.70391827730517176
  0.71457386070566231  0.72493884789904817  0.73487839274506661  0.74442726487595023
  0.75452948420668009  0.76441211856217639  0.77456969130635744  0.78502052848391557
  0.79584170539628796  0.80714913267090316  0.81760316837546110  0.82761185414726379
  0.83755750160338305  0.84791916204442863  0.85835543648092072  0.86856134887584779
  0.87878369659055333  0.88956482412181570  0.90049830128050878  0.91099263519313300
  0.92220110141018818  0.93400157796635075  0.94485199308840573  0.95517297242878696
  0.96637556446052342  0.97801813149937622  0.98930558180498640  1.00000000000000000
 -0.00002116974886007  0.00024404330694561  0.00070105324194914  0.00140279502345531
  0.00233948021869337  0.00357604692620729  0.00490643495619087  0.00640185318529920
  0.00826124171843104  0.01030240335232669  0.01255965109417981  0.01501584570920707
  0.01763636934069391  0.02032230063217072  0.02302466814690949  0.02596835837672146
  0.02911993589690974  0.03246203839073145  0.03594124920831467  0.03969196322680134
  0.04371308394716081  0.04787391698474604  0.05216356920672051  0.05666701508417796
  0.06146621393630031  0.06658189141345074  0.07237699611587313  0.07857455380026881
  0.08478431072626372  0.09081284150768715  0.09646711243531259  0.10155779599935547
  0.10655056841985124  0.11187009942248351  0.11725910354435756  0.12279764702428228
  0.12865597534936335  0.13517464571150362  0.14206423782735017  0.14869583845754608
  0.15505171651435892  0.16153988202873937  0.16796749052595086  0.17426837287315522
  0.18062455081582598  0.18732730651760773  0.19401458870307781  0.20060152216657848
  0.20723993258180873  0.21396780783675240  0.22055502598382248  0.22922194691757786
  0.23810661307537281  0.24680225904759182  0.25562812048216610  0.26466671594692015
  0.27373932192765188  0.28281789837846910  0.29305946042849612  0.30328516666932892
  0.31371893023666902  0.32433601786075739  0.33503092330127304  0.34566520190887934
  0.35583553308047161  0.36605840636359266  0.37661993920835768  0.38775985854190786
  0.39981397468966079  0.41176294629279853  0.42426967806586735  0.43727591228147189
  0.45051161944639928  0.46348723641187783  0.47697188733312612  0.49021605822980324
  0.50388914671585894  0.51735391923088314  0.53014924933469365  0.54238440525560827
  0.55453880339183070  0.56627995748849214  0.57750664964788956  0.58826970915751708
  0.59879806538047586  0.60936141197246019  0.61974199477533554  0.63033210597618083
  0.64122189603107882  0.65178825735582269  0.66202435602079523  0.67270736604329651
  0.68355258670442820  0.69377063967749364  0.70102432484732458  1.00000000000000000
 -0.00278134003394294  0.01029615515751014  0.02201691300439024  0.03425604530435252
  0.04808898888285604  0.06243222858872828  0.07624442124020227  0.08998342864317138
  0.10363137491381506  0.11747484377513599  0.13210867210791399  0.14715466092135637
  0.16129103654692156  0.17312154165911994  0.18353022751845019  0.19372632671599838
  0.20296091397537416  0.21143304852939152  0.21950362959990802  0.22804490277158140
  0.23744794751676035  0.24613861936554446  0.25502300051579407  0.26453575374455579
  0.27550734554710438  0.28839969769929730  0.30278620173089593  0.31722638848683704
  0.33021984847138985  0.34309571698404273  0.35494419247247505  0.36586797091063489
  0.37706068647112168  0.38785993929170148  0.39853505643966058  0.40900507819477944
  0.41939891787309275  0.42951224905571800  0.43924033836069187  0.44834678914617093
  0.45753846951135696  0.46651417216129359  0.47499830050739839  0.48411823372774915
  0.49366569558468193  0.50411615722664049  0.51628190006278185  0.52768962112321671
  0.53932342534112299  0.55127726314407222  0.56333695812213869  0.57571954570348305
  0.58824065921643354  0.60091338490422996  0.61225577494590444  0.62330752217029706
  0.63488324382805539  0.64585983662251678  0.65567882129877098  0.66528343780055055
  0.67542126935568170  0.68589894991936473  0.69624790883917997  0.70630978327435723
  0.71504648776354218  0.72340691894277398  0.73188847888008701  0.74013060141201459
  0.74782379958980871  0.75574120874916417  0.76395745123151271  0.77269766576888121
  0.78303131047365915  0.79458441147998871  0.80530670210783528  0.81544095371390390
  0.82610227760584853  0.83626419791109274  0.84683318098146032  0.85724355242527717
  0.86673481504601679  0.87592467021927156  0.88479407031397028  0.89325712520162059
  0.90181206248955281  0.91003840164929783  0.91887849272824174  0.92857074466473022
  0.93844222806077460  0.94862086899276921  0.95864013381505175  0.96732395447006436
  0.97628322309164550  0.98483819255430982  0.99269905181870077  1.00000000000000000
 -0.00413877183200969  0.01340370654719247  0.02539760638708622  0.03652890575314834
  0.04781835871896316  0.05837029143659619  0.06866399225897091  0.07931243019969642
  0.09126784822709133  0.10431390562512755  0.11700976723650724  0.12918873017907542
  0.13940911630200958  0.15018860810481277  0.16075970441279108  0.17118292717648065
  0.18117106610014039  0.19159415253334097  0.20247406457836950  0.21342349058362789
  0.22412476380145896  0.23418080961272675  0.24370072001356916  0.25231926513664621
  0.26074019783695096  0.26970678674371040  0.27894549963960941  0.28798785914609415
  0.29695625506377565  0.30549127872992676  0.31496855009882635  0.32716406571961598
  0.33857132234266685  0.34906983768876132  0.35896802725892013  0.36852891571500568
  0.37785429571203166  0.38765162949812498  0.39813274942098598  0.40923115761350876
  0.42010650979867842  0.43016257044952605  0.44023360566533115  0.45068647767836850
  0.46157328715989598  0.47265958484300247  0.48399249429614799  0.49616503882502982
  0.50787769553253448  0.51885921115377354  0.53046722139611502  0.54157044993119974
  0.55335955070356613  0.56455144420829595  0.57606127015587727  0.58782851461325047
  0.59915937780678530  0.60956883159436792  0.61916172894620181  0.62838084073854739
  0.63730625836572952  0.64650181305015952  0.65591405710839068  0.66561135166882923
  0.67480469611214411  0.68431188602097082  0.69433926902246512  0.70434621518176233
  0.71442828600121644  0.72442965592604158  0.73504127147710019  0.74699903960367131
  0.75877884877951585  0.77081037634089444  0.78237846142454881  0.79369811657230749
  0.80489160370552049  0.81495074761393338  0.82298815178749840  0.83181304343124896
  0.84010458212202466  0.84819642002610784  0.85600278351596648  0.86429552507630081
  0.87299891225545212  0.88351038743740729  0.89500387431069695  0.90597689342813614
  0.91695269418002567  0.92831516494318467  0.93964602261447039  0.95170566087887110
  0.96432706136667867  0.97717900522348411  0.98910420420458545  1.00000000000000000
 -0.00228872267409621  0.00737980337515950  0.01830154276411325  0.02831981351209347
  0.04047161284927697  0.05393573297741341  0.06623580479818367  0.07685512688045006
  0.08652618798456467  0.09579491412641529  0.10545761574422244  0.11577929956427793
  0.12593617017184669  0.13615154532873208  0.14628196960496090  0.15644947583893659
  0.16684382069698173  0.17701006061384983  0.18678714033018498  0.19620939371852314
  0.20530311535537749  0.21436657263705838  0.22389846678793851  0.23410451725859108
  0.24336564275678338  0.25294059542042457  0.26339688318244031  0.27516307779483634
  0.28872040314245523  0.30183460145444313  0.31437897010124194  0.32646490320445598
  0.33795951839824762  0.34907942528065428  0.36013307288794710  0.37087447685228164
  0.38144919344639300  0.39163097957925802  0.40184736257273385  0.41243604644031923
  0.42401909077676531  0.43633382222227446  0.44905012871961814  0.46141064886816474
  0.47283018935073695  0.48370403667875667  0.49442900954545849  0.50565260679713775
  0.51724171627076010  0.52763501255147727  0.53668140166399803  0.54558848959809081
  0.55461956248453281  0.56398431752711897  0.57347521425565673  0.58309306279828388
  0.59264740983625364  0.60211928096314671  0.61214130787021159  0.62244599468842132
  0.63302822378621582  0.64384696118951046  0.65590674400391791  0.66753998855660168
  0.67730775945996924  0.68705687043887309  0.69737319751590443  0.70756107428331005
  0.71742944430306455  0.72729002113414165  0.73806739064321270  0.74874315819679182
  0.75904515856374255  0.76939823282483055  0.78180869147094401  0.79362810904576742
  0.80330707306619931  0.81328328817008577  0.82326138066400822  0.83250490653300158
  0.84102156841191600  0.84935653317609250  0.85876008989078711  0.86978897518912979
  0.88108587824390627  0.89259128950263245  0.90364262102568460  0.91384354421664471
  0.92370634449818345  0.93419072140178483  0.94527733821296012  0.95648404486846528
  0.96758623845812353  0.97890236792525920  0.98932230835146706  1.00000000000000000
 -0.00256908660222863  0.01098637616121317  0.02224651079113264  0.03351584722953027
  0.04375868251001774  0.05355013712318108  0.06323737442996583  0.07230398001683591
  0.08097853504528625  0.08993899267203728  0.09917679807427389  0.10836419679611929
  0.11713270017168585  0.12611103853098837  0.13666883940704649  0.14781444713715597
  0.16279446484817750  0.17495435191308958  0.18516533993786505  0.19518403481884997
  0.20453525017580071  0.21377253516929740  0.22344930082541820  0.23452048290229616
  0.24590637446104560  0.25673795915845787  0.26701447084096741  0.27821275142811702
  0.29040947727562738  0.30199691706653131  0.31245224672736943  0.32266020500664400
  0.33311743367897451  0.34481877621909829  0.35815434982843025  0.37197177967671757
  0.38624439766117230  0.40124647383184286  0.41505130286374181  0.42506167934361960
  0.43564203917498917  0.44544880883943971  0.45478860863306070  0.46409351736850540
  0.47345046878572700  0.48417886173405317  0.49630397163767487  0.50771090030495303
  0.51838876877600992  0.52877096500617726  0.53862463457595822  0.54809482029124823
  0.55807642703141069  0.56745579716664041  0.57673661452841152  0.58568690745370600
  0.59372778417487149  0.60145833998107756  0.60919960284262642  0.61713033322735888
  0.62557578835344940  0.63493906092674746  0.64516003754644879  0.65591980729470301
  0.66701150938896270  0.67789602126034976  0.68787285836835466  0.69685664306563699
  0.70593211953210777  0.71589786607511541  0.72616882568182994  0.73616695381348407
  0.74547654559761112  0.75620839018191832  0.76820130012358789  0.78045425656983147
  0.79164450958991750  0.80190852067823837  0.81197170477565106  0.82219788619913114
  0.83295687558427178  0.84378030483418409  0.85469972380041792  0.86615494318647579
  0.87765194465297813  0.88896540067526619  0.90014989247636645  0.91090805282049714
  0.92177746779076308  0.93250540092157608  0.94324208358617623  0.95412087541848700
  0.96511698265281165  0.97622343809961776  0.98775688860932787  1.00000000000000000
 -0.00333338563095194  0.01028996476534828  0.02239302788655051  0.03371571619558759
  0.04485143996490967  0.05562653000635044  0.06606605514655076  0.07644424101630762
  0.08771051694846184  0.09940151701469338  0.11017155156914110  0.12001928198617795
  0.12984949840336310  0.14018602112565115  0.14969316894498794  0.15885627584788017
  0.16782168982955303  0.17633036253811532  0.18456545593326476  0.19291297036213401
  0.20126151710833723  0.20999193153178553  0.21930667728387193  0.22811001914402512
  0.23918335290768419  0.25067237733027131  0.26222654030160442  0.27426432189134403
  0.28521080569127422  0.29692820603120523  0.30807941062652250  0.31930303811201216
  0.33019536767344432  0.34182862070195019  0.35382436547986490  0.36522447194283608
  0.37595782197904054  0.38674059503610370  0.39739910096026754  0.40714077521090647
  0.41697826645088026  0.42672047417898257  0.43642129987076234  0.44606498363008656
  0.45564801476312466  0.46623702757090152  0.47811500418258102  0.49138104905913138
  0.50525359788302837  0.51618431419516353  0.52643709823047058  0.53563764910053724
  0.54493943721787796  0.55403528744407304  0.56321416937941282  0.57248451197028316
  0.58215247204369502  0.59308043522615528  0.60489966166062203  0.61647746808690773
  0.62752720614057311  0.63783884722741391  0.64767657626369957  0.65641775792943524
  0.66499763980815485  0.67394361982187823  0.68322692409312025  0.69218651984810020
  0.70080742840877330  0.70883329889685442  0.72083820018342881  0.73211973068562730
  0.74250629574875171  0.75337336369316688  0.76438406779214241  0.77538505707170369
  0.78701158320796794  0.80075724274159965  0.81441065358725961  0.82687507443102215
  0.83842783104080676  0.84968470627594039  0.86101706005503120  0.87195217622968346
  0.88288910814530874  0.89384343490372153  0.90468615261500829  0.91624275040509284
  0.92878867785450492  0.93984255317028997  0.94937956299288773  0.95890388404339166
  0.96950840314780673  0.98024027483084453  0.99024319109665138  1.00000000000000000
   6.6017387586999936E-015  -1.0000000000000000     
 F F F F F F F F F F F F F F F F F F F F F F F F F F F F F F F F F F F F F F F F F F F F F F F F F F F F F F F F F F F F F F F F F F F F F F F F F F F F F F F F F F F F F F F F F F F F F F F F F F F F F F F F F F F F F F F F F F F F F F F F F F F F F F F F
  <DiscreteSampler_grid>
  grouped_processes
  1 # 1 for a reference and 2 for a running grid.
  10 # Attribute 'min_bin_probing_points' of the grid.
  1 # Attribute 'grid_mode' of the grid. 1=='default',2=='initialization'
  0.0000000000000000 # Attribute 'small_contrib_threshold' of the grid.
  0.5000000000000000 # Attribute 'damping_power' of the grid.
 # binID   n_entries weight   weight_sqr   abs_weight
    25   10   2.661934896564628E-011   3.518470540904820E-021   2.661934896564628E-011
    28   10   7.153133602350556E-011   1.787065297905438E-020   7.153133602350556E-011
  </DiscreteSampler_grid>
