 -0.00000000441423293  0.00000177535557473  0.00001239022845802  0.00003412070859084
  0.00006656947396863  0.00011013024595701  0.00016073852304657  0.00022121051536136
  0.00028974860854510  0.00036480551166637  0.00044582126122098  0.00053656232947725
  0.00063212064712313  0.00073189879692347  0.00083307199538562  0.00094124372861337
  0.00105837800204063  0.00118495834503131  0.00130138345114805  0.00143441150097366
  0.00156894321315745  0.00170474413310629  0.00184705308316808  0.00199477574044251
  0.00214408077977456  0.00230193310765718  0.00246166474049372  0.00262015714580474
  0.00277620440489035  0.00293233043518956  0.00309266238387560  0.00325860658853691
  0.00342639833465927  0.00358924337539270  0.00374940307822680  0.00391861839146200
  0.00409866772598886  0.00428321290536353  0.00446857915084718  0.00465495899547391
  0.00483712566888277  0.00502986283230299  0.00523769370349969  0.00544777447030562
  0.00566275870238755  0.00587935214804640  0.00608851880287380  0.00629314976662170
  0.00649358804967725  0.00668857860625618  0.00687528946495332  0.00706149848995293
  0.00725120925675797  0.00743940185292342  0.00762153655988101  0.00779715989158610
  0.00796874706588292  0.00813990785066583  0.00831341416101835  0.00848471084194507
  0.00866376172715667  0.00884942571917522  0.00903522253434037  0.00922105292354153
  0.00940596730915212  0.00958975969870631  0.00977036512453985  0.00994596666141352
  0.01011876266083358  0.01028464979564770  0.01044838327302608  0.01061027898098914
  0.01076626404827767  0.01093118790931876  0.01110642305723062  0.01128972767500371
  0.01147888060856174  0.01168134331780571  0.01188633789901573  0.01209624093537102
  0.01231415299408402  0.01255176850692937  0.01280563307298387  0.01309670842800142
  0.01343737337730185  0.01388160954717006  0.01471273683292736  0.01620353399322214
  0.01753611574074545  0.01877123698671928  0.02032499868039556  0.02241104196943597
  0.02498703199518214  0.03138903764118715  0.05048865022436747  1.00000000000000000
  0.00960518666267250  0.01599634585578118  0.02559148452494753  0.03531726696505458
  0.04468856834638116  0.05414338905119209  0.06405360215781074  0.07427177638382212
  0.08435462677408843  0.09443492459978009  0.10437269997062502  0.11443879305724301
  0.12461522360337907  0.13427566278623917  0.14343746605489588  0.15251976096256342
  0.16166862735591631  0.17045230986508295  0.17892565318289855  0.18789835863588550
  0.19801387839169496  0.20820885384354568  0.21779053929160855  0.22725809939317476
  0.23711696881291264  0.24676740403913655  0.25630201303598504  0.26533478913029263
  0.27517410905537182  0.28524071758359454  0.29603857158306351  0.30701075672745082
  0.32009940756320515  0.33524041463437498  0.34901749812634508  0.36177427383068350
  0.37368289190197906  0.38386375285680624  0.39329995244869981  0.40270987903343852
  0.41236932786760649  0.42234805096029771  0.43223428640242362  0.44245192823209883
  0.45342374249779283  0.46507813624966116  0.47658111554134064  0.48628094441937325
  0.49528795852949048  0.50453692445039799  0.51382391104668013  0.52387937056751588
  0.53441170614724698  0.54618525822668373  0.55844574311674366  0.56958388474255328
  0.57974556413265144  0.58982748526530449  0.60012253410637328  0.61067921911810230
  0.62176178583968655  0.63378190966572845  0.64588498750646872  0.65720865031112041
  0.66800299377485661  0.67898837568431147  0.69033328902463442  0.70196486463235452
  0.71478602884168874  0.72938345060200105  0.74073497058409832  0.75220545363770364
  0.76290922738374667  0.77383865659731588  0.78402003133040421  0.79453204597248950
  0.80441163361729118  0.81429282115993695  0.82409179775817176  0.83357143321636196
  0.84382377333980196  0.85405134405207528  0.86442561757869674  0.87451121680458055
  0.88403293961213558  0.89356211664031671  0.90324364336755225  0.91298408010232779
  0.92270039199189569  0.93263470904720047  0.94306741299680319  0.95418295726399260
  0.96579565248092802  0.97754401218931131  0.98893176560742702  1.00000000000000000
 -0.00002200216955066  0.00026511160327915  0.00074870046121577  0.00155387572468469
  0.00264027025437160  0.00398473611442541  0.00560074410077352  0.00736697343403580
  0.00944754810875365  0.01163370690810615  0.01405061147396293  0.01691341389200255
  0.01994147833374025  0.02312203187518682  0.02656665245043986  0.03012391799635517
  0.03382351089276308  0.03774341048766116  0.04164233805169925  0.04576425657722471
  0.05019468378360683  0.05470851587132775  0.05935831882608517  0.06409498967040578
  0.06886583939174948  0.07398728999302595  0.07947082824355579  0.08517505345224352
  0.09098556688703657  0.09677325708490139  0.10249673813748167  0.10860624137639201
  0.11501722452907825  0.12118834360013563  0.12680912932699545  0.13284721651445819
  0.13938932671708296  0.14581244131897100  0.15222504198067788  0.15859361129742572
  0.16565931073088180  0.17312812664070606  0.18086214967104816  0.18904281716197774
  0.19694845253366178  0.20551988884532385  0.21401897022982819  0.22307350428990713
  0.23281901835454288  0.24278152566093580  0.25242254435455852  0.26164280825975789
  0.27079962220690557  0.28013176980557508  0.29062109354714216  0.30101543366643263
  0.31111605665671122  0.32095539434458126  0.33117333543285654  0.34217559035710954
  0.35408022338025952  0.36655309641876926  0.37882199435003383  0.39110476822808632
  0.40406925949857631  0.41607715017698904  0.42941588216565479  0.44410805049176921
  0.45944821539008657  0.47479897323432207  0.49094951487656185  0.50745425747602602
  0.52440512582282028  0.54114685714103616  0.55771906079701572  0.57458635658874202
  0.59215816282258327  0.61031760970553117  0.62916369361098856  0.64768511087731295
  0.66624395977000717  0.68515025002128405  0.70435112878871464  0.72325633969598735
  0.74383555887483499  0.76447334347799734  0.78471238569297541  0.80470560553369941
  0.82475279724565675  0.84493097500681358  0.86588075751576954  0.88790576325471493
  0.91079868415830700  0.93469230587147678  0.95833751969850467  1.00000000000000000
 -0.00225488105036067  0.00971766625060730  0.01994099752419962  0.02935901155342999
  0.04003638506845869  0.05006280606219993  0.06012151023406159  0.07025114524978680
  0.08099460914126193  0.09197931832959745  0.10289768152072178  0.11492781895746958
  0.12756038955635690  0.14058406804170245  0.15443760685236890  0.16821767900283058
  0.18093630739721611  0.19297769633407810  0.20534756842518501  0.21798472503691499
  0.23072279571692703  0.24335375298785658  0.25579866257427480  0.26798086178462616
  0.27976636326825621  0.29058903099260441  0.30042344302250779  0.31057222964648284
  0.32139892514437562  0.33228354236648078  0.34235830687434260  0.35188791786243223
  0.36121105439582801  0.37065309583107842  0.38031659197423889  0.39004355004345598
  0.39994042310292988  0.40963452278729451  0.41944206816472257  0.42961179466061772
  0.43998153593769462  0.45103304170053621  0.46293802753381380  0.47523623320978670
  0.48649598099006386  0.49652741042717347  0.50685918406495323  0.51710631462826673
  0.52725604246957869  0.53729405907624705  0.54763569591355887  0.55820213398635810
  0.56878309941112026  0.57920126952140349  0.58949404262533234  0.59957624749891703
  0.60965604815596086  0.61986377745019272  0.62990937964622606  0.63954411249180665
  0.64950477031675702  0.65923512370313242  0.66899326059056119  0.67857028766885119
  0.68818827494951196  0.69855285444180215  0.70915541887765776  0.71880170463523130
  0.72807174002489561  0.73732704466059040  0.74679618905503364  0.75627660456497725
  0.76532618254999818  0.77460376041697476  0.78429453714182895  0.79387361778893706
  0.80367612649880060  0.81431066174039957  0.82668250383803610  0.83961322117487847
  0.85257273915101706  0.86491865755704955  0.87597674740448839  0.88632308318114084
  0.89662407857301130  0.90633675631318544  0.91551284769847863  0.92450304808957895
  0.93385729634536840  0.94349791846102693  0.95368880643409271  0.96331544930159763
  0.97281276539526973  0.98168099886933757  0.99075667294468417  1.00000000000000000
 -0.00310268589428978  0.01012000735056288  0.02201167073201211  0.03386761451490373
  0.04532532011832432  0.05616263150267604  0.06617379492334538  0.07566758450040584
  0.08519817422040060  0.09477140671346550  0.10492526429731862  0.11569129867502814
  0.12735682895480391  0.14009618331846524  0.15178923557287891  0.16250109027567594
  0.17294092604775543  0.18342317108870904  0.19377406137813094  0.20414913787795441
  0.21453366328546764  0.22495351095879340  0.23527292149505846  0.24512308430194316
  0.25446661996611702  0.26335950321326917  0.27275127660486942  0.28267520471711916
  0.29239826419093384  0.30221604639457095  0.31238997448792361  0.32297488306503225
  0.33381851016924496  0.34372191119677220  0.35325369133519940  0.36231260874814936
  0.37133256537347303  0.38086659531769712  0.39093056199181997  0.40131717383849252
  0.41216468134912471  0.42368387117614476  0.43585771095511860  0.44825336283986633
  0.46006341911000775  0.47118801581366881  0.48232081412878186  0.49308501929281279
  0.50342148548699373  0.51337891219892684  0.52392173882097526  0.53506932442403188
  0.54559768672393893  0.55536024694982344  0.56500794223954220  0.57476048097590027
  0.58432996315996044  0.59368986100362309  0.60320758083217063  0.61337290714082804
  0.62407194843826264  0.63473639403054150  0.64486382618593996  0.65440934910438286
  0.66408782180455239  0.67462586138213332  0.68603463233734363  0.69790747869474268
  0.70999309900502017  0.72224211928517001  0.73463367522046619  0.74683296902315777
  0.75836498837853417  0.76916030400255964  0.77992555947802666  0.79098064393925083
  0.80240934581450207  0.81359300900076026  0.82444474851282201  0.83513466643548473
  0.84552928124474547  0.85602218708548949  0.86585102831376182  0.87602746995529346
  0.88650582832857150  0.89746509120970086  0.90801698657819840  0.91843131629939889
  0.92755145812065043  0.93741543520227633  0.94759704971459702  0.95772586670524984
  0.96769023394799480  0.97761068935273088  0.98861805481350695  1.00000000000000000
 -0.00281112297982845  0.01100179907412117  0.02232246986045885  0.03371318920565623
  0.04521761800095671  0.05634680401798821  0.06748951245624502  0.07860722702169361
  0.08956009956773027  0.10018415515185079  0.11000382358899893  0.11952102559676477
  0.12906749666801212  0.13832197709623872  0.14739211612955480  0.15624616961900206
  0.16487409756336416  0.17457185347557436  0.18492197606474275  0.19490301430165569
  0.20455831396753080  0.21405466938328646  0.22352408238308394  0.23315611897596689
  0.24269720130339917  0.25239790779127269  0.26224658879911122  0.27200410353319587
  0.28223795443166688  0.29306599965611091  0.30465443553385763  0.31685005093767549
  0.32942930140858157  0.34258848274171555  0.35608816873353072  0.36954765118561678
  0.38235975935765631  0.39443147662268141  0.40619041142754697  0.41745446978240486
  0.42851539528798727  0.43972208953895914  0.45163508899334481  0.46314475149597623
  0.47392099924366116  0.48475643183632916  0.49576748615665966  0.50695185644309826
  0.51823467247977117  0.52951900455289980  0.54041672685977460  0.55088658813158764
  0.56098279676084928  0.57053932800942142  0.57998558206744899  0.58959328158596602
  0.59881672443424416  0.60777017863535265  0.61654342023386111  0.62570300386378830
  0.63589352435742952  0.64632023115750004  0.65649832194011282  0.66622661593122035
  0.67567501197713187  0.68523470286652222  0.69464685832557238  0.70385461606694688
  0.71354649562382555  0.72386247315053609  0.73563247389791631  0.74838344928278322
  0.75979833929365459  0.77032928490219965  0.78079322411268859  0.79149440128658866
  0.80203739526767825  0.81214079222344926  0.82274613048593992  0.83400744846767383
  0.84647891458001467  0.85927308194091523  0.87047127144559111  0.88095299596936960
  0.89081648048046713  0.90057113483301732  0.91038180937719626  0.92052181620187445
  0.93126862581458481  0.94153473815791555  0.95102087698085713  0.96061118388369826
  0.97070325937118807  0.98087436678445339  0.99037535963424783  1.00000000000000000
 -0.00200992319700267  0.00832640096867070  0.01724549500721993  0.02738805444745623
  0.03741107299760645  0.04713796559567565  0.05764908443913642  0.06928053197295946
  0.08264754934994137  0.09222655499629971  0.10218218648133469  0.11216037606262919
  0.12186593808299961  0.13179792851678299  0.14230368785145128  0.15362028377245854
  0.16515738002862823  0.17601675077993242  0.18701930112114595  0.19869018715213538
  0.21059548687963650  0.22260845192926706  0.23333632198989113  0.24389135888553329
  0.25426490037156380  0.26423487921428529  0.27438297003792139  0.28510645070898138
  0.29580189902235465  0.30599880297737692  0.31616479406985509  0.32645494319663687
  0.33639490733334471  0.34582867637390391  0.35548190657745288  0.36577116828750478
  0.37613828313656794  0.38587991395780347  0.39552740507877970  0.40530222343025246
  0.41515350333927664  0.42508250699789979  0.43525274002276576  0.44631304975156633
  0.45857443381892649  0.47151384106025590  0.48412307822090433  0.49540278847615604
  0.50640518107905164  0.51720021979693243  0.52791684818565787  0.53895890327659524
  0.54907290042316192  0.55916656277980148  0.56912100058324577  0.57944225143848205
  0.58980121590537804  0.60024171092324530  0.61071134187198728  0.62171670113750788
  0.63212997088836920  0.64243520759858763  0.65308318044932478  0.66386626842786622
  0.67505501776022125  0.68572613347287514  0.69460750373134272  0.70296633839896161
  0.71193189753712882  0.72087756509164358  0.73007217601109009  0.73928553659696461
  0.74890816717319564  0.75975140375474937  0.77112016362966374  0.78202294458437527
  0.79294914650542303  0.80386682702556400  0.81473858467214333  0.82536117238408435
  0.83630416830586396  0.84852585154511684  0.85967559834315488  0.87041028988193936
  0.88118583529803474  0.89221676024628094  0.90373635623586612  0.91445920431565220
  0.92514836746196583  0.93541342389465121  0.94545347079573594  0.95586619836637476
  0.96692341957259542  0.97816287073415009  0.98926987967965385  1.00000000000000000
 -0.00259781803441716  0.00942476093438474  0.01990051902331008  0.03018054610028117
  0.04054178208703976  0.05049423143989096  0.06038931822633584  0.07032125407490250
  0.07984688105542366  0.08963561776052588  0.09981520952613461  0.11012323819958432
  0.12035739816697055  0.13045455311848339  0.13991383189684126  0.14841216722270928
  0.15780731573622012  0.16758620036836944  0.17864249742090041  0.18945841732745483
  0.19972057189635017  0.21028654276948536  0.22036434607576680  0.23127422784865009
  0.24167546009504259  0.25183748750433804  0.26151082830928157  0.27106498111342736
  0.28043596224283879  0.28992302657851637  0.29970177552852600  0.31000072667274947
  0.32106777230015116  0.33239104118460694  0.34321298403772083  0.35361650913397707
  0.36367672704617138  0.37372441088350322  0.38384620690798599  0.39440824453665596
  0.40567163044172216  0.41730993832334762  0.42890407590624086  0.44035956412540395
  0.45151252914223688  0.46258541215783916  0.47399758108752571  0.48566696258395559
  0.49757051475433478  0.50899395231572642  0.52031518516460862  0.53172504534648724
  0.54275577197513714  0.55367761357359413  0.56506167166269805  0.57666610692179998
  0.58788560711024784  0.59840506809184624  0.60892737661569374  0.61980877008864665
  0.63104524418935370  0.64216178245932121  0.65395260085357954  0.66584653493391233
  0.67647074645380278  0.68699531511397249  0.69749003672536103  0.70837463488639052
  0.71908445555329903  0.72971306101261257  0.74053773428976044  0.75162223306218834
  0.76274588995571990  0.77342925348946934  0.78360725106464546  0.79424845795093324
  0.80537863081110173  0.81701142817344929  0.82908773077198328  0.84114973047160235
  0.85309087881296441  0.86488336758365747  0.87650616921754376  0.88722121172742541
  0.89733551178748050  0.90728349830030075  0.91709844509613603  0.92715103211681815
  0.93737251137480604  0.94768951203133522  0.95764713022210279  0.96697247836528111
  0.97589428639614773  0.98403888625389635  0.99188035818738940  1.00000000000000000
   2.2273851446301340E-012  -1.0000000000000000     
 F F F F F F F F F F F F F F F F F F F F F F F F F F F F F F F F F F F F F F F F F F F F F F F F F F F F F F F F F F F F F F F F F F F F F F F F F F F F F F F F F F F F F F F F F F F F F F F F F F F F F F F F F F F F F F F F F F F F F F F F F F F F F F F F
  <DiscreteSampler_grid>
  grouped_processes
  1 # 1 for a reference and 2 for a running grid.
  10 # Attribute 'min_bin_probing_points' of the grid.
  1 # Attribute 'grid_mode' of the grid. 1=='default',2=='initialization'
  0.0000000000000000 # Attribute 'small_contrib_threshold' of the grid.
  0.5000000000000000 # Attribute 'damping_power' of the grid.
 # binID   n_entries weight   weight_sqr   abs_weight
    25   10   2.065803185499094E-005   7.918693990762130E-010   2.065803185499094E-005
    28   10   1.358783425187218E-005   4.321327698598571E-010   1.358783425187218E-005
  </DiscreteSampler_grid>
