 -0.00000000979372567  0.00001055770473932  0.00008053144283699  0.00022845581282476
  0.00044709386654688  0.00073456547568267  0.00107769057696498  0.00149222664928091
  0.00194317433089370  0.00244090956503975  0.00297001505659967  0.00354712260999575
  0.00418450356619274  0.00486644625810616  0.00556466690054247  0.00625262887601533
  0.00699177114681890  0.00772880985206796  0.00851728714232579  0.00935910767284403
  0.01021563244304659  0.01108453186283293  0.01193807781066498  0.01279818114875097
  0.01365785543846572  0.01452726994452256  0.01543479309435630  0.01635948251832910
  0.01727483876633159  0.01817138423579867  0.01902914074536984  0.01989682372206183
  0.02083103655940764  0.02177242298954400  0.02273286293231629  0.02370960072755373
  0.02465123382284985  0.02560412204538308  0.02658512147721591  0.02759054077610863
  0.02861932759646765  0.02966533324845111  0.03071164995208495  0.03178689178949668
  0.03282360585810432  0.03390061757567572  0.03500811914801604  0.03616609688396924
  0.03733911057229022  0.03850429728524666  0.03967607661642707  0.04089394803596015
  0.04208282052778562  0.04326008572664165  0.04441502701854912  0.04564477723821150
  0.04700476783213067  0.04835903659862239  0.04967984925132474  0.05106925293529686
  0.05248685885169815  0.05390239938970697  0.05531193754292430  0.05673026829279805
  0.05814356988283698  0.05955491709823496  0.06115249206656755  0.06290077651714493
  0.06470309297635062  0.06646268609828039  0.06824189801440324  0.07001910772799692
  0.07184000694325463  0.07369246163909149  0.07555494997553235  0.07742846794820446
  0.07949206670480509  0.08164469284835099  0.08400524146706134  0.08655477276929785
  0.08915651649933419  0.09182966611506801  0.09468190607741907  0.09767904410205601
  0.10080917579755945  0.10431711370833226  0.10843995810131331  0.11320807034710581
  0.11855157877604793  0.12439214284203251  0.13088411168195421  0.13950498155357044
  0.15548936622721321  0.19075596154381255  0.31998870742178925  1.00000000000000000
  0.00964114887109634  0.01515816108147352  0.02396878753737405  0.03418251095241825
  0.04453111668579766  0.05479001846877588  0.06539892216988590  0.07672258077879437
  0.08783044443664641  0.09840977572691822  0.10878254887393886  0.11854550905503115
  0.12797851476578387  0.13690022586762793  0.14602048998171205  0.15572576380048775
  0.16573696433306240  0.17613332742471188  0.18658282829004905  0.19713980087948502
  0.20794198011093579  0.21918299251646237  0.23027379033315812  0.24091946761516192
  0.25166483223438801  0.26245376823696481  0.27272308403884693  0.28230754232539068
  0.29155789353313166  0.30045172932190206  0.30918227140639476  0.31813222557194065
  0.32726270154237141  0.33642820279015279  0.34562769020915696  0.35495809282788920
  0.36513919017526597  0.37527963084246013  0.38531138590922498  0.39507246997955608
  0.40514160050285497  0.41543466722858774  0.42609082458185099  0.43661495944827750
  0.44669290719341836  0.45671460449839257  0.46713553963177473  0.47766671915021319
  0.48835901764555129  0.49942455136349728  0.51116146838063969  0.52399301288259359
  0.53672154725583521  0.54894502664313349  0.56071000783009495  0.57170504446436665
  0.58246880937552092  0.59346853123542354  0.60487613233369164  0.61663559228376663
  0.62855101233293986  0.64030492083691826  0.65137858546068006  0.66195506403420912
  0.67255436819655012  0.68276324178520831  0.69262060559399885  0.70218250219772549
  0.71226790622940095  0.72297369696557034  0.73338518140581610  0.74307867374987602
  0.75304421851575820  0.76337752015104110  0.77385579240706071  0.78434743615570524
  0.79552753275218280  0.80800489752459004  0.81846026557430718  0.82792253234480595
  0.83804033656707799  0.84849815276283624  0.85866643918157592  0.86823059548964943
  0.87811200688948121  0.88827102289395687  0.89815376086596244  0.90755085815911696
  0.91703895120019285  0.92641265711565279  0.93598595077370528  0.94615946680777585
  0.95682335383685524  0.96801776457761624  0.97918949404096667  1.00000000000000000
 -0.00001991284791942  0.00024218678211952  0.00068746855219218  0.00141312529095046
  0.00244739783526354  0.00375926278680175  0.00525644486646286  0.00707275092942033
  0.00909249596162178  0.01137903555849561  0.01384635872406219  0.01639036113282084
  0.01906749219522036  0.02186828241637746  0.02487466485823311  0.02817779394288263
  0.03167937268798012  0.03532203326006016  0.03910122353861777  0.04291684642254825
  0.04673024654490111  0.05057215693732551  0.05447431891571008  0.05852406832284961
  0.06273437140945097  0.06709734067088270  0.07169214019609058  0.07647517293053736
  0.08130233003981595  0.08626809937237831  0.09189461912236679  0.09789158873035810
  0.10414988365188459  0.11049068159456750  0.11697379763879985  0.12372082046504120
  0.13051441984397072  0.13735626250983854  0.14421741656472631  0.15106577680419364
  0.15792922006879487  0.16508087161715107  0.17270022049007255  0.18022615825238716
  0.18747112861062173  0.19441418255311377  0.20144769615020736  0.20909872663752740
  0.21677275064426843  0.22464302248363588  0.23259211060504786  0.24043875024706132
  0.24838345035786541  0.25682836930071706  0.26560045061084520  0.27453625460590148
  0.28364118704139890  0.29279062563952579  0.30197848718270615  0.31118196085316951
  0.32044358737790296  0.32974999969740187  0.33894130208244777  0.34840615709053629
  0.35790395704473577  0.36752059901875805  0.37707851229389572  0.38702940526504720
  0.39741099574529282  0.40768466326463026  0.41796347405725570  0.42815562473951846
  0.43925866794342239  0.45049030056452494  0.46157764924801181  0.47270001044306315
  0.48414495380553124  0.49571593071814790  0.50768459332088611  0.51989594993074550
  0.53270110527601688  0.54583863836729141  0.55880046454559817  0.57142657961107624
  0.58396278432772830  0.59664181808700245  0.60951815113829988  0.62258611655775853
  0.63577736589597800  0.64881106555608170  0.66109373609571431  0.67346346386993017
  0.68593173122057527  0.69654010380767284  0.70061921603390431  1.00000000000000000
 -0.00337567397182821  0.01130208620795068  0.02301007862847642  0.03405845108242719
  0.04453289905281383  0.05459404850560943  0.06474902644627448  0.07534361628120957
  0.08660881669375241  0.09781578958313150  0.10866027120914257  0.11957854146013482
  0.13022087664472665  0.14088153215697319  0.15122651443010551  0.16162767168232153
  0.17241443408503759  0.18420676999241267  0.19540357030603470  0.20679273452763849
  0.21809125929271644  0.22894003448818107  0.23945357312850477  0.24981150551630954
  0.25982716334479894  0.26976774653073571  0.27906143629622443  0.28853744373453299
  0.29816899787541346  0.30806688911966595  0.31745500035102792  0.32678691320022824
  0.33609982622128054  0.34571899391366706  0.35540698583376823  0.36535071818550102
  0.37544173162507477  0.38565757409849272  0.39605542002236527  0.40701993339998199
  0.41768310405209702  0.42746532265287768  0.43754532166299065  0.44804869135875602
  0.45822029764694761  0.46826077592121290  0.47862493026724112  0.48947975868442151
  0.50067611533455580  0.51194594076209499  0.52352294916515962  0.53589714110047637
  0.54821958082712674  0.56021312719228689  0.57197616159486175  0.58322727095596316
  0.59421159115316435  0.60532244620008380  0.61664952633168901  0.62775757085722816
  0.63829042575603023  0.64882528339874557  0.65939906892393185  0.67013500744662291
  0.68062915186130180  0.69143306764923684  0.70273200757422249  0.71419861973954746
  0.72579123713886784  0.73689532331592855  0.74790917197663453  0.75841951194542734
  0.76878795699247859  0.77868903386022659  0.78838201371961258  0.79802867855846327
  0.80747735080508565  0.81777424295236245  0.82815757868707929  0.83916107872212931
  0.85028686952046906  0.86129221686892588  0.87218219595516577  0.88294382604349131
  0.89344814223050739  0.90358204925916885  0.91336402972345887  0.92249631480162986
  0.93129644529658862  0.94033153094407684  0.94980243883585180  0.95964199316160637
  0.96957866645674973  0.97963777509859729  0.98983913504578136  1.00000000000000000
 -0.00248059634275210  0.00922941993901298  0.01949606354995507  0.02968583388859510
  0.04021925026286623  0.05027304542059212  0.06032620181253007  0.07075147022963635
  0.08166154118820752  0.09239674998025527  0.10281881994212087  0.11340177268319190
  0.12374611941210566  0.13380143310391746  0.14334453578954273  0.15382479890749937
  0.16442646687248039  0.17449036137677759  0.18463785617643866  0.19530329907003055
  0.20582791458715294  0.21576353724577538  0.22545103599217647  0.23534766115006295
  0.24539896399184633  0.25548337972556967  0.26553284468539234  0.27534512478766582
  0.28454320640762321  0.29392682075327276  0.30436583613292267  0.31575000500876788
  0.32749534580315653  0.33815057977636553  0.34786555762346372  0.35765897662901269
  0.36845280455009510  0.37918973933238270  0.38972719689266033  0.40065922798476933
  0.41282460501338414  0.42474105629444314  0.43631326006202908  0.44810515756669528
  0.45964892003461594  0.47127582916971716  0.48296182681193744  0.49498899167773475
  0.50743911839075639  0.51981171506799473  0.53180327835335084  0.54362407971540805
  0.55549522641711357  0.56703461054789495  0.57791407145910922  0.58872483780028262
  0.59961350907027056  0.61025930782481375  0.62076033343222170  0.63168372131823491
  0.64282393910474456  0.65323801896322597  0.66312346413062839  0.67353093456816293
  0.68436174933948879  0.69481593919921925  0.70462291473573557  0.71412155672925492
  0.72347650961148835  0.73290488065304271  0.74251512202054348  0.75231036889751068
  0.76332301664024538  0.77429012686127030  0.78561502421112595  0.79653113936222564
  0.80770916398125214  0.81770192698490929  0.82691141019530989  0.83654566244282724
  0.84680609321160827  0.85670796298048835  0.86575674412869752  0.87510186518712108
  0.88555821285761627  0.89635388053487453  0.90699907426798765  0.91727070691497081
  0.92870502115347131  0.94019091685680067  0.95101392096016146  0.96109532301258771
  0.97064912008874327  0.98027581251210238  0.98997759875653879  1.00000000000000000
 -0.00224850820983691  0.00923798287430300  0.01878490295835083  0.02896888251741002
  0.03898574400306760  0.04866070249743155  0.05798722459985579  0.06795994576975141
  0.07863759952289620  0.08946200896881679  0.10008937725842343  0.11051267016431199
  0.12105655648996726  0.13170243741128213  0.14234215541365525  0.15162198052715881
  0.16026148351829703  0.16899291102060682  0.17756213244873698  0.18597195813838002
  0.19440580090777365  0.20297884696661919  0.21240671201231670  0.22266245711146496
  0.23315968463120751  0.24454073104971816  0.25607640627451389  0.26811736478730536
  0.28030851701302989  0.29266327611705184  0.30534011192447597  0.31803365571984032
  0.33023669039861131  0.34218068582771760  0.35331542839610519  0.36454499376675076
  0.37568491773149620  0.38685692377293601  0.39816267477762785  0.40942093176627092
  0.42041076993046617  0.43103467301920700  0.44121008187521871  0.45106340806248219
  0.46110444281831436  0.47129382838307776  0.48140258221125110  0.49190389063214679
  0.50336544687104479  0.51541078315275413  0.52742864056345462  0.53914539484592872
  0.55076113264644655  0.56205264011851397  0.57301712253720882  0.58357721382484751
  0.59361951056853424  0.60354692657976883  0.61326758447295204  0.62292788927441956
  0.63250623663408700  0.64192635539265397  0.65176608093683819  0.66162777648102145
  0.67152687666307709  0.68158971822165493  0.69146799264750314  0.70188344665295188
  0.71209109658506520  0.72271646519060284  0.73288445414701098  0.74281694191122005
  0.75247190126326691  0.76298464651233144  0.77343836197991722  0.78445812871550225
  0.79572836776737099  0.80721410022641271  0.81894789765269438  0.83047888714440954
  0.84115992210220025  0.85161692310632209  0.86234252054763383  0.87341403998955591
  0.88431927059901705  0.89567967026513551  0.90628875632805372  0.91675187793730128
  0.92685642027684945  0.93746132085460865  0.94761401754885455  0.95777107588558064
  0.96879580946106214  0.97924801043940002  0.98960586628476055  1.00000000000000000
 -0.00267960405462514  0.01033751197280267  0.02162051078742194  0.03281466516435135
  0.04448219534755498  0.05666172724816068  0.06865461102880414  0.08030018658705637
  0.09186323833500055  0.10309942215242808  0.11402714558488999  0.12518454703610346
  0.13684470674355093  0.14903005548438419  0.16127570153157636  0.17272889901081029
  0.18325875166850578  0.19368191285704661  0.20419070713628015  0.21445510770600201
  0.22446860072386760  0.23510041904082690  0.24620820509613470  0.25652616167985787
  0.26614310212620473  0.27594209848360174  0.28564425058328313  0.29511064437037482
  0.30442806846091514  0.31402225786489879  0.32401622959515397  0.33429895617530836
  0.34490241473792288  0.35516169725567520  0.36453890943056844  0.37357026874560983
  0.38264499942128782  0.39207261198044191  0.40184795956035624  0.41174943782863715
  0.42171787254080906  0.43177290641508537  0.44208262972534557  0.45185339622878645
  0.46154943472613968  0.47080757558152575  0.48009648337042310  0.48959408972773077
  0.49928792611203010  0.50940568961256982  0.51987050048592420  0.53060876579359573
  0.54157557415776636  0.55264015604171490  0.56360668396569469  0.57392211529777226
  0.58430999947895468  0.59435844987998354  0.60487611420952192  0.61435326828852865
  0.62424350509320570  0.63421474200161021  0.64396637562774250  0.65298390863848654
  0.66167791435048995  0.67071428699552593  0.68000558027897073  0.68956620365921450
  0.69933343118018376  0.70969734602316292  0.72148465176650944  0.73426995183705057
  0.74719021666695862  0.76021089061902247  0.77262065420085291  0.78350233961771032
  0.79469174220032190  0.80563527221325704  0.81666329651655190  0.82705704718610173
  0.83751661549721990  0.84869416219716265  0.85896449132673280  0.86840116010990565
  0.87840540637717046  0.88895288568382358  0.89897193711326184  0.90855606990203486
  0.91926161258831385  0.93116121751636971  0.94266347897153591  0.95353573622189625
  0.96507450307675036  0.97735980276393342  0.98870553891662127  1.00000000000000000
 -0.00351877027925384  0.01164588277031350  0.02410861392125487  0.03601679783241733
  0.04733861141832466  0.05829971703897854  0.06946900223420127  0.08051413246772191
  0.09129448089936111  0.10191228880650678  0.11218901884273144  0.12216939480139873
  0.13211139676207553  0.14232257640455331  0.15312231720715805  0.16411786528793865
  0.17510744170528822  0.18585613411854984  0.19537329819752991  0.20433238165466955
  0.21348147450881413  0.22271188696681921  0.23200808064985431  0.24164390995210686
  0.25129436970906571  0.26168118581599215  0.27178795772682363  0.28163435119436081
  0.29139254528676745  0.30110075656999430  0.31100897067813116  0.32158291825305435
  0.33212339534762703  0.34386854964319286  0.35556880783800909  0.36599495376246588
  0.37660302405440416  0.38716773976885654  0.39743164079469950  0.40685112395499945
  0.41665244821203007  0.42786429952691990  0.43867858971999724  0.44848338056655457
  0.45813433032898454  0.46826759680704810  0.47848797917057240  0.48823011499806962
  0.49791217259590298  0.50790271192392911  0.51847676401254816  0.52921000865016699
  0.54065504391116426  0.55290359990893834  0.56490068594430609  0.57525570788873370
  0.58549200373782784  0.59592496698719100  0.60651972258025677  0.61643449314854026
  0.62638045736658909  0.63650408876932674  0.64644114869541280  0.65624572249214719
  0.66615089274565575  0.67604335626076606  0.68567194374093421  0.69513710372559845
  0.70453832713183728  0.71397030034236530  0.72334514677207085  0.73318160912275987
  0.74386508573282450  0.75483654619769824  0.76598590925173160  0.77728774922817390
  0.78891537789770227  0.80130809421657601  0.81400306316557802  0.82554347193545641
  0.83697443165457341  0.84820982726598804  0.85933226429652199  0.86983256980410173
  0.88088432270925454  0.89188698434758462  0.90315175035373252  0.91398010355637338
  0.92522450204368656  0.93649444402945570  0.94804555141570790  0.95899652770769472
  0.96938814375866134  0.97966686308763140  0.98992592185682249  1.00000000000000000
   2.4695157122825250E-016  -1.0000000000000000     
 F F F F F F F F F F F F F F F F F F F F F F F F F F F F F F F F F F F F F F F F F F F F F F F F F F F F F F F F F F F F F F F F F F F F F F F F F F F F F F F F F F F F F F F F F F F F F F F F F F F F F F F F F F F F F F F F F F F F F F F F F F F F F F F F
  <DiscreteSampler_grid>
  grouped_processes
  1 # 1 for a reference and 2 for a running grid.
  10 # Attribute 'min_bin_probing_points' of the grid.
  1 # Attribute 'grid_mode' of the grid. 1=='default',2=='initialization'
  0.0000000000000000 # Attribute 'small_contrib_threshold' of the grid.
  0.5000000000000000 # Attribute 'damping_power' of the grid.
 # binID   n_entries weight   weight_sqr   abs_weight
    19   10   4.145837782195720E-013   4.015868143291258E-025   4.145837782195720E-013
    37   10   4.397304476002653E-013   3.573306812739685E-025   4.397304476002653E-013
  </DiscreteSampler_grid>
