 -0.00000192557789091  0.00008249365234979  0.00027876926063276  0.00068153632941093
  0.00146282678008313  0.00222269749367919  0.00284208732441569  0.00331369508589530
  0.00370339142769665  0.00416927726873759  0.00471509707560332  0.00520932981486526
  0.00569217266071201  0.00622817688944882  0.00683835662066738  0.00743834896159858
  0.00794053292377768  0.00842537559409145  0.00891954732036430  0.00944902174977265
  0.01009078710828806  0.01086310666202594  0.01171645874351600  0.01304720141705153
  0.01523612533844887  0.01825181348102162  0.01999966553439940  0.02137306899749466
  0.02339881612071334  0.02585399161362221  0.02885277364727448  0.03190625431384852
  0.03382890999081713  0.03527666284581156  0.03676030628235834  0.03826114973862894
  0.03997461286109764  0.04193691710723707  0.04363345253323055  0.04488802490619718
  0.04598371968426417  0.04708337010651879  0.04807072467707146  0.04896844885964018
  0.05049544420879325  0.05252264087386887  0.05453717028949248  0.05605443259118276
  0.05750368123413277  0.05862823898298775  0.05984874694181593  0.06105709202181325
  0.06272906296617099  0.06488517354927581  0.06769377680500899  0.06982150400808508
  0.07198612258605123  0.07517659563189509  0.07860377233932268  0.08175340985826055
  0.08503726249220959  0.08891947305737895  0.09347978270836507  0.09911375301114103
  0.10369529917138079  0.10781703336497574  0.11103507534837130  0.11336823514249696
  0.11550116099026726  0.11814731119655780  0.12082107973759149  0.12378462864178677
  0.12695291567776271  0.12983155679710867  0.13275670366350195  0.13551434259323270
  0.13855615834348362  0.14242679744891082  0.14720533421514456  0.15147530011531493
  0.15545713691983942  0.15951187772040659  0.16293986254035325  0.16692408827735392
  0.17123590099406008  0.17687458647970747  0.18311639801146218  0.19132443875054453
  0.20240325770327511  0.21661464842426456  0.23722909605143791  0.26897818051213568
  0.32080604061046786  0.43617068491858108  0.76998982244992042  1.00000000000000000
  0.00960665995827980  0.01571956257001074  0.02162797004953077  0.02909679082651763
  0.03727426338573975  0.05057352378556404  0.06552644845752020  0.07277618758137955
  0.07960715416385862  0.08666381174872151  0.09660539405791628  0.10695828870781791
  0.11732382798276252  0.12854827307646852  0.14069323631891606  0.15290378864479026
  0.16609676766851428  0.17783003779636511  0.18954873642449130  0.20207448713234527
  0.21348456870062435  0.22389838416921112  0.23429581401629157  0.24521499997989016
  0.25711742224625639  0.26963040202143262  0.28151650384505422  0.29277050206494892
  0.30213211415345342  0.31034059064897218  0.31637478754856591  0.32108273207261362
  0.32620879453365031  0.33349353633121648  0.34311215605050932  0.35381996906181118
  0.36319975947422012  0.37294517123077964  0.38491311056118560  0.39897753801044622
  0.41508951552988804  0.43342707021536503  0.44859890395863711  0.46512397330057054
  0.47972149364036848  0.49239675414248746  0.50135477438378928  0.50890663353598242
  0.51626711881825293  0.52369979615713480  0.53004633395066680  0.53502241232132997
  0.53946737500218200  0.54564016629920820  0.55301188917410971  0.56236634976752331
  0.57370036903296184  0.58519214857759694  0.59379900449513878  0.60227148526782626
  0.60863612095858266  0.61426769267700898  0.61975504670681980  0.62568621272337588
  0.63729449270257099  0.65051033202261843  0.66464340297659374  0.68070532779951110
  0.69644051080361447  0.71208777310652938  0.72395716067465532  0.73551387878273700
  0.74929185671465937  0.76619246778375127  0.78502341199445402  0.80879647892512185
  0.82866299480918504  0.84414197090443133  0.85611018510669357  0.86635459833731043
  0.87487021209957905  0.88147537881079696  0.88867158070606778  0.89452487865647989
  0.89988839406090493  0.90564160718037667  0.91305060724006237  0.92247557072112285
  0.93298875351740063  0.94620686440337864  0.96194672455467622  0.97262480623156489
  0.97956556664922712  0.98545219120379468  0.99036665425879800  1.00000000000000000
 -0.00483266317534523  0.01632751834697308  0.03418582277007814  0.04863844852980323
  0.05990564274231848  0.06881379748220881  0.07645771682941239  0.08349061470826044
  0.09104444892123877  0.10139332101966821  0.11275028292187073  0.12379038730219741
  0.13523071008162846  0.14494402522987951  0.15485352376772465  0.16453284960640865
  0.17383425342280942  0.18415225163180546  0.19539162185080189  0.20648424876826782
  0.21750955525594695  0.22947833193865072  0.23869818889928421  0.24815110516930927
  0.25860801543770839  0.27036760969971607  0.28241938396337835  0.29506371059308861
  0.30812437014343858  0.31755299887348010  0.32698746843499277  0.33662986898257952
  0.34451668850717071  0.35128212641413625  0.35791536686125203  0.36490598844413386
  0.37367575174564743  0.38669031568639500  0.40117999834389462  0.41419526823022079
  0.42448275832738447  0.43104476230021171  0.43673354306630058  0.44316583051742003
  0.45195276089880743  0.45965533100604883  0.46626652260393753  0.47259047211213745
  0.47979316558331525  0.48680206756638900  0.49275617055266790  0.49925658158296138
  0.50775357582689684  0.51573171964069098  0.52456525334026971  0.53457111068535756
  0.54030085826907237  0.54531393768140746  0.55237315987568347  0.56256197990041756
  0.57509270828737846  0.59205032744892705  0.60638190252267454  0.61875916207577608
  0.63061559960561619  0.64129698502393317  0.65314421095719455  0.66473921907973388
  0.67362126237326370  0.68274904663862657  0.69217475927141348  0.70008272635638114
  0.70716928638059995  0.71482712958208472  0.72421116429942689  0.73544863116154990
  0.75010449295842740  0.76196290619409157  0.77288801078165625  0.78183468502668840
  0.79318027290924098  0.80533588703009107  0.81916217239484379  0.83375486505123741
  0.84512424827692267  0.85439414235660749  0.86438563656998413  0.87384607547809534
  0.88338772115464348  0.89521262468933527  0.90792246145234146  0.92402163090038436
  0.94145199898246190  0.96101261661354864  0.97955737365117335  1.00000000000000000
 -0.00243731563175920  0.01268903116307096  0.02475549626085571  0.03356282932122072
  0.04121957000346810  0.04855028041798579  0.05709352652223349  0.06551846818671342
  0.07241000925844607  0.08049945380861007  0.08947321339553542  0.09921420419803469
  0.10922797034795424  0.12329515263502111  0.13514145846721085  0.14435889162284429
  0.15268703461386221  0.16149611068110786  0.16972334410719744  0.17689266095925008
  0.18202232797316173  0.18846892143729083  0.20258557696688112  0.21920527354051361
  0.23487934415170850  0.24941725002779483  0.26051793684538249  0.26957118702079580
  0.27891649312993272  0.29048590379671241  0.30435996145225308  0.31723800493067489
  0.33054281660631052  0.34368840829254660  0.35537644578082389  0.36412516357051672
  0.37439506249667587  0.38455212281730500  0.39500532041911957  0.40392533178317458
  0.41021038935353810  0.41674899973863783  0.42562190409243145  0.43480181719195271
  0.44415404486538512  0.45432067290885469  0.46563775065114643  0.47719770570741621
  0.48770894454871649  0.49732239171335879  0.50761983112964193  0.51919404659485213
  0.53198192945349820  0.54532868515075938  0.55996831881176901  0.57276780281085793
  0.58187837552746025  0.58922034349131702  0.59648413835305747  0.60607356679370272
  0.61623810353605302  0.62648814200602820  0.63660897663213867  0.64460297858351612
  0.65362448082852653  0.66374978686976782  0.67662853892973629  0.69083229682558567
  0.70684081726390635  0.72082680922988318  0.73338750235462458  0.74434365103568689
  0.75497250233287772  0.76679477695014686  0.78089148831600430  0.79835611884738888
  0.81695595056733217  0.83381975795856400  0.84584862359415747  0.85535168453613875
  0.86429826329030568  0.87254374911206811  0.87800243961035629  0.88430290412246126
  0.89003946062855444  0.89686212949941535  0.90429354274212559  0.91069315005784124
  0.91736419873868602  0.92522729634957968  0.93509124949657241  0.94712559832151533
  0.95729193540560154  0.96721995822798268  0.98053699501379143  1.00000000000000000
 -0.00470277648005833  0.01308872316132735  0.02817505987410269  0.04123992243385677
  0.05361359705299270  0.06600718756234977  0.07570745133073234  0.08450174078903727
  0.09369924254021457  0.10423277788183302  0.11670082710793318  0.13076666096312725
  0.14571300269475165  0.16123079179957886  0.17737686808930378  0.19047338671992994
  0.19942059073658050  0.20716482287964050  0.21451999262520299  0.22465233237660823
  0.23707420941388771  0.24603613450911890  0.25489473663676798  0.26212398344565935
  0.26822902080830913  0.27617060727331266  0.28457174360773652  0.29357035504598084
  0.30350759471860517  0.31634423264813022  0.32877054101585079  0.33802621267348981
  0.34945827495988852  0.36173538152614626  0.37606330930374743  0.39493176698191351
  0.40932903957478517  0.41835603957869372  0.42457380025264818  0.43137981689465404
  0.44253313641332426  0.45448467806501647  0.46455104831876237  0.47261417226620545
  0.48036482007361631  0.48795303430740444  0.49713015777430991  0.50681633545193761
  0.51637818664741564  0.52635912905733617  0.53808044212491801  0.55229525962584780
  0.56541395192349431  0.57632692689433684  0.58391017428904157  0.58839753947659967
  0.59449659583670766  0.60000310581482330  0.60522937551238332  0.61129084470000039
  0.61882287018793336  0.62728843316054006  0.63618876996341067  0.64520230341891183
  0.65789135123254905  0.67202295621725838  0.68677184989484574  0.70103576840145843
  0.71080095699128509  0.72053841344006153  0.73043659672922201  0.73930003860838911
  0.74649935861532501  0.75208539001920616  0.75847066001807162  0.76795121033042701
  0.77741960389547771  0.78795654971469986  0.80199433125049790  0.81948940333840492
  0.83693054040741299  0.85305603636482519  0.86355887179800239  0.87268232346128738
  0.88221105550909340  0.89204654698161912  0.90527586927207548  0.91647139096640673
  0.92563456931597154  0.93616608494010889  0.94408899224407161  0.94986212379384183
  0.95622548574586397  0.96316961616255869  0.97700046394528850  1.00000000000000000
 -0.00250370335142197  0.01102579666114959  0.02446230335855443  0.03642642262657932
  0.04326444066743235  0.04975822777064696  0.05586135403736858  0.06488815966956231
  0.07538026695876895  0.08820359940105957  0.10086273906497774  0.11572662507415182
  0.13268642327761790  0.15287994154190740  0.16801228984323319  0.17874223478900347
  0.18710587262907338  0.19366145983884867  0.20034669118526571  0.20989110306308759
  0.21699457514172565  0.22539334681268761  0.23500973079168974  0.24798402927133087
  0.26164108685891441  0.27490301702917863  0.28846207004896995  0.30185996113994135
  0.31420946407602823  0.32730732108427724  0.34117308793991330  0.35482312808388927
  0.36566327678472260  0.37562187754834198  0.38281359937556814  0.39073863417512783
  0.39911113939494042  0.40605941643385601  0.41166258934973315  0.41805433184663698
  0.42447764193328491  0.43294269867223140  0.44746679471212020  0.46963766208635932
  0.48054838970427138  0.49082043355727512  0.50027908781488128  0.50795976908690765
  0.51956630034565221  0.53009708875255079  0.53909987187413944  0.54808133244751422
  0.55679192773538932  0.56375571296090510  0.57219001901098387  0.58201011789894264
  0.59193944000548016  0.60268279914210476  0.61527722911304583  0.62879165819417226
  0.64234655794135331  0.64985984926261364  0.65805022294888116  0.66510455296353144
  0.67254030910209994  0.68001609900665672  0.69074259219205258  0.70279513505818869
  0.71720421210021912  0.73400331321852352  0.74570537827386763  0.75511730298611202
  0.76319133429454344  0.77076227271727771  0.77936962645146945  0.79135598958382947
  0.80508881782425157  0.82023777490695271  0.83252594734272434  0.84278433749892190
  0.85235585068227726  0.86241162061523613  0.87430500297731084  0.88735253034086092
  0.89831866273745498  0.90874731227881289  0.92008083033953603  0.92714951172163707
  0.93254997180839760  0.93728563988721281  0.94448424791900665  0.95176174593302099
  0.96093886467496059  0.97178287062268121  0.98517922389186030  1.00000000000000000
 -0.00150031751392140  0.00115589755294085  0.00381211261980311  0.00708982064314815
  0.01076922121426744  0.01653840825778170  0.02431552387526046  0.03398329194609859
  0.04354628940574498  0.05102234195518399  0.05865109097267077  0.06619768683166477
  0.07310066181213364  0.08119185211477445  0.09065585112530709  0.09876168943562716
  0.10569963986676172  0.11252956192754697  0.11850831060188496  0.12395569649533313
  0.13013715574741602  0.13889093313368647  0.14726107759595883  0.15291588655732630
  0.15766674933119701  0.16290157967940991  0.17146075646325082  0.18212195425235342
  0.19309715069566777  0.20481218756948288  0.21547934121732709  0.22480601689432733
  0.23404366339238514  0.24359818555161855  0.25267090578146756  0.26108055341443437
  0.27028580459586005  0.28134882430094660  0.29892750936806284  0.32403484579503133
  0.35598639604218457  0.39494271372896389  0.44229078435938174  0.49010830543903844
  0.53318870536027108  0.57773332923385756  0.61497982244863236  0.64448865410435374
  0.66547812335174483  0.68125408176263980  0.69529006658359349  0.70706327525303336
  0.72068589724174037  0.73073215132853653  0.73962450982700301  0.74853867187012169
  0.75776826993187962  0.76633530483287826  0.77621178886258690  0.78655144536978505
  0.79699207243068160  0.80805790148354995  0.81418394137323591  0.82076776349996461
  0.82858677437907058  0.83668580559823635  0.84489713828080626  0.85756339125510261
  0.86739371128168541  0.87526230485786460  0.88301741532661193  0.89070587518047917
  0.89627506189380768  0.90155843952885906  0.90697707581028963  0.91255074347583864
  0.91795014825358956  0.92277200820471750  0.92770856145097325  0.93246203802099392
  0.93711937619567720  0.94111002382077524  0.94532127940656918  0.95046833160815536
  0.95644442521580098  0.96200952879214363  0.96756804412968034  0.97363856194057674
  0.97804077608773299  0.98173441752689161  0.98512016966150096  0.98852984920898546
  0.99186066787207749  0.99462019561459647  0.99724918542887930  1.00000000000000000
 -0.00344672554495280  0.01098180560131818  0.02423149964392768  0.03880320014766706
  0.05433473921011175  0.06862864773908524  0.08218899423294994  0.09590345955082695
  0.10979773541829768  0.12321446445005325  0.13682761192761975  0.15043470895854233
  0.16267081327187938  0.17394331107100769  0.18403248415264523  0.19363538825827453
  0.20273951138991556  0.21158214309713949  0.21912112853170959  0.22662980027144025
  0.23704676043983039  0.24857141914746039  0.26243166139969620  0.27354560910086073
  0.28317599740077226  0.29255016883579404  0.30126167261303771  0.30985589823278398
  0.31912066993036597  0.32812262627001781  0.33608497579929408  0.34446133760144831
  0.35456152433878046  0.36817074509100556  0.38410131638041045  0.40259863112956229
  0.42213502246541112  0.43694244699246487  0.44440943276274136  0.45087813136914334
  0.45752370059606434  0.46621351102899078  0.47917523803136064  0.49461763607577208
  0.51070377713913462  0.52419782387629588  0.53533360541673591  0.54532620328453452
  0.55318159748613871  0.56049459939616630  0.56893644728804349  0.57835939918946278
  0.58848211784378557  0.59874038288333842  0.60807222939820949  0.61721072207966032
  0.62741262525874097  0.63908084759855321  0.65028334647619912  0.66118389416258772
  0.67057777132181373  0.67991984570540720  0.68973437352820133  0.69975547427032336
  0.71011195868006660  0.72726024966560554  0.74326585664277600  0.75974042551144660
  0.77384888913929428  0.78430783453455488  0.79422456546978737  0.80259700767885589
  0.80936708067678187  0.81515234874400488  0.82237826114286672  0.83111230807067560
  0.83870863517827887  0.84538674908137967  0.85227591797989066  0.86073695515219106
  0.87011833090935842  0.87757946025360023  0.88382834093189011  0.89018686597040042
  0.89503177112354648  0.90104823723578131  0.90967196943450601  0.91623669421812692
  0.92383080493470671  0.93517108060942944  0.94632647924478486  0.95503438317070621
  0.96226050885148240  0.96943600546482078  0.97990665471683813  1.00000000000000000
   5.8440154082357642E-025  -1.0000000000000000     
 F F F F F F F F F F F F F F F F F F F F F F F F F F F F F F F F F F F F F F F F F F F F F F F F F F F F F F F F F F F F F F F F F F F F F F F F F F F F F F F F F F F F F F F F F F F F F F F F F F F F F F F F F F F F F F F F F F F F F F F F F F F F F F F F
  <DiscreteSampler_grid>
  grouped_processes
  1 # 1 for a reference and 2 for a running grid.
  10 # Attribute 'min_bin_probing_points' of the grid.
  1 # Attribute 'grid_mode' of the grid. 1=='default',2=='initialization'
  0.0000000000000000 # Attribute 'small_contrib_threshold' of the grid.
  0.5000000000000000 # Attribute 'damping_power' of the grid.
 # binID   n_entries weight   weight_sqr   abs_weight
    19   10   1.695890869430764E-020   6.827080329697921E-040   1.695890869430764E-020
    22   10   6.266553514849608E-021   2.048488657228289E-040   6.266553514849608E-021
    25   10   4.001382328846129E-021   6.939142997801923E-041   4.001382328846129E-021
    28   10   1.307595518159848E-020   1.521664860642692E-039   1.307595518159848E-020
  </DiscreteSampler_grid>
