 -0.00000000295204407  0.00000191489127675  0.00001323347806347  0.00003600360618084
  0.00007145629287387  0.00012023871048563  0.00017954395968430  0.00025122563941829
  0.00032886504097544  0.00040920772322879  0.00049598942900107  0.00059129537222536
  0.00068990662291427  0.00079856910617102  0.00091867153283477  0.00104961509863065
  0.00118085232326251  0.00131098490319173  0.00144027649792227  0.00156796513696066
  0.00170432102066118  0.00183782666986998  0.00197585609274347  0.00212058549622136
  0.00227017646557453  0.00242015387274189  0.00256599928275766  0.00271507772324051
  0.00287718511742307  0.00304395074571089  0.00321160666087601  0.00337923269469019
  0.00354902754498463  0.00372764824783571  0.00391316435131265  0.00410026908625381
  0.00428242526079818  0.00446810595466870  0.00465257480047484  0.00484173889550174
  0.00504383447866571  0.00524823676941759  0.00544970865896434  0.00565008189175449
  0.00585434414036873  0.00605292471810836  0.00625189402538229  0.00644992755811196
  0.00665056759461365  0.00685267312846289  0.00705075339135242  0.00724331137895038
  0.00742971504213662  0.00761326952503768  0.00779686322810100  0.00798384597338388
  0.00817855328453856  0.00837524086908654  0.00858117583998809  0.00879143396020341
  0.00899283068056716  0.00919214339211445  0.00938794227266580  0.00958072403407481
  0.00977176865655513  0.00996262847132302  0.01015285222598184  0.01034435489711556
  0.01054594711776339  0.01075076346166504  0.01097681887854458  0.01122007920777236
  0.01145689309416122  0.01173414208578617  0.01201340511974458  0.01229896011030528
  0.01260104104461208  0.01291485240050010  0.01324444442181439  0.01359193286899028
  0.01395479901385485  0.01433082542405459  0.01472505947722486  0.01517460708375989
  0.01570853070135296  0.01628413695586593  0.01689504111093354  0.01757343452116639
  0.01835256604204765  0.01930363705128155  0.02067295490770339  0.02255625569299225
  0.02528244365339581  0.03238086884504093  0.05049308287705218  1.00000000000000000
  0.00904293270810887  0.01761957907347421  0.02906765832624113  0.04098153534194454
  0.05127383866875423  0.06120236035090006  0.07083181063203181  0.08073775753642043
  0.09115698398710928  0.10215446357771647  0.11384879796624292  0.12600514607487376
  0.13821664885583818  0.14979883472685346  0.16014881620961469  0.17075420558375790
  0.18152242053456100  0.19216712810698591  0.20247261606092110  0.21329366355978191
  0.22614593035930758  0.23806036375546832  0.24994786072618913  0.26176460862931633
  0.27289803276229363  0.28292372454467535  0.29286475046587862  0.30205340883335174
  0.31132511582408706  0.32042934542499624  0.32979661339548894  0.33908478503316014
  0.34859166855383100  0.35794380668484060  0.36726320083396002  0.37669781688020754
  0.38632752988566987  0.39609952984540542  0.40632261943117542  0.41738100758393909
  0.42952881595645226  0.44241502974008484  0.45452208566158592  0.46602213416898497
  0.47629287118906521  0.48584978008960500  0.49586614316475874  0.50620091741631268
  0.51696199537930576  0.52804568928326101  0.53896807056579410  0.54950789793955690
  0.55996816344020495  0.57073177519876728  0.58131297666569215  0.59138379399342245
  0.60135124031220677  0.61135440149491493  0.62079326512462485  0.63009274191312215
  0.63991900284059811  0.64999082060070590  0.66005476328134960  0.66978901143373759
  0.67934315433448800  0.68916017214444347  0.69932023662641918  0.70994711867020288
  0.71984057999504314  0.72974158976651304  0.73928714092346903  0.74860802354221256
  0.75764302054895760  0.76702754278905649  0.77689113100665597  0.78716498854808425
  0.79722548978881569  0.80645112124805884  0.81559336541051297  0.82513297873010183
  0.83595710347718455  0.84723535716898690  0.85842266914004628  0.86949221920496056
  0.88041720173053362  0.89115577718103045  0.90151395054581041  0.91178887137617570
  0.92180992655483562  0.93169526071934428  0.94167239755099519  0.95179386140924105
  0.96220126667031669  0.97322540418587367  0.98546546965070347  1.00000000000000000
 -0.00002000376546612  0.00025498397093222  0.00073419887861243  0.00150534275734717
  0.00256812866604065  0.00392720002717603  0.00544836130747606  0.00730559912117419
  0.00940959190520240  0.01169410355946902  0.01444203639508534  0.01727913257127331
  0.02000517513426960  0.02274670650961894  0.02563559034744957  0.02872917475876132
  0.03211608506966893  0.03585736693396485  0.03989742546260956  0.04412233943887800
  0.04871854007172469  0.05333184648081084  0.05771080941087614  0.06198697690893368
  0.06640571778273531  0.07109650990706698  0.07601897528012687  0.08128242861883239
  0.08649930389711533  0.09194267768290165  0.09747916583849602  0.10290364854755998
  0.10813811879344173  0.11330899806613916  0.11859263883496313  0.12414339181079541
  0.12984720557717913  0.13588279403575729  0.14216165454509894  0.14919922014758971
  0.15640334858086749  0.16358244837896765  0.17088777725497339  0.17813672858809870
  0.18538285506120702  0.19259894975296776  0.20010974524509148  0.20860964198386858
  0.21722431131304654  0.22597096172741021  0.23531913195376919  0.24488518133970477
  0.25471719069254023  0.26475571272601151  0.27474488453258111  0.28477911682931695
  0.29484828210990682  0.30509459690377222  0.31555989871982182  0.32589634389493444
  0.33649666448226484  0.34769014326419972  0.35941415926767922  0.37210927556969242
  0.38604588589815297  0.40079557270735977  0.41569828217610005  0.43144202382094254
  0.44781856659234143  0.46428184107559139  0.48066997928183758  0.49605136276622186
  0.51165442771080816  0.52763671610474894  0.54388474594224212  0.56033214556914823
  0.57729581700601884  0.59419318319375736  0.61114616702390379  0.62812904263254554
  0.64581411657843280  0.66387334587459479  0.68227058035287036  0.70116622847878973
  0.72062787587651367  0.74195643430753122  0.76570507784170894  0.78928463453587727
  0.81259859505952992  0.83598060183495115  0.86061326735762800  0.88449406997617708
  0.90851125216625561  0.93362330636110236  0.95888566018335519  1.00000000000000000
 -0.00219814500402290  0.00886468780701623  0.01795479579524363  0.02721510578151036
  0.03592430651977924  0.04462339441002431  0.05299268223903827  0.06152933141888512
  0.07067350449868234  0.08026693865102108  0.09017268566876170  0.10030226201855358
  0.11049936939398194  0.12079856472544727  0.13084388200256650  0.14025114240004150
  0.14957532487111172  0.15948013917351905  0.17002138797198893  0.18061574940221239
  0.19156088033682223  0.20254493598749432  0.21377549810178192  0.22459396900545492
  0.23669365276534010  0.24961111276529069  0.26171508487209966  0.27348072849829752
  0.28346580979753910  0.29340572960104205  0.30294711802904195  0.31235130219925156
  0.32161137287807751  0.33082513314783457  0.34012259831694730  0.34935795121750557
  0.35896840235243188  0.36907390809770085  0.37961704844869598  0.38982664478178264
  0.40026412206756834  0.41094013827194859  0.42148941396018624  0.43204597167748832
  0.44271386001721286  0.45377042797705647  0.46549495388276846  0.47795658188893059
  0.49035988982456358  0.50197482257768822  0.51298305031058655  0.52384889010092361
  0.53540342753797299  0.54704349757578419  0.55879661333139563  0.56952975808354922
  0.57968005271852874  0.58950047581489173  0.59881513432314226  0.60787159234610288
  0.61673495061209016  0.62575654500453382  0.63515114745250656  0.64471534461925850
  0.65412404012871617  0.66352224989657005  0.67358299954263490  0.68341763027527103
  0.69446185342763878  0.70542844131170845  0.71654819068319120  0.72737434610307627
  0.73840122987085854  0.74985446185499438  0.76154395666231967  0.77381064760915963
  0.78656856482242432  0.79933529664000214  0.81181680335716400  0.82400650480083126
  0.83576638544504611  0.84768845724946407  0.85921779481205418  0.86979436054523762
  0.88046387046891317  0.89092557532510597  0.90149130688432477  0.91176058172666641
  0.92170087598223494  0.93202083864749008  0.94287674680294109  0.95458381118122715
  0.96550133815524486  0.97612360744774584  0.98772455326960440  1.00000000000000000
 -0.00235602690690955  0.00850150204008613  0.01910319384885541  0.02928466908410934
  0.03967413714577166  0.04918167452871397  0.05785817605827827  0.06654541405767501
  0.07526136432473313  0.08429911533722630  0.09328025264185250  0.10265839836820073
  0.11273984993711800  0.12327024421705510  0.13402260759033816  0.14519496265573290
  0.15710590150556764  0.16921212670313562  0.18108669489904883  0.19330074733846900
  0.20594933178404951  0.21762224615080417  0.22880773617212055  0.23879951543745540
  0.24864977327744522  0.25821453989028897  0.26824149008196280  0.27844750969301935
  0.28848910890634349  0.29850701813413161  0.30838041036517810  0.31884742709937630
  0.32921970348790602  0.33950685155904808  0.34947743383911500  0.35977193525564338
  0.37019284161233190  0.38043301049048650  0.39086771532012787  0.40146190962189621
  0.41281602708445603  0.42418591094741925  0.43558107977586136  0.44592015643296201
  0.45615809812043484  0.46679334365673919  0.47746445220427863  0.48712922611708187
  0.49695014300032309  0.50763586871742417  0.51861524311306251  0.52873113377898107
  0.53866662150274924  0.54917101399036050  0.55988453368468283  0.57097332389109912
  0.58278024057404276  0.59500169349583365  0.60740189203322748  0.61897569206334146
  0.63036825573112565  0.64178594471570594  0.65362616879081081  0.66543139953607111
  0.67724580239668541  0.68856485342592677  0.69696048115030229  0.70572061139349518
  0.71465332863217590  0.72348272366793409  0.73160403794222162  0.73967262018102120
  0.74813596662880688  0.75715652625593666  0.76627879149153899  0.77588045634747316
  0.78622800573940999  0.79690928796039273  0.80802577085863259  0.81928898086472879
  0.83083323820948984  0.84234170083285664  0.85316962212745173  0.86320411493866500
  0.87317490051174285  0.88381761982371565  0.89475997306042665  0.90534241786293679
  0.91598664011312914  0.92739980955802293  0.93925441398280629  0.95125978881180617
  0.96358810666185546  0.97627490650467907  0.98853897494903786  1.00000000000000000
 -0.00223006659927749  0.00965066941740557  0.02006555213662282  0.03168294291804864
  0.04272153661112470  0.05609381133673390  0.06852616473617126  0.08066649226576147
  0.09271399445673584  0.10459824274114339  0.11593927098217507  0.12623963626182291
  0.13613100356039812  0.14601135668270188  0.15574473706096970  0.16496041732141081
  0.17415848327664540  0.18341406488841253  0.19320851732418556  0.20369482819629092
  0.21414780700258959  0.22564216177391497  0.23691923645172422  0.24787353789591413
  0.25879799837836959  0.26927770608747115  0.27893958006334502  0.28828910557560722
  0.29748676957971015  0.30603116972537492  0.31433358195948091  0.32263792698370719
  0.33163236218359565  0.34212811032660290  0.35326673639634737  0.36424913495901218
  0.37501125234455912  0.38592673818823070  0.39669541525863616  0.40655043976853972
  0.41608976505598672  0.42590725925958878  0.43599172567674410  0.44585589940810277
  0.45600776792803926  0.46728986069695538  0.47878565469035667  0.48965406825936736
  0.50032047091224996  0.51118505334884867  0.52158344965867387  0.53113195311853956
  0.54021197258262599  0.54951351552268868  0.55910023947826981  0.56899687120898979
  0.57932291387074275  0.59043953866632459  0.60190026872680114  0.61301477046717945
  0.62379961661800132  0.63385462092997058  0.64346512364944097  0.65349289257057463
  0.66375217138600751  0.67448374060527527  0.68549003603466752  0.69727005606174308
  0.70912579105221552  0.72071078740564454  0.73184159710049212  0.74266258688040621
  0.75355379861653693  0.76435683399561383  0.77495986761580260  0.78534527242046892
  0.79575631434456084  0.80666551828402355  0.81835967974885959  0.83029111170319270
  0.84145918057717739  0.85181299826381562  0.86213798920653217  0.87281337538078752
  0.88344662978010424  0.89463109831280696  0.90555625706576548  0.91645329783257146
  0.92765623745580850  0.93886308340986491  0.95006480229101642  0.96104507779416448
  0.97189416635555259  0.98175907464539347  0.99106111528002894  1.00000000000000000
 -0.00259277855301038  0.01002503404065724  0.02017324971993053  0.03104037571251665
  0.04209430458691921  0.05355272598093910  0.06496887808319023  0.07675599994778735
  0.08820091050819884  0.09925411114999745  0.10929855539620967  0.11915893217486946
  0.12892351423745380  0.13904233140143171  0.14925811234923725  0.15967944753242341
  0.16964330854829690  0.17936079008077621  0.18997204178286917  0.20150346662529417
  0.21216813260144188  0.22170195710346058  0.23156178854092235  0.24229893732462662
  0.25310490491746646  0.26371708487169743  0.27440507007810511  0.28581108527944143
  0.29796794175443492  0.31085209081995024  0.32340080035327745  0.33577060765062200
  0.34710925728212150  0.35786096671293860  0.36793118261906294  0.37844416570181422
  0.38795177014888321  0.39789658656139748  0.40752245633612838  0.41683342134306667
  0.42556208074985125  0.43450303023145859  0.44405363199528519  0.45401486984806805
  0.46406640293129670  0.47411514300969537  0.48406591210069466  0.49401799611680863
  0.50416000446139608  0.51480629891813923  0.52530134242173820  0.53520251931895646
  0.54513801417507235  0.55545780928859778  0.56657553825970075  0.57894699555373152
  0.59207287092587413  0.60480425541970462  0.61638035595349649  0.62669058305881109
  0.63714558236865981  0.64715417634227690  0.65746506232328383  0.66683676936157610
  0.67938786054843459  0.69125241717386166  0.70325629912517174  0.71464946160769738
  0.72536726894838077  0.73503526194281354  0.74427562985829487  0.75367262798860812
  0.76321901190711017  0.77297227304014537  0.78217346438041568  0.79188021728043922
  0.80134887170907210  0.81125022184812623  0.82058350522351464  0.82963815727111812
  0.83970863537648377  0.85019079038224865  0.86079808775220867  0.87107284666322293
  0.88112447385339843  0.89114303825039753  0.90228918637727284  0.91332202120263795
  0.92428346642319670  0.93524658990051190  0.94682528737318106  0.95797741879205245
  0.96864717134536937  0.97919454471761924  0.98967939617200429  1.00000000000000000
 -0.00280144430044261  0.01053047464193017  0.02103181954380975  0.03185207939678885
  0.04205196442458231  0.05307458011395155  0.06407566531847185  0.07540300396652931
  0.08613201215477953  0.09585218646027484  0.10621954420001714  0.11671047295980207
  0.12698349216971844  0.13697324007406181  0.14709957325012132  0.15806268740877757
  0.16965203545439142  0.18147977225403825  0.19394630375047658  0.20661306691090509
  0.21966163171025355  0.23175642914700942  0.24294928468442956  0.25360580938723148
  0.26413761288555598  0.27475768034855602  0.28550648892446789  0.29703735553497629
  0.30940260600903358  0.32138651096865112  0.33302305222445389  0.34384777157657265
  0.35433635736139524  0.36272357566070579  0.37107724447554191  0.37952645079932379
  0.38842155676460405  0.39773420745234778  0.40746155985750965  0.41700244186832819
  0.42747305423468862  0.43735652261281344  0.44669695426701117  0.45618314404799765
  0.46577473195998881  0.47538333145217948  0.48469836127788696  0.49372512787357331
  0.50295299789037995  0.51270267513387979  0.52284200732258190  0.53412829387146255
  0.54535642356539826  0.55565106014519539  0.56569951856749834  0.57609902008923231
  0.58672273561460553  0.59811258624007357  0.60937507868066965  0.62066570684667044
  0.63149633134603755  0.64199614030417329  0.65237106076113605  0.66273188979776887
  0.67295904535099871  0.68340549778904713  0.69363983356976178  0.70409230810452872
  0.71441567317513699  0.72430285128469585  0.73451438595582463  0.74481032508099743
  0.75482253358328144  0.76559213466222509  0.77586101313384548  0.78635888616428007
  0.79621018642993036  0.80564318511475153  0.81532654542027594  0.82538735600107227
  0.83621827778112956  0.84858066762386819  0.86150869136094166  0.87437309041828926
  0.88529076620488090  0.89521536465936202  0.90492772396673338  0.91511783152941195
  0.92564037559053214  0.93697025984587912  0.94739481395430969  0.95818785711592702
  0.96826395465565829  0.97957297422750733  0.98952293358838761  1.00000000000000000
   2.8216044772215528E-012  -1.0000000000000000     
 F F F F F F F F F F F F F F F F F F F F F F F F F F F F F F F F F F F F F F F F F F F F F F F F F F F F F F F F F F F F F F F F F F F F F F F F F F F F F F F F F F F F F F F F F F F F F F F F F F F F F F F F F F F F F F F F F F F F F F F F F F F F F F F F
  <DiscreteSampler_grid>
  grouped_processes
  1 # 1 for a reference and 2 for a running grid.
  10 # Attribute 'min_bin_probing_points' of the grid.
  1 # Attribute 'grid_mode' of the grid. 1=='default',2=='initialization'
  0.0000000000000000 # Attribute 'small_contrib_threshold' of the grid.
  0.5000000000000000 # Attribute 'damping_power' of the grid.
 # binID   n_entries weight   weight_sqr   abs_weight
    19   10   1.593480146566355E-005   6.422691846319052E-010   1.593480146566355E-005
    37   10   1.207763492038315E-005   4.677211454491905E-010   1.207763492038315E-005
  </DiscreteSampler_grid>
