 -0.00000001642379109  0.00000978094666667  0.00007574046647770  0.00020135596675435
  0.00039235739642050  0.00065449135203995  0.00096307334160142  0.00130066320759623
  0.00166354674650564  0.00207736241271270  0.00252549820558261  0.00303028955277799
  0.00360352848439407  0.00419048079423102  0.00478574826930476  0.00540592424589846
  0.00603295173334646  0.00668127449166335  0.00736566265566373  0.00803902841854170
  0.00872514803322652  0.00942440585848764  0.01010096380921806  0.01077411711690579
  0.01153381362574380  0.01244023275548252  0.01359680728701224  0.01556172875048877
  0.01803452414401178  0.02041325782911970  0.02259416186064616  0.02461759258968805
  0.02655132156738233  0.02841643434092585  0.03020584425077420  0.03202907263944678
  0.03390766619446574  0.03580963940204945  0.03773101188490939  0.03966860526607019
  0.04166658144644809  0.04372628041453740  0.04583325589288653  0.04796206978225211
  0.05009846691440088  0.05224771969569224  0.05441315420808832  0.05658444271510341
  0.05877217483831595  0.06094066892959239  0.06310670088103507  0.06528937832679918
  0.06748993650800743  0.06975437759206606  0.07213095147042389  0.07459894517209825
  0.07705413734388342  0.07950740402258938  0.08200466750739852  0.08451432083739481
  0.08702613319603160  0.08957157048293930  0.09222547723719900  0.09504654596138730
  0.09795544731062270  0.10088919334863451  0.10386659171006217  0.10690336188093787
  0.11001521376155877  0.11315340025875346  0.11632097380376479  0.11969251296998726
  0.12340376782540062  0.12749334586217040  0.13165370743028321  0.13585073953769222
  0.14016980573032664  0.14459942065782350  0.14906650304562313  0.15382558823886858
  0.15922348139596434  0.16513318162365023  0.17138673051887215  0.17792022199919222
  0.18478177753714786  0.19211347300184600  0.20000989844721925  0.20983531325511223
  0.22140218658926569  0.23430858652437470  0.24886744631455288  0.26779452268465231
  0.29863828936041947  0.36083813152814798  0.63213299826774727  1.00000000000000000
  0.00990883129403408  0.01458154174367049  0.02242496304559576  0.03152189207621607
  0.04142193270253813  0.05149463959448912  0.06126424713372648  0.07078058004391016
  0.08036416431238681  0.08964918388613814  0.09885809831521465  0.10788198133926384
  0.11658764516467193  0.12544698442310032  0.13478879882019210  0.14410613637385106
  0.15325355226356235  0.16189468842243263  0.17122149699679304  0.18096901860958220
  0.19088311983705547  0.20075333977429760  0.21070364667856667  0.22116220154925409
  0.23115326513988199  0.24118438346769241  0.25115545542258133  0.26152798412521677
  0.27177682953514293  0.28360390760614795  0.29517458285657716  0.30709727477453369
  0.31885321212294887  0.33059166831877135  0.34183524026597600  0.35251608377680560
  0.36263589306233007  0.37231388285592210  0.38211590794953243  0.39212524490155432
  0.40271920579319193  0.41390338611707561  0.42580885542845015  0.43785911668422650
  0.44942133593646499  0.46055660149477207  0.47151343025371545  0.48231259957725930
  0.49290100938423997  0.50318226837139002  0.51308900432711224  0.52293331949419697
  0.53290766411851787  0.54327390378413110  0.55401433967132485  0.56457849751467970
  0.57492547176639308  0.58528189040305756  0.59570819057715696  0.60625267665048843
  0.61680974654605381  0.62765047849647437  0.63927432349117841  0.65086263553663204
  0.66317020168253971  0.67446460355015581  0.68588515766408198  0.69744955194048053
  0.70832299048669400  0.71777999484937050  0.72698837066307365  0.73627950705920964
  0.74572908249825975  0.75521284260171551  0.76465365889483294  0.77446325373575642
  0.78493774410744566  0.79597317284680480  0.80739380164741303  0.81875592158468136
  0.82991919864315999  0.84110235564853231  0.85259176333351949  0.86400875623239559
  0.87497954474413586  0.88522528059172600  0.89534850574730318  0.90602920205715687
  0.91667282922389037  0.92714745086086459  0.93738834222653189  0.94762458110882597
  0.95798126135213069  0.96910496949118563  0.98056511840097038  1.00000000000000000
 -0.00001789543693235  0.00020035321717248  0.00054385489784094  0.00104981624817797
  0.00170834265665023  0.00256668958655421  0.00361248100995624  0.00483022581580366
  0.00619461914409553  0.00774444779387472  0.00934653941068942  0.01109466294994827
  0.01297109046035340  0.01499296897296490  0.01712965402027738  0.01941913388844971
  0.02163594626339875  0.02382038737862396  0.02601004568306929  0.02844144066319898
  0.03119672460907058  0.03418554813174404  0.03730669877468508  0.04051082593904690
  0.04363307729515501  0.04699539664614892  0.05039512145438336  0.05370763914567702
  0.05684429197717386  0.05997655610222886  0.06311324461991301  0.06620415314183828
  0.06939534466683786  0.07268232146674229  0.07609525287052284  0.07978693334861013
  0.08363603256424219  0.08756681895037841  0.09162477046011358  0.09565973501044987
  0.09975872744043775  0.10397849957688959  0.10823399420859678  0.11248164851190985
  0.11669984290278587  0.12092468604051335  0.12543181759502156  0.13001447894460347
  0.13475836736972793  0.13949601158136046  0.14385766231479843  0.14856252315760082
  0.15335906122861417  0.15816741042866558  0.16327997835985383  0.16867605320722295
  0.17416025865670401  0.17983108776137738  0.18589963906891571  0.19240204156424842
  0.19880771193070890  0.20511579003299826  0.21132227703727477  0.21744890186586746
  0.22366550506191915  0.22998037124359427  0.23656229847822080  0.24320786779730977
  0.24967876918542362  0.25614605386999934  0.26252790673010928  0.26875337417455847
  0.27500650979162583  0.28128710354189412  0.28749877308335375  0.29358887112577409
  0.29993410377885671  0.30628443634562463  0.31260002969620521  0.31891562785473648
  0.32526775981784523  0.33167050865081321  0.33808589273117662  0.34467055048415440
  0.35123770966133344  0.35775382697889346  0.36420942640849557  0.37059401774106754
  0.37667184739471493  0.38340115975425582  0.39035354799815108  0.39738587266869768
  0.40419395428485499  0.40886021504582554  0.41136249856997009  1.00000000000000000
 -0.00300875661728622  0.01186225152223468  0.02308888101811624  0.03296307248517408
  0.04264282746935685  0.05253639751221471  0.06203237153239877  0.07104627379212182
  0.08004627168453800  0.09057101960247868  0.10238260896742966  0.11360427638627982
  0.12426161705939585  0.13482283171062484  0.14500560434606863  0.15489147564470665
  0.16452359604910333  0.17470272388806049  0.18441954933687305  0.19420275716201973
  0.20379396238077072  0.21357927685411540  0.22337950058617329  0.23337223906842366
  0.24355329423663266  0.25359292054499682  0.26348823660044746  0.27365502285298693
  0.28459483887937670  0.29581057491944829  0.30711059808639496  0.31936427344692475
  0.33126988507871991  0.34227420633183597  0.35285127558701324  0.36368203032884222
  0.37460821054289878  0.38549220467406747  0.39632035190311643  0.40781382958982720
  0.41933620772396385  0.43102606015386929  0.44299753698295047  0.45481876220317335
  0.46692309049423381  0.47875028590665358  0.48992529747693880  0.50097778444325991
  0.51206574995637522  0.52314960183741055  0.53444825398411711  0.54637752141071316
  0.55855998939666340  0.56998327025350948  0.58061148225125392  0.59171846619511592
  0.60310833469988490  0.61493912510751181  0.62650053630449243  0.63799778294791942
  0.64859896311941312  0.65772786025054175  0.66692620006396242  0.67580165708743045
  0.68491517136009750  0.69412785717046888  0.70392202755370714  0.71423788370574226
  0.72505142503024544  0.73518973103758833  0.74503477148682395  0.75497715507847518
  0.76457675889390897  0.77410779214718040  0.78370324662015034  0.79341512377756196
  0.80316163835372767  0.81295195506632656  0.82327062954202956  0.83415899414515760
  0.84578313980095221  0.85751321611214348  0.86887136203750104  0.87960551233051365
  0.88986066936567609  0.90029638323616723  0.91099173987430981  0.92124543904364431
  0.93116859702270904  0.94050902033888695  0.95028663593057994  0.96050939815658964
  0.97018377234213860  0.97992272651264423  0.98959572436234722  1.00000000000000000
 -0.00258361892059295  0.00990768160741161  0.02087611327240995  0.03175390191430344
  0.04228974159096186  0.05214258094221927  0.06172261698581780  0.07196933400097349
  0.08237743398882891  0.09255564602037958  0.10231116677206213  0.11249351578195255
  0.12363446347121869  0.13428936284482546  0.14492566011192681  0.15569900299416120
  0.16622801766985978  0.17675235486465130  0.18733327129241881  0.19879279492689877
  0.20976058773191028  0.21984957604204905  0.22963281679729863  0.23977394169115346
  0.24991085254109485  0.25996268015733892  0.26984094652804475  0.28033170957306874
  0.29133795592216610  0.30191641198375357  0.31287581075687126  0.32391967928905796
  0.33585857105157535  0.34904346470665137  0.36066759899922746  0.37098222081022320
  0.38075982130505592  0.38977946549115483  0.39889095225997961  0.40808716357581420
  0.41761986983336458  0.42761559427218554  0.43776752667872015  0.44883284838000886
  0.46019744993902850  0.47116175571591618  0.48183597751163720  0.49141449363455697
  0.50103612589711100  0.51072467568194124  0.52027927171534760  0.53019435238944546
  0.54080170840565989  0.55269440501377454  0.56477604129559233  0.57470718433613632
  0.58456460715549641  0.59464320995789210  0.60522831887719142  0.61581009682178900
  0.62639712953118087  0.63721727811686990  0.64800010786805118  0.65892374236495010
  0.66918675930015359  0.67866383028956989  0.68828588025205795  0.69793373096208833
  0.70731970702439717  0.71652256895746236  0.72516220644048890  0.73429949311942544
  0.74418338216625435  0.75424975004872252  0.76434757574575340  0.77467796419472024
  0.78523485370725787  0.79719022732934053  0.80962213188738330  0.82123237964240647
  0.83223927414465093  0.84326505098641669  0.85405148133469633  0.86434750635509161
  0.87463204078760992  0.88553498989815183  0.89683732205391764  0.90811036748009377
  0.91938503052309983  0.93064729241156852  0.94211801438639386  0.95393244635135499
  0.96527653550557890  0.97648790831826415  0.98796172065902432  1.00000000000000000
 -0.00266600422741749  0.00869085138549342  0.01939063796451519  0.03121763453918560
  0.04394210556344949  0.05679274872939396  0.06871644286039270  0.08001614149014062
  0.09104903322033858  0.10196886408025312  0.11302270056792153  0.12436799715010048
  0.13566284505505130  0.14695116979053613  0.15793621238134653  0.16868369848875692
  0.17891333708295901  0.18844390618364995  0.19798128505358156  0.20784968945967308
  0.21877361340506743  0.22994970618339072  0.24068995109404465  0.25096864640380229
  0.26116001894324470  0.27162300704328129  0.28216162021508145  0.29269086706763753
  0.30375560617236985  0.31463825377439558  0.32520619145209018  0.33561860821480149
  0.34555835572487054  0.35535886475062234  0.36482028619827456  0.37444839771083460
  0.38466024323616910  0.39505827936018162  0.40632282062599306  0.41757914891230258
  0.42796755540263887  0.43795748117304284  0.44739776235167728  0.45645885538849995
  0.46558857824444938  0.47505001425075211  0.48547112371283757  0.49729188195442642
  0.50924345963883388  0.52063392450768542  0.53079740144922283  0.54051747587749321
  0.55013703545317161  0.55974193294576036  0.56975047441061988  0.58017508467417100
  0.59130212412480088  0.60268878889462107  0.61414552093226804  0.62542747581413416
  0.63614020926064985  0.64638350123958432  0.65578989403654209  0.66535188212780649
  0.67433160935875791  0.68319996884117329  0.69200571249707299  0.70120940742250648
  0.71093862232631100  0.72077575809562755  0.73071436971604464  0.74119628586217612
  0.75261561979188296  0.76484156952566207  0.77751572549047276  0.79023699597979657
  0.80161532006534164  0.81181936360993179  0.82122639868321201  0.83035714623231338
  0.83960973080983536  0.84877706819305321  0.85793776482166817  0.86711549219277539
  0.87702561070702012  0.88790009941018500  0.89890850121563071  0.90960011266122021
  0.92093104444754670  0.93352169159990217  0.94662235762716007  0.95864264291322809
  0.96990753106736272  0.98029534393095352  0.99003107471052265  1.00000000000000000
 -0.00186934877418547  0.00742385401935391  0.01556622291689205  0.02477302202575540
  0.03419816602684645  0.04377137446794407  0.05336536780974526  0.06276642714161820
  0.07224153463912038  0.08203661539464739  0.09184378881088200  0.10147380668094427
  0.11077832986076253  0.11977438427896439  0.12946924822902095  0.13999235408063174
  0.15100126372584285  0.16242840161467118  0.17372443991313827  0.18460425658449559
  0.19487350615468926  0.20493371616855524  0.21512080235609773  0.22533641981050337
  0.23545966218455044  0.24510310966835952  0.25464638104879539  0.26440472864398040
  0.27428905427398820  0.28454812798712870  0.29447712463258396  0.30494414096226968
  0.31547640261955590  0.32777231946115648  0.34038518031890330  0.35340493216499141
  0.36581542299527464  0.37685774076744355  0.38675111616999647  0.39658664875140065
  0.40568533310369087  0.41497736361256798  0.42402485702728554  0.43259955747448470
  0.44183996955951438  0.45163091859796362  0.46246989869078603  0.47428884625634271
  0.48637107134315721  0.49795859763168521  0.50934688936743133  0.52053781468158311
  0.53253383948183730  0.54495391788802083  0.55742270045748399  0.56866174626394650
  0.57891850369050091  0.58920658832020101  0.59970057549148714  0.61027655325510133
  0.62136943902920638  0.63360265167948804  0.64617573333080869  0.65790883253443988
  0.66890012377248453  0.68061846026104145  0.69195529875168760  0.70241361591496387
  0.71251351857562750  0.72248194655495468  0.73283055135006236  0.74353431159014793
  0.75392766748806617  0.76354922638594958  0.77385046557927673  0.78455488050663291
  0.79473336534466432  0.80437991587474589  0.81432289658204282  0.82547376157276064
  0.83692774734526632  0.84851290997626416  0.85970819672879506  0.87064144990914760
  0.88188355505073235  0.89304836385381392  0.90355628270711619  0.91377563196070843
  0.92468501557749316  0.93618668846162378  0.94727472793740219  0.95778468505611680
  0.96868795821798470  0.97966587798684623  0.99013406234067014  1.00000000000000000
 -0.00256796076402466  0.00996144153176762  0.02096010803335547  0.03221876054524310
  0.04390726899167938  0.05549805802433024  0.06659326069957339  0.07766334727111165
  0.08801175712620316  0.09848658851162162  0.10892633615588217  0.11956257242831907
  0.12973653177294117  0.14059350967809764  0.15128816777302734  0.16292272344153322
  0.17347187895158223  0.18385516979668715  0.19341657223301523  0.20288760198960906
  0.21318187670044955  0.22339032174959372  0.23439625993248167  0.24521534431238398
  0.25552786648197728  0.26562398412235844  0.27585470242361426  0.28625166406565111
  0.29652073683315144  0.30671611494170881  0.31672071933972779  0.32678422167383869
  0.33699492489808403  0.34767508772093714  0.35818878247461122  0.36780876493497056
  0.37688621876941397  0.38571364018245774  0.39486315970810693  0.40381753396154868
  0.41255470010862627  0.42224054595982385  0.43263901721365050  0.44377593547554417
  0.45509476216381245  0.46582170862896161  0.47638602080387238  0.48641346158443510
  0.49638082476123885  0.50599908572068542  0.51592294295778529  0.52673372349302183
  0.53799792424483761  0.54930321939036852  0.56015992682004734  0.57059124519589144
  0.58126154951256193  0.59373452073119115  0.60638826404178192  0.61830635936178024
  0.62992335197691340  0.64149636486861084  0.65206052647176638  0.66185358257491478
  0.67168181348267764  0.68176759701324452  0.69189445534703087  0.70245334803696935
  0.71291117833252693  0.72343623664654333  0.73422499966698851  0.74541571235052084
  0.75640139365182668  0.76687206278983244  0.77796741170379946  0.79008394106802105
  0.80139270418534125  0.81289763880317434  0.82486893598788058  0.83674753900805465
  0.84820031058021772  0.85881178762845267  0.86921199833838902  0.88032791915267250
  0.89234163847790071  0.90483808994250492  0.91692237580303304  0.92783656724221830
  0.93771823368781237  0.94697125937700943  0.95606217171342889  0.96503376725765144
  0.97387912339171956  0.98259536873413400  0.99132564776093846  1.00000000000000000
   1.8694952872073673E-016  -1.0000000000000000     
 F F F F F F F F F F F F F F F F F F F F F F F F F F F F F F F F F F F F F F F F F F F F F F F F F F F F F F F F F F F F F F F F F F F F F F F F F F F F F F F F F F F F F F F F F F F F F F F F F F F F F F F F F F F F F F F F F F F F F F F F F F F F F F F F
  <DiscreteSampler_grid>
  grouped_processes
  1 # 1 for a reference and 2 for a running grid.
  10 # Attribute 'min_bin_probing_points' of the grid.
  1 # Attribute 'grid_mode' of the grid. 1=='default',2=='initialization'
  0.0000000000000000 # Attribute 'small_contrib_threshold' of the grid.
  0.5000000000000000 # Attribute 'damping_power' of the grid.
 # binID   n_entries weight   weight_sqr   abs_weight
    19   10   1.878189933966645E-012   1.105062374279176E-023   1.878189933966645E-012
    22   10   1.944305524938733E-012   5.966917888414821E-024   1.944305524938733E-012
  </DiscreteSampler_grid>
