 -0.00000000408222294  0.00000170246406038  0.00001213400354119  0.00003446209536562
  0.00006833274084643  0.00011257162011728  0.00016517427162757  0.00022649326167000
  0.00029332136478554  0.00036538815089216  0.00044279955904972  0.00052782562855149
  0.00061761200212774  0.00071316930609555  0.00081619830846039  0.00092665644229888
  0.00103480566989214  0.00114000996926104  0.00124344133635030  0.00135602546241487
  0.00148025901748660  0.00161226148820307  0.00175014577491306  0.00188942856851114
  0.00202532497383975  0.00215538469363629  0.00229338142201354  0.00243677373811648
  0.00258029990848363  0.00272274699977703  0.00285648496879738  0.00299670363469203
  0.00314454533668963  0.00329965632872100  0.00345793861268294  0.00361837387321763
  0.00378003524754666  0.00395228009313048  0.00413457236211369  0.00431423646741639
  0.00449267268267890  0.00467375958168888  0.00485337515344487  0.00502997930887913
  0.00523078678291337  0.00542711309342451  0.00561757046705727  0.00580704970324818
  0.00599871465425038  0.00619257095581764  0.00638661385998905  0.00658906949432368
  0.00679300485863858  0.00699697258509656  0.00719963196551250  0.00739993106142308
  0.00759908041839739  0.00779686628769608  0.00799248784914740  0.00818700147045765
  0.00838225744060159  0.00858196223325193  0.00878520300357455  0.00898614021367340
  0.00918309071310917  0.00938100711209740  0.00957350749711481  0.00975902310389394
  0.00993930050477884  0.01011734881396654  0.01029818430417352  0.01047682058621490
  0.01064892121684857  0.01081641908760546  0.01099258342697502  0.01117376913735912
  0.01136244690087022  0.01156186810615633  0.01178198241249292  0.01200967746112377
  0.01224408441740342  0.01248609924843778  0.01276729830673451  0.01308451306784007
  0.01346291277562361  0.01399866348237967  0.01503338460322555  0.01652763489022554
  0.01767188282188972  0.01880611257382193  0.02041626803607910  0.02248229012996220
  0.02515071271247482  0.03148700110995895  0.05067428515675720  1.00000000000000000
  0.00889093490284177  0.01762373695129267  0.02868339546206163  0.04044481617508573
  0.05312696019469125  0.06526528425484360  0.07608115657726559  0.08696422252840913
  0.09700569070183308  0.10654886284960577  0.11528384459318020  0.12409446209533082
  0.13272784731782769  0.14142601041232228  0.15046601846172786  0.15959447147231845
  0.16863781657413984  0.17844942077092341  0.18876786151863265  0.20020477420758090
  0.21163536560061375  0.22285187014999713  0.23372477286015120  0.24414654088322815
  0.25444383749542465  0.26488558873493218  0.27614766322926299  0.28808765604489284
  0.29919118438626452  0.31041322091487122  0.32088353061529923  0.33163665558157440
  0.34255460132806975  0.35281731596995070  0.36266983294613098  0.37243888095007344
  0.38231944095215331  0.39226363585635526  0.40214479521800306  0.41210826042735871
  0.42208883233987143  0.43228367281196617  0.44284640482798365  0.45387807200244273
  0.46534174335111855  0.47674336421910124  0.48705830596367733  0.49683924842265081
  0.50749249625357562  0.51831994770820000  0.52880647933957214  0.53850926272562460
  0.54908631802727292  0.56111058012090009  0.57310824132004845  0.58518317409147846
  0.59640403837606504  0.60687617362377133  0.61684316949207318  0.62665917876632349
  0.63639258953570843  0.64588742965787738  0.65530999064814888  0.66507149267408250
  0.67536079899862167  0.68598509541703157  0.69682148244801034  0.70771384141591864
  0.71864353636083500  0.72963553043751539  0.74112647160112410  0.75169747484345917
  0.76089432516668765  0.76987109838783763  0.77889298372155935  0.78804005444896730
  0.79761836246474171  0.80712212647004966  0.81714680066939926  0.82844408960280680
  0.83954477639377056  0.85057804697367412  0.86143878369975035  0.87246568193062657
  0.88397181358315469  0.89508805881911058  0.90558814992247838  0.91595444412750326
  0.92642489178140441  0.93673993242613440  0.94699803680453709  0.95720628647529793
  0.96757092389285404  0.97810326235095368  0.98873134630643644  1.00000000000000000
 -0.00002116233477109  0.00026234488917798  0.00074411293413687  0.00150693062073635
  0.00254114455408472  0.00384879792895339  0.00552374589452003  0.00730301445674205
  0.00929866860357661  0.01142659866850891  0.01393769517729313  0.01660713132066665
  0.01957190500839088  0.02244055706308976  0.02535405045706810  0.02856178538551727
  0.03218352273295914  0.03588735541077684  0.03960431481983531  0.04335288258312673
  0.04737385668011612  0.05191123796645195  0.05695117132071113  0.06230758863275952
  0.06732975517977154  0.07238758210559461  0.07762571043534998  0.08324130415866579
  0.08884262652586954  0.09450992422570398  0.10004275456372676  0.10576908162210143
  0.11134800762330248  0.11693462201672498  0.12283980166979602  0.12912367700493527
  0.13569355714498510  0.14271374011966387  0.14957659689104744  0.15672299248965274
  0.16429957285322916  0.17223069356000312  0.18063367042055684  0.18955391320470863
  0.19859254003146803  0.20768761857672116  0.21727564571600866  0.22695256053486160
  0.23670645810129121  0.24646385220231526  0.25631275331853937  0.26641414024944782
  0.27675244567105356  0.28753561802421318  0.29884852493917302  0.30980028041071650
  0.32054893528581657  0.33145023358190584  0.34260518151756597  0.35405851260757215
  0.36635158023112774  0.37843607545307112  0.39060454264440186  0.40286108883218630
  0.41532516251211843  0.42874947406917230  0.44308572241728483  0.45727345795344632
  0.47135771075641802  0.48736097084004520  0.50289271400315094  0.51880532088908049
  0.53545863190667176  0.55197596713627961  0.56827842553601504  0.58457193652275719
  0.60015641946028919  0.61672642707397451  0.63309682462188011  0.64990187230343754
  0.66751425714793033  0.68610085104712715  0.70502046936274021  0.72482340301090287
  0.74495063810116768  0.76509311795088053  0.78534562414375098  0.80597740094041592
  0.82707872533299809  0.84900688997121798  0.87054759209058430  0.89234401095354876
  0.91476133798908521  0.93730339077960356  0.95701551833050780  1.00000000000000000
 -0.00294405891301850  0.01043206940314948  0.02210517836772493  0.03438422787661571
  0.04602277795031118  0.05787605523461904  0.06838602760988624  0.07760296227293260
  0.08672354419714451  0.09547772175152357  0.10425741925443510  0.11340096962992811
  0.12360944869975170  0.13642706053213810  0.15039449387239795  0.16346342690349971
  0.17531328373798480  0.18599616712164671  0.19607284585861948  0.20616627242828614
  0.21628523223466753  0.22645490488272976  0.23714034321591018  0.24833960437451730
  0.25970266821120402  0.27130659456936834  0.28233809277661165  0.29453305544929176
  0.30722981128483046  0.31975111091093172  0.33200474050533746  0.34388219058101716
  0.35521246501227327  0.36612021220385593  0.37653624226409033  0.38630813127917857
  0.39573134429457690  0.40513619334045803  0.41492544914099005  0.42497965017941469
  0.43517882377280492  0.44628056838288244  0.45838412424497038  0.47107690460377627
  0.48331525375303036  0.49448424403981106  0.50532227320024981  0.51577383014831024
  0.52548423588281634  0.53464133904568889  0.54416628633096042  0.55359441172321189
  0.56285723963057299  0.57215642555682056  0.58155256673452604  0.59231564753187638
  0.60340990852801790  0.61326259625081248  0.62296352353286333  0.63292338439213491
  0.64329489703080134  0.65346544602671952  0.66338093077642801  0.67364200139758701
  0.68415427725637457  0.69485295056556284  0.70589011281047276  0.71674995808115560
  0.72694636894606435  0.73669902065731330  0.74647480650293518  0.75618597143274513
  0.76600337830496057  0.77540442159327205  0.78466590065418007  0.79382971009142889
  0.80336547594741881  0.81348348752774424  0.82423966252381353  0.83519302818602070
  0.84601501181024963  0.85660055178632810  0.86719984579508269  0.87776238511589111
  0.88825571590101493  0.89872374014265777  0.90872597795368659  0.91856018588932653
  0.92882514758167434  0.93940419882046944  0.95003107050183044  0.96031309818234989
  0.97022748320518726  0.98035575074215375  0.99023517697539443  1.00000000000000000
 -0.00355961804093248  0.01223938904466665  0.02435816265123573  0.03534975349510676
  0.04562729582346220  0.05586024589243344  0.06606918868732459  0.07639404101989802
  0.08727903431795003  0.09855055743874261  0.10975460859516784  0.12025033113224493
  0.13027257498592199  0.14036173925615428  0.15101053704443285  0.16178879090016204
  0.17250452638981550  0.18295007331227531  0.19348870859316333  0.20425485967549506
  0.21554137457241929  0.22689473124184764  0.23831803011004046  0.25043574742331626
  0.26281563799035101  0.27454599592954237  0.28542742959839784  0.29611467408286385
  0.30719329609044804  0.31799897079019707  0.32851628644935532  0.33922253454379409
  0.35028234795356405  0.36127990178024716  0.37225016834238944  0.38407180175974254
  0.39569768601485478  0.40544274984129536  0.41447181204615685  0.42353547083554294
  0.43212861924728407  0.44056521022076695  0.44878445275520795  0.45758699735763980
  0.46831428392034574  0.47942296768464376  0.48914903156265710  0.49823993129138561
  0.50738019957632163  0.51691014090049536  0.52657545477889367  0.53608482275337688
  0.54668734948928333  0.55900063476276129  0.57080767160336021  0.58231446418211452
  0.59396252926605164  0.60628129615808268  0.61887185585899895  0.63083429887196019
  0.64208211961975481  0.65285270533988582  0.66333999130520094  0.67384533221996168
  0.68440653177004029  0.69486142789908811  0.70527625867187260  0.71553358687180002
  0.72540464995189546  0.73414820379901824  0.74212230147615821  0.75041304519263818
  0.75916780505568315  0.76790214088065800  0.77629487243450812  0.78436328872243455
  0.79288384219644781  0.80259911144828089  0.81271105035284463  0.82226571654762348
  0.83188988867813063  0.84163082316374693  0.85159392279237200  0.86239642322897592
  0.87368669234909946  0.88464974043612954  0.89527411576834326  0.90620661648326239
  0.91757556830554732  0.92903953062245359  0.94057496884332359  0.95175952331370484
  0.96368654389524999  0.97582179128231261  0.98766128870440018  1.00000000000000000
 -0.00219243997655188  0.00872951782295135  0.01863659969297089  0.02936256886313681
  0.04008798022496925  0.04950894943452108  0.05951113147811799  0.07025860011280388
  0.08215516027299262  0.09427395849035672  0.10649738553580121  0.11797661741121085
  0.12929019931713218  0.14070333293438200  0.15167450365186860  0.16217235442475475
  0.17284701312517289  0.18389433620696322  0.19475957841144340  0.20512793537144466
  0.21489373645637855  0.22464071149124576  0.23447195470470442  0.24448889998139936
  0.25450640918486755  0.26421227124182661  0.27420133412283809  0.28483383462567025
  0.29508394025080059  0.30480770021616577  0.31389277427409562  0.32475327297294432
  0.33582749004527063  0.34694562847224153  0.35870832180584933  0.37036288613740420
  0.38151691654519077  0.39227992588925997  0.40253759481836004  0.41298175840258683
  0.42335555246819923  0.43343766642793352  0.44339380949401741  0.45305762527810201
  0.46254408330091867  0.47208773279500471  0.48193044386944117  0.49231346708655160
  0.50370442617349209  0.51518602844435646  0.52724746198853467  0.53909198104944756
  0.55161113765046688  0.56367387056179330  0.57550129452436360  0.58730625692565219
  0.59869333861242191  0.61012433565129753  0.62118459786069269  0.63191849387975019
  0.64214257920292861  0.65176581079856921  0.66152866823457068  0.67111055577628975
  0.67962695490647118  0.68778447213450022  0.69596601727402718  0.70455173971665697
  0.71434469301967929  0.72523953625306181  0.73512538030222441  0.74423373028738826
  0.75322031901278508  0.76233131763752571  0.77132894662830886  0.78026923155788364
  0.78960612235062289  0.79936775398864568  0.80957690643436542  0.81976728170065338
  0.83028931606451961  0.84107307240937390  0.85167593189546720  0.86292295822664167
  0.87474650692558609  0.88706832700874672  0.89911291605379595  0.91167462408776812
  0.92243980966868022  0.93275774948243773  0.94314909809409730  0.95357320630888920
  0.96455390997283164  0.97536226402353787  0.98744124327631644  1.00000000000000000
 -0.00237078275156169  0.00945352897547252  0.01893644361443694  0.02879863417462064
  0.03892758128296807  0.04926682474572110  0.06007795381373471  0.07161319099080353
  0.08319431402797636  0.09384441798469881  0.10411802225839301  0.11370530637450325
  0.12278036474426374  0.13167166207423378  0.14068515348833138  0.14991010028005647
  0.15925407351458989  0.16880732056811076  0.17820811160151451  0.18781200660926853
  0.19731065794844518  0.20658044379306637  0.21645605691680389  0.22676637097810923
  0.23741298446031228  0.24812245596761784  0.25877033829401008  0.26991688301328209
  0.28117008894884465  0.29276192256449529  0.30428167586452132  0.31553528371322936
  0.32700843722910999  0.33826483679262231  0.35001373744680375  0.36092343667648730
  0.37112676341035616  0.38103960941065329  0.39036172960386800  0.39981233049836035
  0.40942540158548191  0.41968750339344824  0.43187746053801646  0.44337026564808296
  0.45357504349672384  0.46380944341783209  0.47384273680087513  0.48338977144761291
  0.49267853024659841  0.50276333411226592  0.51410229833112298  0.52486022978152513
  0.53461516588945657  0.54532438025130769  0.55777053691952549  0.56991942518337668
  0.58139838773017871  0.59248652342973429  0.60309069995322895  0.61318923517601509
  0.62322070988597134  0.63402868741690510  0.64558191103577567  0.65705737113870399
  0.66844710245897498  0.68000824830264972  0.69108119047935868  0.70123150006161228
  0.71232181579977805  0.72464068651376412  0.73628382673416537  0.74783691949226094
  0.75762900367822195  0.76805042248075683  0.77758142611450143  0.78725153318792040
  0.79681170251851741  0.80694427393605683  0.81714620845410768  0.82777967642911376
  0.83878761584075401  0.85085970768817876  0.86244215368926669  0.87379161190447519
  0.88537618558197728  0.89726184721333702  0.90919433398273319  0.92021117845982914
  0.92980081435735606  0.93962145977999278  0.94972213589618348  0.95980324963663455
  0.96911445970391574  0.97835609241339161  0.98855208711601161  1.00000000000000000
 -0.00284326347716300  0.01175428624483204  0.02364753134810399  0.03513701452499145
  0.04736288697525228  0.06001303140241056  0.07117379716073528  0.08172087085330659
  0.09206140321960930  0.10283973580779060  0.11301688088533576  0.12272043711725777
  0.13286940910835882  0.14328072965483912  0.15375545835834353  0.16443840771162985
  0.17575639566122409  0.18760203327292466  0.19937175067209459  0.21054652760923540
  0.22145752911783811  0.23227684143248925  0.24324310610599731  0.25458012242488565
  0.26593763074924315  0.27756987999659449  0.28931976586453101  0.30091524367739386
  0.31189894618725750  0.32226414723247038  0.33257254028937860  0.34252620118649102
  0.35252438443320472  0.36260894811274402  0.37294967118702993  0.38396095143058651
  0.39512762109940275  0.40599320869417510  0.41652310459466635  0.42743331318233324
  0.43826439389488192  0.44821312144941367  0.45749812822030134  0.46628329585021439
  0.47528250912805103  0.48487060030994805  0.49444299699797017  0.50382225355288179
  0.51274494356410394  0.52188303376810630  0.53149884482853338  0.54112866833477768
  0.55048693535351423  0.55988758797786520  0.56949583650647373  0.57905139709912801
  0.58868339652495438  0.59852711628773680  0.60880720802206367  0.61880546721701724
  0.62970564783694649  0.64128751491530778  0.65301198353096268  0.66448344002129778
  0.67536862038860523  0.68611807800837366  0.69739857327442678  0.70872608430565032
  0.71908053930069804  0.72936485964300068  0.73999373919639910  0.75012919666347511
  0.75939914131888553  0.76856785759316815  0.77914463478024054  0.79068609425464054
  0.80182261603273941  0.81229892688837535  0.82253941781202111  0.83292950199227989
  0.84334116852020635  0.85351900678278492  0.86336786526254505  0.87357177641963080
  0.88383455379951381  0.89427080835544481  0.90470333766998134  0.91537452424363497
  0.92664942153796925  0.93786644188545465  0.94810191560055557  0.95850684347608617
  0.96907939159142087  0.98006678503810840  0.99009635914437766  1.00000000000000000
   2.4946920986468461E-013  -1.0000000000000000     
 F F F F F F F F F F F F F F F F F F F F F F F F F F F F F F F F F F F F F F F F F F F F F F F F F F F F F F F F F F F F F F F F F F F F F F F F F F F F F F F F F F F F F F F F F F F F F F F F F F F F F F F F F F F F F F F F F F F F F F F F F F F F F F F F
  <DiscreteSampler_grid>
  grouped_processes
  1 # 1 for a reference and 2 for a running grid.
  10 # Attribute 'min_bin_probing_points' of the grid.
  1 # Attribute 'grid_mode' of the grid. 1=='default',2=='initialization'
  0.0000000000000000 # Attribute 'small_contrib_threshold' of the grid.
  0.5000000000000000 # Attribute 'damping_power' of the grid.
 # binID   n_entries weight   weight_sqr   abs_weight
    25   10   1.327856924730195E-007   4.907300819086818E-014   1.327856924730195E-007
    28   10   2.872828721280013E-007   1.649242011666791E-013   2.872828721280013E-007
  </DiscreteSampler_grid>
