 -0.00000000399852269  0.00000164518091494  0.00001241804671326  0.00003481053108409
  0.00006852689412534  0.00011352887294092  0.00016897039480614  0.00023516465111753
  0.00031015834909490  0.00039119596150542  0.00047732899690692  0.00057159163799852
  0.00066677567887450  0.00076363827784513  0.00086274821947111  0.00096332754818768
  0.00107228344687571  0.00118980983141468  0.00130456654105767  0.00143548393354495
  0.00156238270170647  0.00169001839448856  0.00182417957725656  0.00196595681488962
  0.00210653403153903  0.00224969310503757  0.00240817861559669  0.00257050929519876
  0.00272948219568240  0.00288393349307296  0.00304449550778671  0.00321473473841688
  0.00338843163449085  0.00356180180631597  0.00373631659402559  0.00391482943677354
  0.00410165361062625  0.00428864253312823  0.00447485068129014  0.00465761666386790
  0.00484143584758217  0.00503058804058735  0.00522447383410465  0.00541954312381498
  0.00561434661261698  0.00581018771490740  0.00600992215282700  0.00620972510987216
  0.00640678317050784  0.00660037638755136  0.00679031032828733  0.00697975033846850
  0.00716971978282514  0.00736402527859655  0.00756026806458093  0.00775416088352363
  0.00794205314523751  0.00812326891241915  0.00829937419805483  0.00848029298804474
  0.00866311770712692  0.00884706010366275  0.00903572592042059  0.00921853270994149
  0.00939954003534580  0.00957537317728458  0.00974699624797482  0.00991811175063440
  0.01009130383370995  0.01026519936503006  0.01043533316648882  0.01060097416843176
  0.01076419442321517  0.01092774463009956  0.01109277982709245  0.01127005704976865
  0.01147408169219171  0.01168178157682305  0.01189698723343143  0.01212049380795696
  0.01235262073723959  0.01261094862165962  0.01289262714776094  0.01320512310586119
  0.01357827595537249  0.01413768363911945  0.01528686414230233  0.01677659319986234
  0.01790848040850631  0.01884338392126125  0.02072967925478431  0.02266018439378294
  0.02554692786236715  0.03165263709889091  0.05060364244945249  1.00000000000000000
  0.00960926207580299  0.01559169880678352  0.02521124033430867  0.03648611302983883
  0.04783328654413972  0.05918318823832006  0.07025548515591049  0.08148513458277089
  0.09301579051989890  0.10476423560173607  0.11598660589017830  0.12716204071570411
  0.13841748317781363  0.14928690673885003  0.15969022072245323  0.16972426407918170
  0.18002295066877300  0.19067012624979432  0.20192525796944016  0.21364295715482590
  0.22625730553724308  0.23875151483372539  0.25076101596578976  0.26262709674244999
  0.27393835880849443  0.28475236936428805  0.29556247476025155  0.30608300917619369
  0.31708143660655380  0.32877166319496459  0.34002813773260188  0.35097187357432635
  0.36089060856608296  0.37057595641388458  0.38020947803372496  0.38985242129308012
  0.39997304743673956  0.41037821761310639  0.42041717434725412  0.42977245070534131
  0.43895628617384574  0.44803535651013277  0.45749944212059357  0.46708050904367304
  0.47658039281744041  0.48659717596431229  0.49660117548986094  0.50660352799030783
  0.51676031607546213  0.52668100214993341  0.53670762289361817  0.54690513743906644
  0.55713841686467624  0.56696949653476658  0.57691810301562385  0.58709119280193212
  0.59780297948337213  0.60810950074746750  0.61790702777286466  0.62727117135964650
  0.63616038135807784  0.64519352092559479  0.65455140942896595  0.66410297622235015
  0.67401993708148489  0.68459154607866812  0.69625031792736281  0.70802593559374571
  0.71881517956784380  0.72956736846768577  0.74052581855653654  0.75124336690725058
  0.76106052810305491  0.77062040441870272  0.78046215076538739  0.79059344945790577
  0.80064645473185858  0.81104231523121351  0.82172428214879012  0.83223845566167820
  0.84258385055077878  0.85339368368972945  0.86471041261085324  0.87610214158067723
  0.88676422524882192  0.89714524161109732  0.90735415777700779  0.91751854743492123
  0.92767400718625759  0.93784927769370574  0.94818656993681671  0.95886625556162963
  0.96984604491662163  0.98055003208918767  0.99045231934370093  1.00000000000000000
 -0.00002016315946730  0.00023708572174425  0.00071350873386839  0.00151115761228690
  0.00254915816002623  0.00386714780485503  0.00547210425370828  0.00740531157510901
  0.00950796022725116  0.01187431559034110  0.01443111385397256  0.01716993803643074
  0.02013381304404322  0.02356637051245506  0.02703933929499922  0.03074942128755456
  0.03465246328779837  0.03874489702265970  0.04289205784184892  0.04711019327751637
  0.05138209083685079  0.05581058816902885  0.06045230698555849  0.06518469983949646
  0.06995652878552913  0.07479744472442922  0.07967877315141048  0.08472367126712575
  0.08999627825927260  0.09564946777207961  0.10190409823760355  0.10787454295327085
  0.11362212533037575  0.11944758189062582  0.12533505137174678  0.13147899256905271
  0.13788333322685101  0.14449987914711582  0.15143766087061028  0.15860008887253524
  0.16612652377746040  0.17385339017445506  0.18151418571868300  0.18915110465293386
  0.19705826384193634  0.20563604884228165  0.21461666556355360  0.22373849018647882
  0.23295095212864739  0.24221690982607674  0.25199047955448683  0.26198061922836491
  0.27225886639773422  0.28305569331166747  0.29433847991311324  0.30555431452048387
  0.31734827541525445  0.32922729648220278  0.34099011996828887  0.35269827952653432
  0.36454441830610140  0.37666513676419161  0.38897304778935976  0.40201036910832849
  0.41518634131284315  0.42879720166230639  0.44300347523990630  0.45732204061668807
  0.47167160535143487  0.48713865780005683  0.50270374031857556  0.51781718443263114
  0.53378701373510251  0.55023092778641070  0.56688965610600750  0.58372618486188343
  0.60087048108767138  0.61781662652662184  0.63469346633940527  0.65177486718236899
  0.66920045976420328  0.68684420417730518  0.70448185781225281  0.72208378657303229
  0.74090474346570578  0.76019407209862344  0.77984454034087725  0.79999029922870102
  0.82072688027876795  0.84194118823136199  0.86475175967737705  0.88716417243922197
  0.91011946792362819  0.93447119431774550  0.95911481144217903  1.00000000000000000
 -0.00217209191369310  0.00871363073442575  0.01798851015150591  0.02815681358731498
  0.03807332689408603  0.04803368045336431  0.05872578434791212  0.07113754251815507
  0.08411197653071160  0.09578822444396259  0.10671022266219658  0.11756646406042291
  0.12864307729193594  0.14021701530308792  0.15215214226831195  0.16417563779386185
  0.17662039598172721  0.18900251504731072  0.20140700704469419  0.21282694507510413
  0.22315812724740702  0.23331475319738756  0.24353752638315107  0.25419589971335138
  0.26502743435615989  0.27651598687667628  0.28917445026809685  0.30150336669080119
  0.31343430466500011  0.32466393484227274  0.33567327110578188  0.34614055671059984
  0.35617474985966485  0.36590371535425564  0.37574686580149225  0.38579017932165161
  0.39602260735921974  0.40626795087745921  0.41665514113218133  0.42732994388386114
  0.43838032560091905  0.44953005832578313  0.46069805375631012  0.47166786826290108
  0.48227050663723253  0.49279032494634639  0.50333026906764589  0.51401987347100231
  0.52494494921395951  0.53610386857369441  0.54689246552813042  0.55719216854934306
  0.56718294671569580  0.57633112729903024  0.58538609139411346  0.59452989644339416
  0.60376551003463408  0.61278547322515331  0.62149188749445028  0.63123916141463965
  0.64171611665537909  0.65261874111882279  0.66337857917236009  0.67326567217432087
  0.68300947591074213  0.69281747517442760  0.70264314688359342  0.71269385735526902
  0.72309811793745438  0.73409654615844966  0.74528385760870031  0.75628375605258036
  0.76733147064922858  0.77836553466433234  0.78907203636880285  0.79922856381721952
  0.80912929668592148  0.81921178307023290  0.82944008024913118  0.83954116340221563
  0.84947074952774226  0.85937823364991406  0.86919533222151335  0.87879803104263254
  0.88851406040640690  0.89854271220324700  0.90873200469378101  0.91915456272032148
  0.93006398523165212  0.94096329835818449  0.95091993345056525  0.96084337705581013
  0.97084474624608652  0.98079770809407552  0.99012318114042219  1.00000000000000000
 -0.00253573961016702  0.00955022262919653  0.01992128817318534  0.03103875190716763
  0.04222734565372200  0.05359175650564184  0.06454838703847188  0.07543317938725747
  0.08563671698444596  0.09527713549585536  0.10481068723464056  0.11415338088814990
  0.12357917911496806  0.13248948985078690  0.14170416860719712  0.15147477364629480
  0.16176524645306933  0.17184424843805612  0.18187180751760471  0.19198852581388823
  0.20241114466984297  0.21218399515033734  0.22176970744989316  0.23133219530537366
  0.24200503445911017  0.25280025700555947  0.26380658010859026  0.27438337917719852
  0.28449587362363205  0.29420563520008025  0.30439343261705404  0.31493338032367418
  0.32577462317800326  0.33615667433524082  0.34637622788087236  0.35692375339125354
  0.36792469922467969  0.37875923991726879  0.39014078690978765  0.40122589198412634
  0.41315743457597792  0.42487030761853489  0.43724181086883279  0.44872147521593231
  0.46026942351011346  0.47119389093427905  0.48200586181564115  0.49179012445677206
  0.50181241009439725  0.51123446419705620  0.52089764520010751  0.53052982812306282
  0.54033575003951417  0.55049152380767985  0.56142170352827947  0.57267655214306346
  0.58472077646271314  0.59594838764241453  0.60712890092727367  0.61746162977332419
  0.62747948990028035  0.63739217888240995  0.64706434773202437  0.65671779337523428
  0.66619333312114137  0.67714219300154954  0.68789599731992601  0.69863850159759522
  0.70924640107068160  0.71994138292415988  0.73074893519824158  0.74235273310066119
  0.75320424498711813  0.76337015672418995  0.77340072019396633  0.78376034601024058
  0.79402861688594151  0.80407693406963776  0.81479017266671960  0.82675899051383528
  0.83931244675229277  0.85132777879732791  0.86328534282754610  0.87415528725162517
  0.88428653338043606  0.89416075902799175  0.90463031598920673  0.91544118184647727
  0.92696128837883618  0.93848095910263152  0.94873609688161009  0.95919840850790006
  0.96973482471490746  0.98032691928191928  0.99027286489604516  1.00000000000000000
 -0.00253515627906687  0.00944651213355093  0.02003758824113857  0.03044380828902369
  0.04113627457752624  0.05202372142234109  0.06313460026039661  0.07407472025569904
  0.08517863129250436  0.09613549419939772  0.10726602472351279  0.11866989825925822
  0.13038145751241237  0.14224842573641003  0.15371128045962479  0.16503541046232356
  0.17600049179242716  0.18674186546999100  0.19765521216236007  0.20850795185344617
  0.21937528981849910  0.23044424446124590  0.24209527860791411  0.25414903098778241
  0.26603122065549273  0.27789203453795058  0.28965566908418511  0.30080033891424962
  0.31166541363177885  0.32198699725830682  0.33253385866150831  0.34342416397104886
  0.35424928959088331  0.36502312708152429  0.37568573874448480  0.38664835725443031
  0.39761390512776945  0.40861621706682277  0.41965234449601369  0.43085697735060230
  0.44212820951289084  0.45371749010049023  0.46498200959619157  0.47620527473235319
  0.48650688594283781  0.49696001967060999  0.50739733843254586  0.51763830721569548
  0.52802945662663980  0.53845446679423026  0.54889697791161440  0.55930552394383060
  0.56906931526654336  0.57872644668152717  0.58843164389704206  0.59849702071753685
  0.60808574359273038  0.61726650597888733  0.62645565116050761  0.63570403781717655
  0.64467986569645686  0.65363591571361346  0.66298474762492055  0.67254952235963683
  0.68202429038826551  0.69144327030578101  0.70089972223059827  0.71074018850521792
  0.72114940298419417  0.73232166132697030  0.74438346157887569  0.75630196356372459
  0.76712280603848970  0.77822583649339183  0.78893497945481006  0.79920887451175360
  0.80888459041284000  0.81854059049952421  0.82818100295264940  0.83780228314807181
  0.84752064707225494  0.85748903839663559  0.86782191710967593  0.87794569696373803
  0.88747000746740845  0.89686514420578856  0.90636048574586880  0.91592417757429212
  0.92574075137206002  0.93537393557679549  0.94625766490921648  0.95739720988640509
  0.96807532203691982  0.97858730126154392  0.98927034145083603  1.00000000000000000
 -0.00261914104482637  0.00998049152097120  0.02067580959108111  0.03048724582309581
  0.04005872132559258  0.04981073997668406  0.05986415905222255  0.07020420372722783
  0.08101042292139847  0.09267862768723178  0.10475710429903369  0.11653995983381563
  0.12804930566108716  0.13887730950826335  0.14982512685314939  0.16137297536580292
  0.17237828213238843  0.18326686924579205  0.19373057911153496  0.20367063769302238
  0.21348696935125352  0.22338832183736798  0.23400722166926421  0.24547424122154329
  0.25746995183945826  0.26957251874945048  0.28156511955233632  0.29270782521807848
  0.30283593414282411  0.31245154960179394  0.32206420207615688  0.33201175675520533
  0.34247388392432399  0.35320889438477804  0.36398694992172476  0.37446182589718291
  0.38488953207436333  0.39532861296363608  0.40576637863342913  0.41625647321453491
  0.42680455910533022  0.43743853724877957  0.44817731888020507  0.45875034603841808
  0.46881662364421661  0.47883717729089154  0.48859472871644205  0.49850783064357224
  0.50793164151196901  0.51743179907438908  0.52769318272067778  0.53809004814255468
  0.54791482108002465  0.55763187214947263  0.56793827041146738  0.57852511620371205
  0.58913588662008598  0.59958631207137436  0.61060598118649556  0.62197864113052548
  0.63285659983817721  0.64303713710477273  0.65306563866917799  0.66299079076305678
  0.67306951770329837  0.68307982929510047  0.69360432144600848  0.70458661260299726
  0.71503150250027525  0.72584915207746581  0.73551188924463673  0.74546162952925343
  0.75551187318293789  0.76576757434369913  0.77593078632533086  0.78605152262501454
  0.79672596439769561  0.80897808327895271  0.81993996943315828  0.83034956808518767
  0.84064443509217668  0.85106898786423602  0.86168054905093161  0.87219931698935516
  0.88311341821622635  0.89438650704811107  0.90520689642586616  0.91641169967353042
  0.92679019161857257  0.93707646923178467  0.94677956626132298  0.95682249360948990
  0.96787051462446816  0.97857677701545165  0.98941388220611337  1.00000000000000000
 -0.00283026013575866  0.01045156021981272  0.02172947397610438  0.03260841698779542
  0.04362155041783638  0.05468761892099550  0.06556840965076025  0.07621284885774024
  0.08739880807214385  0.09917060133183933  0.11089784652681826  0.12252960712600079
  0.13240927741829608  0.14199012651980270  0.15139010813362058  0.16128555383760954
  0.17081756847766538  0.17972101199269386  0.18846748808338223  0.19882149839733942
  0.20944790460876148  0.21974735912786483  0.22996200199275152  0.24061803440247947
  0.25169969234574519  0.26426319387933978  0.27684247481311935  0.28898305450318668
  0.30103378849555296  0.31249615154156557  0.32362807550391787  0.33426235751241895
  0.34426711486498401  0.35388256311834149  0.36337174260151872  0.37293360981394807
  0.38303342805805501  0.39313461073495931  0.40395147213865057  0.41533714187841658
  0.42693040643045760  0.43861275865553723  0.45061260722584889  0.46185127975996787
  0.47232274799806029  0.48258643868497719  0.49281737581245733  0.50271630407379531
  0.51244158636754444  0.52244658932491328  0.53389517570156664  0.54491073218878983
  0.55498597139795669  0.56507905517595225  0.57498264116023323  0.58475004799809738
  0.59334024309619660  0.60191547943422574  0.61128708642981266  0.62142463839187945
  0.63157619798911613  0.64203874035842068  0.65335699218541143  0.66565223146070340
  0.67759988220567247  0.68932524987989929  0.70085069536917710  0.71173218820319673
  0.72226523914530527  0.73284307774211233  0.74349765054709405  0.75427756577900640
  0.76486595184899631  0.77538155483417104  0.78597777090487619  0.79668108818783656
  0.80772069932057644  0.81871785550754450  0.82945077371478426  0.83997086933195975
  0.85068872682288366  0.86146133221383181  0.87258613275488350  0.88199615095312955
  0.89127807972644835  0.90018170324464308  0.90887940050284599  0.91794179060222969
  0.92674195163436757  0.93512867915014608  0.94436288007799052  0.95450584761463242
  0.96498933453911306  0.97611058876653212  0.98763375711583767  1.00000000000000000
   1.3540038924179493E-012  -1.0000000000000000     
 F F F F F F F F F F F F F F F F F F F F F F F F F F F F F F F F F F F F F F F F F F F F F F F F F F F F F F F F F F F F F F F F F F F F F F F F F F F F F F F F F F F F F F F F F F F F F F F F F F F F F F F F F F F F F F F F F F F F F F F F F F F F F F F F
  <DiscreteSampler_grid>
  grouped_processes
  1 # 1 for a reference and 2 for a running grid.
  10 # Attribute 'min_bin_probing_points' of the grid.
  1 # Attribute 'grid_mode' of the grid. 1=='default',2=='initialization'
  0.0000000000000000 # Attribute 'small_contrib_threshold' of the grid.
  0.5000000000000000 # Attribute 'damping_power' of the grid.
 # binID   n_entries weight   weight_sqr   abs_weight
    19   10   9.583482032899818E-006   3.211160181281095E-010   9.583482032899818E-006
    22   10   1.923998254080490E-005   5.570372692412905E-010   1.923998254080490E-005
  </DiscreteSampler_grid>
