 -0.00000000730040975  0.00000557546291815  0.00004082842548435  0.00012215810331326
  0.00024557920135311  0.00041298923062942  0.00063222094834416  0.00089292316192264
  0.00118678481799119  0.00150668823886947  0.00185060440427047  0.00220292817144620
  0.00260886224913081  0.00304236625469587  0.00349723637740778  0.00394936120236267
  0.00443031034510960  0.00493785597082540  0.00550482400168619  0.00613972362828133
  0.00685779531600603  0.00777595510183967  0.00872193968625206  0.00972882331890777
  0.01112020434166082  0.01212757686612455  0.01269623681343715  0.01310516048156690
  0.01344069778433060  0.01373694916083235  0.01400798348596681  0.01425033890965608
  0.01448751257824137  0.01472315937350158  0.01496043084224152  0.01519307333138386
  0.01542575464797555  0.01565667907453825  0.01588277399781580  0.01612132345497857
  0.01636148927576988  0.01660650070115799  0.01686506543532503  0.01712598855466318
  0.01739047152869582  0.01765765274525445  0.01792662045636897  0.01819869537968932
  0.01848848776426518  0.01878653675685621  0.01911317133528850  0.01948254379804241
  0.01986018065630780  0.02022317898584708  0.02058607849644997  0.02095569416591279
  0.02133349097534338  0.02171793705733076  0.02210591632381897  0.02251835980516704
  0.02293647247597809  0.02334838546187277  0.02375891507608267  0.02418835473596850
  0.02465788233238457  0.02518279971800095  0.02575464382451616  0.02636054247664316
  0.02698440457864697  0.02760484506168168  0.02822143288615484  0.02885552676879270
  0.02950369760302772  0.03015225775331849  0.03078671257793844  0.03147862345856627
  0.03218321660817102  0.03302213510297126  0.03394674612259446  0.03488576161963840
  0.03583805296589006  0.03685167447654931  0.03791850667757465  0.03900572793861576
  0.04012630927678931  0.04142550033314862  0.04301660434405533  0.04479049239713030
  0.04674447713432823  0.04914710515970667  0.05175035888810796  0.05538226377674613
  0.06068752068071474  0.07103012769121653  0.11513782476837149  1.00000000000000000
  0.00904113686652647  0.01746504517865384  0.03041978563234948  0.04359962359803757
  0.05584989263000700  0.06725821035569216  0.07892595748299386  0.08801286862656862
  0.09692621391142693  0.10649546799766475  0.11615784662675042  0.12607374509791233
  0.13595185629351772  0.14648156161797957  0.15838405963231475  0.17028254715973465
  0.18008667392257274  0.19030478365624490  0.20071937690319233  0.21114586602168375
  0.22164030628013445  0.23279311531767288  0.24462959971300102  0.25701374694746004
  0.26962733126996147  0.28204386769960343  0.29493565396369203  0.30841155909835927
  0.32161224516344372  0.33384744671997352  0.34470450649068995  0.35442799935588754
  0.36403648820530826  0.37365787385387916  0.38275341703604160  0.39313192683238912
  0.40407002702181255  0.41474144310439043  0.42489811811987649  0.43578531072896737
  0.44597938935646569  0.45607006356367630  0.46625535363167314  0.47653396351654104
  0.48677980821634681  0.49711802439930330  0.50865203078913124  0.52136822306226283
  0.53412453733923992  0.54536210501821558  0.55368334711561507  0.56238348142235761
  0.57145173019315965  0.58116222980764221  0.59045634636104438  0.59882934893019213
  0.60655433247179813  0.61404029912313240  0.62174484418756404  0.62971072600248534
  0.63781767171498494  0.64610623274819023  0.65544875356022758  0.66465521591899424
  0.67369771923215871  0.68271659405031893  0.69267459609569515  0.70292695581196529
  0.71313684632196594  0.72304816123142346  0.73355252562922657  0.74645467716204372
  0.75897708114337226  0.77079435472534263  0.78439329680159697  0.79681173182815068
  0.80825097448267180  0.81957386030191037  0.83017203184366906  0.84064387860455259
  0.85080260956492715  0.86132997044271664  0.87161293939583973  0.88254361057176001
  0.89357866685146581  0.90431421507613752  0.91501253921401948  0.92617511120411078
  0.93713350923927896  0.94645123804108500  0.95559490002775171  0.96469903573500526
  0.97431029431052008  0.98350531374222816  0.99081120858865435  1.00000000000000000
 -0.00002182524385750  0.00025960265328892  0.00075273091701206  0.00162479039436085
  0.00273154216053048  0.00412839084530431  0.00601498105513928  0.00804120527921967
  0.01021234400637312  0.01254092980608100  0.01502351250347657  0.01744808287506958
  0.02016568090667983  0.02352566917904794  0.02690098886882404  0.03035883126979284
  0.03417861001386557  0.03825096162604060  0.04246074602718717  0.04685930319821352
  0.05149914473252631  0.05623368738614213  0.06087697899304067  0.06543052172990893
  0.07032909940713544  0.07530056773789873  0.08070416019208147  0.08618094820782554
  0.09204996436297457  0.09801174566822105  0.10416727943622908  0.11048334383275865
  0.11681494814615635  0.12303292803396020  0.12927362424184421  0.13577052658817629
  0.14259373820530272  0.14977374446452804  0.15699179224346593  0.16453605463891888
  0.17349014113582020  0.18164217627627718  0.18966613189132567  0.19784116184265191
  0.20640901729815028  0.21538222093708839  0.22435078338392425  0.23368419360999171
  0.24309842119009831  0.25212588525489016  0.26166865495156283  0.27125376354307262
  0.28064565834494659  0.29033457226716214  0.30065859661839966  0.31118501646412627
  0.32171887940992222  0.33206807213306905  0.34211395861979366  0.35266116598679914
  0.36371512452359844  0.37517845943677874  0.38756864409788633  0.40084021021832444
  0.41447778541112540  0.42857495172390919  0.44287750067290305  0.45769173636116811
  0.47252393260205472  0.48827804853756063  0.50409009941139682  0.51931420313038856
  0.53420448631558159  0.54881219585473984  0.56376067937519292  0.57875149299139106
  0.59361899541928453  0.60832130266764073  0.62298413338442826  0.63789123726268937
  0.65323403110069100  0.66901523121409967  0.68470798784930942  0.70046004519796823
  0.71665678563097468  0.73333680880887842  0.75084005179857605  0.76942897489065698
  0.78693638581179082  0.80508678846389592  0.82390948490564275  0.84350381992343815
  0.86346186706931871  0.88209125220501738  0.89596096932072189  1.00000000000000000
 -0.00232034458927773  0.01045338869389183  0.02079770940195366  0.03073827896130885
  0.04048299244569552  0.05060340935364527  0.06153237162070729  0.07330103342029683
  0.08545489217418931  0.09735732958826622  0.10881480452962861  0.11996959177669884
  0.13151041335677635  0.14393842421554770  0.15680099192833927  0.16944526929444170
  0.18137478542008628  0.19240291008791693  0.20244692640295830  0.21145385757426871
  0.21963599878770898  0.22805499838887780  0.23633393461794522  0.24449528854782424
  0.25305138486098577  0.26193453165447406  0.27158817084550030  0.28400438367518044
  0.29834145627792624  0.31194818838926092  0.32370898987817454  0.33577506420611808
  0.34766236355179214  0.35903959281465309  0.36993080116226473  0.38034694716387318
  0.39067138345920055  0.40106719720904921  0.41162962079815946  0.42248642003532738
  0.43374840296037304  0.44488574442949957  0.45606366485677441  0.46728902190994731
  0.47771713139327315  0.48836332709242214  0.49918785865814963  0.51128868460535004
  0.52363533550681607  0.53522986867450983  0.54627809702821051  0.55654119068550989
  0.56672549107307268  0.57645189678466313  0.58581237613472459  0.59486268273193954
  0.60388392371902011  0.61299433737013398  0.62235360159511210  0.63229487785990679
  0.64256715233917605  0.65204789870303415  0.66163989197176765  0.67178173863612245
  0.68198960988788837  0.69148006907257131  0.70050400328976603  0.70982180793436245
  0.71887815245843623  0.72832597330385485  0.73672587004676193  0.74540260941507386
  0.75406722643469892  0.76368001911837446  0.77330828522402195  0.78372269144967688
  0.79421131032375902  0.80471225281588121  0.81499951420987427  0.82516163655209707
  0.83571775614774368  0.84647344611973308  0.85734289277537512  0.86779449131476405
  0.87800357941818330  0.88791758257955167  0.89746270945479489  0.90693405797655202
  0.91674891557331817  0.92731549591010787  0.93826088394463592  0.94954619618632841
  0.96121062979728877  0.97332521074384981  0.98613334693816002  1.00000000000000000
 -0.00265322377023625  0.00970971086457001  0.02022979406439336  0.03011668599068558
  0.04028604570960137  0.04976868137538445  0.05910448661946403  0.06747426915799819
  0.07568153243774010  0.08374155524689626  0.09165497447063628  0.09957527630793810
  0.10818225978530950  0.11739780323945952  0.12659748858628292  0.13882511637510045
  0.15133009121291369  0.16451471827779482  0.17803576088708942  0.18999546643073512
  0.19998571288497360  0.20958411197944038  0.21905396132336788  0.22829466545075713
  0.23733154268667397  0.24645212878393494  0.25698791534259929  0.26863478179831574
  0.27992420860474004  0.29071994419354052  0.29982236466761059  0.30838527538909194
  0.31714834419077620  0.32622960980050719  0.33575616674450187  0.34538700907435421
  0.35556386828303993  0.36652046240832881  0.37791355656682568  0.38931483628467367
  0.40019159516505148  0.41112690744327551  0.42261234499190692  0.43500290296072236
  0.44688314637586840  0.45748600084779750  0.46729137274633065  0.47696184112985524
  0.48670469390849347  0.49686789981250151  0.50722285848766679  0.51692822785304571
  0.52741662148673707  0.53823598284910945  0.54911889152412496  0.55947243372308098
  0.56899804762044071  0.57868392213648334  0.58921270742620935  0.59975187291027265
  0.60979633096677943  0.61996659690498024  0.63329064466939111  0.64726021185647309
  0.66027542416936813  0.67215183059466899  0.68373419598523288  0.69508607687462365
  0.70628580691832910  0.71808967459296058  0.73052353412658466  0.74333792251496678
  0.75494590944100881  0.76509011475412847  0.77494772394935174  0.78476343451159758
  0.79463041920120858  0.80426753731067924  0.81403642288213240  0.82394540446514741
  0.83421642017442865  0.84474052309535430  0.85517899909136963  0.86565653918318841
  0.87635856772163956  0.88717453005951308  0.89797115705263975  0.90858667833830287
  0.91907403447518976  0.92963122101501783  0.94053333358528834  0.95189581691805591
  0.96371927062911578  0.97564141470591392  0.98740087164614210  1.00000000000000000
 -0.00363401755120893  0.01278764247971887  0.02476537928120398  0.03566520291125567
  0.04616964810167986  0.05660546885465936  0.06717415830951173  0.07773963194260251
  0.08873805409410980  0.10038668472835702  0.11179954900657016  0.12303331770842221
  0.13390508657683362  0.14513044111015549  0.15680814262790779  0.16791188416205879
  0.17842830708323063  0.18885215719274337  0.19988108951080308  0.20994462955256332
  0.21830047763543700  0.22615961881537883  0.23398557888651664  0.24186094714991599
  0.24969709284323438  0.25757913973663094  0.26571615959821882  0.27463922306961608
  0.28378570038196982  0.29275289324714965  0.30249197278296686  0.31275429469865434
  0.32309596946415725  0.33364400123140542  0.34444188962970906  0.35530938836204579
  0.36643201822672716  0.37801715876602970  0.38943773722135028  0.39983129298576203
  0.40977439554007122  0.42040381343688082  0.43096716629663301  0.44203761696094013
  0.45318795225736619  0.46497930951923155  0.47657588595070527  0.48691491998256453
  0.49691184244106595  0.50607708036672505  0.51503032855178210  0.52393684547952757
  0.53290070785194954  0.54150320477559177  0.55044280529031464  0.55965552949383002
  0.57001620651541862  0.58210816469553550  0.59543080857782971  0.61036906672632973
  0.62424375625018735  0.63694619477269643  0.64901733460713940  0.66099122942428856
  0.67268545521039602  0.68404805095032761  0.69455875503917264  0.70485890344793289
  0.71486261235332915  0.72469499737965370  0.73459496107576239  0.74496475767118664
  0.75650683622279036  0.76882395864633413  0.78032220171730671  0.79159577021367911
  0.80298533252799686  0.81428805490684586  0.82481381046292224  0.83613545418508661
  0.84818888333534459  0.85929553049078278  0.87009424695739812  0.88123939839783960
  0.89219387557588614  0.90244762510789556  0.91244690141183127  0.92247685617694930
  0.93260996200465440  0.94252395797607025  0.95219439677607831  0.96171722108227453
  0.97119961576683778  0.98083998483594548  0.99058934004096677  1.00000000000000000
 -0.00256053050788237  0.00880516164615820  0.01783046123128152  0.02775548263528112
  0.03781992972410974  0.04800080361186503  0.05854739229520167  0.06876697892744936
  0.07865746859817013  0.08863788434305103  0.09913951708344036  0.10968943824569063
  0.12011686685254626  0.13013882376221914  0.14010697384958298  0.15016756853573346
  0.16043490840023958  0.17059355977300408  0.17989492667504933  0.18979550698137823
  0.20041655177017700  0.21122635459929895  0.22147811435107451  0.23215107347814054
  0.24330307471242085  0.25475891479227863  0.26628479600776939  0.27695472978347813
  0.28710586536701271  0.29840435545628841  0.31057353249244496  0.32202886289547561
  0.33328036874989825  0.34429621324135684  0.35531572830445152  0.36535820169279171
  0.37499563171047168  0.38452126419650140  0.39443458610208199  0.40299333068781579
  0.41136153051372087  0.41999816171859228  0.42894385342930386  0.43801122576651957
  0.44711642012764435  0.45507428294263408  0.46643456868156452  0.47937842211405268
  0.49161085236153435  0.50413008013060256  0.51694149895017083  0.52962644479833310
  0.54195115350892820  0.55429459783705581  0.56588728722197967  0.57716313417557552
  0.58815201527367611  0.59951028587057487  0.61070073385212087  0.62178738297056935
  0.63264036857345818  0.64278522044430397  0.65331330434725499  0.66452904434406512
  0.67699935631314967  0.68926175926996924  0.70039579256497753  0.71125324151958524
  0.72215366604296349  0.73264661706444001  0.74269009919312556  0.75313397186673936
  0.76472468802444049  0.77606241885335914  0.78556965932381739  0.79591259680850734
  0.80606972288019341  0.81607744723010611  0.82576714860941525  0.83676318127277605
  0.84972051165492790  0.86337388180066843  0.87657932724830068  0.88928850244816948
  0.90047286116452296  0.90978538730864034  0.91941353591355723  0.92909145851282759
  0.93837517022450978  0.94711047895770895  0.95572074120223538  0.96480918947238825
  0.97413865440263625  0.98290822211636653  0.99111590357600621  1.00000000000000000
 -0.00279731057851470  0.00959452058830337  0.02082229298682903  0.03120681960517473
  0.04175007152675667  0.05219636491995647  0.06185203070859695  0.07088444650385316
  0.07978999617569568  0.08885079661776207  0.09780531172146478  0.10668925018955480
  0.11605612935403525  0.12546560060109430  0.13412168825763005  0.14266421190010911
  0.15214168585791893  0.16213961198470886  0.17153030944759498  0.18034342111834656
  0.19004897566744094  0.20099170206382858  0.21168477270651062  0.22194552772880891
  0.23195620267908892  0.24131781437294891  0.25081562559012471  0.25980783357797249
  0.26845673280971666  0.27717543737798922  0.28610752634799314  0.29557196450833456
  0.30576844367887335  0.31582201748184857  0.32580190237773549  0.33657250579938186
  0.34743871286760358  0.35902194188026160  0.37109103133352067  0.38410733164982069
  0.39747324352671887  0.41043109229495445  0.42301606363199212  0.43502637756885798
  0.44676766729771450  0.45866532947190108  0.47052655859229031  0.48228853917831405
  0.49439998424819204  0.50538123008260771  0.51468395185689719  0.52398898085981904
  0.53375960955879964  0.54396586222514898  0.55418975577715446  0.56481190236127499
  0.57647331032571592  0.58869704446179938  0.60042927392379808  0.61165063779845652
  0.62191659301558910  0.63221270562416232  0.64227960756356373  0.65252615663223856
  0.66278853579216113  0.67341389255747386  0.68421021876320920  0.69500199820462205
  0.70614490861856138  0.71824251515871462  0.73096220774867893  0.74265035308989102
  0.75469892544521389  0.76774212022852728  0.77955863679443393  0.79175238448855256
  0.80422051575116982  0.81498186123058891  0.82426652737898898  0.83350576480916838
  0.84325516184519078  0.85367303510986847  0.86358360237765353  0.87335945922969549
  0.88348959680279493  0.89416391656789218  0.90381426299901513  0.91341902997930202
  0.92334934294682092  0.93367586351378129  0.94417665366319725  0.95522041142675262
  0.96672442761731547  0.97844141687593322  0.98941836398947225  1.00000000000000000
   1.4903155454934476E-014  -1.0000000000000000     
 F F F F F F F F F F F F F F F F F F F F F F F F F F F F F F F F F F F F F F F F F F F F F F F F F F F F F F F F F F F F F F F F F F F F F F F F F F F F F F F F F F F F F F F F F F F F F F F F F F F F F F F F F F F F F F F F F F F F F F F F F F F F F F F F
  <DiscreteSampler_grid>
  grouped_processes
  1 # 1 for a reference and 2 for a running grid.
  10 # Attribute 'min_bin_probing_points' of the grid.
  1 # Attribute 'grid_mode' of the grid. 1=='default',2=='initialization'
  0.0000000000000000 # Attribute 'small_contrib_threshold' of the grid.
  0.5000000000000000 # Attribute 'damping_power' of the grid.
 # binID   n_entries weight   weight_sqr   abs_weight
    19   10   4.893870084407933E-010   4.800929838122145E-019   4.893870084407933E-010
    22   10   1.087683595540805E-009   2.649021267832191E-018   1.087683595540805E-009
  </DiscreteSampler_grid>
