 -0.00000521248563648  0.00022513336657276  0.00095557818039674  0.00200345628717036
  0.00337900195010685  0.00501317116319758  0.00739349466727900  0.01081988291521469
  0.01302463971220823  0.01410376167745869  0.01492686301918924  0.01568765750378475
  0.01643955802658833  0.01720805489481264  0.01803948735157960  0.01894592765961753
  0.01989868384833692  0.02089311018952933  0.02189950242686501  0.02291557656049785
  0.02395570323917722  0.02507948729971243  0.02626033381279113  0.02745643414669661
  0.02869499171968909  0.03000434684799038  0.03132136151417308  0.03266774061994773
  0.03405352291450772  0.03544328272836780  0.03685717576572628  0.03828961876223781
  0.03969937655914049  0.04113801592831012  0.04269393877089202  0.04429859303358039
  0.04588366652366618  0.04748450321776407  0.04911147512375814  0.05073672658979908
  0.05238548900261394  0.05410119464530429  0.05587306528489058  0.05778520840252506
  0.05967384726965261  0.06159461501590504  0.06350457374207120  0.06542360518009470
  0.06730290700570057  0.06923440794437326  0.07116758569650482  0.07350564835585296
  0.07584960238930880  0.07820876106759218  0.08054191910949128  0.08282767248487569
  0.08517171083691981  0.08756420468742895  0.09002058486881695  0.09262016136339118
  0.09532855274899120  0.09807933634279764  0.10094307157573179  0.10369272046864830
  0.10645643719105488  0.10928928313923811  0.11221764380601962  0.11520329460396751
  0.11827829770641343  0.12163416135056597  0.12519795471861392  0.12884295273078564
  0.13261672507175820  0.13641989522775194  0.14023699390040092  0.14409457993766878
  0.14810203228765811  0.15212950316274124  0.15592580938584918  0.16080972977479979
  0.16591711040374507  0.17123843697616420  0.17696841364379767  0.18314712103274444
  0.18955239244135408  0.19601704502363795  0.20310583875904298  0.21128309772168605
  0.22092067219725689  0.23210019658729800  0.24468178080962297  0.26141366608451755
  0.28937117708680504  0.34965249386429909  0.64125580891376088  1.00000000000000000
  0.00940675998375077  0.01654322718636195  0.02697986698601352  0.03804395460120683
  0.04828563245923143  0.05850549714792371  0.06897394061270579  0.08002724312156129
  0.09132421678317588  0.10282248471422190  0.11376472899183514  0.12382319594295417
  0.13457269377911368  0.14580787044190327  0.15711626391613537  0.16871263359435351
  0.18054619135395955  0.19210061798341474  0.20331138307062566  0.21514245953268279
  0.22743624344093349  0.23881968151274399  0.24984363115781422  0.26077329179667808
  0.27210467029098911  0.28364821734002654  0.29512256893349809  0.30669886918988781
  0.31810341995355185  0.32936126873027760  0.34062076487385762  0.35179681138552588
  0.36328295251152237  0.37465164087710706  0.38563826688211789  0.39613744951137925
  0.40613961585952119  0.41578212023709832  0.42524716910129906  0.43503617935545241
  0.44549260390100576  0.45625549625795025  0.46822242807396908  0.48099018787216291
  0.49324570021901432  0.50469566502287977  0.51442358230013829  0.52472567584328378
  0.53503564973804696  0.54524482885253656  0.55462111398956826  0.56402344509631752
  0.57383070096940836  0.58398180626323271  0.59409359894326630  0.60420280482269917
  0.61460974613342700  0.62505200695849017  0.63511852237083466  0.64508640262996186
  0.65523036993814787  0.66564321961357520  0.67567362604884773  0.68532056948755427
  0.69517093850365508  0.70542209502681419  0.71569971253629838  0.72584140271457565
  0.73632179487881011  0.74682380646468627  0.75625613878300690  0.76491431752392636
  0.77393152580189994  0.78354534702468492  0.79346567214830632  0.80371264697076095
  0.81389449608141218  0.82418212548910497  0.83456772034933524  0.84545197888952961
  0.85608950835682740  0.86632458267957069  0.87643749718415132  0.88705124409034208
  0.89770119190867581  0.90837922286592720  0.91895424460758723  0.92897410796943369
  0.93866188694659070  0.94843010025603924  0.95839333747889555  0.96880223556582634
  0.97914373795494747  0.98899892449493687  0.99148031870915410  1.00000000000000000
 -0.00003989289850234  0.00045719260515761  0.00128113061180314  0.00245653433760767
  0.00386151687737330  0.00530958059094089  0.00700042963364236  0.00891375243591696
  0.01097227263127477  0.01329147193454490  0.01556339317828820  0.01791239524066005
  0.02030880189447967  0.02278737144586325  0.02549854428511227  0.02843410468181062
  0.03143493303570731  0.03457467790671420  0.03787788414327520  0.04121192324657107
  0.04449176827345917  0.04771894708214024  0.05090834764602924  0.05409700956408031
  0.05742846668414923  0.06089407075850444  0.06433938239932989  0.06777266476819427
  0.07156344910599678  0.07548880411168654  0.07917436746670822  0.08277769606130318
  0.08651796236354775  0.09042364798499916  0.09442684309894429  0.09832169163314637
  0.10190624511505322  0.10542049222052756  0.10949021190263501  0.11355722949582951
  0.11777286069857815  0.12222098021617309  0.12675213830359974  0.13125824820401083
  0.13573934653939770  0.14026650755318104  0.14479723999100683  0.14935117262112765
  0.15403331514327753  0.15882681292332143  0.16360815522716246  0.16822911695526122
  0.17290487438088359  0.17764970001187655  0.18241683964442457  0.18738421197442301
  0.19224139558898254  0.19700789340527439  0.20182156113615238  0.20680607435764503
  0.21172665055981371  0.21662128585924606  0.22162604845449010  0.22716082003132446
  0.23298123788454939  0.23878327021345208  0.24450978302931164  0.25016702183975748
  0.25561005551548804  0.26097440341482375  0.26641418052949262  0.27204305561614417
  0.27795101851238574  0.28405928560734423  0.29011550826803328  0.29607469452072827
  0.30197353871300214  0.30784140228178569  0.31375794782200744  0.31987177993524663
  0.32616880233135948  0.33211128830711362  0.33815873531089724  0.34442233906711150
  0.35092675469001461  0.35752115419108010  0.36379431337210533  0.37018514447417855
  0.37664297446651329  0.38302280129957506  0.38951815817741264  0.39605231116710832
  0.40222587230535656  0.40775564483379112  0.41175059965458899  1.00000000000000000
 -0.00283297288580530  0.01120864842835888  0.02264258225416054  0.03338183146648390
  0.04442722129962957  0.05542536096100829  0.06647130762925285  0.07712531715011417
  0.08795307818537505  0.09839386631872707  0.10855176990967066  0.11838164489049650
  0.12811179283013957  0.13784402989478059  0.14810353743027121  0.15878475238807715
  0.16940839649556819  0.17960537581490074  0.18944453075174536  0.19941508840415764
  0.20984501931011335  0.22009701388765707  0.22995213847986051  0.23965507041952575
  0.24957365679850141  0.26044870379640750  0.27228847775005827  0.28497513531175250
  0.29802651684549392  0.31053527833826783  0.32241889612271363  0.33325679049125456
  0.34328303827781842  0.35282555996794629  0.36234281250136341  0.37235254053373384
  0.38268338723049544  0.39345617946514222  0.40478442725960201  0.41611177024528251
  0.42648652592404224  0.43679150624628160  0.44808569033387019  0.46023819763965396
  0.47225811506017168  0.48333236214574143  0.49397512475389849  0.50472965506532574
  0.51555536911232713  0.52616126198528967  0.53634540892857097  0.54664274837138405
  0.55729642384689360  0.56832455413963245  0.57973902273408229  0.59096686057055914
  0.60211348332115056  0.61332718162598154  0.62476758289794809  0.63524608753539158
  0.64603425356102095  0.65703293476686053  0.66830951921846704  0.67940701431177841
  0.68996696865042384  0.69989525748985426  0.70962176778432717  0.71971832805783631
  0.72975410522642192  0.73930298248415338  0.74862207470588149  0.75811034399757671
  0.76808381717079144  0.77807981091085643  0.78766811458648800  0.79793879062576289
  0.80890043817047652  0.81948613505400592  0.82951430014760064  0.83917795758998526
  0.84896763207682002  0.85884654662124960  0.86885822132675394  0.87891670176608927
  0.88916083151713377  0.89898083402927187  0.90872625084681646  0.91844138593805091
  0.92829229812687653  0.93797870537273043  0.94739964084631101  0.95709232431889124
  0.96739641979441737  0.97844479086256442  0.98925561034401943  1.00000000000000000
 -0.00272183820641531  0.00997807858826680  0.02094730332099639  0.03088650168756377
  0.04083024743720687  0.05094883850248012  0.06150700686880078  0.07287224351117183
  0.08374683469659978  0.09673190899965488  0.10856584156431867  0.11987622617043639
  0.13075886985537402  0.14130391168136808  0.15168930147146645  0.16189944913830415
  0.17178101743457275  0.18137048404134792  0.19091291401316743  0.20077037889405946
  0.21082787381177456  0.22137047525481204  0.23162637202676339  0.24152146483022235
  0.25121262444651249  0.26100717827215836  0.27063416407788488  0.27998677013669021
  0.28954811860241736  0.29978325772009473  0.31072026396375502  0.32154631834584346
  0.33240752807075319  0.34390840550279000  0.35572425055475054  0.36712096406222572
  0.37843097957774080  0.38913916386415359  0.39960909286516866  0.41049619586683533
  0.42130337734408280  0.43183868505836570  0.44467120236633467  0.45782639545069920
  0.47105069905108438  0.48414438573391316  0.49728425628407796  0.50999107463779503
  0.52228825375950971  0.53440175639652909  0.54587979316816226  0.55641967500374312
  0.56619952438160981  0.57587115720516557  0.58569082244176141  0.59494273211369908
  0.60374583820422023  0.61281634274814822  0.62241842782472001  0.63269419356464007
  0.64316089148418043  0.65358699806105292  0.66388102620415734  0.67407067547487287
  0.68418199721244821  0.69401794940141848  0.70393103819816216  0.71412010746727794
  0.72457824059445308  0.73447645498975278  0.74381890426063302  0.75344333376621841
  0.76369661397850352  0.77407644562098421  0.78396311589096357  0.79422260886103024
  0.80504554831403308  0.81577538925186910  0.82608505615619332  0.83645319528415829
  0.84716377956240319  0.85832669949516160  0.86955599425906260  0.88083467590960740
  0.89185212066923902  0.90235744438876520  0.91246078732452651  0.92255864689158706
  0.93241973703232361  0.94184785380741054  0.95107029173110214  0.96079046322338146
  0.97078916948617955  0.98088790307806284  0.99051063552247531  1.00000000000000000
 -0.00223987437319002  0.00914459641128886  0.01849679967051215  0.02860864853989784
  0.03923237439545721  0.05006579572030197  0.06025916123805312  0.07125666675184798
  0.08194400110775651  0.09158811831725713  0.10086699819114600  0.11060091836489228
  0.12019266559347218  0.12949871405736146  0.13865680322528157  0.14831305066911829
  0.15865745306498080  0.16914261239997949  0.17983705369123065  0.19071715581359536
  0.20155343973520917  0.21272566121616521  0.22429717448208342  0.23607351568896834
  0.24777332570384542  0.25908016119804539  0.26996029808466704  0.28062307626949007
  0.29127698103087896  0.30184371973180085  0.31243622158371692  0.32326773648056378
  0.33406578883050692  0.34490387512023657  0.35577905316023906  0.36702480126476378
  0.37782658793236279  0.38778234922825922  0.39758783058715413  0.40745607259694328
  0.41739606161751353  0.42745417011263404  0.43815409577262560  0.45021195112770845
  0.46162338225136401  0.47225049146277820  0.48314073313816414  0.49428149523848203
  0.50460010440644709  0.51402583407618041  0.52319776242413896  0.53295299066208512
  0.54369725125090984  0.55520774588531685  0.56728492981348710  0.57871066251165926
  0.58976681905069250  0.59990296277596555  0.60992906853052875  0.61989048033359884
  0.63028508397671079  0.64077766535459124  0.65107806895004583  0.66144575784550763
  0.67207374422354416  0.68504142049947514  0.69762269724203640  0.70989081419183786
  0.72136481201315250  0.73265772589817202  0.74360232293523854  0.75420825797234103
  0.76475812560313605  0.77530701218312181  0.78628191821363203  0.79735691489512173
  0.80804856688172999  0.81784541241074515  0.82745995904508285  0.83733556025212941
  0.84786751473630451  0.85772757503121100  0.86710905424073281  0.87662064931219974
  0.88665739589899994  0.89672765790521614  0.90638102072147397  0.91593646978394860
  0.92595865000915922  0.93668157845056677  0.94764639599288369  0.95926451371082544
  0.97032141250883241  0.98062334256655548  0.99046855284575941  1.00000000000000000
 -0.00225200449621657  0.00878174633133117  0.01805660503546803  0.02772097997804739
  0.03712434617241001  0.04690127229477401  0.05818322728489108  0.06900013921587289
  0.08023591083224949  0.09037147087092220  0.10083203932708212  0.11130008246098473
  0.12153959219730683  0.13140382752106308  0.14126559247154821  0.15187265069975056
  0.16301917655285958  0.17426225603402654  0.18548335643129757  0.19640625751465057
  0.20664858464587132  0.21739887086068013  0.22833098225923520  0.23860893184055226
  0.24885524777049323  0.25930761149239029  0.26952051330807431  0.27896233668948472
  0.28832046241554188  0.29838274534904702  0.30921831914661529  0.32009384685303161
  0.33106982241091870  0.34241199193334187  0.35381391961876424  0.36505512056893918
  0.37596046576897973  0.38691058772692360  0.39776051567756365  0.40829753940788088
  0.41878714086664920  0.42952353626088002  0.44008187624838652  0.45063911988957761
  0.46091498248610757  0.47080997709894540  0.48100267961117765  0.49143424903736610
  0.50220506084883043  0.51211041974609661  0.52167631905292988  0.53193959765204313
  0.54273538814465083  0.55369391203679319  0.56454072244789610  0.57635910394190071
  0.58796622011844191  0.59927190788626528  0.60976126133592123  0.62000445981687524
  0.63055557786835836  0.64123765079242279  0.65118737583254349  0.66036717277526313
  0.67014515217620119  0.68040411457903494  0.69038015226143445  0.70007757139873361
  0.71001914631533891  0.72072865573430267  0.73118988564923515  0.74165301517492799
  0.75259579574036173  0.76407285310683515  0.77535416003395985  0.78602641174673438
  0.79680372558965096  0.80772486924074960  0.81805836450919722  0.82780248569697601
  0.83782758808557745  0.84773324274678408  0.85744052578270358  0.86708807931640774
  0.87743894905232545  0.88841377606123062  0.89955706756970177  0.91067382648868944
  0.92158848711058139  0.93264318561634585  0.94428454325409183  0.95606042079120801
  0.96653314668000234  0.97701129204776826  0.98810812406830961  1.00000000000000000
 -0.00344719845032307  0.01164434307509146  0.02410175452973469  0.03588759447641288
  0.04708104962693801  0.05764395742421120  0.06791353157642356  0.07805786714761596
  0.08808105523368953  0.09813736201515838  0.10836859035019847  0.11896632976335994
  0.13000287079150033  0.14129293477503135  0.15251135499918383  0.16340362432190025
  0.17434015701165556  0.18565225596648838  0.19564835458477556  0.20549368757642028
  0.21525419624185141  0.22501193334686553  0.23460333582557438  0.24377812553010680
  0.25325067316754107  0.26408616649146927  0.27500981073668174  0.28508921546059035
  0.29513171804471761  0.30466190697428464  0.31465838785524791  0.32427811109068044
  0.33380005345237312  0.34328531120767913  0.35283277094117044  0.36269082129593944
  0.37260153957218384  0.38273052525144302  0.39286596106389515  0.40320504384812728
  0.41360055369164006  0.42342654506498678  0.43321171027118321  0.44315460398115947
  0.45320548794278459  0.46334818667630201  0.47344208188087145  0.48323443049096287
  0.49277313208478890  0.50241509605384815  0.51263471671838590  0.52348851392354756
  0.53468508400287307  0.54575317404538437  0.55658295668322844  0.56774023124422435
  0.57890650818838785  0.58961636602400846  0.60021438137118011  0.61103884890120774
  0.62184246528784826  0.63257264481056719  0.64331908044823793  0.65400097508129351
  0.66429638371857658  0.67415671521972342  0.68401156436796118  0.69402456289412873
  0.70406387144793015  0.71394088772026432  0.72383632583686508  0.73444657796125501
  0.74572078737536818  0.75697760022553651  0.76784980306086814  0.77860371558564967
  0.78925720814977152  0.79973780361887303  0.81030658122444299  0.82109289836502697
  0.83199955723118402  0.84293794099078045  0.85425982560214497  0.86629855811083945
  0.87879822238787209  0.89087181370066049  0.90303650502416133  0.91494902727019467
  0.92550841603726353  0.93543642401028748  0.94550802944200418  0.95569639005765872
  0.96580497071740856  0.97616125825229949  0.98788839634158709  1.00000000000000000
   7.9626490483519056E-017  -1.0000000000000000     
 F F F F F F F F F F F F F F F F F F F F F F F F F F F F F F F F F F F F F F F F F F F F F F F F F F F F F F F F F F F F F F F F F F F F F F F F F F F F F F F F F F F F F F F F F F F F F F F F F F F F F F F F F F F F F F F F F F F F F F F F F F F F F F F F
  <DiscreteSampler_grid>
  grouped_processes
  1 # 1 for a reference and 2 for a running grid.
  10 # Attribute 'min_bin_probing_points' of the grid.
  1 # Attribute 'grid_mode' of the grid. 1=='default',2=='initialization'
  0.0000000000000000 # Attribute 'small_contrib_threshold' of the grid.
  0.5000000000000000 # Attribute 'damping_power' of the grid.
 # binID   n_entries weight   weight_sqr   abs_weight
    19   10   8.406560137921998E-013   1.745759754640826E-024   8.406560137921998E-013
    22   10   1.829726411310354E-013   1.276877233631096E-025   1.829726411310354E-013
  </DiscreteSampler_grid>
