 -0.00000000203313373  0.00000134158586391  0.00000896249898010  0.00002635651207089
  0.00004858764371002  0.00007852583658369  0.00011160260785475  0.00015296596284151
  0.00020250427636288  0.00025161611477266  0.00030874930705057  0.00038186796379325
  0.00044734516241416  0.00051060065358437  0.00058223391881123  0.00065056408958664
  0.00072798620416211  0.00080604187699151  0.00090423662033733  0.00101627233562347
  0.00111638560037540  0.00121102915430571  0.00131111248063372  0.00140253804547442
  0.00148582459885022  0.00156880936821382  0.00165791914633936  0.00175505809135253
  0.00185499889249708  0.00196929979066476  0.00207627288565853  0.00219204750517804
  0.00230819291190120  0.00242452388565889  0.00253775526468452  0.00264864894869491
  0.00276346176934026  0.00288248419098031  0.00299974055579271  0.00311139091783517
  0.00321660879150065  0.00332149061371877  0.00342762451000004  0.00353756428217464
  0.00363001315439181  0.00370405570813068  0.00377033720794304  0.00383951939647388
  0.00391918908971052  0.00400460376324993  0.00409677013503182  0.00421041272231395
  0.00432066039176768  0.00441885368446589  0.00451661822071010  0.00461379225620356
  0.00471330335233922  0.00481685121241620  0.00491449362394060  0.00500158319866256
  0.00508706121608908  0.00517135544102744  0.00525475047131539  0.00533853379970207
  0.00541362406279616  0.00549366641089316  0.00557145687413189  0.00565848158178907
  0.00574619481417072  0.00585363250228657  0.00597487990850526  0.00609389946364377
  0.00620772428124692  0.00631862957762197  0.00642054969266000  0.00654733215701178
  0.00667809137331626  0.00682213792849621  0.00698848480825692  0.00716058268245317
  0.00731637956458985  0.00746996916575567  0.00762458246735543  0.00777938434416624
  0.00793447513746957  0.00810366006397574  0.00829287862889912  0.00848467891934211
  0.00882081192787337  0.00917660299407926  0.00952719001422705  0.00991188354995010
  0.01038420083658752  0.01099918623222707  0.01214586793356744  1.00000000000000000
  0.00891689920769523  0.01692063956403570  0.02904144682758103  0.04162596653330328
  0.05288413827637890  0.06248668941527923  0.07201850750531924  0.08239028254519766
  0.09360014009091609  0.10552274638998385  0.11489707855320926  0.12258606599699619
  0.13032007393955308  0.13897189319378017  0.14904656091457341  0.15937064604649404
  0.17077723377762660  0.18243277750965395  0.19359021690201400  0.20489273416532044
  0.21540541480203160  0.22626142632022470  0.23676253068026401  0.24687970490530042
  0.25872309411213223  0.27143497402776762  0.28286494832992742  0.29185681976846001
  0.30009603086743830  0.30808241688682020  0.31541074080284570  0.32644637134711746
  0.33697795696636446  0.34865553389223547  0.35987461832146084  0.37090160126040089
  0.38308423912707568  0.39460886551434449  0.40458464665009636  0.41350958291194578
  0.42289924574458587  0.43243079797779477  0.44543512938435498  0.45883097719364579
  0.47172015439035248  0.48414945098879159  0.49719119355395425  0.51042995310257033
  0.52365185873686904  0.53825241182931116  0.55413327767839970  0.56991623151339954
  0.58326532231847317  0.59437941661988247  0.60618290545348907  0.61712070987014422
  0.62712573099955193  0.63774104738050652  0.64970031069279643  0.66347480087537603
  0.67651711282733706  0.68999816170687711  0.70468105642734880  0.71946909932205971
  0.73391566228514982  0.74314175635642454  0.75256203411869271  0.76204061519838473
  0.77206831794279063  0.78383926147192451  0.79621084713271295  0.80938699619082799
  0.82048954189548939  0.82891105461103320  0.83789744999733784  0.84757262847436443
  0.85741429577428951  0.86631777216764627  0.87460449066828116  0.88195844771397158
  0.88864715988677645  0.89585314572116259  0.90397060426779052  0.91321757788240476
  0.92393533331890632  0.93577556376419702  0.94411345658161627  0.95128073224776410
  0.95881221781360948  0.96553502629881915  0.97114402161399183  0.97595662317800946
  0.98072305163745954  0.98615754833047575  0.98993283976702595  1.00000000000000000
 -0.00227311579610644  0.01224961612722084  0.02314272468568774  0.03236346762009635
  0.04099913675281097  0.04983738217972830  0.05874230553113619  0.06872138083843717
  0.08007887884653839  0.09513933561777486  0.10741687004824212  0.11762378616058980
  0.12623460628459082  0.13443884310234061  0.14397994738598494  0.15438403845273360
  0.16434822961329665  0.17378435135741738  0.18309443634189868  0.19272371366685490
  0.20302914729504590  0.21393306920598476  0.22422975881482488  0.23536021329502455
  0.24706167575572530  0.25902689076956620  0.26950771242379618  0.28009776174817197
  0.29063202643379948  0.30097223498941517  0.31119246586240590  0.32181605472786712
  0.33305680351594019  0.34530928391211996  0.35904975935735900  0.37414196345419665
  0.38869230010578376  0.40000204922958982  0.40995592576389345  0.42069607991954061
  0.43151253346467328  0.44125312931514044  0.44976512878106312  0.45840988026363921
  0.46689900789840960  0.47457268925030965  0.48236375822702160  0.49057000838882031
  0.50221490259238832  0.51590126127048008  0.52715432560484665  0.53680451355897651
  0.54662018824236680  0.55718463568375143  0.56792956137225714  0.57836770297494133
  0.58691001392441533  0.59488528081267888  0.60309633868127110  0.61155452852955050
  0.61858522437534291  0.62571588517532806  0.63310517205230443  0.63960433937344408
  0.64613087355148102  0.65780664345669337  0.66959291499595863  0.68104002992442703
  0.69045902540544146  0.69944496733836503  0.70859101920646861  0.71763503934192763
  0.72601416407622998  0.73542981126381146  0.74706434975385294  0.75904841051242489
  0.77093342127973352  0.78321703890074545  0.79586523216152538  0.80866355494172582
  0.82129982463777396  0.83239559788488693  0.84199273341281977  0.85161242582841423
  0.86224516025856912  0.87412956909487993  0.88560267929168224  0.89600765276076899
  0.90615189851318323  0.91813087712148589  0.93235845829516040  0.94649373298559836
  0.96188574822116590  0.97635571337856930  0.98882302237415676  1.00000000000000000
 -0.00398505012179604  0.01644114446813804  0.02654784635531632  0.03737205084020968
  0.04790332469537749  0.05897845882798949  0.07000179038081296  0.08586955581014982
  0.09796856788313196  0.10874068947391342  0.11802302564393127  0.12769823189502086
  0.13830729207593886  0.15069069054576961  0.16479574705528877  0.17783393994990401
  0.19012167085119458  0.20129802456618584  0.21257823370567491  0.22346747548523196
  0.23605652288512638  0.24940735247239731  0.26203767380804199  0.27325598197028766
  0.28430916076110002  0.29335182793446646  0.30076059249240483  0.30818331934873572
  0.31635865680319125  0.32637616880498249  0.33716043364187515  0.34665474457525741
  0.35625056032628805  0.36646225484644890  0.37617675698926845  0.38556913707818158
  0.39591523806849260  0.40805589839881445  0.42039564591792417  0.43180867510504584
  0.44312822978066713  0.45407533066899880  0.46288495132002178  0.46980379744850981
  0.47680838827242522  0.48302459436577999  0.48842026458412879  0.49444512993822104
  0.50071384158824539  0.50792399634602414  0.51561818272897919  0.52497815161336481
  0.53731291579411489  0.55035733672400511  0.56285255248089894  0.57523838010561246
  0.58743361510779679  0.60021913025726426  0.61035412275424539  0.62009456499151416
  0.62884472941384340  0.63868682872465765  0.64809208829812526  0.65770913352336835
  0.66817253170913438  0.67954625813909986  0.69197660661675287  0.70362747163310135
  0.71359837099383161  0.72266366566879303  0.73132509663886625  0.73922613438475593
  0.74745489692800482  0.75661999235940158  0.76583950057344718  0.77618603124016750
  0.78540658478153880  0.79404381767356014  0.80136821054132812  0.80838848307867783
  0.81594640027331267  0.82536038116070898  0.83615927299647619  0.84670694572999206
  0.85697464126654177  0.86779598832503935  0.88027490537537834  0.89568847426632703
  0.91111239928246390  0.92550259818974401  0.93846690432076785  0.95148020433665348
  0.96439494220865940  0.97728201089676658  0.98881549297255400  1.00000000000000000
 -0.00196356263296599  0.00988538357034009  0.01845548670251591  0.02695730662545908
  0.03569529353536640  0.04503606862684875  0.05610192038204284  0.06658572123815848
  0.07566359565600249  0.08458415068179333  0.09417776585197608  0.10535911372369244
  0.11648526180392053  0.12641476693007897  0.13502617896434377  0.14324359499123118
  0.15175216266585517  0.16197007293124108  0.17242786588173958  0.18302662920344523
  0.19431195581546826  0.20702705561252766  0.21921749498636880  0.23057608329758911
  0.24014190921639714  0.24915216595470804  0.25937981398783683  0.26831444397935106
  0.27555652703219646  0.28181859983347834  0.28760217294996115  0.29483321822349179
  0.30463771598366257  0.31584449490539779  0.32701929415992620  0.33539478219480329
  0.34254137248930283  0.34980212435381663  0.35652092686401243  0.36253933777063602
  0.36839642065512129  0.37521838167736138  0.38238860389665003  0.38900860805251097
  0.39723963105734111  0.41020739348643281  0.42377416105434612  0.43522509033167039
  0.44464340488124865  0.45317810931991309  0.46301605083695074  0.47328985961447373
  0.48683369686481875  0.50133656023990514  0.52083958424168231  0.53682079217230561
  0.55103899655223743  0.56424927012695536  0.57617547474760422  0.58700090871787525
  0.59770117698592640  0.60801442013897933  0.61718667620947743  0.62767664561370407
  0.64048295866746408  0.65330154474353597  0.66435041149410390  0.67621594601346446
  0.68790221543366381  0.69952168465777564  0.71115712053288005  0.72285024228929218
  0.73435645493901269  0.74514637404856632  0.75681263245593910  0.76863852085944873
  0.77960937086933435  0.79059506908952248  0.80137930602876317  0.81190581883376511
  0.82385419465220433  0.83567334944760496  0.84694467095040549  0.85829774019782612
  0.87003126327863611  0.88072434888603068  0.89021758631527048  0.90000390843702016
  0.91082974226689950  0.92397259592989334  0.94024019555990834  0.95593693725802997
  0.96863296072407590  0.97972225166943894  0.98933182068323089  1.00000000000000000
 -0.00243612364646990  0.00990346976832106  0.02030953372914990  0.03063961600260418
  0.04154582523978406  0.05279727782606460  0.06409819226397225  0.07501338484800495
  0.08551355788446163  0.09561761693692553  0.10615027863225915  0.11738441763621368
  0.12989537880330509  0.14434369137661365  0.15936459257369937  0.17362203730631387
  0.18543214324317989  0.19335803479268801  0.20046912865428598  0.20818964860783673
  0.21653436887983044  0.22460202446865246  0.23123446129394726  0.23750920134605047
  0.24391702652260647  0.25089590764717440  0.25976104961963076  0.26931485727981952
  0.27866444072991703  0.28701428131821716  0.29570877334908718  0.30602634872377965
  0.31733399051651462  0.32761937082311404  0.33723855747011094  0.34568346038432796
  0.35527373584173128  0.36645956838853549  0.38129705006499076  0.39522873991328561
  0.40755496767037291  0.41916693569915231  0.43020798073141220  0.44138181465693666
  0.45227518588281762  0.46129373586242323  0.46985164991126482  0.47880377230533538
  0.48814037920646414  0.49614780177544027  0.50390723746938604  0.51174194900746472
  0.52040772671301372  0.53081894113816341  0.54102367710470933  0.54997719560562952
  0.55819185015408834  0.56669724394513354  0.57566988195044211  0.58565350101669977
  0.59601328112664498  0.60730239837332867  0.61987168589132202  0.63231525676556999
  0.64362177657674247  0.65519077013710092  0.66742949392372641  0.67862282752289382
  0.69077979656592714  0.70172810296315857  0.71232436997158655  0.72338168922289880
  0.73372325059495414  0.74684452891548847  0.76052714385658726  0.77276257954877459
  0.78372262658868652  0.79414539119745065  0.80525370412685304  0.81710870665274304
  0.82789565545632737  0.83743409954532932  0.84668815003846754  0.85642711218971923
  0.86821952931526070  0.88028528189983857  0.89128025131839372  0.90107892081465824
  0.91098703209218490  0.92312427475434888  0.93657035383717191  0.95031785321975848
  0.96327574327760501  0.97613410483040564  0.98766297279629989  1.00000000000000000
 -0.00068653736810976  0.00340422588587708  0.00751528977115105  0.01271543907221429
  0.01825547749057783  0.02393349572084156  0.03030275314920441  0.03678285723292771
  0.04261826973535801  0.04721364616226870  0.05146119886653133  0.05587284717980798
  0.06071218803914442  0.06788679803325988  0.07645619066518691  0.08630210237346829
  0.09354930277813099  0.09857405297817674  0.10310140208244545  0.10782737332744202
  0.11328350931474658  0.11972796107892771  0.12683701035036443  0.13512489780931863
  0.14572255353062419  0.15863198745206913  0.17411896634593771  0.19074191210312877
  0.20092343190283046  0.21088604361034055  0.21877954010640507  0.22612590677306718
  0.23420423140403340  0.24460538782264180  0.25744866770409436  0.27348859578600293
  0.29474450957455928  0.31880528700533400  0.34356071296111668  0.36814502682665118
  0.39175601318690761  0.41400871713073234  0.43501010398955492  0.45215786077664033
  0.46914280752338394  0.48831274086210052  0.50733439656129198  0.52468423684971910
  0.53934182997456837  0.55324095292875708  0.56829129556877023  0.58355738004909108
  0.59798964123914056  0.61290672446446304  0.62765889340093994  0.64139767188497332
  0.65575294150431473  0.66990744769038091  0.68233945420477227  0.69536017212816603
  0.70836832049799991  0.72105108699138798  0.73312175192591811  0.74472847187123814
  0.75632026348197789  0.76793393882701466  0.77824747218179824  0.78815124635542033
  0.79802006578664486  0.80751971888403251  0.81671810347254048  0.82482899827957412
  0.83280746745562095  0.84026440281090953  0.84789090467887540  0.85575097596124972
  0.86481284146580839  0.87413858488180163  0.88296540066085660  0.89128550856351185
  0.89906634204028069  0.90755517632203042  0.91581585312747937  0.92327422834858863
  0.93039653070374395  0.93764773607566076  0.94415212023452777  0.95052739428827460
  0.95709930275817623  0.96365071571101757  0.97012771689865440  0.97601354564833065
  0.98220690910171338  0.98836319033176734  0.99426745855785903  1.00000000000000000
 -0.00304072595068653  0.01356884429291461  0.02352888558455361  0.03206363433990470
  0.03996323292122976  0.04686212099585110  0.05581171771053720  0.06455695364220745
  0.07254658175191367  0.08077606349603667  0.08970980725860953  0.09942749829159085
  0.11082505765579245  0.12363347414766551  0.13672226202565185  0.15059311284462648
  0.16326726259028360  0.17817649127656587  0.19147424811779606  0.20473069582887418
  0.21769651934513365  0.22823428494139159  0.23911995997489444  0.24972928003644015
  0.26204680013415105  0.27366786756417844  0.28387311508137253  0.29285864885454871
  0.30009813218031556  0.30606430823734976  0.31205292599874962  0.31868901873505756
  0.32545258771599977  0.33214242698734731  0.33932609995671809  0.34595114099231639
  0.35248622719438982  0.36038490315188065  0.36946683039821937  0.37847413621217385
  0.38755574550016414  0.39789711184827892  0.41006901384908367  0.42329993755056061
  0.43462071151317921  0.44577926638466353  0.45770508768864709  0.46821231391080292
  0.47937152553012119  0.49110208458084986  0.50269569394918734  0.51409146641868131
  0.52586359095358537  0.53864181933371036  0.55209080869465565  0.56467005713358598
  0.57493280028598037  0.58401709400340507  0.59210481879287347  0.60005784850991928
  0.60926992740589936  0.61958721012602713  0.62971616015365839  0.63926674584482457
  0.64861745918798452  0.65804871495385608  0.66740644271659855  0.67666567460272131
  0.68597285770296446  0.69508732933435879  0.70430310128326457  0.71411322492265028
  0.72534451547203249  0.73634673279242269  0.74633277574362666  0.75605396348979326
  0.76646236097177278  0.77827793409382240  0.79043352128062838  0.80431772382340594
  0.81902404952118601  0.83412742481888280  0.85003644825693736  0.86505608922255872
  0.87913622157462745  0.89220174954340459  0.90398459483676075  0.91538632254150387
  0.92631966631655116  0.93708654223116916  0.94818861356590689  0.95906148433808314
  0.96999039715157764  0.98048845118682060  0.99032402333433878  1.00000000000000000
   2.1174762355160606E-011  -1.0000000000000000     
 F F F F F F F F F F F F F F F F F F F F F F F F F F F F F F F F F F F F F F F F F F F F F F F F F F F F F F F F F F F F F F F F F F F F F F F F F F F F F F F F F F F F F F F F F F F F F F F F F F F F F F F F F F F F F F F F F F F F F F F F F F F F F F F F
  <DiscreteSampler_grid>
  grouped_processes
  1 # 1 for a reference and 2 for a running grid.
  10 # Attribute 'min_bin_probing_points' of the grid.
  1 # Attribute 'grid_mode' of the grid. 1=='default',2=='initialization'
  0.0000000000000000 # Attribute 'small_contrib_threshold' of the grid.
  0.5000000000000000 # Attribute 'damping_power' of the grid.
 # binID   n_entries weight   weight_sqr   abs_weight
    19   10   1.772414011872992E-006   1.081881037934693E-011   1.772414011872992E-006
    25   10   1.992341586734496E-005   9.253804824740085E-010   1.992341586734496E-005
    37   10   1.089127235358299E-005   7.578109649199498E-010   1.089127235358299E-005
    43   10   2.740467224552921E-005   3.924468194701188E-009   2.740467224552921E-005
  </DiscreteSampler_grid>
