 -0.00000002434580954  0.00004940577477882  0.00038711366998198  0.00107564470142274
  0.00216978775598185  0.00343248524423404  0.00484681911281017  0.00640960460721988
  0.00834859106516417  0.00997879547989845  0.01198123362627352  0.01431144287773266
  0.01662690889488469  0.01879584862786796  0.02152209040372333  0.02390299978644801
  0.02644267801171434  0.02908280254250459  0.03244918505257001  0.03605379866722276
  0.04052252029386849  0.04524246536474839  0.05035357335922524  0.05466937154199023
  0.05880600087117383  0.06316277882143452  0.06769841704153617  0.07252814909411946
  0.07778190679540864  0.08348273735604174  0.08991706221053671  0.09640904465985636
  0.10150557147185890  0.10557022935467388  0.10904214693682970  0.11231934772236815
  0.11573310664570022  0.11962608913244437  0.12385764554240884  0.12819352598627295
  0.13225757935247340  0.13588611102600828  0.13945568725735480  0.14333708130728137
  0.14792203903114098  0.15243805560738477  0.15669582307261426  0.16078580373480733
  0.16484350020758451  0.16904674708289516  0.17331575490698883  0.17771667352181150
  0.18220605781862001  0.18681698423442955  0.19154436870528951  0.19627245737703905
  0.20032007365728643  0.20443477481857306  0.20839560364386081  0.21215899180337139
  0.21582933435906879  0.21965101977678267  0.22415173798197011  0.22902008599913296
  0.23415582134240343  0.23904455948678757  0.24458953034115835  0.25089681197725061
  0.25729958322654306  0.26300867404979261  0.26900903110263230  0.27534821802279541
  0.28216337021764015  0.28906705077767919  0.29546107727090071  0.30147212528088102
  0.30886791176278666  0.31627979942566287  0.32406662527345126  0.33283696584315914
  0.34395465176226059  0.35527720831884663  0.36514829518985753  0.37476606139213486
  0.38482119410262783  0.39638684189527873  0.41014408769863087  0.42560380632994471
  0.44261510680658939  0.46152826290529830  0.48262935353986924  0.50521473866806443
  0.53054981101034593  0.55960047205805330  0.58831448723573709  1.00000000000000000
  0.00912501541938883  0.01813783782312071  0.02975320534896265  0.03999259770258518
  0.05038494800525077  0.06002077053871135  0.07031353375856512  0.08217640983252174
  0.09542492068061066  0.11177587727964239  0.12954882351241850  0.14171239882587572
  0.15174939550144817  0.16023536495038482  0.16915158419681578  0.17766992886113375
  0.18601077212500866  0.19492854858157338  0.20386209395470672  0.21401902961633043
  0.22316381177886438  0.23198028974966237  0.23994252093547561  0.24707211054935890
  0.25406717570136367  0.26171510901666223  0.26996628682108054  0.27837041787568068
  0.28595015150623160  0.29263918938073696  0.30205077874038444  0.31251509916254888
  0.32249775255313928  0.33249445606154310  0.34278473475617965  0.35435828106287603
  0.36825659964868968  0.37952197105357460  0.39081716078820317  0.40318159197094816
  0.41685617792813845  0.42635391570190018  0.43481822515230828  0.44295046037104524
  0.45118155707218904  0.45894829750682997  0.46680013956118688  0.47504500143758738
  0.48370244245234761  0.49295567156639275  0.50257415987748821  0.51256399488280269
  0.52279063909672618  0.53352674506791431  0.54380912270317794  0.55331708837717852
  0.56413723829445184  0.57459205633923827  0.58472094529451579  0.59408224930258946
  0.60330077560311934  0.61461416230714239  0.62748968239608827  0.64085704239052188
  0.65451239435637321  0.66832040375791801  0.68210049098242664  0.69627082677718011
  0.70898614906536850  0.72005160830183157  0.73140857619943456  0.74383857844570711
  0.75694971376323394  0.76974045016033177  0.78246030260489052  0.79370056390561572
  0.80300506699056962  0.81214627066373579  0.82148315121045745  0.82951921428750708
  0.83670590862240191  0.84410726611734588  0.85227015984130805  0.86113000433877762
  0.87019698098794807  0.87902845126981999  0.88806595484000039  0.89779215162832393
  0.90804738889164183  0.91777917891590377  0.92809706797170333  0.93925338991252016
  0.95100169335996543  0.96355535602746745  0.98106405352831250  1.00000000000000000
 -0.00136622103236908  0.00623422075953386  0.01251798604259142  0.01955847183164619
  0.02680671945253351  0.03382924303168073  0.04156241922289742  0.04951963915754173
  0.05676202168016434  0.06476924126537585  0.07777776352999115  0.08871248352026637
  0.09813963264098030  0.10667887513096150  0.11430712632045761  0.12059230902643803
  0.12626627888282765  0.13284973082880339  0.14082115272834750  0.14825966061391377
  0.15570240587126832  0.16444137624899707  0.17661242819294373  0.18949354067198299
  0.20085874491684114  0.21168278185743578  0.22569412562006938  0.24010497471591558
  0.25421649575329969  0.26732481285180726  0.27755366290530797  0.28753394165323781
  0.29720348869341362  0.30656817240636236  0.31661706041662341  0.32696097975737776
  0.33823104938947629  0.35187825816183949  0.36569624939910583  0.38104087252432667
  0.39899585383917935  0.41691328667100785  0.43289512064949220  0.44620992441911134
  0.45636157164288899  0.46566644539299124  0.47472479759674430  0.48374391403692907
  0.49253654681095776  0.50066455675612009  0.50918081627186662  0.51869027525029732
  0.52917394667720941  0.54000237518794436  0.55131926495970229  0.56269675545499653
  0.57693079626246679  0.59156818916778564  0.60770275103230076  0.62836457866996087
  0.64564063180807973  0.65666516509881079  0.66530040876237606  0.67421129499311405
  0.68447857332431705  0.69639816296114665  0.70614455257377939  0.71538955961649031
  0.72551005868206875  0.73619319525318461  0.74655973335037351  0.75682708890323447
  0.76804936877485885  0.77880814147455935  0.78926173205872030  0.79695501308749506
  0.80350045604182874  0.81095146829195774  0.81852466937211987  0.82758213128862990
  0.83638399145013353  0.84426556539353415  0.85063415648803542  0.85854361723981509
  0.86942382740858803  0.88183195356793997  0.89473411783331713  0.90709754542488574
  0.91793760282306203  0.92755671802709216  0.93657755097932627  0.94700750760273200
  0.95849633470718865  0.97081014116645770  0.98480257306230412  1.00000000000000000
 -0.00627704919626963  0.01740208573958935  0.03373513676947618  0.04493064584368568
  0.05446925479811836  0.06225660643852367  0.07002501352723514  0.07858345548382784
  0.08783284233117876  0.09627670993876815  0.10450894503643920  0.11445830506827478
  0.12519040399063652  0.13877665515222157  0.15336203878097576  0.16789283357575019
  0.18098368124993530  0.19443638666640500  0.20948821433161874  0.22405827159333874
  0.23583795686941456  0.24534314402560248  0.25369515340085225  0.26266059927508151
  0.27166949121738559  0.28349526051670759  0.29309658983742198  0.30283456225240141
  0.31216251479144963  0.32196817106643372  0.33212692289429946  0.34443339064324879
  0.35881082634059147  0.37274483233249867  0.38663848054829392  0.39906054954782599
  0.41046211880925276  0.42088027649929755  0.43072812998103266  0.44224379012477316
  0.45591183654979472  0.46762040069258737  0.47635261573150972  0.48582216613063589
  0.49606292921940948  0.50635196171499619  0.51794209718920137  0.52925343403506186
  0.54042981043014093  0.55110178241626018  0.56098030374169572  0.56997446027102650
  0.57964099494605004  0.58824186644757626  0.59665263256832768  0.60563921308320612
  0.61552084434468546  0.62493996993811296  0.63499886952855800  0.64467944698267499
  0.65469617925339085  0.66494148079261595  0.67473723023968635  0.68424355506367507
  0.69190531867194172  0.70014687500299166  0.70977079420250855  0.72267149544300291
  0.73818326595550920  0.75130765043357417  0.76497471843345000  0.77790388303093505
  0.78927194520454724  0.80018796770094236  0.81039239440982069  0.82020530889143139
  0.82973181847835875  0.83965908841329173  0.84940071006625928  0.85828000341814692
  0.86667554251722001  0.87520337277025106  0.88308426273965379  0.89070380044746578
  0.89828719596278561  0.90588981257300760  0.91300942807967522  0.92140300424634203
  0.93123135306919247  0.94452848742250217  0.95830744540539681  0.96710968642687056
  0.97504461150651534  0.98307450563192633  0.99161567073628132  1.00000000000000000
 -0.00356046861903203  0.01252095659495718  0.02703037770148739  0.04188449480924449
  0.05632621312970951  0.06978408787319133  0.08247106730610421  0.09463460222801569
  0.10439665617923516  0.11365209322618071  0.12348556470974190  0.13470124967244829
  0.14684442357945371  0.15854413476803106  0.16885062517782506  0.17687207192111723
  0.18402553548755313  0.19143945986719235  0.20020131110298425  0.21055696660295253
  0.22140638893489270  0.23223643274196148  0.24409703892603549  0.25782148898529961
  0.26927793906098135  0.27689899274851093  0.28352637221049909  0.29078333006370838
  0.29754258495033564  0.30344896030840668  0.30934342277418309  0.31652139211919378
  0.32470986332706320  0.33132981506438830  0.33925952412248572  0.34804836088983859
  0.35838417247579019  0.37319796577360453  0.38488139669343591  0.39585043901224110
  0.40660017117133862  0.41791980339281365  0.42987816113162092  0.44235906904721978
  0.45974604769378008  0.47188236594423694  0.48413286022454394  0.49371256011695985
  0.50336078181226218  0.51349415276136978  0.52585609525080557  0.53884475904859763
  0.55422347272342998  0.56711161119535791  0.57656973935841549  0.58500384584325926
  0.59348164400867665  0.60291433017704898  0.61135750254651344  0.61826745180161646
  0.62533347993563870  0.63272226741163018  0.64090406350210716  0.64928398125380926
  0.65895074192591763  0.67045198906245584  0.68225625225159103  0.69473256152881180
  0.70806775648587372  0.72187319338440203  0.73544522563133896  0.74839998046563061
  0.76055189416149815  0.77164069477606856  0.78233657595453621  0.79304884791927899
  0.80515515100056612  0.81757591973963439  0.82892965700202259  0.83997895821500113
  0.85106477515918100  0.86264757609092113  0.87330964968764990  0.88414108620188026
  0.89493680396117592  0.90634718786499313  0.91632327594282537  0.92563909455318627
  0.93363316313899891  0.94076101615173646  0.94732364625624388  0.95406259073059452
  0.96204436168057184  0.97148054733813671  0.98312150490022310  1.00000000000000000
 -0.00211260166164432  0.01030223094823451  0.02022647747632959  0.03013465028880248
  0.03986928421392265  0.05047454460835610  0.06073654189077508  0.07122943285707473
  0.08154854480834939  0.09207001646928761  0.10470240648218963  0.11845745017188908
  0.13174647270966525  0.14387152888713253  0.15559580198804879  0.16568820606582643
  0.17431194533926930  0.18320802293565169  0.19278569319126804  0.20362358058016075
  0.21408517566078891  0.22412477989558363  0.23469170717472143  0.24708254689540904
  0.26038885323764777  0.27456092819138589  0.28874057941174142  0.29719861067555314
  0.30395989942373752  0.31056920264271182  0.31731391497884387  0.32460663217228930
  0.33078584304916375  0.33694833671859570  0.34355642224729693  0.35068535661493594
  0.35890643163419872  0.36879327891423996  0.37842615569402727  0.38708507628193939
  0.39530176924448113  0.40341964236762962  0.41109325926158702  0.41903841579879486
  0.42633716484257422  0.43481983043828809  0.44549919757795936  0.45725617897583970
  0.46891383452814800  0.48063374302589373  0.49161252105948161  0.50262215366977536
  0.51411464017564668  0.52620163027317202  0.53646928872310828  0.54776217130227867
  0.56079602454108113  0.57327577673026475  0.58438100425439321  0.59366073924161866
  0.60280398568833704  0.61288622509442203  0.62489891403848530  0.63730047962438952
  0.64983768027620115  0.66499883782277902  0.67609175885073547  0.68704354107391541
  0.69781792814207277  0.70820649596933483  0.71854493745816173  0.72923924679220020
  0.74065788760275264  0.75314289546444046  0.76682541418133343  0.78146170725908970
  0.79495608515374139  0.80820582759990223  0.82136581998222091  0.83384411965129301
  0.84442120559061962  0.85393719649907140  0.86285439328768176  0.87257028641309275
  0.88366424561559764  0.89433334645988627  0.90439260818205336  0.91370046763678325
  0.92375354022729816  0.93617244002106637  0.94845112656773645  0.96231096850699427
  0.97602043013885897  0.98522957282256884  0.99310689168479283  1.00000000000000000
 -0.00087010055350055  0.00482093871657738  0.00886875743803438  0.01248876129783334
  0.01601933295075525  0.01928813018225648  0.02264027040767561  0.02615395931841858
  0.02951980171268116  0.03303777182036972  0.03688017900319546  0.04032757060805241
  0.04523281880271054  0.04993216892005666  0.05511515600652052  0.06028262811379517
  0.06507229737079548  0.06974167981754718  0.07441419419290429  0.07900487780927264
  0.08369300127357560  0.08976635796414964  0.09590441905666533  0.10170379230306333
  0.10817299295049690  0.11531346541764147  0.12339468074064454  0.13266714914779257
  0.14246597283158643  0.15216880103732497  0.16050938512598067  0.16835675960314331
  0.17672060074814425  0.18745942577243160  0.19916604527375661  0.21153475925375714
  0.22332311001040228  0.23475963366581129  0.24463036013590700  0.25397610545181659
  0.26385044409380348  0.27838373684102802  0.29333818087261376  0.30693785226419451
  0.32293750836201018  0.34180938159579399  0.36020914965267548  0.38151987891890704
  0.40806573040058913  0.44060295363736340  0.47787631918233137  0.51890847635847326
  0.55869832449585033  0.59275813572195934  0.61947663859121016  0.63922773442303660
  0.65653059243263900  0.67347507905131321  0.69101142514628922  0.70785649724593447
  0.72191622407214462  0.73441640967684518  0.74652037578681429  0.75890059392791287
  0.77071530369407504  0.78222347489646937  0.79369743191609643  0.80524173268842780
  0.81686443640172113  0.82823453174937622  0.83853932579804147  0.84770257442314600
  0.85664276905309655  0.86548368721721947  0.87453147970335243  0.88284868080865686
  0.89078689503922859  0.89858593950905252  0.90647905687107777  0.91421201234803140
  0.92136846473675915  0.92781949567096411  0.93382381360030353  0.93956951728727167
  0.94497611866119124  0.94993794298702039  0.95483436487501860  0.95927776221554661
  0.96360836323065469  0.96812924320546656  0.97303332704527279  0.97837382121315264
  0.98392490490546902  0.98936423303973575  0.99470028439997205  1.00000000000000000
 -0.00289042265883762  0.00883897428625565  0.01984022931283694  0.03042785530928052
  0.04109254364697022  0.05213643329296291  0.06317009881473121  0.07501656293767672
  0.08765002057362588  0.10033774844446466  0.11165530808218491  0.12219979694535091
  0.13235182571605544  0.14281456372470391  0.15303543274203987  0.16321416671621450
  0.17453236851856879  0.18692114647378777  0.19869746735768296  0.21039280716255807
  0.22231663854536260  0.23271712295459213  0.24169346921631960  0.25098130121300738
  0.26152799963917750  0.27054989176589700  0.27848570447066262  0.28579605296308469
  0.29512604119041075  0.30585311561152145  0.31423511279934624  0.32217779102109045
  0.33076484881542562  0.34033220465225572  0.35031972484158180  0.35974776213544379
  0.36799111260564932  0.37654923201620250  0.38616579973317866  0.39577992345134544
  0.40536031873333539  0.41556389938968041  0.42912089838675793  0.44254953321529600
  0.45470486069766713  0.46315667629157997  0.46970138598828937  0.47835903750577607
  0.48534074434887192  0.49117617688729931  0.49719692107664665  0.50422037938478470
  0.51203129184483698  0.52043776129375130  0.53285915276336748  0.54624489799843634
  0.55658226578229175  0.56766662191274897  0.58027636198191312  0.59266283114431373
  0.60476932203549560  0.61698368842682150  0.62947826777723603  0.64017393503204922
  0.65180364237880539  0.66309193115845599  0.67409412010363767  0.68625996860011940
  0.70208118677566245  0.71745007855338239  0.72990173044583728  0.74041084501163912
  0.75065548985734920  0.76098306258188630  0.77262305374911122  0.78497211994458893
  0.79595005962140741  0.80521088977619593  0.81485658917267700  0.82694805463857890
  0.84096957873686462  0.85561898472157005  0.86969794044685389  0.88306150747961731
  0.89581323677170976  0.90786536184936051  0.92033281185660032  0.93389638027809263
  0.94302866049461620  0.95064816063408930  0.95861152617698320  0.96663355358411007
  0.97506198834384994  0.98351936995902445  0.99191417056538012  1.00000000000000000
   4.1664940633902137E-026  -1.0000000000000000     
 F F F F F F F F F F F F F F F F F F F F F F F F F F F F F F F F F F F F F F F F F F F F F F F F F F F F F F F F F F F F F F F F F F F F F F F F F F F F F F F F F F F F F F F F F F F F F F F F F F F F F F F F F F F F F F F F F F F F F F F F F F F F F F F F
  <DiscreteSampler_grid>
  grouped_processes
  1 # 1 for a reference and 2 for a running grid.
  10 # Attribute 'min_bin_probing_points' of the grid.
  1 # Attribute 'grid_mode' of the grid. 1=='default',2=='initialization'
  0.0000000000000000 # Attribute 'small_contrib_threshold' of the grid.
  0.5000000000000000 # Attribute 'damping_power' of the grid.
 # binID   n_entries weight   weight_sqr   abs_weight
    19   10   1.814288553830040E-021   1.660873002053752E-041   1.814288553830040E-021
    25   10   6.160908371113085E-021   2.806349060592351E-040   6.160908371113085E-021
    37   10   1.008860572636221E-021   3.147696126909265E-042   1.008860572636221E-021
    43   10   2.126175223941807E-021   1.574760513830814E-041   2.126175223941807E-021
  </DiscreteSampler_grid>
