 -0.00000000297158130  0.00000195564688465  0.00001376774441215  0.00003940027131386
  0.00007627973332476  0.00012858787579318  0.00019318706471160  0.00026381746928024
  0.00033970555910200  0.00042409833879824  0.00051937160320266  0.00062280616475853
  0.00073759336870579  0.00085550077583481  0.00098162368064323  0.00110852618772577
  0.00123623357517137  0.00136486905463612  0.00149257065780826  0.00162244518070556
  0.00175533345090955  0.00188986321235076  0.00201827676630238  0.00216213611945816
  0.00231183051550421  0.00245971414408808  0.00260802466219133  0.00276269992195852
  0.00293814637814027  0.00311356377153668  0.00328011532367911  0.00344399226833593
  0.00361234108616690  0.00379472362423814  0.00398822099336923  0.00418155294463143
  0.00437284633180874  0.00456021493912683  0.00474809860943397  0.00495180724799802
  0.00515217923203195  0.00534887580866590  0.00554830298598637  0.00574674895137532
  0.00594288707575297  0.00613702756447583  0.00632566947314188  0.00651502385071731
  0.00670509611087154  0.00689138458640972  0.00707705084781790  0.00726154502420591
  0.00744500421921597  0.00763162697865827  0.00781446909148033  0.00799904215557755
  0.00817287850090775  0.00834726727774018  0.00853238042540714  0.00872914511366859
  0.00892096570056276  0.00911122424158543  0.00929841276637905  0.00948469006253090
  0.00967319160833275  0.00985814624282513  0.01004923270248631  0.01024510626080345
  0.01044405475227650  0.01064500489448897  0.01084159381953866  0.01105461322669647
  0.01128331709913215  0.01152440774536084  0.01179031375807660  0.01205803230079780
  0.01233480017607042  0.01262436670160637  0.01292154851350448  0.01323694004937766
  0.01357070143325211  0.01391655849989447  0.01426176376540560  0.01464517074382727
  0.01517074791322239  0.01576961171803691  0.01639347194719918  0.01707533780799865
  0.01782386253162183  0.01867225351948832  0.01986976488964184  0.02174749846883589
  0.02431707295065610  0.03186950596843813  0.05003678543055008  1.00000000000000000
  0.00947906619001271  0.01645240350311756  0.02672148541195285  0.03770748628766266
  0.04826816719876919  0.05882893438371031  0.06918589762341808  0.07978322445171161
  0.09120469343448832  0.10316694343445608  0.11415584401287156  0.12534037425896710
  0.13676152861126700  0.14856700751027896  0.15821205393284257  0.16820034277685927
  0.17769456549527649  0.18656379941552031  0.19558954714194171  0.20474147227057143
  0.21492707445697826  0.22577770891982585  0.23531363261964375  0.24434528039730696
  0.25375336848384883  0.26395494056455876  0.27373436863485279  0.28295542823861741
  0.29208844878335999  0.30435996119560021  0.31594349046173131  0.32638713199169123
  0.33685299550701492  0.34737484935430740  0.35789830086148494  0.36828880605019332
  0.37860517263701599  0.38883815385819620  0.39967679460309757  0.41150859998801903
  0.42257211430932823  0.43268882167257572  0.44200630051034628  0.45108528023913297
  0.46059905523412059  0.47011600590839792  0.47971943310646320  0.48935105217486430
  0.49914701166897651  0.50884008790464852  0.51869846180632484  0.52882742854399112
  0.53947742814215349  0.55032486692906502  0.56145237249277835  0.57306190458937578
  0.58475732143252779  0.59531684609112734  0.60591410059340689  0.61627638591286626
  0.62640719631797448  0.63613539328987989  0.64631770331712890  0.65714176607822550
  0.66828295250880410  0.67949314331703026  0.69090173176511505  0.70267290052272480
  0.71388282856153640  0.72422852055206099  0.73406551848876456  0.74342538255508717
  0.75297203968461679  0.76260564684567489  0.77261429727208653  0.78290224165713174
  0.79329205199415842  0.80383159607650545  0.81428862243111388  0.82474683486373657
  0.83460618964622402  0.84426392437645159  0.85396098985834257  0.86424268550355499
  0.87482816891597348  0.88520926453976889  0.89524351111840206  0.90575171946830724
  0.91684527010189587  0.92748365384915366  0.93799212036383217  0.94784455052743577
  0.95764893687032249  0.96807590257468035  0.97900522309817117  1.00000000000000000
 -0.00002237934136600  0.00027678712647334  0.00079059800784949  0.00159440471137056
  0.00274060719167280  0.00424528567894492  0.00598378980907506  0.00796034152534057
  0.01012681778722376  0.01256870179960779  0.01503710718299292  0.01746880326966355
  0.02023911042555237  0.02316397090898013  0.02613852673031484  0.02916087397305809
  0.03243358881713146  0.03577575724986592  0.03923623840797388  0.04286021290009008
  0.04649651554693070  0.05013609553061627  0.05396475694634553  0.05810649961637851
  0.06267404689781626  0.06759232862628478  0.07260554935421863  0.07776319654290731
  0.08303843166295338  0.08812451258224373  0.09301256634919533  0.09835730027931124
  0.10417417359553258  0.10970815533600731  0.11523589198263649  0.12155273854618365
  0.12868359959092018  0.13591759266617282  0.14317104154712035  0.15061586414962616
  0.15856673893064929  0.16689923016641101  0.17525428136625334  0.18378609904720300
  0.19262462554121132  0.20172622713367291  0.21102473027043758  0.22090347537605673
  0.23024745232454147  0.23942333632437784  0.24884002747952069  0.25878504258039386
  0.26934958129735864  0.28032272804422564  0.29145225945622971  0.30259808946449024
  0.31369462877855436  0.32478917129288265  0.33603404879314736  0.34758857798035231
  0.35929474922602889  0.37074980836013383  0.38241711369341957  0.39424293836309204
  0.40651734693902730  0.41935541875174043  0.43318491316338326  0.44798196524792949
  0.46326022364831132  0.47935284055866600  0.49491636546352780  0.51086654384264996
  0.52784878433781435  0.54557668529007608  0.56358082740596804  0.58192576953172193
  0.60003979320402756  0.61832280977743903  0.63712460116259828  0.65627901156107871
  0.67537947656946551  0.69478250303617262  0.71447576360507037  0.73454748249894108
  0.75502112250027176  0.77582143693266137  0.79664949667352247  0.81645505141830998
  0.83604206805276970  0.85553175092406286  0.87502568417177429  0.89544426635279617
  0.91735204671274440  0.93888033675640792  0.95597549020438211  1.00000000000000000
 -0.00258945098160647  0.00937200550273191  0.02069413802377651  0.03227601918205227
  0.04406331312616815  0.05570208884224314  0.06714771008539799  0.07851604334157467
  0.08966818757110359  0.10080835518555489  0.11212351617493983  0.12308485571971768
  0.13415575118233750  0.14536612357671511  0.15676615459827434  0.16813508658434750
  0.17959506765260452  0.19004285287653397  0.19967611488511597  0.20959243742911213
  0.21994256686833619  0.23047876447463206  0.24070161586872066  0.25132470932951956
  0.26208833081267136  0.27294640904886480  0.28278742917817007  0.29235302769626237
  0.30190078107021812  0.31167071407835878  0.32184665737396417  0.33252848286253661
  0.34354846954178725  0.35436467271316691  0.36535794603614280  0.37524970185306922
  0.38357464611403519  0.39143658137458298  0.39985825818591497  0.40887007790903257
  0.41796234980345154  0.42702555349591476  0.43534426794817527  0.44619373570212889
  0.45699101456851648  0.46786022098047669  0.47904291071508159  0.48984285304726211
  0.49988012596687059  0.50890716019224691  0.51811794940263789  0.52782516642190280
  0.53744368694514866  0.54773658536935677  0.55783413341426624  0.56797447102809173
  0.57821043689013663  0.58885098339312969  0.59978379766925716  0.61140250772708871
  0.62357600451171113  0.63585917350470900  0.64814196296012616  0.65965814303216319
  0.67131340677214935  0.68270306293571648  0.69386747412220662  0.70484619874423982
  0.71595800286970301  0.72771097473468371  0.73948605717770244  0.75075265770069810
  0.76164194196646184  0.77209705358099590  0.78224499881490250  0.79224135264452178
  0.80216063827623385  0.81236407148139089  0.82319065041556472  0.83408837661560531
  0.84486891734519953  0.85515635827147518  0.86464557836447797  0.87348727513557400
  0.88228751069169298  0.89158349300711437  0.90184202189854012  0.91182517559245368
  0.92192137498645477  0.93336062994238078  0.94492724257483218  0.95639214701130459
  0.96694003850780508  0.97726800905988609  0.98817778450489702  1.00000000000000000
 -0.00163921733666693  0.00718823784504790  0.01518351486111192  0.02371335531302509
  0.03302432303436795  0.04278647222522620  0.05431542955218970  0.06636486216415877
  0.07823186978349055  0.09056588835283894  0.10257795639153076  0.11400561162273887
  0.12568619365295883  0.13653946577304024  0.14748083237313003  0.15747606505833545
  0.16719353580564611  0.17632003202136851  0.18588590453280246  0.19643098086368577
  0.20803498342680191  0.21922726546284435  0.23003424922692445  0.24029831915377250
  0.25025572842120053  0.26003990238274260  0.26994578413431025  0.27923491584220300
  0.28825745734717351  0.29729339753837170  0.30628021948101786  0.31519491101178571
  0.32407120469745582  0.33350516943067848  0.34361812654024321  0.35358648001181187
  0.36329933120132113  0.37340499213986594  0.38430619014996636  0.39554079148666460
  0.40644332609465605  0.41701934544456698  0.42723125728680983  0.43745354067696124
  0.44804090115068740  0.45831479532448194  0.46828905314204505  0.47821166411138893
  0.48862328686100132  0.49941334830586726  0.51042572189380375  0.52153645686773953
  0.53313615460522168  0.54495831454148969  0.55690937364885951  0.56892919629917149
  0.57954525478272112  0.59101814016747878  0.60246980553314744  0.61385424101172770
  0.62535500121870524  0.63654593063461384  0.64755400048051837  0.65754792092616099
  0.66788229690372602  0.67799855731600878  0.68810937467859346  0.69844231072043339
  0.70961828393949855  0.72139215746739749  0.73343476557303899  0.74371436014461367
  0.75471540101601220  0.76607867301744981  0.77693431838710236  0.78756059840269654
  0.79869785065962740  0.81031818041663428  0.82215221411276440  0.83322112669433357
  0.84378952326417334  0.85414473680271030  0.86475081950253974  0.87563205813342937
  0.88673772301263665  0.89773709747102148  0.90846499819691662  0.91924040271619090
  0.92996902134323955  0.94056083470981788  0.95064523429373993  0.96034572013260822
  0.97018854649230524  0.98038136592602354  0.99041963886455431  1.00000000000000000
 -0.00252025217882088  0.00983633632440663  0.01958735301965276  0.03005645356629188
  0.04048838777255007  0.05066809470985588  0.06098787225824329  0.07179885217832307
  0.08309452158914538  0.09431178687311070  0.10609747352901414  0.11768259748016882
  0.12840896539070482  0.13867995624679960  0.14896667810671352  0.15989096723113425
  0.17035344784617598  0.18003733954669024  0.18989225439714275  0.20014428111393306
  0.21079498106890029  0.22148084442292368  0.23202400699687553  0.24246693127351254
  0.25298377145438811  0.26383389115916100  0.27501159679911302  0.28636511822279903
  0.29725976799558268  0.30751308205025280  0.31722269869409364  0.32608257614859615
  0.33465754748458953  0.34354707041528137  0.35315820673868420  0.36404856891893977
  0.37600844379202020  0.38907739917703471  0.40341986416019054  0.41864123715506024
  0.43327137204504407  0.44583549647934545  0.45665876683107604  0.46747996658199004
  0.47841216327200475  0.48865072710562441  0.49858051395010278  0.50837719781389479
  0.51804405719608015  0.52751856590972579  0.53677762401408591  0.54657212982458980
  0.55701916032543430  0.56715161479226361  0.57689705139873659  0.58649069266908549
  0.59619103224669789  0.60594137726526665  0.61542052747693932  0.62509210742051058
  0.63567590584494493  0.64687873735015644  0.65833531379722532  0.66967054527930048
  0.68062569534813644  0.69144303107997251  0.70215432596908856  0.71175131138958680
  0.72036793594020943  0.72903627040344976  0.73828776048119704  0.74761609158242415
  0.75721491946793074  0.76665625343165511  0.77646567708182179  0.78627496191539759
  0.79590053522777049  0.80543555189526261  0.81512369574464238  0.82505533708829992
  0.83525259858279022  0.84659795188724840  0.85799667432919280  0.86964257554103441
  0.88143605554806659  0.89356349201156127  0.90569120228492106  0.91762695634461899
  0.92900692098224813  0.93986472870320781  0.95042860058833267  0.96073157964738143
  0.97086179629197933  0.98088188118853015  0.99050397043557448  1.00000000000000000
 -0.00266974690852641  0.00906252611395960  0.02052784448014207  0.03208722435912224
  0.04453925353393611  0.05699064014769700  0.06836615679263244  0.07906189467375231
  0.08992548549231429  0.10077056668092822  0.11110051857182623  0.12085088534978934
  0.13088729748903727  0.14162310020380212  0.15253523371813157  0.16356300026486051
  0.17402334883615272  0.18414185172304409  0.19464134338770112  0.20498951813192753
  0.21520123716204201  0.22538904976515500  0.23721783999023918  0.24966339805099275
  0.26140895993618030  0.27286519475255738  0.28449985442309328  0.29614378559300708
  0.30719760371566479  0.31787294221348456  0.32835922099393450  0.33902851988158955
  0.34981562510062453  0.36039615827905719  0.37103627586085802  0.38172757638117183
  0.39223515520645730  0.40211943882675183  0.41161698549092079  0.42130515966331072
  0.43133541063784619  0.44155232939896866  0.45178608312797591  0.46214395575946543
  0.47296789434243175  0.48364663968015509  0.49442784307298115  0.50496927328782382
  0.51525367640921016  0.52511059791735160  0.53502653442950454  0.54563477907570002
  0.55711644001709704  0.56913525226607586  0.58116638163212864  0.59317963821705544
  0.60535443309882520  0.61717068184519797  0.62848143800955203  0.63952930878109904
  0.65049482152588789  0.66170214865486998  0.67295728570704449  0.68376302194042693
  0.69351404144120543  0.70249747920768491  0.71187320897329009  0.72126004407524513
  0.73034656849673385  0.73942437038778241  0.74868092358690852  0.75828362576789543
  0.76809238592359175  0.77734050026530999  0.78631204415168776  0.79491676381834164
  0.80365478294745185  0.81282985937132102  0.82141081175362429  0.82954992329285127
  0.83880207612189894  0.84934797762029168  0.86044275833703088  0.87111412523134835
  0.88176491212033326  0.89253755785188149  0.90357267988708823  0.91420265151298974
  0.92419159693678621  0.93394259560628701  0.94388861132303870  0.95413365016902629
  0.96494694926817703  0.97624934343428660  0.98782999419868167  1.00000000000000000
 -0.00180694327385283  0.00746592960413966  0.01514505067620852  0.02346511194124616
  0.03311613128750479  0.04316518385748817  0.05390070015177854  0.06507614413479897
  0.07689536652356495  0.08852826669393572  0.09985669491529643  0.11202221181817086
  0.12477380652373024  0.13622946637120753  0.14688208128176594  0.15773097681313039
  0.16793797294486423  0.17663814896831442  0.18551243391753172  0.19436071200427907
  0.20298092074346080  0.21153609544078875  0.21985546890199789  0.22855551121263487
  0.23890985204497875  0.25016608886275460  0.26182709862834413  0.27351760768821354
  0.28507564317019107  0.29670473096927302  0.30808996195052346  0.31985724423137385
  0.33149623229356162  0.34338942587339139  0.35539220306454844  0.36724575125071601
  0.37848927013500278  0.38839187894284460  0.39850113373233464  0.40778564965807679
  0.41731210916960959  0.42626476207537317  0.43554012817108206  0.44512879801549965
  0.45507920413684877  0.46549641800339298  0.47659729193279504  0.48781086404619955
  0.49936344909713454  0.51137488029811851  0.52273340400803414  0.53344173464584488
  0.54403576568567191  0.55553128051985656  0.56686261393660420  0.57771734582275269
  0.58867604348519509  0.59971793218926461  0.61020174173545860  0.62047960366352672
  0.63085798382474956  0.64106246614984130  0.65084179347928073  0.66077778156230538
  0.67047535958418902  0.68016403627424660  0.69029350890021735  0.70131184547095271
  0.71297739854885722  0.72449135513788643  0.73620762963176167  0.74797298912461085
  0.75884514651413781  0.76926081610975783  0.77956321278668705  0.78960005977773351
  0.79995520672718867  0.81091161874676754  0.82236606309286808  0.83337002484319844
  0.84321684361516047  0.85287832196263369  0.86285722665950437  0.87308389612524895
  0.88331764028300286  0.89330993662583280  0.90287594021279305  0.91338664123018609
  0.92382354346283568  0.93459959684898630  0.94514773975601474  0.95590389447813717
  0.96691330340101944  0.97812591295853435  0.98918865990692373  1.00000000000000000
   3.1062787822721956E-013  -1.0000000000000000     
 F F F F F F F F F F F F F F F F F F F F F F F F F F F F F F F F F F F F F F F F F F F F F F F F F F F F F F F F F F F F F F F F F F F F F F F F F F F F F F F F F F F F F F F F F F F F F F F F F F F F F F F F F F F F F F F F F F F F F F F F F F F F F F F F
  <DiscreteSampler_grid>
  grouped_processes
  1 # 1 for a reference and 2 for a running grid.
  10 # Attribute 'min_bin_probing_points' of the grid.
  1 # Attribute 'grid_mode' of the grid. 1=='default',2=='initialization'
  0.0000000000000000 # Attribute 'small_contrib_threshold' of the grid.
  0.5000000000000000 # Attribute 'damping_power' of the grid.
 # binID   n_entries weight   weight_sqr   abs_weight
    19   10   2.609776894335393E-007   1.334737195693813E-013   2.609776894335393E-007
    37   10   1.914457892981419E-007   7.591130408383805E-014   1.914457892981419E-007
  </DiscreteSampler_grid>
