 -0.00000001677677908  0.00000971553973487  0.00006791300986078  0.00019272226119798
  0.00036739715023006  0.00059164013658010  0.00086543951404246  0.00118582394554410
  0.00154065910662403  0.00192804489445330  0.00235544718258326  0.00280963199979188
  0.00329622861755140  0.00378683993167122  0.00431052319165261  0.00485719160998118
  0.00543796915870645  0.00602725024613920  0.00663236435650698  0.00726134799621215
  0.00788989296893556  0.00854371909227045  0.00924652954286467  0.00995818473108811
  0.01066178066568996  0.01145484161366480  0.01236867893978300  0.01357846647103506
  0.01561245545967496  0.01849969556784270  0.02069300951391278  0.02253460827966216
  0.02429438513288918  0.02606095548556465  0.02783203999710714  0.02954494127357133
  0.03122036702204587  0.03289076509902948  0.03458655442179560  0.03633266161713728
  0.03806663240088166  0.03982715251142369  0.04171479611810783  0.04377277174387671
  0.04590862402393028  0.04801976441474683  0.05005657316734953  0.05202113222404210
  0.05401361382425448  0.05609972625255178  0.05827633238947635  0.06046974660446550
  0.06266563372684532  0.06486931433226484  0.06710110085300544  0.06937068643284330
  0.07163848167534109  0.07451301903291084  0.07733988411301665  0.08014168104086195
  0.08301116873061150  0.08605005583955372  0.08919262234395692  0.09254408474413421
  0.09595583481412705  0.09939410121391491  0.10284025599812818  0.10625180368530908
  0.10967214954074438  0.11309469995965850  0.11656956353565250  0.12015077488050734
  0.12389266625219550  0.12804980331682236  0.13228189591832992  0.13656995610786385
  0.14102972576652756  0.14571955445447576  0.15051994746076394  0.15538150731061479
  0.16122565815941961  0.16751547834682154  0.17389832253656173  0.18039321926362042
  0.18722313874503871  0.19440360866546011  0.20154789168029483  0.21143108324103418
  0.22298482132688108  0.23534136530338462  0.24898284200975762  0.26837669549363874
  0.30189162614466075  0.36885934930691899  0.63194797926889679  1.00000000000000000
  0.00953694633765066  0.01579177586549461  0.02501402125506279  0.03649545743078463
  0.04691442946287291  0.05743131628313719  0.06786289586136907  0.07865616484675585
  0.08960592696392473  0.10070489389624013  0.11276961885306404  0.12485845604868237
  0.13611471619218896  0.14681910236065429  0.15705360760777085  0.16677311696059752
  0.17611607827756134  0.18566435882851520  0.19649956115660630  0.20766321709743152
  0.21883082332497397  0.22990215007085715  0.24070698914135980  0.25168121024554158
  0.26247549323520114  0.27292451940643325  0.28269206815159431  0.29262586224514286
  0.30266378720759562  0.31276286162183203  0.32255408398776703  0.33247167389420496
  0.34349998827776812  0.35491930618970902  0.36664393673828971  0.37767046397719967
  0.38742470098258802  0.39700559216066034  0.40649605780630704  0.41577301158081814
  0.42483100339321095  0.43337387114124742  0.44296303420271438  0.45356367110986229
  0.46449892335906445  0.47538900290980696  0.48574609444127004  0.49576706122985231
  0.50571022363600471  0.51554334475923191  0.52574661547678692  0.53618007282466196
  0.54675241740070213  0.55760054607053788  0.56815600222227902  0.57881909573914903
  0.58857984191007240  0.59848442813240599  0.60826876106964867  0.61849786020015207
  0.62822353257900820  0.63819623526908420  0.64807890505544996  0.65905465826904941
  0.67011289079508463  0.68163537129674301  0.69273721629693419  0.70330806347202068
  0.71421678289937474  0.72538379082192761  0.73664894675972026  0.74707007581716067
  0.75761808944229059  0.76794408920460089  0.77834019096861828  0.78858875828487529
  0.79881892880586369  0.80887497894375682  0.81876649871244545  0.82872102610004506
  0.83885608304841197  0.84971469480633066  0.86169805079196671  0.87408231982189466
  0.88584868396857608  0.89705584155178586  0.90870180486656005  0.91983433199446829
  0.93027816139927166  0.94120588908708647  0.95212254259789175  0.96260433156450553
  0.97225193698888612  0.98175167322819945  0.99141889810349915  1.00000000000000000
 -0.00001724670183521  0.00019472657405723  0.00051859741005803  0.00100596415045988
  0.00163183916478236  0.00244330008519096  0.00342040231433913  0.00458532895063061
  0.00584449387293876  0.00710402138993142  0.00863853065822029  0.01038137589579393
  0.01220281946995096  0.01413396438012366  0.01617695739384789  0.01821855278053312
  0.02024372504354255  0.02234947089118255  0.02462839263937583  0.02699890101843423
  0.02956790072839941  0.03222081867354820  0.03499218012758743  0.03788529243434869
  0.04088308091697372  0.04377725929709469  0.04673591754656147  0.04984949512125954
  0.05306295983430012  0.05643695168773617  0.06004242400919383  0.06364542715406943
  0.06727451222009019  0.07106735949277294  0.07496011938134228  0.07884023048420903
  0.08270831399766176  0.08670419160755981  0.09071531311340697  0.09480691880908598
  0.09897295468788740  0.10310589030470207  0.10743018898454713  0.11183672125897101
  0.11633487024822779  0.12100576114034937  0.12586399153112954  0.13081917310579191
  0.13581739144866281  0.14071637340077514  0.14550397748569643  0.15011378937154818
  0.15485663191483096  0.15973976792225275  0.16473799379252266  0.16983166305653913
  0.17498375588536197  0.18020289103926584  0.18558044535413254  0.19101858289372226
  0.19617590810527474  0.20160485378583698  0.20715209796320258  0.21287104556082723
  0.21873543809448853  0.22472164252309704  0.23086270020400745  0.23739459665019588
  0.24378364208647926  0.25025273938930775  0.25687260924005717  0.26356189303728267
  0.27010478337287280  0.27641619062749212  0.28263148229345125  0.28876170027692188
  0.29487958533717989  0.30099676616021609  0.30713290448217950  0.31388185361332116
  0.32042394813892711  0.32701722037699676  0.33355139430822944  0.34012871864762079
  0.34703840402733033  0.35415404723245408  0.36097745717164043  0.36767030624450431
  0.37421748742599553  0.38044686839487873  0.38748920683966298  0.39494370453062927
  0.40200321966060953  0.40773849172127224  0.41190900941595754  1.00000000000000000
 -0.00363545033503994  0.01254376591520671  0.02635996068661276  0.04037180487661235
  0.05410670304067997  0.06687022162231791  0.07868567463784444  0.09032931409541030
  0.10223586727476611  0.11424031247651362  0.12669803873834493  0.13958624779988751
  0.15183329004316787  0.16307418401261803  0.17397548301777555  0.18496216390248174
  0.19561434260086766  0.20632407577979603  0.21745542405839696  0.22855264083478247
  0.23928633012776690  0.24862260002555167  0.25999428401086588  0.27106720560704950
  0.28286461646622879  0.29483942671230462  0.30636419227421258  0.31620795704598037
  0.32556414901026798  0.33508543513711297  0.34500960646509093  0.35478184106305932
  0.36382245848943001  0.37306955793519891  0.38318510443610132  0.39367329363023246
  0.40327759942318575  0.41291274287438079  0.42306408085811598  0.43331529404384034
  0.44362261596095359  0.45455005818679711  0.46571034989952392  0.47639290732858774
  0.48613506565479919  0.49574669633265378  0.50596917029209842  0.51637813559239654
  0.52657648624959064  0.53608254819693590  0.54556052455388171  0.55518379165191722
  0.56494180004604089  0.57451773625124891  0.58382273398111928  0.59363672041667748
  0.60365009462553088  0.61330978741831665  0.62292681943074923  0.63272275708865711
  0.64236890418180514  0.65203412370034719  0.66194740846920197  0.67245214475928838
  0.68338081098342529  0.69432093166125508  0.70541045128996438  0.71652943915689427
  0.72731065053923150  0.73803485935519475  0.74877664906525376  0.75937435477700732
  0.77030230929711996  0.77997461118682687  0.78975519180609022  0.79928490243384531
  0.80913677175484355  0.81868886557020393  0.82865296159688995  0.83903630165967746
  0.84989476365936256  0.85978796340569819  0.86878338325603677  0.87819300300686010
  0.88809287290576644  0.89808433570101998  0.90830260372241334  0.91840198998780076
  0.92971328306439227  0.94094440690211856  0.95208768248243136  0.96225932363556366
  0.97190941557671429  0.98171194803575923  0.99101139092880752  1.00000000000000000
 -0.00294857787160705  0.01003220783139749  0.02195785215313789  0.03372777467828861
  0.04600176533560515  0.05853813469928978  0.06998145991023645  0.08053678518753656
  0.09174088663892359  0.10297775087162379  0.11323008115232450  0.12339485410995250
  0.13425152203889545  0.14566015839378321  0.15695645520060539  0.16849192472264460
  0.18049396179655694  0.19237223551686192  0.20388009429658205  0.21482595467045057
  0.22501583692297128  0.23564004949185346  0.24639331039560416  0.25665883365661540
  0.26654833938390593  0.27643561486587137  0.28617381545618592  0.29561023245174772
  0.30500567646342908  0.31454239962023589  0.32402851029232044  0.33333835787871746
  0.34309674038229737  0.35312467461471592  0.36357293083052822  0.37406056262803483
  0.38544507466978173  0.39714047831943050  0.40920182982282993  0.42093766932299298
  0.43214285023785032  0.44221659833565841  0.45170081314178917  0.46147598388210470
  0.47136445663290161  0.48139334357828883  0.49172967144523622  0.50261592014519063
  0.51396868663454665  0.52440924620033647  0.53404353597520227  0.54338786814160300
  0.55247283891418009  0.56129884592049273  0.57058686637720746  0.57976453087488422
  0.58906375925659560  0.59886562807176047  0.60920992101077531  0.62078347338691364
  0.63154619731217387  0.64187528076295108  0.65259495317610672  0.66327538139470410
  0.67406409537277812  0.68461912940432135  0.69564855180636354  0.70663974161355891
  0.71830551190060432  0.73011301146636887  0.74164880892913332  0.75254503349746615
  0.76361287178866177  0.77507932796238788  0.78699426491321067  0.79906641389346655
  0.81013034364134640  0.82032780487845036  0.83003063368592067  0.83981011579689724
  0.84873092410769635  0.85714623012516189  0.86552923648602631  0.87447944066123517
  0.88421930857768538  0.89382712320780822  0.90444523898957740  0.91543387672823051
  0.92622343565426590  0.93685130592948340  0.94782037270661279  0.95895805225697250
  0.96898514803744762  0.97930155335018276  0.98969532992420683  1.00000000000000000
 -0.00228194321995212  0.00917390047629416  0.01831536682551523  0.02857425785543832
  0.03872659974729813  0.04901278440404572  0.05955638003825556  0.07016944061780490
  0.08177973322098496  0.09348468400555422  0.10513922671760705  0.11525628181063510
  0.12545404756505249  0.13526707854320921  0.14508457104617986  0.15463655885221636
  0.16419156545940766  0.17393376333582225  0.18396845735674833  0.19485229646666147
  0.20645725589496808  0.21767264061157821  0.22890481800764689  0.24067856154513337
  0.25199843422494306  0.26252847504126536  0.27309364828656052  0.28415573425317447
  0.29514108257761124  0.30598904148385131  0.31734535545219433  0.32890599507739882
  0.34063153486590897  0.35229871273642421  0.36428302466161350  0.37617707080629836
  0.38856198985802759  0.40139193206812507  0.41437857589837046  0.42701557056407891
  0.43850620092876935  0.44887005181475659  0.45906485745214931  0.46920771545998918
  0.47910824352259285  0.48889656436051443  0.49876873768187102  0.50974355663347071
  0.52099527974914028  0.53230693758381253  0.54362717572950148  0.55442501295041458
  0.56493778255934834  0.57462985443236891  0.58420957058879697  0.59374083036071956
  0.60286127012540702  0.61188055813807263  0.62073470696069166  0.63027116728180155
  0.64027611048351052  0.65080590780420255  0.66162825161225491  0.67183427880457658
  0.68165468118273775  0.69169550854335715  0.70193392127989573  0.71182742117767273
  0.72155685089492738  0.73149054409705028  0.74187356449205943  0.75210819027799891
  0.76177800238282645  0.77130663294451574  0.78043017752998500  0.78978361333018177
  0.79956262188987937  0.80944701858819135  0.81986449072244760  0.83081080044337519
  0.84164514230634691  0.85251629188290723  0.86357028923437951  0.87419695784312101
  0.88490000602855712  0.89532953710189589  0.90583810500328643  0.91603016104316703
  0.92614954274365446  0.93643187847410991  0.94758235756303832  0.95874905744427064
  0.97021983193616756  0.98125063387983413  0.99102631235472527  1.00000000000000000
 -0.00210955089125242  0.00869255088811400  0.01817506880678342  0.02833783787632969
  0.03803021273861557  0.04726112168018635  0.05646556258684922  0.06628537348933450
  0.07669254422633121  0.08724233490678227  0.09779309075422871  0.10796385159193862
  0.11789110898853036  0.12773671888265703  0.13796564184619112  0.14844337636557428
  0.15905604240380891  0.16984449275308139  0.18147599918819865  0.19362455942404697
  0.20601487807686086  0.21727273778001313  0.22777002146657080  0.23870632520038604
  0.24942571984165809  0.25970904073503365  0.26979742692262215  0.28002937330232519
  0.29022912226053510  0.30063544756817678  0.31100157399797873  0.32122491735938369
  0.33152892464461131  0.34203580384435184  0.35341469319284086  0.36328554628408211
  0.37289539353446149  0.38251335771653777  0.39210901207533150  0.40219103581389198
  0.41316757132623250  0.42454697061934105  0.43610032765703088  0.44651466639647286
  0.45638254399898309  0.46618209713895070  0.47600376481836248  0.48628549626519946
  0.49674124413549059  0.50736376159347119  0.51803089171691519  0.52886984668714743
  0.54020082947582482  0.55110277075846914  0.56175539772531791  0.57229926456354085
  0.58277992099171527  0.59344353189220866  0.60448739229496984  0.61586623212880975
  0.62685270959761741  0.63674437852286658  0.64666221318722850  0.65599159260732798
  0.66512374799320928  0.67444863778603847  0.68440677704252384  0.69443870757600490
  0.70424124989048253  0.71401237463125355  0.72392873906764910  0.73387576254942422
  0.74378957204843621  0.75447953032184456  0.76642988042252858  0.77877051800317143
  0.79097468673326932  0.80297268596144233  0.81450661943499669  0.82469715614095729
  0.83563489822032655  0.84660092992510105  0.85752986355173011  0.86822670297276106
  0.87934058222832467  0.89077290965582179  0.90158356654768312  0.91219254541580252
  0.92264040639835676  0.93339199208297807  0.94406907883754865  0.95491758854386044
  0.96597628141409919  0.97761468333735702  0.98879844512662740  1.00000000000000000
 -0.00210707419512660  0.00836979580418009  0.01708853285146387  0.02640006213426984
  0.03588876323620585  0.04577993443782925  0.05622808584178349  0.06697460864544474
  0.07774332359274137  0.08820166382214284  0.09843700079412798  0.10927216079676891
  0.12052026170523322  0.13220197986902077  0.14450688906403078  0.15640101452247582
  0.16798998891028352  0.17903643897373664  0.18970662644505767  0.19973746275431634
  0.20968147086616698  0.21989819403503555  0.23050773403182184  0.24067781274959249
  0.25100550418723216  0.26183041406605695  0.27339615895787855  0.28557916428797847
  0.29782458419493701  0.30986486213698727  0.32154393555314020  0.33294050620610266
  0.34373817544296098  0.35459224754395741  0.36539011618307110  0.37645504728656365
  0.38781298954046484  0.39941780767725421  0.41119162325630182  0.42286838814532607
  0.43453794289978709  0.44563149320784712  0.45618671296381302  0.46694484299526523
  0.47755734550820528  0.48795065460132925  0.49837394017416214  0.50864800110550124
  0.51894399711816630  0.52933288664361122  0.53959756642072110  0.54943979932338072
  0.55913930020843872  0.56868582111283017  0.57806957307612616  0.58719091806847135
  0.59590428233539272  0.60459181497103320  0.61396717307825488  0.62356156921624062
  0.63378055465412286  0.64397785717429068  0.65397832720801385  0.66380664862901217
  0.67368637138574372  0.68352760159421877  0.69340321057951981  0.70313265305971628
  0.71394035284729518  0.72590673199148248  0.73740171599150894  0.74783008066095014
  0.75810078544229031  0.76858100667615847  0.77904048452440644  0.78934782690100647
  0.80040713604559932  0.81159814209231151  0.82184925521162533  0.83179982253174600
  0.84237741623399898  0.85318767493284486  0.86320528457296741  0.87314579865732311
  0.88337419253637262  0.89389829002671239  0.90423582888098930  0.91433117581288470
  0.92455498947378767  0.93483451812939611  0.94543825819739258  0.95627812314201421
  0.96730406578904105  0.97797882064257757  0.98905396691268821  1.00000000000000000
   1.5140149636634651E-016  -1.0000000000000000     
 F F F F F F F F F F F F F F F F F F F F F F F F F F F F F F F F F F F F F F F F F F F F F F F F F F F F F F F F F F F F F F F F F F F F F F F F F F F F F F F F F F F F F F F F F F F F F F F F F F F F F F F F F F F F F F F F F F F F F F F F F F F F F F F F
  <DiscreteSampler_grid>
  grouped_processes
  1 # 1 for a reference and 2 for a running grid.
  10 # Attribute 'min_bin_probing_points' of the grid.
  1 # Attribute 'grid_mode' of the grid. 1=='default',2=='initialization'
  0.0000000000000000 # Attribute 'small_contrib_threshold' of the grid.
  0.5000000000000000 # Attribute 'damping_power' of the grid.
 # binID   n_entries weight   weight_sqr   abs_weight
    25   10   1.500135102967865E-012   1.036086237238078E-023   1.500135102967865E-012
    28   10   1.470022473619890E-012   1.010716578619926E-023   1.470022473619890E-012
  </DiscreteSampler_grid>
