 -0.00000001746703657  0.00002507743365661  0.00018585955074571  0.00052792356795774
  0.00101546100658501  0.00168045145811180  0.00245918366059087  0.00333231006137370
  0.00431638971240710  0.00538444439674515  0.00656946346800372  0.00782730781366600
  0.00920683553469953  0.01059647150093557  0.01206285251014886  0.01360326753137247
  0.01520767802919241  0.01687096146874364  0.01847147266617355  0.02015285968132191
  0.02200537017580799  0.02390412033064344  0.02577425934043239  0.02769613908935853
  0.02967884863362899  0.03165097876919509  0.03358085892809616  0.03553432220882211
  0.03753972789151223  0.03953822531869829  0.04154464796797344  0.04357173501677530
  0.04568209527212128  0.04778795605503976  0.04990334529398479  0.05200472692369678
  0.05412444939098301  0.05623801768383472  0.05834819237352550  0.06046959075991772
  0.06260217189605952  0.06477995661386025  0.06695801242848691  0.06915284957290370
  0.07137501511138938  0.07362551300421985  0.07584478263303823  0.07801266702691922
  0.08032545228155481  0.08273613120251373  0.08514518846817758  0.08753942650632880
  0.08987142693253804  0.09221319278521405  0.09457811734777927  0.09692942073151602
  0.09926634438847645  0.10157967909670790  0.10395786161046171  0.10662874245785066
  0.10944083847314375  0.11252187775101659  0.11563357988416652  0.11875492983489971
  0.12189129536403574  0.12504603116001722  0.12831463182203390  0.13150779156247522
  0.13475675153853153  0.13816315878942065  0.14177390346266902  0.14569174738358096
  0.14973605882446492  0.15384500480006080  0.15799130709651685  0.16217461743490133
  0.16648747779399789  0.17080496154933858  0.17512521717077337  0.17947255893719116
  0.18401287786248419  0.19073331341695413  0.19799572484857056  0.20530462226593185
  0.21305128360686057  0.22128691934878439  0.22996810556575062  0.23961809400805367
  0.25083186918295836  0.26365332882759901  0.27913280165387583  0.29793344288803858
  0.32597824885793997  0.40262460444598658  0.61049061543676120  1.00000000000000000
  0.00933355427636797  0.01622164709771250  0.02688178759121167  0.03929179211734943
  0.05015122455728915  0.06051297075574034  0.07123710536824500  0.08247396894844906
  0.09280270646257945  0.10277469339386791  0.11259372798167991  0.12268966852898215
  0.13267853835050836  0.14275939745404287  0.15303741939842119  0.16358617063399108
  0.17474432100534970  0.18587428071672901  0.19771969157664304  0.20946232946120097
  0.22124654976851582  0.23337196360785456  0.24555553363805133  0.25689252582367456
  0.26751627477826262  0.27758206084288239  0.28709664476936281  0.29655995661076689
  0.30591192931870059  0.31527294940438433  0.32491482767439733  0.33509386175077122
  0.34576821111705963  0.35660615764222092  0.36704780085136246  0.37775464444854423
  0.38896910417749170  0.40031431953908814  0.41155560311038858  0.42258916409618141
  0.43330736354172161  0.44326979890231732  0.45273655665960849  0.46243957310822281
  0.47249221677946024  0.48241289685318872  0.49182483358311013  0.50108450196569565
  0.51069253248930058  0.52047300582139500  0.53021134685146865  0.53978997003476881
  0.54956773695042715  0.55961694025889763  0.56999415451275515  0.58029995194028994
  0.59040209099524332  0.60066919442566302  0.61136033466568906  0.62209595495245706
  0.63192786508501697  0.64093107835297769  0.64981889909399249  0.65878355783503606
  0.66783418575540809  0.67716643031623247  0.68685139402532636  0.69797014251482192
  0.71005014863788929  0.72197131464573872  0.73341208498383015  0.74424114621138182
  0.75497371413325232  0.76608925612782475  0.77684522414620938  0.78721837003604600
  0.79781140880397683  0.80856815476945809  0.81940316509061817  0.83057891403950024
  0.84258545411942520  0.85462910255911151  0.86541342200355520  0.87545707828861319
  0.88424294286542615  0.89287390175746273  0.90161865109871731  0.91008737097789361
  0.91882121554516771  0.92767294995485339  0.93677120691135407  0.94736438489732278
  0.95860269723614033  0.96951134032574016  0.98036367008207947  1.00000000000000000
 -0.00001627002012361  0.00017903848849226  0.00046141299918942  0.00089137754624653
  0.00152717296613213  0.00231441291167848  0.00320066061543470  0.00431242660651923
  0.00553625794185370  0.00698965919991717  0.00866391071644531  0.01031812802183327
  0.01195834982263053  0.01374104468671083  0.01564651521841538  0.01765777000153931
  0.01979765354742710  0.02198747034195882  0.02417060751159253  0.02655510952435552
  0.02908063797388185  0.03178034372126406  0.03482272357304545  0.03804203271025616
  0.04110669510424612  0.04394785329414474  0.04678936630048323  0.04961263025472550
  0.05262228423296509  0.05574558915561170  0.05904937523312291  0.06243651240606749
  0.06593770589078113  0.06967406658583644  0.07364292064821445  0.07760744203312775
  0.08153038014005468  0.08552155043713165  0.08959685002232243  0.09388242168955771
  0.09770837725975838  0.10159108670376785  0.10565978488201792  0.10974158732804995
  0.11375559857607810  0.11772477723839510  0.12174208588732437  0.12584862914904885
  0.13009350583479032  0.13473094430438240  0.13971285777624878  0.14461367198108610
  0.14961065168420412  0.15466206924184098  0.15966535770806362  0.16509895179930034
  0.17108560200107281  0.17707859717569216  0.18321204700897636  0.18940040612145026
  0.19554649308927480  0.20166422517283605  0.20779227314040921  0.21390893381016418
  0.22012191893328345  0.22631284633074161  0.23254151163762396  0.23880384458684034
  0.24508984021164607  0.25147007350383715  0.25801836693222535  0.26444816154692868
  0.27092546537806983  0.27754331892232592  0.28427105239213030  0.29122574027868520
  0.29819732463790077  0.30523638627789262  0.31224521038723507  0.31916825686934042
  0.32605257045779856  0.33297936562443198  0.33977241539548475  0.34647108359585604
  0.35312604178699541  0.35969892764167583  0.36602743412470079  0.37236122171143871
  0.37867036157939704  0.38508848733852585  0.39157685228858885  0.39813546519487014
  0.40484183611994662  0.40946511824424059  0.41129519148403199  1.00000000000000000
 -0.00204337802596805  0.00850546094016373  0.01733950525598765  0.02734861200511290
  0.03742398153466388  0.04915858826069137  0.06103628395844014  0.07562358196375228
  0.08675637965013719  0.09625186915773465  0.10557523516309628  0.11513736734944977
  0.12489208433137834  0.13447137724476285  0.14381857609643350  0.15360598004414155
  0.16350333297699834  0.17347187618149454  0.18292179634755737  0.19240537027642052
  0.20187223028286089  0.21218946218379303  0.22430362637328727  0.23647093301956559
  0.24954669961826900  0.26201994983741633  0.27393981352137775  0.28574624928896009
  0.29675263651909473  0.30761956387713085  0.31886402370531475  0.33008883083674945
  0.34121505749443126  0.35197121000811765  0.36251443340394596  0.37328083470234097
  0.38453852518022907  0.39618154976405018  0.40742460565088817  0.41861804906455713
  0.42942488883897273  0.43960040900802844  0.44935373819935903  0.45939770113971323
  0.47010208023297223  0.48098625639075510  0.49114089677044459  0.50087540686074450
  0.51072622726847650  0.52056784503792508  0.53022003677314855  0.54003502219660626
  0.55029573944893595  0.56083347047076670  0.57156482727566915  0.58186834780606367
  0.59134353614036250  0.60071217482953609  0.61049364430781894  0.62030857105998261
  0.62982227977343364  0.63928441987558615  0.64922583724990013  0.66138690379946785
  0.67210297488778947  0.68211009870558659  0.69254035177490658  0.70324298814707731
  0.71397988486844421  0.72502589499587866  0.73650248683643793  0.74792869542888307
  0.75878808689060984  0.76995941000410706  0.78134314288093643  0.79278120890810611
  0.80305016941596052  0.81361574944718229  0.82276554411407354  0.83199749783356136
  0.84072604400077555  0.84984320121960955  0.85923740836403928  0.86849752171120920
  0.87805565158282783  0.88743130872411824  0.89692967008511593  0.90648454032916648
  0.91629536892152574  0.92696359743575996  0.93815071449127796  0.95032449608571601
  0.96302400855146864  0.97596114608386630  0.98813770636689302  1.00000000000000000
 -0.00216204006626418  0.00888345773728011  0.01831917416186819  0.02831650092742443
  0.03850081527231360  0.04986555818809305  0.06181190432582192  0.07243065775325179
  0.08310737935488097  0.09219175472178082  0.10136841402801951  0.11058229305434486
  0.12051498241340999  0.13144471941785424  0.14289520716853504  0.15478244806873118
  0.16823232030142840  0.18007379993351558  0.19203630844914060  0.20375537068510552
  0.21539463891960678  0.22728152730410750  0.23909461213691330  0.25079343462256765
  0.26274442817195731  0.27439706728686059  0.28461199891796823  0.29479697949804301
  0.30493561682538212  0.31533370454769882  0.32618473247314522  0.33730389264865340
  0.34875084451974531  0.35991337404404899  0.37143356228735297  0.38217550715692689
  0.39264799477957313  0.40361187097059498  0.41475726399028795  0.42572750725563968
  0.43635606570801350  0.44705480657061691  0.45779369369432166  0.46820063906827025
  0.47867950278118709  0.48871883742874056  0.49882916658018017  0.50852864898392802
  0.51834054709221389  0.52809448569682549  0.53750390870321241  0.54663326105393828
  0.55565596146891805  0.56490949555882652  0.57474497040782080  0.58474804874879416
  0.59441735738730506  0.60392855305341675  0.61349017544908613  0.62327446021979915
  0.63376710155246119  0.64464512798175910  0.65633261072925808  0.66782535821712219
  0.67941761024003289  0.69051798109939266  0.70137836849366297  0.71225762001481108
  0.72320072699126270  0.73443737576001100  0.74578486082957185  0.75620238491912040
  0.76581512355723880  0.77564752782110669  0.78567788955802376  0.79561749568700890
  0.80538909626095223  0.81562388854488910  0.82658143361243108  0.83768782839948230
  0.84874497466585275  0.85937663888722671  0.86947922215326912  0.87963720144679425
  0.89043180745377937  0.90120099972547751  0.91165536389886637  0.92192739111988864
  0.93165764934871931  0.94132988595444311  0.95074887781062223  0.96068553172413096
  0.97080889846496354  0.98049592053490520  0.99029276127077426  1.00000000000000000
 -0.00215561228420505  0.00883271607111908  0.01797861829684746  0.02803055278006623
  0.03781292238874574  0.04730570528502825  0.05680503641696346  0.06688503367460089
  0.07817612827071338  0.08906983921414938  0.09966023691172336  0.11073823770030089
  0.12227715409580477  0.13281572810000974  0.14348768599026521  0.15368096085494787
  0.16389360659149876  0.17415076933270254  0.18441789817476839  0.19541881701918337
  0.20626591345346873  0.21734002865946936  0.22821328926618165  0.23996798675504660
  0.25115207194326838  0.26132903481431918  0.27082469225959388  0.27976018328599317
  0.28869580185353289  0.29717674593185178  0.30560580899993384  0.31446951515028398
  0.32467758606629604  0.33509344055276424  0.34509106318830723  0.35528865677727112
  0.36666847194856311  0.37765868613170739  0.38732843289402097  0.39691555200058282
  0.40672942451895172  0.41673495237663472  0.42662068877052661  0.43606178056635841
  0.44577697818677614  0.45576559314350412  0.46619176309455918  0.47690545418424818
  0.48789035015431337  0.49934498636065561  0.51150386145949533  0.52388827622012735
  0.53594811432142053  0.54700413537662096  0.55726660840521058  0.56730910591637462
  0.57757600599832104  0.58847926185523169  0.59949243505680394  0.61026490760009833
  0.62076361850087847  0.63151047074476097  0.64242703385267541  0.65318375936134154
  0.66365215309685077  0.67436355779728963  0.68523642318648148  0.69542445311205126
  0.70587121357912286  0.71663555719053584  0.72753543875183713  0.73833884717897669
  0.74885016018588169  0.75942094388549208  0.77027813459073957  0.78182837948208084
  0.79335421833225483  0.80493082399484928  0.81658386390067284  0.83134463490433652
  0.84241473254491139  0.85366734438669611  0.86369223237905668  0.87376207712203968
  0.88419286987258383  0.89435594820404118  0.90523120605458485  0.91569335350880632
  0.92696813990134919  0.93782049371871901  0.94835303438424090  0.95849695980509830
  0.96969774281673127  0.97985001859207022  0.99003712309315717  1.00000000000000000
 -0.00218764793019781  0.00876297545058068  0.01874270989332601  0.02941860543188090
  0.04094874385413585  0.05322286922185712  0.06597919459208049  0.07840825720508797
  0.08957293179556174  0.09991747335021944  0.11042053082956521  0.12088464239229335
  0.13107497748478611  0.14080107646582271  0.15159829132549779  0.16316787639783681
  0.17448469150747387  0.18553961144858599  0.19627127024650304  0.20721929097451480
  0.21858370142222208  0.23007340627871603  0.24121418377950554  0.25256550983220988
  0.26444307956880803  0.27572233199417245  0.28564509963866680  0.29525326097471127
  0.30423202032921365  0.31312425798158372  0.32176182957981564  0.33052950787183605
  0.33975249802888180  0.34880638339488984  0.35831653276197784  0.36807186740750869
  0.37882244458838160  0.38970883189260974  0.40069571578731872  0.41160041836671091
  0.42220920075527490  0.43272327585765069  0.44306045959765944  0.45317595004821420
  0.46362049390627219  0.47457906944862516  0.48422689258440654  0.49330696290082560
  0.50268191271412022  0.51257940570185945  0.52211278191861399  0.53102066368898804
  0.54002803034719982  0.54953413727364187  0.55923562918706260  0.56870935530113587
  0.57824021679183812  0.58792455912374730  0.59777377986444713  0.60795833249516207
  0.61856716060874584  0.62941652417928085  0.64041868591730344  0.65144793399456025
  0.66265431733880653  0.67403994522460398  0.68534439641522971  0.69612909524990407
  0.70612174918169590  0.71608625940096160  0.72619328138591710  0.73699486643766721
  0.74785978657869578  0.75868990926683832  0.76960736120719064  0.78064858151024541
  0.79181700730947835  0.80292738967337740  0.81430926937392789  0.82588724268394853
  0.83709095004655887  0.84808777570517024  0.85870872328867687  0.86937069517676258
  0.87980880612791812  0.89010375818212217  0.90045406559164676  0.91080264222448570
  0.92124625552497064  0.93163630410432696  0.94232156899768704  0.95312286539668134
  0.96480321333550378  0.97679424276314741  0.98859747397036390  1.00000000000000000
 -0.00283593936453442  0.01032978743036048  0.02114857876229419  0.03084653167423579
  0.04070923388953102  0.04994520879704557  0.05944447257017370  0.06818840542238766
  0.07688462017017873  0.08571368482965737  0.09455132469068774  0.10339524210303881
  0.11278346885677068  0.12261674296788770  0.13346035782972873  0.14553921298715317
  0.15821978346302829  0.17046099319167804  0.18141615585646015  0.19207504586976462
  0.20284215205725770  0.21397208323653918  0.22535096071573010  0.23617326464850749
  0.24689054888782283  0.25781657121103146  0.26875989108403514  0.27931846237739227
  0.28961313505255781  0.30041622584731376  0.31133691181563650  0.32203216203546742
  0.33270913888658576  0.34361182378743843  0.35456140705405609  0.36587447441988502
  0.37767827853987784  0.38958556569973307  0.40131962602355004  0.41339104670088939
  0.42418280719044604  0.43456806571940132  0.44562000664870038  0.45704418689970788
  0.46734880657250782  0.47765509342395773  0.48891112188654545  0.49992630244936015
  0.51033320873500265  0.52080228647255644  0.53224261907542036  0.54352967191507950
  0.55445972682894573  0.56512202975441783  0.57605841386881906  0.58707545595485311
  0.59798994047009180  0.60867126038510699  0.61881913928470966  0.62879479969862295
  0.63904106008948014  0.64993109568768559  0.66162256977850376  0.67369101664239772
  0.68555563207832770  0.69679783733577916  0.70755463172488131  0.71868404577888967
  0.72972450521276844  0.73999819607943884  0.75008856725482420  0.76027675222522706
  0.77028105190245189  0.77951569764608875  0.78855620092669121  0.79801309810722565
  0.80771345163362795  0.81687009878376160  0.82567604482412638  0.83471980871016216
  0.84346660355365299  0.85225498093669294  0.86062312594664747  0.86887099217767361
  0.87709279024808284  0.88610914565336685  0.89551213105791538  0.90609508167928887
  0.91785299717430446  0.93067491360491972  0.94437249794511424  0.95718939232232825
  0.96879008833002977  0.97986510427163154  0.99011735120925204  1.00000000000000000
   7.3527710642499069E-017  -1.0000000000000000     
 F F F F F F F F F F F F F F F F F F F F F F F F F F F F F F F F F F F F F F F F F F F F F F F F F F F F F F F F F F F F F F F F F F F F F F F F F F F F F F F F F F F F F F F F F F F F F F F F F F F F F F F F F F F F F F F F F F F F F F F F F F F F F F F F
  <DiscreteSampler_grid>
  grouped_processes
  1 # 1 for a reference and 2 for a running grid.
  10 # Attribute 'min_bin_probing_points' of the grid.
  1 # Attribute 'grid_mode' of the grid. 1=='default',2=='initialization'
  0.0000000000000000 # Attribute 'small_contrib_threshold' of the grid.
  0.5000000000000000 # Attribute 'damping_power' of the grid.
 # binID   n_entries weight   weight_sqr   abs_weight
    19   10   3.133764115339777E-013   2.491120701198966E-025   3.133764115339777E-013
    37   10   3.347451255974565E-013   1.639426780715333E-025   3.347451255974565E-013
  </DiscreteSampler_grid>
