 -0.00000001119566591  0.00000605909553142  0.00004417997035591  0.00011781238048608
  0.00023374786933758  0.00039259942540007  0.00056917244965798  0.00076249079303151
  0.00097478092730342  0.00121620290352999  0.00147828722390102  0.00176822639209658
  0.00208651833986613  0.00245072622414134  0.00283284788211676  0.00321524221429527
  0.00360210842362710  0.00399144640846449  0.00438347274855419  0.00476797181267008
  0.00515933984519554  0.00556568937013706  0.00596624412747798  0.00638076798408577
  0.00681688603692278  0.00728190424726571  0.00775138007351938  0.00820513817049945
  0.00865094595517684  0.00914376995272236  0.00963146508081700  0.01011327501833007
  0.01057426467456710  0.01105172189107737  0.01156821959226295  0.01210854980521401
  0.01270705314840884  0.01347112641422429  0.01484809947586091  0.01703834830926782
  0.01886784235385605  0.02048534986561425  0.02197138140517957  0.02332014958242414
  0.02463400706145336  0.02599928874688536  0.02734536703370119  0.02866015353486547
  0.02996436116661519  0.03129219606149686  0.03267936468706257  0.03410189003223221
  0.03553401878451288  0.03697591109634273  0.03838774990741650  0.03974156141953039
  0.04117708542425367  0.04270875984848964  0.04428574113950313  0.04583054538472406
  0.04729916841740357  0.04878449934568618  0.05030010491208521  0.05186204762826152
  0.05350483913168534  0.05539402944268074  0.05730504090646722  0.05927056501307826
  0.06128126537088616  0.06330600946476478  0.06532736271948576  0.06729179117161420
  0.06931813415115448  0.07140604466851008  0.07365533386841790  0.07605701751919397
  0.07851798461193919  0.08108149284007808  0.08378973461185586  0.08649823287929415
  0.08915393866845057  0.09204556605405349  0.09540511202668538  0.09883564315247748
  0.10245215204555590  0.10635221718139132  0.11061749180726797  0.11521130265475230
  0.12064110213272254  0.12747799935367049  0.13536753388270145  0.14487886856819809
  0.15887492356039365  0.19131442188987802  0.32152593332682583  1.00000000000000000
  0.00948163594821061  0.01573707584498534  0.02500578328944948  0.03760869453863813
  0.04932565611388270  0.06013402440062968  0.07076937262459808  0.08111073627137068
  0.09141088639111730  0.10202471821451589  0.11212709470133200  0.12216037573929379
  0.13218126082964915  0.14187757514371932  0.15097894969060627  0.15980182289264999
  0.16928872186095700  0.17962704252007261  0.19005447871338990  0.20050033184893540
  0.21102242003492303  0.22175001432296068  0.23226188729315983  0.24259853924229474
  0.25310344125861828  0.26358507103996992  0.27467691951526829  0.28577865341842434
  0.29620855209152053  0.30634782079161926  0.31594342944827530  0.32569784617072650
  0.33599120623614259  0.34688262005805737  0.35798374321066395  0.36932781833581851
  0.38080785415564850  0.39266844212844321  0.40324251689356272  0.41323774775279698
  0.42235193602109178  0.43152733527915804  0.44117223483206619  0.45026376677815694
  0.45905918177879063  0.46780215610813719  0.47693932833016484  0.48655675452079261
  0.49625451029936540  0.50548230105770509  0.51456897920835853  0.52369579353134033
  0.53277510477562096  0.54175207578153894  0.55073459123732460  0.55991889294582331
  0.57002011247767137  0.58091014850952427  0.59233290329504651  0.60469961261251004
  0.61700878541682835  0.62919480263528860  0.64081091275443669  0.65114914831480342
  0.66080978215106634  0.67056431584854737  0.68024891292709044  0.68954632770452939
  0.69857270223613321  0.70750911660249227  0.71985924682215185  0.73120551784712862
  0.74187467782183580  0.75254796684541525  0.76313681206965911  0.77357674337383631
  0.78364942516813973  0.79401202902272106  0.80498351468336449  0.81671242390610821
  0.82896407923816384  0.84110227894291301  0.85249058179274351  0.86290526873408702
  0.87286069442350667  0.88279017628724921  0.89291170051774760  0.90367973706053883
  0.91487416268309418  0.92631152217458923  0.93781747523361481  0.94960234627163076
  0.96160279308503838  0.97346678131177788  0.98567575503561455  1.00000000000000000
 -0.00002056100438693  0.00024056573603407  0.00068923426457142  0.00137720829044553
  0.00230923002645737  0.00352466520437871  0.00489173555516861  0.00654442948766309
  0.00842678530212945  0.01039469520167236  0.01256977326069736  0.01492745856482739
  0.01736926377612720  0.01988502041477745  0.02257652451027837  0.02553684433928717
  0.02864414817686635  0.03201606916146395  0.03565964850133443  0.03936361917852444
  0.04302735979321909  0.04659411264973785  0.05009641664501675  0.05360738227284835
  0.05717865410558866  0.06098104700376253  0.06497010134838108  0.06916735380367443
  0.07353059486540188  0.07825232696561170  0.08319184525766804  0.08811727467748234
  0.09300268751283194  0.09805555788102661  0.10331639879582649  0.10882502743959527
  0.11437377141486013  0.12011045885688863  0.12588493665636438  0.13189327488342245
  0.13849421572330128  0.14536976130694504  0.15192495947308876  0.15859913242483289
  0.16585951297479104  0.17325154519374450  0.18061078597855310  0.18812209856019771
  0.19575928730336142  0.20331153596989740  0.21155604374401304  0.22016387324935180
  0.22946397682328024  0.23892712210872363  0.24782023179300613  0.25641263042334300
  0.26494930968060626  0.27357492640395331  0.28246850136114204  0.29150859553612624
  0.30106563105410916  0.31064267978826177  0.32042259332956119  0.33046731660699569
  0.34096576555611441  0.35207549013385048  0.36328717156412654  0.37485228747162197
  0.38676731677406762  0.39907935250392801  0.41174506983274362  0.42446478805664040
  0.43756532413206889  0.45044105793453521  0.46331699603593518  0.47628386915850729
  0.48899246847519107  0.50185133059176223  0.51381526321102899  0.52559796881640386
  0.53751927201813343  0.54947224166421271  0.56112514083941012  0.57250356273318315
  0.58503350575477353  0.59778704229914681  0.61049738748375804  0.62348977558098628
  0.63624651950139766  0.64914178820351276  0.66195256725211271  0.67496986020973970
  0.68898073658931147  0.69850033546684520  0.70020398268187356  1.00000000000000000
 -0.00268771381590643  0.01052871509563878  0.02239502095214935  0.03396107877553453
  0.04569271440453432  0.05586695816908364  0.06628948745893057  0.07618140176542616
  0.08635055792707719  0.09627801619232154  0.10627992691984289  0.11685506391808390
  0.12762533992713354  0.13918622952022885  0.15193024343124312  0.16548835393684122
  0.17729770027084960  0.18907233079092584  0.20147846689311014  0.21444130097563552
  0.22659786790016495  0.23859948329028383  0.25126229783836407  0.26443570038342573
  0.27742904491881781  0.28940716579868014  0.29933981323203934  0.30940446806102290
  0.32014719423495952  0.33100286375030807  0.34243253952444369  0.35367489432372545
  0.36484262011786561  0.37536584618743357  0.38452925018389761  0.39415631401724055
  0.40326734383580826  0.41228521311787503  0.42125560510825816  0.42994715072617984
  0.43910720653095842  0.44945085206982838  0.45957901305133309  0.46971660998215137
  0.47968420624890368  0.49006063009773931  0.50050690053645097  0.51083289962577372
  0.52190849573038889  0.53318770377986879  0.54448569073217945  0.55726103459063958
  0.56616015729771796  0.57474694934206483  0.58354210532419426  0.59242866708732334
  0.60163714028239723  0.61058754282308114  0.61908289937101668  0.62845802369250769
  0.63961122628025557  0.65189920499388365  0.66410235090007397  0.67546793743922062
  0.68636529222249765  0.69713341194107947  0.70804888736354910  0.71842293407558844
  0.72832117321861611  0.73825327597894230  0.74814181909215827  0.75850206521254737
  0.76906797698497076  0.77913003869175301  0.78858785691195543  0.79810995902355453
  0.80799213647839285  0.81828333893755922  0.82876511070413339  0.83947011925102022
  0.85043157573381079  0.86105524107085263  0.87128894812086799  0.88139482999558072
  0.89169654650355090  0.90201760930471042  0.91182433902793569  0.92125021504395144
  0.93058606824812928  0.93995410367714149  0.94929156140439719  0.95878629291761475
  0.96840754649512295  0.97843804419182068  0.98882972325431384  1.00000000000000000
 -0.00317214178212599  0.00987401298669261  0.02147044279992283  0.03282055371522900
  0.04456003860094097  0.05638315133389402  0.06773022483329383  0.07850245202309364
  0.08929955638506390  0.10006150041842009  0.11048729700216282  0.12071381288951571
  0.13063542835085687  0.14050639414535798  0.15046372061175747  0.16013317650909628
  0.17008692618386684  0.17994857759434685  0.19033926986221025  0.20204794311805463
  0.21433688006064711  0.22708493833201832  0.23966153509024898  0.25135470917354802
  0.26278380330769441  0.27354601015256669  0.28331018278260123  0.29282568132016418
  0.30271339020519239  0.31300808092802795  0.32330137729716607  0.33309879435270268
  0.34374788501355624  0.35456119650761464  0.36542808885216305  0.37633475037633896
  0.38739358445861166  0.39814858839060208  0.40879942503856420  0.41914122017903560
  0.42942226262551980  0.43984604622973666  0.45063137966592526  0.46126854895146879
  0.47164886605980866  0.48212543126316404  0.49289101733236629  0.50346062889832166
  0.51353028271094292  0.52359823553282336  0.53395470133547018  0.54421642089992339
  0.55444480415689723  0.56469168164550054  0.57527842707567356  0.58618420214045486
  0.59714546197407536  0.60757860948865328  0.61732613185498464  0.62717020215405228
  0.63765952095552236  0.64819063567565771  0.65802700725380436  0.66811219652430676
  0.67875162529698641  0.68983437215254717  0.70083431941341612  0.71188217768515927
  0.72300165686355833  0.73383237827891035  0.74438323125170291  0.75525405614407015
  0.76654904402994817  0.77787837857566122  0.78957518742497013  0.80193246758610759
  0.81518382835082803  0.82677873168772997  0.83720746826420267  0.84665833577335614
  0.85660279511711446  0.86659417830303975  0.87601091406995724  0.88526471059452072
  0.89540267425463815  0.90651507193526915  0.91693175648071013  0.92648824009374509
  0.93580624189301620  0.94516847070778109  0.95447079399013945  0.96350506655955681
  0.97255395243565956  0.98204644713270717  0.99130281785123375  1.00000000000000000
 -0.00239928637383465  0.00990104589939829  0.02000723083874693  0.03013813392893942
  0.03994417894408063  0.05011436547967113  0.06116973653867434  0.07179561251331065
  0.08217677744820599  0.09267944121702171  0.10368139863008645  0.11507049262073842
  0.12718800051422594  0.13962840410582672  0.15129161391920795  0.16273842941016536
  0.17457326844318641  0.18577921788219029  0.19588161142329810  0.20508218235463838
  0.21358623764189066  0.22161132458730720  0.22978848989846698  0.23814434161941317
  0.24697736015374588  0.25691117478507902  0.26690997419467555  0.27775533584721013
  0.28883996043285914  0.29937697396434010  0.30993242088860962  0.32033814759733253
  0.33067620364369232  0.34083404977843385  0.35164437867124276  0.36224737158325482
  0.37309331381504429  0.38363697192803015  0.39466710417986334  0.40642798089909710
  0.41862606660386986  0.43162175432118399  0.44450272327741580  0.45675441170852471
  0.46823097636412964  0.47988986467653438  0.49203019161042805  0.50430349846638134
  0.51681421471633560  0.52841429667541706  0.53946605883679588  0.54974705380435951
  0.55981323047032494  0.56991834335566527  0.57966802245989613  0.58913624198807801
  0.59865145345347348  0.60900776630048048  0.61971469077871666  0.63079603136916518
  0.64162937362047023  0.65265857998569932  0.66370784828685414  0.67408195249297120
  0.68458204045734772  0.69497087359585596  0.70488232517400962  0.71393451928269425
  0.72270310045940900  0.73150745990313060  0.74076700284257802  0.74969139851920508
  0.75873574330929783  0.76839279115236625  0.77882121096397616  0.79006919512943719
  0.80111853452883475  0.81181306620545046  0.82202854621045884  0.83130316843306085
  0.84049525734793540  0.85047172500967905  0.86190840682246106  0.87408567599149789
  0.88580216842013204  0.89661936193672498  0.90680064690321960  0.91728295913763669
  0.92944637781706441  0.94098095846042618  0.95182583039438740  0.96202038254518263
  0.97203079392784397  0.98168976985909429  0.99095347042328219  1.00000000000000000
 -0.00232512946895228  0.00956510623783306  0.01911938902583442  0.02898634163271888
  0.03903751927403632  0.04947014219486448  0.05967659218630345  0.07174538746146245
  0.08409708464112961  0.09506900075490961  0.10571818428864570  0.11561552387967253
  0.12454477531690436  0.13304639085885803  0.14193901888799274  0.15226211651613161
  0.16354023776162846  0.17478704677487783  0.18604369231340995  0.19765650423746806
  0.20929994217045833  0.22044036534057113  0.23075168089056630  0.24031047987165266
  0.24953081039648725  0.25856754348126881  0.26799894285520864  0.27769765602292590
  0.28723845341947812  0.29668318711586356  0.30646320168056762  0.31675515101153795
  0.32741654778745638  0.33779288329296148  0.34728460405600547  0.35624566917933342
  0.36520705916209917  0.37453107227044269  0.38464100328337264  0.39519589541625993
  0.40651905145592809  0.41783822733781467  0.42799897068547732  0.43760056480981463
  0.44678229687323773  0.45597902949192798  0.46538453216254388  0.47496649219691212
  0.48518083041178461  0.49590462077161168  0.50733241610308533  0.51894735194430219
  0.53003913722381746  0.54098229413490606  0.55229486787247739  0.56378645881833378
  0.57531741957269467  0.58696498012564191  0.59909121823930778  0.61164055438932274
  0.62430255349404784  0.63694710107672414  0.64919286490010508  0.66122962615059244
  0.67284928515012332  0.68400043110199249  0.69495085586254723  0.70599153124305036
  0.71668464449815217  0.72790446687208765  0.73809282497503226  0.74766492306454768
  0.75628345990863266  0.76469025056314299  0.77363568796325033  0.78327510341263706
  0.79312701340591940  0.80352274146286085  0.81406051910830279  0.82440622918797490
  0.83497785354735454  0.84566899179546229  0.85668727766793618  0.86723096709692971
  0.87739422514729781  0.88873152034107017  0.90050972362077086  0.91241444116954706
  0.92428438517314437  0.93547818393825755  0.94584374072706245  0.95620030217613095
  0.96736906079251128  0.97842140930159216  0.98918970783923310  1.00000000000000000
 -0.00225139627749844  0.00984721571995129  0.02030541750810533  0.03171583211414316
  0.04268502433955251  0.05349855916168206  0.06443467044451058  0.07578394198904201
  0.08672693029843274  0.09737277598759723  0.10849473887370156  0.12031585723613086
  0.13254021664318724  0.14426311632998062  0.15560405191619600  0.16676102768092058
  0.17719212639967524  0.18804116186035899  0.19763743182683446  0.20759372130235482
  0.21741871445209010  0.22729417403312779  0.23635826100895829  0.24478601689430171
  0.25350004274229215  0.26283137804317447  0.27225699505866791  0.28183238162407459
  0.29185689732291842  0.30339972772302237  0.31588737689427876  0.32808446287496768
  0.33959157788401506  0.35075332535865772  0.36167792188590003  0.37206807878882275
  0.38241303961325745  0.39278479022532314  0.40295469207995321  0.41254803988990352
  0.42226555113696662  0.43146681154037353  0.44091155629764445  0.45065662139741908
  0.46046656794835128  0.46979050263810451  0.47882085437713529  0.48750286839321277
  0.49558025573505754  0.50377883394565126  0.51230554671895134  0.52146529694451182
  0.53106497669714692  0.54040830627158187  0.54985631835337878  0.55915120392090267
  0.56858031036792833  0.57793133052987256  0.58774315455014015  0.59758158519842575
  0.60753196331869774  0.61819362942072620  0.62874980865428798  0.63895518255045280
  0.64923779043059804  0.65999151691772728  0.67081005416632100  0.68135933065969756
  0.69239665836600195  0.70380105161513296  0.71525973028764556  0.72700386063454336
  0.73832438422070934  0.74903894305047680  0.75960706105328579  0.77014418870728374
  0.78085815411301507  0.79227763973762511  0.80436603227965930  0.81601881464340020
  0.82696209395849141  0.83772574475581751  0.84920023417371038  0.86038851525915905
  0.87124988905096867  0.88196720851733967  0.89253273042603631  0.90383725770703838
  0.91522433901010436  0.92687998363883706  0.93834540592786786  0.95008210036612650
  0.96226065938877314  0.97504681075750754  0.98774041967291426  1.00000000000000000
   3.7844117164789166E-016  -1.0000000000000000     
 F F F F F F F F F F F F F F F F F F F F F F F F F F F F F F F F F F F F F F F F F F F F F F F F F F F F F F F F F F F F F F F F F F F F F F F F F F F F F F F F F F F F F F F F F F F F F F F F F F F F F F F F F F F F F F F F F F F F F F F F F F F F F F F F
  <DiscreteSampler_grid>
  grouped_processes
  1 # 1 for a reference and 2 for a running grid.
  10 # Attribute 'min_bin_probing_points' of the grid.
  1 # Attribute 'grid_mode' of the grid. 1=='default',2=='initialization'
  0.0000000000000000 # Attribute 'small_contrib_threshold' of the grid.
  0.5000000000000000 # Attribute 'damping_power' of the grid.
 # binID   n_entries weight   weight_sqr   abs_weight
    19   10   1.553644813230296E-012   4.973855808266095E-024   1.553644813230296E-012
    22   10   8.367391513205050E-013   2.538194108200759E-024   8.367391513205050E-013
  </DiscreteSampler_grid>
