 -0.00000001571109697  0.00001607469847683  0.00012041705689828  0.00034668697988646
  0.00069724624487532  0.00116466274689800  0.00174281762211562  0.00241944469711676
  0.00317279438855928  0.00402956632263109  0.00503224460381693  0.00628344353615698
  0.00795118471957528  0.01017630712816914  0.01213199495975001  0.01314744946180442
  0.01383272274055798  0.01440962279570422  0.01495066390575609  0.01548329319127284
  0.01601967542223644  0.01657101620331045  0.01714195868933346  0.01771801575253677
  0.01832878083426830  0.01897041161816673  0.01964030760062635  0.02034604556093910
  0.02105023908247528  0.02177160154856327  0.02252906168392099  0.02328991313743484
  0.02406403932199015  0.02490059302727090  0.02583802943397089  0.02675440936712572
  0.02767440039347945  0.02860288479470714  0.02951465167833490  0.03042923232870916
  0.03137336183930102  0.03236640243480406  0.03343774762311728  0.03454463092763572
  0.03565948302676290  0.03678780610393298  0.03792216300042698  0.03905357328484958
  0.04017925326666268  0.04134172142736590  0.04253315879604894  0.04377132195954263
  0.04502846384589718  0.04629044023638450  0.04756899791434112  0.04886833806203047
  0.05017368003804068  0.05149462869037429  0.05280359928091113  0.05415733152099925
  0.05562272484217377  0.05715498116581665  0.05868807154992068  0.06023941039899017
  0.06181369602980804  0.06343750343616790  0.06510971613235493  0.06680591913732603
  0.06851725481264913  0.07036933124454749  0.07231837842764866  0.07438372002230099
  0.07648140721862694  0.07858807222875809  0.08071665171954084  0.08287978554412610
  0.08512544238162202  0.08744883182856265  0.08989028182240762  0.09237598202558234
  0.09523183893111792  0.09843788142259670  0.10166452389432133  0.10496361286869821
  0.10846214688698075  0.11204717033195832  0.11577507864894028  0.12053014115910894
  0.12645488855771564  0.13331369519971301  0.14098603876222407  0.14990033595310787
  0.16373763770886254  0.19518909674035650  0.31866695074409890  1.00000000000000000
  0.00857634346581411  0.01811626724303387  0.03142620974835730  0.04289456531148501
  0.05330111232716530  0.06335866320960272  0.07298484458559570  0.08225126607513814
  0.09123440214633226  0.10013646304689959  0.10962679881236427  0.11953342391842588
  0.12960256716778104  0.13992009106959741  0.15048795692631203  0.16177247330496144
  0.17364001185666819  0.18568792223827407  0.19725733815390889  0.20866629582277127
  0.21991888015322469  0.23105662226836587  0.24214860388736539  0.25332780897352908
  0.26466655106279013  0.27597050172267223  0.28702742028696543  0.29765581346429015
  0.30778478467359099  0.31810314835290376  0.32894482380199513  0.33951580738870890
  0.34980755794045160  0.36031263665715152  0.37145426573657525  0.38222382280858902
  0.39296018150972883  0.40469823104516028  0.41690536414437962  0.42798230375059249
  0.43871207499953896  0.44947594188117190  0.45977306430559173  0.46927320213473106
  0.47874864281590085  0.48859248540259353  0.49801149117385152  0.50769118811558167
  0.51706287954284980  0.52825748035896247  0.53980693681161407  0.55053587285223204
  0.56086899417959846  0.57118911101023018  0.58161286573330628  0.59217502945022638
  0.60285495478768569  0.61329104925992417  0.62354447322108630  0.63346785261956462
  0.64327092277438080  0.65311186507810104  0.66319365454878132  0.67358620646140477
  0.68424128518052274  0.69489250633039412  0.70552120713660482  0.71616619078042787
  0.72649780657387009  0.73684762663110670  0.74732818219224417  0.75751383962357710
  0.76755405478806238  0.77678853603007836  0.78565964270113042  0.79445561415068577
  0.80348927040309270  0.81279105102351823  0.82242752920108941  0.83202485196884046
  0.84166136831428040  0.85135297101177376  0.86079767361959147  0.87025267159967989
  0.87969595277730728  0.88915272626639730  0.89903274147425083  0.90963465379073150
  0.92011123419178986  0.93019945629421830  0.94023066205238404  0.95023067794383254
  0.96014399583295773  0.96987410118796269  0.97958991476389268  1.00000000000000000
 -0.00002004883045111  0.00025100611167634  0.00070065722882019  0.00140283617793895
  0.00236696003783290  0.00358877528077285  0.00496100809363339  0.00658325910660241
  0.00839403383890157  0.01035669993437260  0.01255645474497882  0.01492200926238801
  0.01761078816994263  0.02065805049341798  0.02374113794929047  0.02702734564426146
  0.03046234869672951  0.03393526435054656  0.03745519160363344  0.04115208848170988
  0.04512500016215250  0.04939333798755556  0.05393169044394848  0.05847224637535853
  0.06299437715565290  0.06765242434116708  0.07246929993097495  0.07750214911277754
  0.08273170592213777  0.08797311069338408  0.09323734559697557  0.09872987085879219
  0.10443857790881829  0.11024111506525626  0.11612513457652351  0.12212367346913701
  0.12819351439293891  0.13424491669130181  0.14028282248855628  0.14643966153039512
  0.15286269745884332  0.15944995811211712  0.16631298230798555  0.17356572618143679
  0.18059943345715254  0.18769014327987452  0.19452407459572080  0.20149897559884752
  0.20872133144650359  0.21613732984607797  0.22370493340731218  0.23140011461676374
  0.23894265449113808  0.24653237618283119  0.25477453183508658  0.26329450019530298
  0.27203976486454157  0.28160813740191537  0.29138437985439714  0.30130410060259005
  0.31182487280522153  0.32300574998903453  0.33406164875607636  0.34544769067557368
  0.35628412987211400  0.36704740767189442  0.37796400400081592  0.38882082278767705
  0.39936797986490014  0.40996173717265505  0.42073717202683258  0.43167577548888941
  0.44255369842397418  0.45338827262185466  0.46437506433318898  0.47562702493664039
  0.48714649292024209  0.49864122117968979  0.51029916191702329  0.52183892118168973
  0.53365764403485949  0.54608515430196014  0.55846971183100247  0.57047398151699436
  0.58319592646437368  0.59630326328116245  0.60952957161959820  0.62264133318464887
  0.63572996097299628  0.64874568586944981  0.66177747265328679  0.67512840493812598
  0.68856779932514578  0.69856495210790814  0.70028380195872908  1.00000000000000000
 -0.00295902865283903  0.01114267960068799  0.02373872526423290  0.03667644570181357
  0.04936632063244030  0.06146679747392812  0.07313571118510384  0.08444549198287893
  0.09532344495017175  0.10567830926188701  0.11593353906325163  0.12672344537870781
  0.13836516465919738  0.15018747436780938  0.16229108963754679  0.17414855787060721
  0.18609706352438199  0.19708575789013866  0.20798421643363482  0.21770603754338894
  0.22723213364885617  0.23625008239348921  0.24531904558082437  0.25447794385448713
  0.26362976106307867  0.27268818343425555  0.28157127362584083  0.29069394370007501
  0.30022287924054519  0.30976345842582120  0.31883557065650825  0.32797473738944044
  0.33784248881033224  0.34853338474749745  0.35920652324928237  0.36969604133013867
  0.38057726915146745  0.39499310352342221  0.40556906569740725  0.41677176061627891
  0.42723253151691309  0.43770423825740518  0.44741181263730773  0.45725203424049904
  0.46778480350413826  0.47841127837598640  0.48997557343554882  0.50085063609180047
  0.51295424138388435  0.52423626430361692  0.53479844035979351  0.54606385383126532
  0.55765955138597700  0.56971767845728871  0.58156915885976401  0.59375602689685125
  0.60561779681105188  0.61696614447639242  0.62834571997341149  0.63968008635728368
  0.65054808337015302  0.66100828113123855  0.67130406026316580  0.68151097305698383
  0.69137002559484795  0.70088732767886752  0.71059101512815603  0.72050923606101092
  0.73026457559855973  0.73983207915597604  0.74966534165961241  0.76003728006889126
  0.77077431503804839  0.78160133421050459  0.79216506784558038  0.80243990336954485
  0.81294702188454360  0.82376401210241035  0.83428279312056153  0.84403945499869637
  0.85340114921646282  0.86276794313386018  0.87225572199535695  0.88187003480621617
  0.89153080157444020  0.90132196931782294  0.91125305545685031  0.92138347056691117
  0.93153568917133200  0.94131651749159106  0.95051210285632148  0.96007792931471403
  0.97015828980878316  0.98052907165481473  0.99025055962251052  1.00000000000000000
 -0.00238444863977502  0.00943045302932166  0.01900900576813620  0.02865838953400583
  0.03816912777367176  0.04784268806969677  0.05782584958778576  0.06840500923018779
  0.07971865621652913  0.09060713577095360  0.10089114153478944  0.11160534256997329
  0.12249826576584072  0.13286295059036959  0.14322057422883300  0.15417589784219152
  0.16537455230450099  0.17598453377634102  0.18618633744603474  0.19656750787820032
  0.20766561272879586  0.21919656386897002  0.23076279375392922  0.24208999896789576
  0.25334032590138367  0.26357078435349729  0.27418404705930760  0.28547763166478557
  0.29710877126535956  0.30855147172526770  0.31944110026075145  0.33012769027790506
  0.34051205338951618  0.35078186711782733  0.36138798779168047  0.37207280110488949
  0.38282930272670973  0.39343385828743777  0.40386765883026582  0.41433278962876779
  0.42474687186455912  0.43506125556342695  0.44550680645165502  0.45604195197768349
  0.46623806290935982  0.47601337369856433  0.48528849423473175  0.49434286457374049
  0.50369106344941361  0.51318604419429514  0.52351926025453899  0.53427547468713299
  0.54585226163726663  0.55796055874182449  0.56950548489489095  0.58028793799728084
  0.59038381172953436  0.60021615137515238  0.61047588477019754  0.62120172449865219
  0.63199023575674795  0.64288985239681262  0.65345820257174503  0.66377152951028451
  0.67361872480718255  0.68323498634440072  0.69314576236335346  0.70324015653892291
  0.71343381851818566  0.72404306758189318  0.73467295544163280  0.74514344070084337
  0.75502196851204340  0.76470422217665068  0.77516621461690571  0.78657557486415508
  0.79758215601226534  0.80823306087568447  0.81921959519013132  0.83099443143738672
  0.84196059180377281  0.85272585590196437  0.86331995737438560  0.87382012781665608
  0.88384007875743320  0.89376763471202136  0.90386780310290404  0.91406175182472271
  0.92429754854453494  0.93454945878919660  0.94480002309789446  0.95572066431692837
  0.96680556390301875  0.97828735206611439  0.98913716244628813  1.00000000000000000
 -0.00322748116774892  0.01088470605739052  0.02273743995612301  0.03364115940912808
  0.04406927494967480  0.05370705932318964  0.06347808117302497  0.07333020951668896
  0.08318381405580214  0.09313016919034107  0.10329954784686596  0.11407526290049341
  0.12519819862449036  0.13629190778326536  0.14747109536489889  0.15911780745023640
  0.17064717631847265  0.18187086651609982  0.19280095090391144  0.20363629229998703
  0.21461606063539537  0.22562385332606649  0.23676876240209474  0.24774997877594407
  0.25863133276522970  0.26959039038037513  0.28079924632551506  0.29155307990070256
  0.30159969378300955  0.31134858111331792  0.32092897520947572  0.33008674725228454
  0.33962902987326760  0.34963593886118777  0.36076226708902709  0.37219165956207817
  0.38312291261571457  0.39363465519927537  0.40382449513743179  0.41360482181984654
  0.42297180863026446  0.43236622367472038  0.44233104124629141  0.45206755750831729
  0.46179890058290318  0.47149678428194347  0.48133647055772638  0.49186712035451557
  0.50230898215422481  0.51284824375824778  0.52346481765425423  0.53428375499301617
  0.54494611654728919  0.55557310784613823  0.56640438055983922  0.57791053046513097
  0.58906079546317214  0.59993434279748059  0.61047964653557152  0.62080446843206616
  0.63033058630775873  0.63969683376396014  0.64939141066998918  0.65973172103615607
  0.66943510283048724  0.67962079744681536  0.68983058794688523  0.70173635938850687
  0.71339751000149676  0.72503407975581113  0.73651748177124587  0.74810613648363455
  0.75986282172957043  0.77141358341949251  0.78268316853988373  0.79321610086023719
  0.80344058984291944  0.81337911147865871  0.82330468050888372  0.83317442681628318
  0.84279856903599903  0.85204649230327756  0.86173050135013407  0.87156942738163623
  0.88197943858425965  0.89234871739001220  0.90253150087706546  0.91250243201988313
  0.92273124935683359  0.93276002951737147  0.94274703068319265  0.95279722949355716
  0.96329006858577404  0.97530595160421663  0.98747705439458489  1.00000000000000000
 -0.00231965828297234  0.00959609832497771  0.01941116835558871  0.02938677626332882
  0.03937673901904215  0.04968549670144464  0.06010966405446393  0.07070004254431088
  0.08124683515902970  0.09217254278192262  0.10303488911209954  0.11438427543010352
  0.12581515644138958  0.13664270316155619  0.14738959005039207  0.15743431588881468
  0.16736781297519848  0.17708937450570925  0.18689648494803476  0.19711752745536942
  0.20710861580227535  0.21711361049202796  0.22710067565583389  0.23740587123612672
  0.24825807468874744  0.25933559216375918  0.27028089757125345  0.28136983979761826
  0.29245223924916625  0.30270957031098733  0.31325857468873258  0.32425312132843043
  0.33486536318934695  0.34510255255163563  0.35530853294430786  0.36588841473665890
  0.37623468340010430  0.38643978802729090  0.39633214063147426  0.40616419250515112
  0.41594300988674360  0.42567960192035897  0.43557335546241699  0.44587313672389650
  0.45663390928862924  0.46757907600839055  0.47846343076160958  0.48972034201419634
  0.50130150305750054  0.51307601583189422  0.52523416396835676  0.53736532310373220
  0.54920034407138307  0.56124492300113160  0.57146993016841241  0.58214726065365041
  0.59244993457843886  0.60243517074351671  0.61247652901209748  0.62258659316555842
  0.63384748563579052  0.64520411507409636  0.65604088065717892  0.66652561326953230
  0.67697687982162058  0.68766559557766804  0.69839495360141590  0.70926489893607148
  0.72012796822620095  0.73056980936875426  0.74091214070586586  0.75136601105550238
  0.76208666667866043  0.77251842468118936  0.78265366590994978  0.79240926515998711
  0.80184263542502976  0.81125757444005897  0.82101615289628604  0.83114727296519286
  0.84156720777989569  0.85176995149425139  0.86198177291107880  0.87220100515819066
  0.88303740842792033  0.89363907309031865  0.90420231907966375  0.91446711514836165
  0.92503777299548073  0.93559742261426659  0.94654762082333355  0.95801183342343221
  0.96866105497256216  0.97928082462905186  0.98972087246508900  1.00000000000000000
 -0.00242670455825023  0.00950098642340908  0.01958669369410544  0.03054007583232839
  0.04147770090081260  0.05260789646895914  0.06321119258211330  0.07409055387573957
  0.08426828447654902  0.09396647140099192  0.10363078556995779  0.11335753820928034
  0.12345839438685111  0.13393743825394905  0.14459560505405064  0.15525655742659256
  0.16557598766135953  0.17573237318549839  0.18604383166925512  0.19700286490005151
  0.20785724275068299  0.21884397831203092  0.22962806549166884  0.24038798723131430
  0.25123150867208388  0.26196966581068132  0.27307879849927291  0.28417662297747459
  0.29552943103752238  0.30707853071780544  0.31817823084168345  0.32919971300091816
  0.34030593186267771  0.35163295458470745  0.36289249926171285  0.37393072542027567
  0.38492295733438175  0.39578686414911335  0.40645459180629989  0.41707898413905908
  0.42779158425588892  0.43814375441145464  0.44772056134458738  0.45724434986915041
  0.46718958768372287  0.47757870057926810  0.48806356987566613  0.49839153678775217
  0.50883919258637156  0.51954261409898161  0.53072604955455149  0.54213289067068460
  0.55325211081833758  0.56435958424154398  0.57553761808733594  0.58650404024930158
  0.59720736422360654  0.60825993592147298  0.61976376149356815  0.63110085595475840
  0.64238641887259085  0.65370316747057811  0.66513569881307377  0.67656015770972133
  0.68776669793377332  0.69867535597921004  0.70920851591704881  0.71934964540422563
  0.72933791792777825  0.73915786985849774  0.74863216665956145  0.75760406446505590
  0.76651674905788936  0.77587399612651087  0.78554865489771231  0.79525111118154124
  0.80492276536330920  0.81487531532636936  0.82532193767897133  0.83581172739003762
  0.84579346305806047  0.85591296311830178  0.86587950239927836  0.87581730301630489
  0.88601111104942043  0.89636685628622059  0.90682910737124445  0.91734736112505333
  0.92804852171541108  0.93927874068280282  0.94934052944955472  0.95981711533621550
  0.97030251152374203  0.98089513287422792  0.99053660049239911  1.00000000000000000
   1.8729592377107252E-016  -1.0000000000000000     
 F F F F F F F F F F F F F F F F F F F F F F F F F F F F F F F F F F F F F F F F F F F F F F F F F F F F F F F F F F F F F F F F F F F F F F F F F F F F F F F F F F F F F F F F F F F F F F F F F F F F F F F F F F F F F F F F F F F F F F F F F F F F F F F F
  <DiscreteSampler_grid>
  grouped_processes
  1 # 1 for a reference and 2 for a running grid.
  10 # Attribute 'min_bin_probing_points' of the grid.
  1 # Attribute 'grid_mode' of the grid. 1=='default',2=='initialization'
  0.0000000000000000 # Attribute 'small_contrib_threshold' of the grid.
  0.5000000000000000 # Attribute 'damping_power' of the grid.
 # binID   n_entries weight   weight_sqr   abs_weight
    19   10   3.917166349699280E-013   2.938875677440484E-025   3.917166349699280E-013
    22   10   3.906985218190563E-013   3.237444912277146E-025   3.906985218190563E-013
  </DiscreteSampler_grid>
