 -0.00000023007490010  0.00001001324727461  0.00004182153067210  0.00008359700187396
  0.00013198118286575  0.00018647235826246  0.00024604112195526  0.00030880945689552
  0.00037598433857114  0.00044877199638517  0.00052502465429658  0.00060721626221186
  0.00068773378812550  0.00077284405768599  0.00085825415445543  0.00094809734234673
  0.00103875920504798  0.00112862889356655  0.00121954450376423  0.00131109677181482
  0.00139912318884522  0.00148576939135018  0.00157360019693708  0.00166386676018357
  0.00175565886500606  0.00184822216384549  0.00193994959512364  0.00203058532881079
  0.00212218255957519  0.00221400945729483  0.00230372629396613  0.00239401543957335
  0.00248472684772266  0.00257569216010916  0.00266674175262473  0.00275689960038338
  0.00284734814114061  0.00293964415291922  0.00303339788706118  0.00312787885238940
  0.00322174664523256  0.00331528233055381  0.00340877933561359  0.00350236955682230
  0.00359674086250377  0.00369132509624405  0.00378801639550703  0.00388586929795373
  0.00398243449766350  0.00407869765237800  0.00417556874537756  0.00427257782934503
  0.00436929701268645  0.00446552361400591  0.00456110120000666  0.00465543392614740
  0.00474846182240583  0.00484109508492546  0.00493377308930520  0.00503240642515862
  0.00513139703637157  0.00523427469937549  0.00534025936791753  0.00544868002158324
  0.00555728342138952  0.00566540632842851  0.00577359368198285  0.00588165086633861
  0.00599046675485926  0.00610064206768278  0.00621112279746954  0.00632619909554048
  0.00644912302654242  0.00657116057127858  0.00670131260037576  0.00683310129222891
  0.00696694942473954  0.00710275093798910  0.00723946517585315  0.00737500360480584
  0.00751102098325696  0.00765217010710486  0.00779943086569188  0.00795490072736837
  0.00811688215875549  0.00828658085133403  0.00845637754891128  0.00869008019117328
  0.00893494786962927  0.00919417322198350  0.00948197816289319  0.00982577113253858
  0.01026105526215983  0.01096628558489148  0.01222715749847252  1.00000000000000000
  0.00953650388631297  0.01650683609485117  0.02590388912224369  0.03573230206931155
  0.04580909046657947  0.05575297318575530  0.06569548673926212  0.07571180096060728
  0.08564411385782929  0.09536710876920056  0.10544183719309823  0.11561036726144090
  0.12560461283256999  0.13558343186246799  0.14550485609858196  0.15539377772351304
  0.16571292056675210  0.17626799530741566  0.18653985769270867  0.19644053950889603
  0.20639263876141212  0.21673553039160126  0.22719058694473793  0.23761203648822268
  0.24841884781310161  0.25978130036454483  0.27105965090183981  0.28170016420319954
  0.29195745146983015  0.30224061245382999  0.31226464901368089  0.32232966381898381
  0.33275360454197589  0.34394263735720482  0.35540034800572223  0.36678814783061847
  0.37833981919942000  0.39032889770412338  0.40261907322860579  0.41486584482253780
  0.42717508896530260  0.43869449139868300  0.44898737464120803  0.45899438072132775
  0.46893024217083185  0.47882129169545351  0.48848264354220405  0.49835419607129988
  0.50923774072711248  0.52054450025547339  0.53148045414621115  0.54245140229898747
  0.55378158806573929  0.56532842906546443  0.57667084026136650  0.58743745263249603
  0.59744170665510887  0.60719370550636198  0.61726704497092244  0.62732448368331839
  0.63692153530149120  0.64598311902546579  0.65627703836627682  0.66633469033454618
  0.67642612678318770  0.68665366787657078  0.69642707866321818  0.70627487243112641
  0.71602772834766282  0.72560944723492482  0.73488125084151046  0.74420877093332172
  0.75413540733248263  0.76491714285529799  0.77569725489295593  0.78617549933154129
  0.79614513968196898  0.80579444809877632  0.81567267170861502  0.82583363181172564
  0.83635479693966319  0.84747120545908816  0.85948718472756014  0.87212674228171183
  0.88466481488580739  0.89688286484827151  0.90894842756850680  0.92086754369340706
  0.93155013288159660  0.94263578342957410  0.95304579858195193  0.96344210514543238
  0.97317400279935162  0.98216966414942608  0.99127331099749139  1.00000000000000000
 -0.00005596827090754  0.00067480771841874  0.00195211423120928  0.00370636115265884
  0.00589758823178603  0.00842916938975173  0.01132015353693475  0.01438894685721278
  0.01761341083604764  0.02090557373813581  0.02439977360161919  0.02826850665279027
  0.03239625211390825  0.03664615454424823  0.04110415378588583  0.04571082005096834
  0.05027514871875832  0.05475379164620109  0.05923318342185311  0.06384762207993425
  0.06868664250919948  0.07388537167516014  0.07933313797524122  0.08493254776934379
  0.09039079607365470  0.09579485874292074  0.10146544697272210  0.10739084262196034
  0.11357986590156678  0.12009961562710120  0.12690528323846004  0.13353851695824004
  0.13985195234767323  0.14640642089973549  0.15316844364013535  0.15998862689397370
  0.16687491185585637  0.17368968703477855  0.18046070716435170  0.18769762835970596
  0.19502978609961688  0.20261243141273963  0.21034224157837395  0.21821830332689696
  0.22631051737862995  0.23475505534669255  0.24363459327727011  0.25290653254322842
  0.26246899440435223  0.27187357003535240  0.28158484536998729  0.29137406271210753
  0.30138388385261067  0.31177902783469680  0.32253360091593197  0.33353534178400024
  0.34468010086330086  0.35587075177599714  0.36751032797572825  0.37925855227299987
  0.39113842671642646  0.40299405056789456  0.41514294047493888  0.42820371565365384
  0.44160998218583231  0.45507169363409100  0.46898750432283126  0.48349262852476033
  0.49809709031119920  0.51272955799163655  0.52811881262293559  0.54404688247028266
  0.56049673514235754  0.57709372064895914  0.59386325212744162  0.61058302231122008
  0.62744386896737581  0.64462998398743254  0.66197113864605650  0.67949342081892439
  0.69705321983147017  0.71471870872759791  0.73204322268430455  0.75026950044579177
  0.76848325217798252  0.78687213992231142  0.80577199233483510  0.82586667715986706
  0.84580005671631897  0.86590857819318601  0.88565525729106764  0.90622269304223646
  0.92856689400311754  0.95192418822211466  0.97550541316704853  1.00000000000000000
 -0.00190746308684138  0.00795032289893682  0.01686072867603704  0.02654653291400778
  0.03570585107416911  0.04541061783725329  0.05633462677055602  0.06625202624439462
  0.07529492704296639  0.08461238139505239  0.09461082037445530  0.10454335976840758
  0.11426691155866898  0.12393358310178547  0.13405734910378017  0.14460258035932133
  0.15494894751853538  0.16573609123931088  0.17673111787076770  0.18804314709123543
  0.19934400928230703  0.21055341264744545  0.22216744967049371  0.23380409447466374
  0.24548505377343177  0.25688507332663996  0.26811284929344215  0.27916262834905597
  0.29011477133133473  0.30091453597660855  0.31147423759407905  0.32174362296696091
  0.33168760697549304  0.34111883526465048  0.35062607874549873  0.36033115673465443
  0.36947030779445433  0.37856393697742702  0.38784390960498227  0.39756810823581368
  0.40861997106705955  0.42026817170838160  0.43141806831629254  0.44341653297299166
  0.45540078981610121  0.46647018645479155  0.47701973783747603  0.48712873202230050
  0.49708151630585612  0.50644788943267904  0.51590033926830026  0.52568920838575650
  0.53537167745401415  0.54482288835794135  0.55469277087439151  0.56499469182655504
  0.57553396184174144  0.58606067151926144  0.59715663285546439  0.60825856670965717
  0.61909982749440373  0.63007940181888866  0.64080327443534923  0.65196532693429743
  0.66348317731063533  0.67554075037449912  0.68763453972399757  0.69989620969431443
  0.71152994027001903  0.72261576461701149  0.73366284705027485  0.74457567988497131
  0.75526597394950201  0.76593436872026410  0.77640860915193832  0.78646415441914008
  0.79676853423840277  0.80723553285490646  0.81721953363058519  0.82680064134453224
  0.83702758802810084  0.84795815165306543  0.85887772160751108  0.86952445758210084
  0.88079397554935779  0.89277536313283312  0.90439634341171160  0.91595173603527102
  0.92692461361478995  0.93720305199463072  0.94656388374499412  0.95631356492173147
  0.96678932890063685  0.97756415261459984  0.98837653705962969  1.00000000000000000
 -0.00236233573097233  0.00952882137084698  0.01872512624995185  0.02938339782173052
  0.03977637996758211  0.05078516837693085  0.06075833260218564  0.07128430290793751
  0.08127284387943784  0.09099677734679362  0.10086536990808298  0.11157282136190037
  0.12269698408356271  0.13305657914294824  0.14368986470100592  0.15455572686950375
  0.16496833648313358  0.17502511161736292  0.18515984811884542  0.19586787293168459
  0.20741855731991957  0.21979008545933285  0.23212459633619034  0.24425782884360867
  0.25568447155963653  0.26673578565335937  0.27765486087837526  0.28851853407461198
  0.29974240775046890  0.31138181087725947  0.32299474093299435  0.33409741602304222
  0.34494558200510378  0.35569141598546949  0.36594134568204245  0.37614934137538925
  0.38601010859086493  0.39565119159926160  0.40520594997387110  0.41508275014873031
  0.42610907973870493  0.43745750621850205  0.44889967102912848  0.46033827268300981
  0.47180907414833562  0.48307776301712374  0.49373839456019708  0.50412149517342264
  0.51445752459970051  0.52490917191415021  0.53534112896385977  0.54576168410192694
  0.55643680639280746  0.56760763926910263  0.57947294836508700  0.59116990427811911
  0.60235728063653293  0.61261082892502983  0.62241673621098492  0.63234540309184373
  0.64203843705749541  0.65162365206933259  0.66090147718179848  0.67032747441518592
  0.68045668910100476  0.69136164609204953  0.70294552315366732  0.71484107872348546
  0.72649362028344922  0.73804723388513238  0.74931503194077675  0.76007366914198438
  0.77074148569748691  0.78026927353934883  0.78946709628111311  0.79833575680234203
  0.80738817989220713  0.81695005760375305  0.82696668527302786  0.83718517078827348
  0.84739675771624356  0.85768718353063889  0.86813844255736416  0.87853735908671715
  0.88873058459770526  0.89856754619351509  0.90826395140264216  0.91820089160531160
  0.92843715780540947  0.93807071452143320  0.94755655143110229  0.95638954235097828
  0.96679913543967178  0.97803681023976075  0.98901480373026462  1.00000000000000000
 -0.00286098936316840  0.01069721557736374  0.02205971232388916  0.03450280707101042
  0.04565974175540820  0.05533578743640542  0.06484657886266504  0.07407433544138717
  0.08308226604106131  0.09215287818915673  0.10136510121119092  0.11112677909982321
  0.12128542671425195  0.13129995525638843  0.14117861465300546  0.15086164162331878
  0.16089677885842080  0.17132555799465168  0.18183711874939454  0.19194571788946510
  0.20176801753491155  0.21201593361642129  0.22227246899168562  0.23254546922435515
  0.24285430005479083  0.25340401409568458  0.26437527016520029  0.27524360839549578
  0.28624207660162293  0.29744663639851415  0.30813017571928686  0.31830939914603329
  0.32817208043204421  0.33839532021271523  0.34886845035826081  0.35938096253583329
  0.36995673316841610  0.38091354770710728  0.39205808451567464  0.40290739696391292
  0.41358034038275215  0.42446362978790103  0.43556261269380436  0.44666721773401247
  0.45779822453073027  0.46890381251680463  0.47983985567006593  0.49046375031854439
  0.50080829487986245  0.51144228680646808  0.52224258268264756  0.53325910699173507
  0.54416496029862393  0.55534918898946961  0.56658019940009585  0.57709824400828336
  0.58836599395944100  0.59951925398004990  0.61079374980131029  0.62126894346586803
  0.63147313093017843  0.64128146636608252  0.65206967257784343  0.66316724944250405
  0.67428053370579077  0.68547068816062684  0.69680743711058180  0.70786612621316347
  0.71876365671076115  0.73001173600029623  0.74199389981391917  0.75385184532115945
  0.76502566467405719  0.77572351216953017  0.78604574517738102  0.79626222192485474
  0.80648784440333099  0.81709300715983668  0.82755655347334833  0.83750429568463014
  0.84723625652216028  0.85713463089492647  0.86725793011541175  0.87717590038381110
  0.88706132978271635  0.89693897099710207  0.90719719947468069  0.91796231942912243
  0.92867826563699996  0.93976891160411213  0.95091457835193616  0.96105595560894075
  0.97044025138426160  0.97992189864645718  0.98979016704159706  1.00000000000000000
 -0.00208285811172575  0.00864255276526608  0.01864078592270933  0.02871515288475924
  0.03925023864323585  0.04982439276014776  0.06077482078280380  0.07104970361414702
  0.08222472944508537  0.09222491831012157  0.10293643046895443  0.11403943992272025
  0.12565667481767773  0.13640012419418099  0.14797125330706060  0.15984475702668052
  0.17166724489073651  0.18352436630237073  0.19542644171728774  0.20702179446618002
  0.21767209919006908  0.22772886820512500  0.23793107404018005  0.24813718386456257
  0.25862677806651213  0.26946339665058883  0.28075469605660225  0.29212631234338887
  0.30301056221196848  0.31346829005185067  0.32395432749395880  0.33457045209249303
  0.34508096917352554  0.35548332677081002  0.36637829725326848  0.37739861310792661
  0.38809583700430006  0.39856915053647102  0.40890486263686826  0.41906558947612627
  0.42884220348684737  0.43869308072933105  0.44879141163587954  0.45904756705728755
  0.46974737512983955  0.48002767979703159  0.48917114782344645  0.49803428251464282
  0.50696346431387840  0.51578520921107418  0.52479358208621685  0.53415801225543114
  0.54455067282156333  0.55558074975231031  0.56650215060985931  0.57742710766633365
  0.58821332206491028  0.59868574856417034  0.60909685257569102  0.61972669223097232
  0.63091503159128637  0.64264660355827075  0.65476982494666658  0.66699889825446079
  0.67895911041213797  0.69057383409218287  0.70184896008765207  0.71259299473898008
  0.72294697434190525  0.73314605278440870  0.74307784909758812  0.75298326180182074
  0.76272475432706877  0.77260238429492401  0.78297203035243990  0.79346131502445794
  0.80365719525359991  0.81403989913439456  0.82524657795633949  0.83664463188311111
  0.84779007858586664  0.85877966286586493  0.86933910010635185  0.87960137227872193
  0.88973844534369384  0.89985115108172875  0.90995570485960875  0.92019552597169352
  0.93064647227397312  0.94086839591182247  0.95063450193240551  0.95991560898870520
  0.96962859045786332  0.97915256726383981  0.98972071847166720  1.00000000000000000
 -0.00277263755925935  0.01009383145059929  0.02098122653172537  0.03247019494447351
  0.04344439253947060  0.05374346451529195  0.06386705728651083  0.07419034139623837
  0.08465657708203012  0.09580946871646349  0.10783735629521252  0.12011223778458018
  0.13112732719086850  0.14127537109582705  0.15174134209116472  0.16284213997455721
  0.17378843599899146  0.18453267566239973  0.19544368809603033  0.20642888094727088
  0.21723104078200806  0.22793475412989619  0.23868442948571350  0.24954328265939843
  0.26082100032570416  0.27207802194523717  0.28305497293018428  0.29373885273172101
  0.30451284694032299  0.31518208445948831  0.32566165359773436  0.33674420547047462
  0.34884062885724920  0.36125070112112578  0.37315468014071074  0.38428418637947293
  0.39486128197180226  0.40508940085115763  0.41495483477454070  0.42461321993657108
  0.43438342209253583  0.44505440116176931  0.45642494554780572  0.46755981650059880
  0.47840998101221516  0.48925038424286810  0.49947931632699588  0.50848599211653722
  0.51742975590570739  0.52710710451208953  0.53742011141779333  0.54777279399088974
  0.55787535713075187  0.56836832074545329  0.57940420587662367  0.59063337899237900
  0.60151218025543252  0.61178142521862844  0.62176037340747936  0.63167117480984425
  0.64144247958757084  0.65076345712900441  0.65975978542252245  0.66916540745822406
  0.67932235493725002  0.68979829618544575  0.70073479708667463  0.71144467186395333
  0.72237725838545153  0.73305150117941364  0.74359014153862324  0.75434278024873913
  0.76471249189978507  0.77458368607655603  0.78433645277319997  0.79446281637737681
  0.80478691818353154  0.81523569300055199  0.82486762068841080  0.83501847481829350
  0.84456417161823227  0.85393052439091999  0.86340871479950587  0.87330201884866743
  0.88403249619311375  0.89554474438090836  0.90650547396991554  0.91696816311377871
  0.92678085035356650  0.93675662451316832  0.94697410156162032  0.95695766100869406
  0.96722894972319307  0.97770741890525037  0.98868530029683199  1.00000000000000000
   1.1298871361261353E-011  -1.0000000000000000     
 F F F F F F F F F F F F F F F F F F F F F F F F F F F F F F F F F F F F F F F F F F F F F F F F F F F F F F F F F F F F F F F F F F F F F F F F F F F F F F F F F F F F F F F F F F F F F F F F F F F F F F F F F F F F F F F F F F F F F F F F F F F F F F F F
  <DiscreteSampler_grid>
  grouped_processes
  1 # 1 for a reference and 2 for a running grid.
  10 # Attribute 'min_bin_probing_points' of the grid.
  1 # Attribute 'grid_mode' of the grid. 1=='default',2=='initialization'
  0.0000000000000000 # Attribute 'small_contrib_threshold' of the grid.
  0.5000000000000000 # Attribute 'damping_power' of the grid.
 # binID   n_entries weight   weight_sqr   abs_weight
    25   10   2.352786806369475E-004   1.128839249978768E-007   2.352786806369475E-004
    43   10   1.309517322410926E-004   4.836926521823397E-008   1.309517322410926E-004
  </DiscreteSampler_grid>
