 -0.00000001135939196  0.00000591177522619  0.00004316366575737  0.00012013251720362
  0.00023820944025688  0.00041066377131428  0.00060414713162428  0.00083401063453207
  0.00109450471754181  0.00138439195484982  0.00167954193784278  0.00199266069635095
  0.00229587017175044  0.00262394057974399  0.00297353204360674  0.00336304475393069
  0.00376733870870811  0.00419539080190853  0.00464944227610549  0.00509441461977221
  0.00559052577103376  0.00608249733005130  0.00657386912035286  0.00705380776022879
  0.00753655580571735  0.00800061859184996  0.00846224999691802  0.00893235739816058
  0.00940874659831737  0.00989468820842543  0.01038311348813898  0.01088956990677909
  0.01145285983977745  0.01208582028769590  0.01277927913671542  0.01370988201216449
  0.01538309573241005  0.01755181975285105  0.01919174789572950  0.02070262555273358
  0.02207391825854783  0.02333764258511519  0.02456790543017840  0.02586321436149358
  0.02713305511663917  0.02842860072883796  0.02975879210911240  0.03108314028815816
  0.03240822860658795  0.03376277542330973  0.03512708132689697  0.03644272889230862
  0.03777625593492022  0.03912344649757316  0.04036858737476840  0.04165916761910462
  0.04306563758024117  0.04454726642427062  0.04603099099864670  0.04751474891607575
  0.04914931898459363  0.05078166268517390  0.05240596848658233  0.05405472337125742
  0.05577318639053008  0.05752478432777352  0.05932179242816826  0.06115512593988488
  0.06304325884824225  0.06502719475972191  0.06710043017975220  0.06916635738717164
  0.07140841910979502  0.07383063396182081  0.07632698851517185  0.07871942218615890
  0.08121110935929325  0.08372888040926074  0.08631062469154369  0.08901988486850895
  0.09188622840517244  0.09482662402543005  0.09808339883856540  0.10140064097930486
  0.10482899023951926  0.10850829425524983  0.11247330080292831  0.11676238106339143
  0.12190009751524980  0.12845461877116560  0.13612279721183237  0.14480108943930170
  0.15847661196137017  0.19538753754674637  0.31837202748983562  1.00000000000000000
  0.01000531292217130  0.01451504155016530  0.02284532736500433  0.03208450356734319
  0.04114272467636534  0.04958087340924725  0.05798148898751580  0.06640736222218964
  0.07440128981663695  0.08206762227722197  0.09039154457505671  0.09956703907415210
  0.10961818531729361  0.12008909381747604  0.13072237569305242  0.14169335720161325
  0.15299534401544543  0.16425811929869735  0.17569316213495889  0.18604703873455730
  0.19589596959671168  0.20578249584769984  0.21636920906674278  0.22752058640763453
  0.23843361460678519  0.24944614373985605  0.26087019782250886  0.27218456916101524
  0.28272829010555717  0.29251967657578976  0.30181124163807627  0.31062462532793311
  0.31964598301186159  0.32918251571950458  0.34001188826043471  0.35169934378142764
  0.36343671912263331  0.37552489863035465  0.38822978892008964  0.40137330912632119
  0.41454741625460140  0.42723250037455462  0.43936678415647501  0.45179089581155651
  0.46488479236570629  0.47762533048872663  0.48850539295591749  0.49922988071532221
  0.51066590986825955  0.52194660512440505  0.53196497536201071  0.54136245870884225
  0.55222047710424971  0.56317847610266469  0.57439585306017271  0.58556211241402623
  0.59837074400115942  0.61067706406775524  0.62237502055216465  0.63293050566609321
  0.64258788736336314  0.65171586329350162  0.66076833183898509  0.67015256598834505
  0.68001657750772893  0.69050247208095228  0.70150060425258487  0.71249134898157773
  0.72356475103821039  0.73397993700369757  0.74397519874802620  0.75393953384141610
  0.76426677551878075  0.77504644610270867  0.78536858477565030  0.79702415483046996
  0.80938908511923613  0.82129524894672212  0.83256867910828414  0.84323981338813703
  0.85391861167747118  0.86451672277839009  0.87490004235457641  0.88541518424846610
  0.89591811861534487  0.90589585759371349  0.91540331662691865  0.92524428698852412
  0.93546945255716107  0.94513211952354126  0.95486105676943334  0.96456308480476105
  0.97421453001901392  0.98319841842764921  0.99085342707735169  1.00000000000000000
 -0.00001982588036420  0.00024722157602636  0.00070890729766951  0.00142410040752884
  0.00237421691064378  0.00352947315211731  0.00488102076592194  0.00661207076786466
  0.00844770752189928  0.01058557599310548  0.01279598736012123  0.01510231888305225
  0.01766873316613731  0.02056971653588265  0.02365904817615815  0.02670171743181989
  0.02970833526890664  0.03288942428852954  0.03629810829464711  0.04022941729894323
  0.04436275734588897  0.04857051461079567  0.05264779007810119  0.05663744800633660
  0.06062781931420003  0.06474821755692248  0.06896084802998495  0.07319446658016562
  0.07754579877332238  0.08204413049163076  0.08659776629581505  0.09115809838000637
  0.09618815310775317  0.10167334649145392  0.10707860042183234  0.11246200370787193
  0.11791779468372995  0.12407940837721575  0.13065699185884849  0.13738187056235537
  0.14454349020249410  0.15149850047795757  0.15829549244708219  0.16495286558006003
  0.17168383451380378  0.17851577408462452  0.18568632335028507  0.19274854437722333
  0.19993568283785543  0.20761918778009891  0.21552015525373591  0.22351506333394858
  0.23232107818343797  0.24115722400864686  0.25024548963215820  0.25985591209402670
  0.26983763511215964  0.27957339584279167  0.28949623139287084  0.29946282180171513
  0.30975373451093585  0.32038244332965216  0.33124974426159343  0.34216500530162791
  0.35251781737351351  0.36277715349293010  0.37283470184633222  0.38299265047413716
  0.39370470568623356  0.40459973770644042  0.41498714358891492  0.42584165808526209
  0.43754612306180912  0.44944701336756848  0.46160311473721310  0.47397595751591964
  0.48637914100086427  0.49842167962554446  0.51069996227435599  0.52298350956200546
  0.53525554918984564  0.54745328422850492  0.55940403427088936  0.57122541076680344
  0.58321491245503276  0.59576736014568688  0.60858277121463311  0.62140203648501235
  0.63459475106805785  0.64753581051371034  0.66081682422954402  0.67493196115103138
  0.68947963029491111  0.69787927957873452  0.70026748636059222  1.00000000000000000
 -0.00245634352076028  0.01006354797470123  0.02110571784355944  0.03279884827905723
  0.04358078319821034  0.05309670265690907  0.06325348274533928  0.07323944195062403
  0.08343094333538996  0.09371123407267064  0.10383562422927356  0.11491267004830602
  0.12666520644604393  0.13849728938930669  0.15033172215552207  0.16213869829251848
  0.17355929926023872  0.18499737904390745  0.19746814924324424  0.20984823477378040
  0.22164179779851070  0.23260163231450739  0.24348242507449055  0.25430180966860072
  0.26527655054551208  0.27549312597393782  0.28523040484077056  0.29477232565726574
  0.30472145415222157  0.31485443167716709  0.32514784405787117  0.33546491197998329
  0.34605801162028654  0.35675503437747075  0.36753205898252722  0.37846897945008251
  0.38996377188197301  0.40192364745115894  0.41428288396377744  0.42611206555810061
  0.43709437085077751  0.44712786671406551  0.45734171302478888  0.46851376059250577
  0.48015859176257519  0.49128356396534290  0.50212802717521932  0.51286620412112516
  0.52376335605903535  0.53438645019387121  0.54500229943506284  0.55557519949178180
  0.56558227698976227  0.57592820589169891  0.58604756301107419  0.59670007192119268
  0.60718559977859687  0.61742258766950031  0.62744692510665312  0.63736216422438319
  0.64707811963455242  0.65734976884982588  0.66746828690664928  0.67716265986355029
  0.68644429060191525  0.69580404886138869  0.70533445035499875  0.71480980127890503
  0.72451610094530894  0.73475734642521096  0.74571471791503108  0.75653142988709510
  0.76708975733184492  0.77745882036489633  0.78823068798209106  0.79903232622058618
  0.81026373463237888  0.82019340906977045  0.83035734111380155  0.84097411635932762
  0.85150378344745770  0.86208647538599104  0.87288103710202736  0.88422127700410524
  0.89507010319973357  0.90477498856982641  0.91424974746171206  0.92365413747677705
  0.93301167664929019  0.94227197349857794  0.95120399123440103  0.96058350340888432
  0.97031991304910425  0.98015527095628252  0.99004404969915538  1.00000000000000000
 -0.00318577893154396  0.01061810357661857  0.02267072458138571  0.03511610741390769
  0.04691289013829916  0.05784612773366169  0.06863672811573898  0.07948714428279509
  0.09045220748536005  0.10139543762951257  0.11192672227893817  0.12223077951876510
  0.13224781032231747  0.14208235102301359  0.15199903339660820  0.16167879697536536
  0.17111690644827759  0.18062236622064748  0.19035725777928331  0.20023503053457611
  0.20958632411709843  0.21846865065323950  0.22734304107238165  0.23656519230260123
  0.24512593301650584  0.25404279960236681  0.26337496384585735  0.27405248747985422
  0.28512373408337666  0.29595735831178166  0.30653880576780995  0.31748173158375481
  0.32859755575858507  0.33996409024892787  0.35125699403297844  0.36265233316818213
  0.37352755682246452  0.38318795908409509  0.39256492573478485  0.40222759829958038
  0.41180595952650628  0.42078069194496237  0.42939550655451431  0.43853311545373042
  0.44842805921159079  0.45839258255456056  0.46777822260950180  0.47705712079249257
  0.48634798356218689  0.49522811865547256  0.50433670569428957  0.51398153695985405
  0.52385582096724859  0.53374932623467719  0.54362503083594260  0.55404794635365762
  0.56466237251003926  0.57553773667033259  0.58773797523053584  0.60105909161347737
  0.61389349569138651  0.62586006839650321  0.63743301495882099  0.64933624011366942
  0.66170766437318329  0.67368576438468308  0.68510967688950453  0.69621609523341255
  0.70714642553084894  0.71756106306635248  0.72814989646017980  0.73969442403505270
  0.75162734255305752  0.76336766093683617  0.77479998502681080  0.78702307065458565
  0.79958040253116502  0.81230564981242770  0.82531134947529983  0.83747913600432400
  0.84861503099809765  0.85998160804826485  0.87104145963002533  0.88162780546688335
  0.89170043339908989  0.90146597901130032  0.91123821418097606  0.92038362734850032
  0.93009311025136188  0.94047893254252801  0.95140057952725499  0.96148625309133173
  0.97125413377881520  0.98101116898412477  0.99067193107885143  1.00000000000000000
 -0.00269227297090957  0.01011460550520646  0.02166908030963085  0.03225018719255407
  0.04374409823370105  0.05589537602970427  0.06731750285051036  0.07824440822768058
  0.08876556284927038  0.09949360620445553  0.10865135892615002  0.11728411356955258
  0.12633440832732898  0.13537689471784817  0.14450199617520207  0.15272658881033474
  0.16056165584191179  0.16815287816432092  0.17807880447863797  0.18789516291998018
  0.19759437990296458  0.20774624886785434  0.21802168203276598  0.22777338937633659
  0.23687829852626788  0.24632206618893457  0.25678714552741150  0.26787454867199911
  0.27861244589896522  0.28920550897864417  0.30033232932796244  0.31163954454960713
  0.32245390683283370  0.33318746896525486  0.34487269597516190  0.35708356976924305
  0.36918505165889909  0.38043062924952020  0.39122603409300244  0.40160156712247630
  0.41224734460165202  0.42299122164434444  0.43358000950591324  0.44424505367847500
  0.45549586931464092  0.46633941789187888  0.47721055620708575  0.48916596213012559
  0.50053735492473417  0.51108082338766114  0.52109379219714014  0.53084232745670801
  0.54065046994317312  0.55034546733205991  0.56027491042102284  0.57001272140763815
  0.57960318318128956  0.58951363743597773  0.60006617980632149  0.61078480328304363
  0.62116811478458978  0.63215386543399732  0.64287248939890940  0.65497854680867473
  0.66717363555197118  0.67853424444835841  0.68932833663484949  0.69853754235845511
  0.70741252880868488  0.71638803088172698  0.72562400203620359  0.73527776483572116
  0.74521593922334894  0.75553781653368912  0.76604855814231165  0.77571829568541639
  0.78491044695938672  0.79434541623544341  0.80438392253685820  0.81482917111304265
  0.82516741528605553  0.83596410395393972  0.84804313325138314  0.86034872880679847
  0.87276135637120722  0.88510787061662055  0.89678943312706427  0.90816711162368080
  0.91992400229485394  0.93230512663449727  0.94425572830346616  0.95613900218025805
  0.96679714251624838  0.97824935305696781  0.98864496904011323  1.00000000000000000
 -0.00235824399329566  0.00874028369853416  0.01896431382104697  0.02839386321841566
  0.03886399218271751  0.04865845578447776  0.05811754560393859  0.06807652118437156
  0.07859455705231530  0.08815339080010479  0.09625025330926951  0.10501589765097781
  0.11434161384881814  0.12347782798674296  0.13226104666394523  0.14081912060460619
  0.15007552444165279  0.16034438127780357  0.17071716682185287  0.18101566186926768
  0.19129344281323252  0.20135751853509706  0.21188431920588111  0.22416864019219693
  0.23623972748995101  0.24782904724557128  0.25816690496475447  0.26846780371214091
  0.27882602390324729  0.28944869664278117  0.29980403692118601  0.31010253256475978
  0.32069568878764437  0.33167989058509650  0.34191822224900453  0.35216643429976668
  0.36284630525327499  0.37356109833047113  0.38381343149321190  0.39381631651772070
  0.40442425022314860  0.41545111835449422  0.42618469541820553  0.43652731373533482
  0.44650596659147762  0.45667721281840928  0.46741476287744527  0.47854121394055282
  0.48962690300938211  0.50066405853011564  0.51159193338534203  0.52213451012917511
  0.53308803610710653  0.54494725265245958  0.55752644826215358  0.56988006679894332
  0.58125323548268604  0.59215184631400053  0.60238230996769160  0.61240598105895683
  0.62249111730740059  0.63294525371788768  0.64384495412720810  0.65437326513427152
  0.66473225208459374  0.67587307702631971  0.68738386508307192  0.69892871588364502
  0.71099972008018797  0.72407577472609275  0.73650406585076655  0.74730683177274571
  0.75806573716172831  0.76954028132888141  0.78109210182859612  0.79268040049004074
  0.80426925128662563  0.81467716649231503  0.82506710458323040  0.83564806505323985
  0.84622354287555512  0.85657568520824756  0.86728180206070515  0.87808756705789603
  0.88860509111579922  0.89863250319543597  0.90905467749178137  0.91952512380899287
  0.92941617373499519  0.93911378625122521  0.94915142736556601  0.95955160151686358
  0.97014158305820986  0.97998891808738253  0.99039681492123799  1.00000000000000000
 -0.00258999720160593  0.00915804426275949  0.02024728590322169  0.03245276299609462
  0.04476306123192026  0.05707451171277595  0.06791539018009898  0.07748784854538567
  0.08655654562185713  0.09558399293624796  0.10470279447968878  0.11429693520305667
  0.12318177518115754  0.13257951237793936  0.14225322819182235  0.15210783511582857
  0.16256352245224207  0.17284517177424225  0.18276337734041742  0.19268237462292484
  0.20264037177900876  0.21273673545077224  0.22289118382388479  0.23343054231057622
  0.24465730529822524  0.25634703882322879  0.26802198758116574  0.27988144499560430
  0.29182760297781901  0.30286551275672663  0.31409785272051355  0.32540742980387460
  0.33618790274355959  0.34603927656891448  0.35594772572319622  0.36600468516509288
  0.37600414358597162  0.38543332298679844  0.39457726342548488  0.40372901705121023
  0.41330804557371481  0.42362873534349960  0.43501741821284173  0.44665999797554312
  0.45857094277235483  0.47026922580565578  0.48193599512031704  0.49350247939558800
  0.50519211693828958  0.51654099703995549  0.52784173499156239  0.53903246231365098
  0.54979291878663450  0.56020132321319804  0.57044199245894089  0.58061020770281979
  0.59079402884722776  0.60080599979003269  0.61095793390054398  0.62119190276605529
  0.63166282221637249  0.64246460112021964  0.65348858620856232  0.66483237917127713
  0.67648057452336563  0.68779542986887843  0.69837209697474401  0.70873788752739841
  0.71934242517479008  0.72999527775980444  0.73995053865398608  0.74960623469925891
  0.75955028581201089  0.76991728556982053  0.78061052827582822  0.79146521483801846
  0.80245855940563127  0.81337743386290651  0.82454908678683503  0.83606215515345272
  0.84792758352640352  0.85982161552317327  0.87124088180723769  0.88215078792802171
  0.89243557274795948  0.90271665455744665  0.91304305022498045  0.92271904965763074
  0.93261830632676135  0.94262425806030248  0.95228473625295373  0.96160880062199461
  0.97090195917506450  0.97980455422848822  0.99003484475649828  1.00000000000000000
   4.2170967187415435E-016  -1.0000000000000000     
 F F F F F F F F F F F F F F F F F F F F F F F F F F F F F F F F F F F F F F F F F F F F F F F F F F F F F F F F F F F F F F F F F F F F F F F F F F F F F F F F F F F F F F F F F F F F F F F F F F F F F F F F F F F F F F F F F F F F F F F F F F F F F F F F
  <DiscreteSampler_grid>
  grouped_processes
  1 # 1 for a reference and 2 for a running grid.
  10 # Attribute 'min_bin_probing_points' of the grid.
  1 # Attribute 'grid_mode' of the grid. 1=='default',2=='initialization'
  0.0000000000000000 # Attribute 'small_contrib_threshold' of the grid.
  0.5000000000000000 # Attribute 'damping_power' of the grid.
 # binID   n_entries weight   weight_sqr   abs_weight
    25   10   1.444982842706131E-012   4.671085707913322E-024   1.444982842706131E-012
    28   10   8.077279809513174E-013   9.498647167261691E-025   8.077279809513174E-013
  </DiscreteSampler_grid>
