 -0.00000001586623976  0.00001605938327059  0.00012276905105580  0.00034598946381393
  0.00068453702962837  0.00113935194966666  0.00172177132774420  0.00240563767242435
  0.00315959911498617  0.00400660923217529  0.00499693030079711  0.00616049303081204
  0.00769666163545108  0.00974840141057226  0.01186873923295850  0.01302589011871920
  0.01376651554606650  0.01438679286058880  0.01494816354054345  0.01548852475786064
  0.01602656992317822  0.01657252838656629  0.01713861475374214  0.01773056954259582
  0.01833894090312644  0.01898479086014752  0.01965692992337979  0.02034198392758308
  0.02104241974513599  0.02175086916273141  0.02248186082177336  0.02321926558163239
  0.02394529266523483  0.02474517768825445  0.02560232310927773  0.02647279500651309
  0.02733706448758080  0.02821972584951694  0.02911001985534372  0.03000615336389863
  0.03090590511419318  0.03184567914347004  0.03285127880995969  0.03389273362181767
  0.03491607751079208  0.03594891920234911  0.03697926278577075  0.03804481428815057
  0.03910448298333190  0.04015397860901328  0.04126071728727349  0.04245775664989813
  0.04369075345583699  0.04497568359880490  0.04628029756726801  0.04760696534982857
  0.04895194056810954  0.05030206866920021  0.05163897829536465  0.05295593668396130
  0.05438182899229575  0.05585421852792481  0.05740405490895600  0.05900026460836846
  0.06061532728639325  0.06225355894821955  0.06392369664064312  0.06561962236206853
  0.06733322133010991  0.06906941758606677  0.07088584827384645  0.07282231367703811
  0.07486351683304589  0.07693540065952999  0.07904431226595632  0.08121718523952864
  0.08339884613749171  0.08558638270079749  0.08777687881193680  0.09002399466051476
  0.09250993278874704  0.09531222052605949  0.09855117559012144  0.10199274000568168
  0.10563816947729793  0.10950294763744237  0.11354029935461965  0.11783210440239091
  0.12300996698598089  0.12981672374406367  0.13721351805735707  0.14609083803449169
  0.16077092714514860  0.19697299065601059  0.31832160301461826  1.00000000000000000
  0.00939350371675928  0.01596501086852242  0.02567304083383451  0.03729163037160420
  0.04854810770391282  0.05996773343123181  0.07180891256837410  0.08363262139200599
  0.09376293814030938  0.10365353299815454  0.11418927380351859  0.12457007264938805
  0.13511914863894076  0.14571661849018669  0.15639600183118493  0.16701832449517895
  0.17758188136535116  0.18806848372570081  0.19824223265555882  0.20834099212915258
  0.21903872776628522  0.22975105084415459  0.24008204489108800  0.25050346704678261
  0.26114500186853906  0.27166580725501976  0.28188934756528572  0.29198032004414487
  0.30193081673702438  0.31210507623419703  0.32253311985904326  0.33282196713609852
  0.34261946995637127  0.35227929589172591  0.36214751921804605  0.37197450889604922
  0.38157638995726956  0.39131283315484816  0.40139047360589525  0.41154964986587361
  0.42199866259715352  0.43275474213340137  0.44306518600863332  0.45285922449817523
  0.46253731782617302  0.47221423730751577  0.48177528389286189  0.49117124606916118
  0.50058794150629815  0.51059658127279461  0.52119700043424111  0.53230430189976374
  0.54343443656560897  0.55395485825879598  0.56454418223976399  0.57550475930433009
  0.58616443955408259  0.59609835129867850  0.60579091851751743  0.61589233977374414
  0.62600004236802265  0.63609413649640523  0.64652532556056641  0.65753949820320379
  0.66879065669772575  0.67967334679924807  0.69039386971350958  0.70104343826951421
  0.71164380546105599  0.72196862726212674  0.73239814309189666  0.74281486012313724
  0.75302260525934850  0.76301734246298270  0.77325034515673396  0.78397659524639896
  0.79438785400114731  0.80443339759071419  0.81455072387283023  0.82497979787428466
  0.83529662939763272  0.84561282481458078  0.85567300666457879  0.86598211931518509
  0.87618730576234471  0.88733210446005317  0.89807068675075052  0.90812870825629377
  0.91835616989095226  0.92890012166881553  0.93923325020335957  0.94887023991609409
  0.95871679626526773  0.96963570779056740  0.98042854297484106  1.00000000000000000
 -0.00002112007904115  0.00025035379476996  0.00071431809640374  0.00142768524115721
  0.00234186132406936  0.00353716112218138  0.00491469568755586  0.00669745270954264
  0.00865854473216899  0.01056952193357514  0.01271952401547323  0.01504869442262379
  0.01760468217879889  0.02052522807123353  0.02338259657789188  0.02622791185138420
  0.02913447082720430  0.03227748289546813  0.03565713143807189  0.03929650482972363
  0.04321751766000090  0.04739603757791717  0.05170403866275775  0.05605595713624942
  0.06030943248483198  0.06447102142019948  0.06865646627193320  0.07297828891923129
  0.07751918667268670  0.08217302906360183  0.08697898717072175  0.09193654852124274
  0.09723354397685317  0.10258907103827358  0.10823241040872056  0.11388865258273645
  0.11958664534382693  0.12536079183545140  0.13117961541523410  0.13730467558905632
  0.14360759030741052  0.15010073113903305  0.15687021924848715  0.16387603876473900
  0.17104293816244237  0.17836893568386808  0.18578414368505503  0.19336765770845338
  0.20100663363471319  0.20878584280439325  0.21658832300810552  0.22449195985555115
  0.23259958612267120  0.24086956690731962  0.24933225335394663  0.25818994258312145
  0.26712872582979452  0.27648551308352659  0.28601646335248793  0.29578973415598481
  0.30580133685175231  0.31589523026807365  0.32594795168754204  0.33604115108243487
  0.34640578276862638  0.35740256577440233  0.36838980720537284  0.37916053069131084
  0.39035566612853506  0.40191997156838466  0.41327108342536006  0.42422149890839256
  0.43585955080095212  0.44759376594217265  0.45956953947702689  0.47189280676968232
  0.48458227286700767  0.49729288001031258  0.50983733594445180  0.52219850024348069
  0.53444169017988530  0.54663737291703041  0.55860650446090687  0.57079817201786520
  0.58324258593118217  0.59553965489199101  0.60765903804600319  0.61977744461552264
  0.63180382840458371  0.64365674579141219  0.65551874972711033  0.66736450130844460
  0.67913462564954874  0.69089208930948920  0.70213686012045951  1.00000000000000000
 -0.00358300437008951  0.01229266203392552  0.02684477062851364  0.04084058914857384
  0.05366938893341532  0.06532968540004690  0.07637014074376527  0.08716635085793928
  0.09773520872185451  0.10848607362604006  0.11953231903739973  0.13111850560761698
  0.14291681418985155  0.15412302121410104  0.16480160462463006  0.17603313558915104
  0.18731700732295792  0.19854739451459436  0.20981063316263354  0.22141315496434777
  0.23255279477853530  0.24299828414762384  0.25380138836062843  0.26473225129934380
  0.27549924449560065  0.28627255882301239  0.29786006038354507  0.31013156323242180
  0.32283812799684569  0.33545195950982287  0.34786169875253170  0.35883258309578375
  0.36897945443043506  0.37950360294390684  0.39035369057237834  0.40090461215352863
  0.41092872298465277  0.42114740409623297  0.43163910108858156  0.44186426586642463
  0.45157229951096345  0.46140837552690883  0.47116682356550355  0.48105375925393551
  0.49106078260277158  0.50106530185874687  0.51090977526197179  0.52059755732856661
  0.53036502607022828  0.54009342563923246  0.54973424979532404  0.55926658616897706
  0.56844477250985448  0.57739950426908571  0.58662455239046318  0.59614457356446759
  0.60604239521680114  0.61639486004957067  0.62666592796353437  0.63665925224143571
  0.64645185787124315  0.65631217149139698  0.66643114168338324  0.67681316648052758
  0.68718552333000726  0.69766720648323932  0.70791543712353444  0.71766205947184425
  0.72725604126000520  0.73707663458260486  0.74710261964972258  0.75708447703694803
  0.76679734579152625  0.77680369129465565  0.78726138713757343  0.79806606296100957
  0.80905743284373555  0.81961837184208841  0.82990469697022318  0.84023547411791433
  0.85059714064399150  0.86098734774520813  0.87112206602611608  0.88138917062120870
  0.89206300968472796  0.90254423295937525  0.91285669563280181  0.92261595605159330
  0.93219614988491750  0.94182086315831837  0.95161247430014040  0.96143493657460888
  0.97098400002331198  0.98053427663719628  0.99014925663576026  1.00000000000000000
 -0.00294004599149233  0.01054645200790362  0.02266973505640643  0.03444116421647821
  0.04612346930351263  0.05739934108660720  0.06811911662059689  0.07831213981824432
  0.08800374403869721  0.09742523841950600  0.10698914217306803  0.11687410546466817
  0.12666841745593904  0.13655879751306582  0.14674872066389782  0.15751433083994254
  0.16765060515944846  0.17746265060341476  0.18723751280851447  0.19835410931684899
  0.20974940633264333  0.22128457223517733  0.23255304942481345  0.24370860299175456
  0.25462403272040435  0.26528417911490620  0.27588044375723136  0.28650758501217527
  0.29727564881613822  0.30817443781482406  0.31898620768469416  0.32967259547645411
  0.34033013088258957  0.35103652085941356  0.36182549043066520  0.37271704968050856
  0.38399463747839285  0.39538367399322266  0.40575438201434838  0.41572492375218512
  0.42594942304027289  0.43602761944885970  0.44623424662334676  0.45720061967781472
  0.46834819383904330  0.47914748562342541  0.48905378382111492  0.49890576413212517
  0.50907533312591202  0.51954269319920998  0.53010467396657379  0.54077330904700471
  0.55177494611499678  0.56328861423561327  0.57511570497652209  0.58689367845687046
  0.59869077285270467  0.61071710730159257  0.62275547531130404  0.63462888928076355
  0.64606200181647100  0.65714418490359228  0.66750188277624822  0.67727778332802124
  0.68694336594062999  0.69668554920619241  0.70611127304096133  0.71529936436670682
  0.72455609626229833  0.73442824523994499  0.74454727832072920  0.75425825394647750
  0.76395734116630987  0.77436311459231677  0.78617161713661654  0.79766529038592215
  0.80822829366799165  0.81825115040672480  0.82793753857787622  0.83768753900985604
  0.84730161302787133  0.85717805472869835  0.86700199220406959  0.87711261890759562
  0.88736742819823022  0.89748281307468358  0.90735415001760977  0.91741248667900510
  0.92743733969931552  0.93757023159236097  0.94777214613910077  0.95775471962041681
  0.96785509700178685  0.97805420849616775  0.98889663636006797  1.00000000000000000
 -0.00233260133772095  0.00865336474381984  0.01829115899904048  0.02814422849901176
  0.03821531873892558  0.04845294941386243  0.05918456815046173  0.07013898450697403
  0.08141545503264479  0.09190880326492543  0.10236874823461561  0.11253940239207109
  0.12288844643991918  0.13277096304452785  0.14240041508047518  0.15276552419843370
  0.16343217997533388  0.17382067134088117  0.18367700351766769  0.19420299781712505
  0.20526905125963391  0.21490922476491639  0.22417103822070242  0.23373417604683283
  0.24385735048917484  0.25383468459284853  0.26359110007389613  0.27357783520892920
  0.28381963264528848  0.29420102207148108  0.30486726896264366  0.31564934282060580
  0.32611303176578516  0.33651351472238528  0.34735322481475683  0.35817737351937473
  0.36875226644080772  0.37966610356384978  0.39105616169263241  0.40276637337165766
  0.41481207894757333  0.42674001193782740  0.43897253816659415  0.45067045548312484
  0.46226114898626980  0.47342129419455420  0.48464388363546945  0.49649708053684322
  0.50787167641152031  0.51931826458195773  0.53053268806772202  0.54126616477208722
  0.55124990303697652  0.56079323481388699  0.57030715299258961  0.58000901888128964
  0.59043427307287455  0.60107552178354529  0.61159943758481794  0.62218423228890862
  0.63237457636602057  0.64304147178237747  0.65408252816521772  0.66436641220898929
  0.67492593405861490  0.68537147632709661  0.69675179271557186  0.70824630461735938
  0.71885247169136857  0.72924091543568481  0.73919978463972347  0.74927751096858219
  0.75912289973291791  0.76890469746121926  0.77891756754035257  0.78911183946202246
  0.79968269753980603  0.81091927798410368  0.82237889571194400  0.83324781018015692
  0.84323672039312614  0.85304306646611150  0.86304458661266659  0.87276478791317702
  0.88300308403869754  0.89335877448741785  0.90393288434725594  0.91458928688191710
  0.92516695130307824  0.93565641494198770  0.94593976273708469  0.95645645223075715
  0.96737139896980051  0.97855965844152271  0.98932658433906973  1.00000000000000000
 -0.00255777369511791  0.00913006561580056  0.01909343080897444  0.02918973752354646
  0.03976486361583466  0.05039576404009655  0.06128491317404530  0.07184258797429474
  0.08267189456826514  0.09305727548420387  0.10295054965172831  0.11235105260417132
  0.12187165310432208  0.13158139393177293  0.14136770635360524  0.15105043821882141
  0.16060319745297155  0.16992946096655645  0.17896729428831148  0.18818672373893733
  0.19744457350284705  0.20665395846786949  0.21600457275378745  0.22561964679362351
  0.23603244667062689  0.24719534963671916  0.25850323955737514  0.26960251061601531
  0.27982069824256234  0.28961466157911903  0.29970962346642227  0.31006717394308719
  0.32049625984280861  0.33070162605180964  0.34128811662751607  0.35217822117783026
  0.36264685875807195  0.37276421838345003  0.38271487612021698  0.39209523336153690
  0.40171219718329126  0.41141478453639446  0.42210522287825641  0.43337194554358616
  0.44383420563275766  0.45393165195217000  0.46463161592652480  0.47565219716637624
  0.48619571066701678  0.49593339259884811  0.50574944713131875  0.51600427647289404
  0.52609095638147030  0.53590819874519002  0.54583537183665165  0.55650677449525909
  0.56706721230292667  0.57723537880425724  0.58727585464499388  0.59745173456961587
  0.60750848650497102  0.61752133603587656  0.62879028861763542  0.64113259273875900
  0.65331882506746408  0.66507823575002400  0.67648083921939262  0.68783787432504584
  0.69897512481065693  0.70985432756327738  0.72094211723200918  0.73230221216640801
  0.74349739533054360  0.75473187774171080  0.76601914186205566  0.77741698299664341
  0.78918597613060149  0.80145482959545267  0.81381751415592285  0.82580701331791195
  0.83733986610413635  0.84843080920774938  0.85910291238453174  0.86938114107237729
  0.87981847060400942  0.89041961353441146  0.90096926934904975  0.91148054445920978
  0.92192289774316083  0.93226650325899996  0.94282630362576281  0.95351013415197572
  0.96461534135737292  0.97616006509014119  0.98804511073166945  1.00000000000000000
 -0.00232751377636018  0.00934972305411417  0.01936079139124433  0.03119809793327896
  0.04260499688601268  0.05372401202563210  0.06471030592354089  0.07659841041773251
  0.08749357115700247  0.09790087160165242  0.10839522477350111  0.11908866657449892
  0.12934258745491989  0.13943173262684128  0.14958850093890089  0.15975127112596135
  0.16986255876640038  0.18040458839225226  0.19038852867339354  0.19987379949186274
  0.20931160140490701  0.21913005258677493  0.22911802411632839  0.23860544178689369
  0.24800006280629339  0.25802482648595565  0.26864253676359573  0.27877014381586540
  0.28883994371379357  0.29936925007509901  0.31060953323819984  0.32112319308392284
  0.33150180009808883  0.34210148153847930  0.35268804428399142  0.36298307989725537
  0.37303659653171972  0.38354561945631699  0.39454938691507552  0.40557990179642378
  0.41684139217534305  0.43027888540164899  0.44337999361647601  0.45566408863409164
  0.46696119057028929  0.47750968333228894  0.48793176397281679  0.49839378493423164
  0.50898179665487442  0.51959039184272149  0.53033277767145914  0.54120899137092116
  0.55224538023602443  0.56306522093879929  0.57375511627264142  0.58415195007837284
  0.59434191295863037  0.60451150290396449  0.61447980021916526  0.62467900311170288
  0.63452187369176649  0.64436742156181603  0.65454787197834596  0.66461573067666035
  0.67558392101984110  0.68710130005501791  0.69812583232784908  0.70954073316244115
  0.72053387053757190  0.73107542241008383  0.74076133126826649  0.75047848545327434
  0.76102184546325746  0.77160640295900296  0.78188453755627374  0.79244836716739009
  0.80412572744340749  0.81665767314351712  0.82933674468651719  0.84132674565752841
  0.85239449607356432  0.86248766300723512  0.87198977076441642  0.88132183158773414
  0.89056381446419630  0.89993573790557069  0.90899662383612201  0.91845827400172209
  0.92867970500718988  0.93914694615270167  0.94923224373809356  0.95908341183490742
  0.96925823091899088  0.97932521156493302  0.98955239944690565  1.00000000000000000
   1.8669223020295106E-016  -1.0000000000000000     
 F F F F F F F F F F F F F F F F F F F F F F F F F F F F F F F F F F F F F F F F F F F F F F F F F F F F F F F F F F F F F F F F F F F F F F F F F F F F F F F F F F F F F F F F F F F F F F F F F F F F F F F F F F F F F F F F F F F F F F F F F F F F F F F F
  <DiscreteSampler_grid>
  grouped_processes
  1 # 1 for a reference and 2 for a running grid.
  10 # Attribute 'min_bin_probing_points' of the grid.
  1 # Attribute 'grid_mode' of the grid. 1=='default',2=='initialization'
  0.0000000000000000 # Attribute 'small_contrib_threshold' of the grid.
  0.5000000000000000 # Attribute 'damping_power' of the grid.
 # binID   n_entries weight   weight_sqr   abs_weight
    19   10   4.884249368305042E-013   5.445815200714343E-025   4.884249368305042E-013
    22   10   5.955404058101576E-013   1.552519690586033E-024   5.955404058101576E-013
  </DiscreteSampler_grid>
