 -0.00000000445562734  0.00000241796440320  0.00001785257266983  0.00005154023987853
  0.00010290274542113  0.00017035643854154  0.00025580186573412  0.00035660016924717
  0.00047081381118083  0.00059993043523709  0.00074223736213249  0.00089904022906248
  0.00106998622867492  0.00125138647867724  0.00144452866809135  0.00164324943845277
  0.00185363473212099  0.00206323721694183  0.00227382057037750  0.00249275330758196
  0.00272279586928005  0.00296700729969362  0.00322969939942319  0.00349727406204119
  0.00376740396570800  0.00405152102964151  0.00434609104085903  0.00464327666902858
  0.00496780563996176  0.00533732789736078  0.00572276065714577  0.00609710694725658
  0.00649219000849057  0.00695092899842835  0.00744426195261586  0.00798389947894801
  0.00853504860374444  0.00904926227914649  0.00965815858211774  0.01043537847731450
  0.01126617608867337  0.01191663934143587  0.01235914655208711  0.01268090895107696
  0.01294638530502028  0.01316370739921235  0.01335699524453099  0.01353294190424889
  0.01369751725072959  0.01385514729397976  0.01400339346343850  0.01414823516239757
  0.01428995684992664  0.01442761241958932  0.01456169890820653  0.01469622052582146
  0.01483408382309139  0.01496892964994539  0.01510282203464718  0.01523721216706795
  0.01537171630483679  0.01550657456897372  0.01564638905984869  0.01579002329047084
  0.01593689915778110  0.01608502378044090  0.01624155827892709  0.01640442247166939
  0.01656905715182665  0.01674270690843783  0.01692128191908175  0.01710295489481911
  0.01729888882774804  0.01750082263304173  0.01771066802209806  0.01793522648801327
  0.01816609877817737  0.01838973336016558  0.01861773631164545  0.01887764118230675
  0.01923118714098619  0.01958956742497348  0.01995889780304064  0.02034610003132808
  0.02076133302300373  0.02121801736351780  0.02173913866214470  0.02230963882620917
  0.02294829072357124  0.02364786516870006  0.02471187435813827  0.02637467306133415
  0.02882767977101447  0.03458397416155842  0.04961563477816681  1.00000000000000000
  0.00946882625095750  0.01652401506386155  0.02348385387325254  0.03171955942404740
  0.04008823152851375  0.04946161642787365  0.05940177175296267  0.06954834897591237
  0.08012850336113034  0.08941368143503706  0.09839152571661307  0.10761649319244757
  0.11693031697490459  0.12618463272568084  0.13547099968173926  0.14495548965552538
  0.15637936461674334  0.16786758250990813  0.17975228511787322  0.19054836770447889
  0.20050074971508566  0.21064517807305325  0.22045554338741108  0.23001754460841992
  0.23960894549087525  0.25052334077524541  0.26302195568914222  0.27646014445295586
  0.28955740637193372  0.30089574948022668  0.31142392738624242  0.32189318728510380
  0.33236746011824159  0.34276900196774801  0.35287301903688073  0.36290168649335208
  0.37312899602924010  0.38374625650533817  0.39397782491858230  0.40411916626850741
  0.41412549527081188  0.42402264021403180  0.43389607101903782  0.44391024061527590
  0.45373802551731690  0.46376129360887364  0.47312643673245891  0.48373778719158284
  0.49522152396332825  0.50655122693857069  0.51790256179831207  0.52924332461312462
  0.54086389233066801  0.55328135279905033  0.56470621534775078  0.57466563158794759
  0.58431863879546841  0.59482310637309677  0.60570729203362583  0.61608905043448081
  0.62675216405477219  0.63927947142000396  0.65068221495496492  0.66087029521899621
  0.67120869452139087  0.68157362234930974  0.69147656323719819  0.70111113127206515
  0.71199406734701076  0.72401418018781538  0.73523742441052320  0.74553452010778942
  0.75531029621962620  0.76523021031626004  0.77571233043886467  0.78602779431269565
  0.79569170796868882  0.80505520203120573  0.81471784071947495  0.82601839690038681
  0.83746904371686504  0.84874968157190800  0.85918272428360098  0.86898903311865339
  0.87849073204646411  0.88802918999909863  0.89750616069673717  0.90715203991778848
  0.91734777810665946  0.92829984682598821  0.93994298753983108  0.95168505193509290
  0.96397388513213922  0.97597457679996691  0.98796015969634532  1.00000000000000000
 -0.00002095838426408  0.00025662343000900  0.00077216145751181  0.00157948114534084
  0.00278741116264195  0.00430420179931425  0.00596067054528028  0.00777866450668617
  0.01002412635308240  0.01239225314617037  0.01485242862087908  0.01756031515640025
  0.02068549259545140  0.02441127259732285  0.02846687504886423  0.03220632985674776
  0.03582456195855117  0.03961485394605245  0.04367752501935181  0.04808705359312611
  0.05256953850779805  0.05717022619291870  0.06193899759648167  0.06675710385485691
  0.07170008499075643  0.07676569205774700  0.08185535844702181  0.08711840425435786
  0.09262861790737066  0.09843342889163165  0.10442822673320258  0.11034050459389673
  0.11628644804020635  0.12267302201286995  0.12946581240612787  0.13634515340298448
  0.14298852689418734  0.14979318303230571  0.15717422129363304  0.16465157428257046
  0.17238459440946607  0.18104557617313960  0.19087568591025439  0.20132895969328418
  0.21189435286935537  0.22262746891857269  0.23350735317471488  0.24494767323315569
  0.25551885191176987  0.26525663292404988  0.27548508904054275  0.28532489992443177
  0.29530169809863249  0.30544333764512316  0.31514149508065847  0.32469045477329739
  0.33415536420981978  0.34432333686292566  0.35540183501584360  0.36690915434728416
  0.37875478539918545  0.39121771689255058  0.40423162812443925  0.41698764077654527
  0.42971966681434742  0.44308687390424484  0.45654488435853569  0.46974508680480087
  0.48222142001313573  0.49451649183258589  0.50742066608123126  0.52111205683961914
  0.53575915026095200  0.55090377278653369  0.56543496572076579  0.58010009955212338
  0.59574477112919189  0.61155864786446057  0.62724363421787610  0.64217080045207764
  0.65899132820559470  0.67898457096216858  0.69859072691447965  0.71867413510876743
  0.73924985739151228  0.75984465393876610  0.78039771238181177  0.80095919622231282
  0.82155473104884957  0.84222222147201631  0.86333549901684714  0.88536685715467500
  0.90817613988396195  0.93310717617086980  0.95943695697446196  1.00000000000000000
 -0.00364648808352604  0.01158026462090093  0.02657856087717432  0.04043160604242927
  0.05342926773327276  0.06546093068423510  0.07675794761971846  0.08745482930398987
  0.09786886597594281  0.10966078275893083  0.12285229354649149  0.13525435055020954
  0.14776110350349278  0.16010800993196159  0.17220563157374003  0.18407542845649677
  0.19620111171287849  0.20839004400287289  0.22041534878705624  0.23196410932064698
  0.24347452698048477  0.25585783006402685  0.26950697612928431  0.28364954596788483
  0.29808920835525476  0.31218336674569658  0.32495588593364266  0.33652443833341222
  0.34708079362487360  0.35699869897425629  0.36685769427188791  0.37683750369266272
  0.38670519417800298  0.39682695303874316  0.40785955848668626  0.41941051512472882
  0.43153904173899654  0.44269189589460384  0.45291232519826213  0.46258641376282184
  0.47174968011320345  0.48095029392276861  0.48976984829067305  0.49849507915346569
  0.50740630782807616  0.51664598446668797  0.52660287564461694  0.53739445875386482
  0.54775056042061288  0.55777209512347981  0.56756613332039407  0.57712563843530285
  0.58647864744905198  0.59573512168041243  0.60530019240187771  0.61497162619394463
  0.62442249071059586  0.63436544358490399  0.64470498638413531  0.65588811206972453
  0.66664948724877848  0.67723463232837289  0.68759319717183953  0.69875398657857701
  0.70940162153948316  0.71944014865370554  0.72933436626562564  0.73925831115425655
  0.74918330447963932  0.75856902158899331  0.76765250428567888  0.77585766793591115
  0.78404455981894883  0.79266163082911345  0.80136942568177183  0.80998858168110399
  0.81856774820997846  0.82703900382809947  0.83566554016954908  0.84574874028929481
  0.85596510291216565  0.86622735068049772  0.87652924257204112  0.88622544028887185
  0.89583050086320459  0.90428955437971015  0.91273622266531518  0.92147730488395563
  0.93005942074171954  0.93859821057401860  0.94736232163718859  0.95647192996615826
  0.96651692340400885  0.97765351808815570  0.98881570183810374  1.00000000000000000
 -0.00317757829342647  0.01104123314039398  0.02273462910754432  0.03371500176791240
  0.04409583639484412  0.05413824487060961  0.06426424756964652  0.07462583485724637
  0.08483970106164199  0.09495209338045496  0.10445560358044892  0.11361876888589316
  0.12339912498633905  0.13305644101480354  0.14222255487170110  0.15117334608503005
  0.15957353903325872  0.16835571930492083  0.17764549102852442  0.18707355571028755
  0.19680489958277603  0.20691832507781957  0.21742947725488146  0.22765563957286039
  0.23692478367618261  0.24609113968044208  0.25618561774369303  0.26699185018657934
  0.27750281986559944  0.28752822915134563  0.29693394182370159  0.30630856180583776
  0.31614512863977073  0.32595417533697513  0.33549631163104549  0.34501676605290776
  0.35509948100601246  0.36540311899279637  0.37533374928362834  0.38500282701592353
  0.39515406570456252  0.40586548646330489  0.41657606104384709  0.42954975602601486
  0.44270415737738111  0.45585331729939427  0.46892911162358664  0.48076311535683447
  0.49193592118802781  0.50288243367249064  0.51348401691290646  0.52357703550853818
  0.53320946230011479  0.54352240849687428  0.55468651659903856  0.56599210500297947
  0.57698868499565803  0.58816153442560881  0.59969307650302095  0.61089768430676872
  0.62199480967403153  0.63340376042170221  0.64504299862987202  0.65642676572819458
  0.66742556908711881  0.67824754944519605  0.68816658357465688  0.69678994551231432
  0.70500808442217955  0.71355051256829272  0.72209359548661356  0.73065460294491158
  0.73922359450416142  0.74731301772689473  0.75818725900342876  0.76949826834254464
  0.78136108353619360  0.79268184872765768  0.80428733019862597  0.81586408240441222
  0.82687279087452115  0.83755841908681128  0.84800176799020555  0.85818010649101195
  0.86861212483760286  0.87974143169900332  0.89160792583493920  0.90409877259066940
  0.91677055478836689  0.92920450009661437  0.94160359720137843  0.95374512862533334
  0.96537230571311072  0.97668699476693543  0.98797976402997389  1.00000000000000000
 -0.00296916874784451  0.01122322736301512  0.02243010921518209  0.03245742590966803
  0.04188765142692663  0.05127599833956129  0.06064404064282788  0.07062177586698692
  0.08074291028950673  0.09215016923154640  0.10398779888262295  0.11498962709090137
  0.12579169088571016  0.13655776741188433  0.14663283169388666  0.15615058783546182
  0.16539048732229369  0.17555928181392608  0.18642769828758640  0.19790850418626388
  0.20942976675124869  0.22052198552120464  0.23177035181429237  0.24234375058045324
  0.25294998235440996  0.26379759690557142  0.27388492690732569  0.28256239817811935
  0.29150625808732500  0.29970106878312092  0.30757688259483534  0.31554803733169590
  0.32373121547970152  0.33165127740580919  0.34084889874389801  0.35047025088919187
  0.36324799118236284  0.37763028812865962  0.39063372791901169  0.40220465529975069
  0.41267119225169901  0.42296333010861020  0.43332314143101613  0.44387617330370321
  0.45427722853844454  0.46436531986031249  0.47389870943773171  0.48332220123909581
  0.49302250777891266  0.50330951103846944  0.51360004035131712  0.52374236263276597
  0.53537163307000701  0.54594545093502966  0.55611059215084269  0.56668496999398965
  0.57741477826399168  0.58824420209332218  0.59850048727986349  0.60859841119889979
  0.61796982091090813  0.62786575845546100  0.63803096520325608  0.64839681355315626
  0.65815942623768919  0.66788931742981839  0.67828870033772348  0.68883069110135697
  0.69915746030445725  0.70879915022864992  0.71840910756156706  0.72814759178805399
  0.73838206066220868  0.74858816704382547  0.75843063181624137  0.76852075858301838
  0.78029356425407270  0.79265968252802943  0.80507566980282774  0.81745998106414763
  0.82988258422471251  0.84253825798976989  0.85498039084728750  0.86697090466401394
  0.87868936160360489  0.89041761508495332  0.90181041493253256  0.91285090887176112
  0.92391629458095514  0.93503002922803180  0.94583640741524622  0.95652735006665279
  0.96652234509997437  0.97676205868850741  0.98804533611660428  1.00000000000000000
 -0.00227963313263921  0.00827242358058985  0.01762682394951974  0.02761233648480317
  0.03829738688508533  0.04870068143421986  0.05845326502167177  0.06898247400306895
  0.08046068903202577  0.09034631537500067  0.10010295712063244  0.10964913194877618
  0.11904688832680534  0.12897048848458487  0.13894756921144263  0.14862669025068762
  0.15840868848223011  0.16818966578665026  0.17788297671414352  0.18801292522480334
  0.19801134349984445  0.20803800970857639  0.21847061598145417  0.22940144848787880
  0.23909102377809324  0.24938693901982006  0.25950158105702675  0.26937594143769217
  0.27893698217597684  0.28817791015455602  0.29867540822526223  0.31060985423990639
  0.32196379642918982  0.33367352840340792  0.34464676643987480  0.35573137057671611
  0.36656551753337741  0.37713542905338515  0.38789933381073294  0.39895799761191997
  0.41021191739178886  0.42120052358600230  0.43206328971703190  0.44226732177351935
  0.45171192137399391  0.46147032385207787  0.47164098613951855  0.48167212626891998
  0.49155111478657920  0.50162696561223874  0.51187000479314948  0.52196630861604076
  0.53132505389942075  0.54048448422362694  0.54913230451594053  0.55753686055505247
  0.56654387221677471  0.57620861590656702  0.58667342891276941  0.59746300858082957
  0.60966276675682407  0.62262545805759850  0.63543036740864656  0.64833563521192616
  0.66132006204574689  0.67412429537379015  0.68691933406572780  0.70018031457376839
  0.71417067184611160  0.72867253578181468  0.74144076318388574  0.75360109753917037
  0.76464047953172043  0.77472381164446802  0.78461195438677755  0.79458803648868392
  0.80474159909742071  0.81518849514766445  0.82609666390774250  0.83756140372019638
  0.84909917988530570  0.86069853417340059  0.87220278334205281  0.88292106335163067
  0.89294030240682298  0.90256250144380590  0.91180139188216536  0.92137875224959742
  0.93044649911905652  0.94018977851492136  0.95073127610632102  0.96130751177991458
  0.97153466466296012  0.98114172839694791  0.99035397428601690  1.00000000000000000
 -0.00293091343035147  0.01145724195956022  0.02253360538053330  0.03305829963149381
  0.04309806096881135  0.05336352432854979  0.06323582992953664  0.07221458849737808
  0.08044407324800260  0.08879666013513748  0.09728155110042218  0.10594050400136978
  0.11502362185160334  0.12470661042922387  0.13505867588539297  0.14550931689931704
  0.15654481040878357  0.16812790114896969  0.18027820723319304  0.19118263602359967
  0.20007260371872998  0.20937614782312916  0.21923255259774627  0.22902830458543538
  0.23814611730001856  0.24692778190115858  0.25683691676231324  0.26786396346226171
  0.27792671254283757  0.28813574039207784  0.29857902335889203  0.30943122966287667
  0.32000506929018879  0.33057866351281556  0.34091442857869642  0.35304794693832470
  0.36541541800395644  0.37892595215210750  0.39215394550332877  0.40455584132617789
  0.41653271715004031  0.42780646345531542  0.43836708212364622  0.44863624979579175
  0.45918084124740810  0.47012610874675903  0.48167624913487778  0.49383000274984340
  0.50601818632585616  0.51769648958162440  0.52849314429316729  0.53839357300818569
  0.54810763660208850  0.55748754321072769  0.56688311240973965  0.57616261517004896
  0.58590272663214138  0.59599128795064904  0.60617558330456656  0.61712525287250164
  0.62814071388191139  0.63916255834429259  0.65018093462165505  0.66106502062801420
  0.67198894136925968  0.68295890977786333  0.69402240772840151  0.70521481185930501
  0.71600128427297527  0.72593129470053963  0.73571368562827022  0.74555434979820912
  0.75589396738813719  0.76699463471309148  0.77905119769902464  0.79255238286064877
  0.80528602234053726  0.81806200095821768  0.83021735293408927  0.84191267850628093
  0.85305903751144185  0.86433400656188064  0.87513268520297460  0.88523041299497152
  0.89503823880684785  0.90485573251146778  0.91440996082243642  0.92313140707575836
  0.93160820015933954  0.94052884061320119  0.95009681422756387  0.95907181362234584
  0.96838970416990455  0.97699242977238976  0.98791770421961622  1.00000000000000000
   8.1000115016286993E-014  -1.0000000000000000     
 F F F F F F F F F F F F F F F F F F F F F F F F F F F F F F F F F F F F F F F F F F F F F F F F F F F F F F F F F F F F F F F F F F F F F F F F F F F F F F F F F F F F F F F F F F F F F F F F F F F F F F F F F F F F F F F F F F F F F F F F F F F F F F F F
  <DiscreteSampler_grid>
  grouped_processes
  1 # 1 for a reference and 2 for a running grid.
  10 # Attribute 'min_bin_probing_points' of the grid.
  1 # Attribute 'grid_mode' of the grid. 1=='default',2=='initialization'
  0.0000000000000000 # Attribute 'small_contrib_threshold' of the grid.
  0.5000000000000000 # Attribute 'damping_power' of the grid.
 # binID   n_entries weight   weight_sqr   abs_weight
    25   10   5.704197301487126E-008   8.596250264782145E-015   5.704197301487126E-008
    28   10   4.343248293839651E-008   3.326580403261740E-015   4.343248293839651E-008
  </DiscreteSampler_grid>
