 -0.00001247554117603  0.00017077903188976  0.00050888291334141  0.00097603977869979
  0.00153069679119236  0.00208808906941055  0.00270661149325480  0.00340465389369285
  0.00409918216620002  0.00474981132324435  0.00538732369804680  0.00605432393771410
  0.00670766164011161  0.00735519386607032  0.00799496719722025  0.00866589560243780
  0.00935252241255257  0.01003925091306982  0.01072799092073004  0.01144621057443866
  0.01230420788618509  0.01357173810181462  0.01608508692107469  0.01927742791787820
  0.02158116576362665  0.02346058313530344  0.02522664783173068  0.02697204129431842
  0.02869595550231900  0.03035154177741128  0.03197996449239050  0.03371551998163064
  0.03549290345143811  0.03711678999089655  0.03873953257348665  0.04029437489192990
  0.04196058096543298  0.04370294352003543  0.04551593791927309  0.04721973703545011
  0.04888246417546104  0.05050670634374739  0.05225253542858553  0.05411369866347587
  0.05598854813654398  0.05792023025565471  0.05981654655413306  0.06173011042065300
  0.06366542634620784  0.06559991070928409  0.06755198024682516  0.06963118965016898
  0.07188451352014004  0.07414799025932409  0.07644170040861933  0.07884076921917887
  0.08142025501242217  0.08383035503616090  0.08611432984496591  0.08826756070120602
  0.09044736766569746  0.09272273171173158  0.09502077474217106  0.09731468061234684
  0.09958080315575198  0.10182487983170606  0.10416792904882290  0.10664499765724587
  0.10927284343276808  0.11199536273993078  0.11476643980984853  0.11775316152213637
  0.12097521185707431  0.12439839505130974  0.12795680509678212  0.13152136262820449
  0.13504847898838629  0.13882629406996402  0.14257434505272137  0.14629320135454182
  0.14998821618938135  0.15407956316328045  0.15858605611573467  0.16350960043984875
  0.16892654314800221  0.17481463981757181  0.18116361786147683  0.18822783388938413
  0.19636910297008633  0.20731773170077492  0.22227858324949026  0.24121434447431478
  0.26712422569513539  0.30969073604317654  0.40401995747590697  1.00000000000000000
  0.00857164884493271  0.01918735805186962  0.03082037807932628  0.04222398918928023
  0.05340870347315281  0.06472604183577657  0.07518442553739947  0.08508044979592219
  0.09566856450849388  0.10580700334950369  0.11561310594771770  0.12590893653538357
  0.13545472854986879  0.14499404898802840  0.15466119999650779  0.16500162301400695
  0.17502495133801682  0.18482469981659841  0.19473002277796822  0.20525316127736518
  0.21591994620536323  0.22691867922390008  0.23786144407373033  0.24889358397529143
  0.25970473148627615  0.27046617733705858  0.28167667425751541  0.29323654853732389
  0.30472996463648772  0.31578382081452810  0.32641797359135821  0.33672062768259031
  0.34741860797933410  0.35854086825033177  0.37041060390931646  0.38104844932506343
  0.39055724901718608  0.39940090903059505  0.40885005684145942  0.41900140266299951
  0.42888589990806508  0.43931926505791113  0.44939388964084892  0.46008343467716056
  0.46882060219349653  0.47822626137579705  0.48761284656948406  0.49822138876509175
  0.50831433859145569  0.51918453552710808  0.53012614381486567  0.54082747664696162
  0.55162775177605405  0.56267438213646237  0.57390160630424625  0.58466546776435968
  0.59494380087202159  0.60535854387809718  0.61587562116997552  0.62599710185890445
  0.63564810462943822  0.64549597562118188  0.65545987405250739  0.66497304658506806
  0.67380159456139077  0.68263188361910188  0.69193933816890107  0.70240799843841351
  0.71341006264670770  0.72423782409951920  0.73451564771318822  0.74498036950247304
  0.75592521092860099  0.76734625254065481  0.77882481020911609  0.79036810292043025
  0.80263116501905496  0.81463381507248123  0.82634911150465662  0.83703322436128813
  0.84705152757305702  0.85671629230810120  0.86673752650630853  0.87712907917469640
  0.88819342632249676  0.89956468274221379  0.91139971521011820  0.92242877077845964
  0.93276133493224855  0.94299378090798425  0.95300526092636406  0.96304850866136404
  0.97281336271417429  0.98198969901398336  0.99141987832328871  1.00000000000000000
 -0.00001846064118658  0.00010564735096512  0.00021805475823395  0.00035257321190448
  0.00048113913084922  0.00061371317475924  0.00076146475090146  0.00092426938918070
  0.00110680859394977  0.00130463090893148  0.00148615695583212  0.00166717627933397
  0.00186255754605012  0.00206380463709029  0.00226119654634164  0.00248774665046905
  0.00270533772367415  0.00290174958370492  0.00309464952902445  0.00331679591023963
  0.00355494185416199  0.00377953143125118  0.00400127634166997  0.00422848423054766
  0.00446835473305088  0.00470482083846948  0.00494683186896634  0.00519984301772657
  0.00544808275140798  0.00569432926154666  0.00593482802047879  0.00618306638643576
  0.00643704362041113  0.00670154665577164  0.00696206371892096  0.00722589784733799
  0.00749091617057985  0.00777211888479792  0.00807503593596807  0.00837296487517484
  0.00865456269280120  0.00892057603529446  0.00920039263663467  0.00948073278051697
  0.00975596096607006  0.01002442897304695  0.01029208683160437  0.01056458707467111
  0.01083651534345903  0.01111351444054850  0.01139563569714750  0.01166827194141196
  0.01193818147832263  0.01221797006319945  0.01251142771723515  0.01282189578542586
  0.01313266209462689  0.01343840443835771  0.01375301813994427  0.01406353821562630
  0.01436838002265452  0.01467836812054535  0.01499996903304895  0.01532676690502788
  0.01565947267188337  0.01598835245021751  0.01630362114509348  0.01661713342645901
  0.01693454556241171  0.01726378124704545  0.01759976038234626  0.01794526347418005
  0.01828757222627764  0.01862899393778061  0.01894774156587013  0.01929645970476060
  0.01965347037232229  0.02000890844215292  0.02036868044757907  0.02074538948466708
  0.02112413423058054  0.02149289339638419  0.02185953219522417  0.02222419676280041
  0.02257272886908087  0.02290562196346192  0.02324121860283013  0.02357941411249594
  0.02393741762681883  0.02430295603656376  0.02468233603860008  0.02505773549018737
  0.02540656959525775  0.02569842685248266  0.02594807198224329  1.00000000000000000
 -0.00281428608065081  0.01077150720408638  0.02309146037499690  0.03523398944867681
  0.04727946536392591  0.05877422495851321  0.07059546160644542  0.08237248233142087
  0.09335384172683522  0.10455828989311634  0.11616149857582470  0.12744462252504865
  0.13847537072601698  0.14920882753150019  0.15981271820439336  0.17035007699955729
  0.18120778261933143  0.19261468773171242  0.20447673216482859  0.21751696722957095
  0.23001976722966752  0.24162070217638931  0.25258207078518408  0.26359477032562623
  0.27409892814088171  0.28369390490058860  0.29300950589872876  0.30285692559626759
  0.31356683843643823  0.32534894782192070  0.33749187960851890  0.34935260338277829
  0.36028186554318725  0.37047415115673332  0.38090286813047392  0.39168446101357268
  0.40229584942666130  0.41271535690765770  0.42329549424888624  0.43384729043855724
  0.44416840555433995  0.45443820117187239  0.46511600857577778  0.47615080128397763
  0.48722314823717933  0.49814997482820317  0.50920896193269838  0.52024009618253197
  0.53087988102658401  0.54144679349386193  0.55228977418259062  0.56305959545920847
  0.57323380084966957  0.58309790565970609  0.59333226839459874  0.60385611715136622
  0.61427313106446568  0.62446505274047703  0.63429644011381570  0.64448971827786938
  0.65454976915312479  0.66419053035136699  0.67331168075615055  0.68249598472642226
  0.69215424602927689  0.70214200244400948  0.71269796550794329  0.72332181603190415
  0.73367824263077852  0.74339775084436555  0.75320171475219888  0.76348980342196615
  0.77409160585469117  0.78454676583170790  0.79467682684330410  0.80448967238221158
  0.81389410242984861  0.82292171435418282  0.83185357050449549  0.84128021195878011
  0.85171565089418466  0.86245820966861886  0.87306883217420328  0.88329771991320716
  0.89380366961277991  0.90452617449014527  0.91404304145752069  0.92364644256041672
  0.93275353080663648  0.94188780799276639  0.95071876991072501  0.96054044992297127
  0.97031529952533624  0.98005317792507285  0.98958127807835972  1.00000000000000000
 -0.00273868011719686  0.01004282848173305  0.02095339176899505  0.03121939602250753
  0.04165579214542510  0.05262127106468580  0.06378480649211214  0.07426421693917773
  0.08436733445081296  0.09508712873522671  0.10622113041212183  0.11678632524463975
  0.12711973151582515  0.13796735862282389  0.14928927433433711  0.16033191595619822
  0.17071230791278852  0.18086472087427707  0.19104011105076513  0.20137071654783884
  0.21119578062587502  0.22073959465091428  0.23066729622617715  0.24073424695616885
  0.25088222502978835  0.26042800180796905  0.27009450327535284  0.27995403961738763
  0.29025137743400281  0.30022689092005012  0.31023593798852739  0.31996140192250960
  0.32973970047669598  0.33985989420094753  0.35019740187611115  0.35992705957296495
  0.36925664086424737  0.37825692564942187  0.38755643102795589  0.39712127939573338
  0.40748886054706690  0.41814329703600750  0.43015267889714748  0.44242795128125179
  0.45436870890944159  0.46618314567679464  0.47734200355286099  0.48766116578892993
  0.49848610664725368  0.50977914392447676  0.52119697298534440  0.53220656306710545
  0.54262865017310824  0.55283697468986115  0.56314143979404563  0.57375573773086441
  0.58488777295278715  0.59606283128613491  0.60706379063045757  0.61786026576989994
  0.62869081225233259  0.63994034219841822  0.65168018461383981  0.66326700406082517
  0.67413971507664605  0.68476933322407052  0.69552281301708963  0.70628630698508910
  0.71666171904013853  0.72643300552641676  0.73578391124577414  0.74478419419127118
  0.75392476485760485  0.76378478965330177  0.77395755586691517  0.78435000664139398
  0.79519857528352977  0.80603729418467251  0.81644496517103748  0.82639517936611717
  0.83685895499842600  0.84754666771711862  0.85764140766953423  0.86729764987417479
  0.87749149410134220  0.88885719278573427  0.90077775197841903  0.91248650981142654
  0.92378887185896374  0.93527927607401973  0.94689277768400337  0.95862831849507013
  0.96948103014433185  0.98005265752009474  0.99017271235678017  1.00000000000000000
 -0.00228368613751852  0.00810188429851893  0.01825754766001269  0.02928328685292769
  0.04107252506161457  0.05313382469679283  0.06453660844454528  0.07563755470644046
  0.08680611135618836  0.09795508109643111  0.10873240276276810  0.11885959705296062
  0.12915408007217277  0.14020678250507412  0.15058516996667562  0.16011389318891212
  0.16925743853480349  0.17896222606881829  0.18969615979237930  0.20005108752329068
  0.21006729975741709  0.22007752643168657  0.23050991164929938  0.24094655681124427
  0.25193074918722930  0.26269160399538988  0.27413333465733403  0.28593474808123415
  0.29796775105141593  0.31020991494429639  0.32116596628347943  0.33124691921996691
  0.34129425999471069  0.35164485859441280  0.36301778739026169  0.37405440574115939
  0.38322843045229149  0.39323117880066100  0.40330966509169353  0.41382360901195675
  0.42416852018304763  0.43409198443515135  0.44414252026165729  0.45467558835949351
  0.46552647787173745  0.47608259394395147  0.48560416516250982  0.49485703174319767
  0.50472126408656770  0.51507801710885492  0.52516387388309038  0.53494152883303880
  0.54475107570577364  0.55451793189069065  0.56396302869796600  0.57345327143847846
  0.58344182635803887  0.59389509910693727  0.60451953908625145  0.61523390555190227
  0.62597322240227748  0.63706359816324842  0.64813493102671327  0.65913783134899073
  0.66906728315419817  0.67852072379841111  0.68763838562797341  0.69738679809760140
  0.70828975648861814  0.71881842736468882  0.72963910682347755  0.74035823789521105
  0.75080543480081763  0.76058610668326987  0.77079355641005454  0.78224988016018093
  0.79405565884365792  0.80618721342406108  0.81832708916867414  0.83069112018750590
  0.84319612627319085  0.85495743597485718  0.86598989679903093  0.87682736349677626
  0.88696313826641604  0.89567564804264133  0.90471453327606854  0.91476635380640114
  0.92582401066487519  0.93686576571199531  0.94799699085573585  0.95874582156062471
  0.96873283173974178  0.97884152511694444  0.98907256255601261  1.00000000000000000
 -0.00246095963668478  0.00998381830185681  0.02039828831524171  0.02999903119702310
  0.03988448998861733  0.05075483362822651  0.06224639311232163  0.07349897874761288
  0.08461250154674801  0.09513297517273858  0.10574810545754713  0.11612635983276243
  0.12727346238594089  0.13954235034137827  0.15095747207777707  0.16209175124243563
  0.17272024532763072  0.18254596932683248  0.19225243819176685  0.20135675646175516
  0.21146113081155368  0.22218457206631051  0.23270657337979672  0.24355878521398164
  0.25385883728952213  0.26449183360744977  0.27455657623783336  0.28437893578198958
  0.29433553723090905  0.30469504311908752  0.31571503740411627  0.32664063212884986
  0.33674100580953653  0.34600992492508142  0.35490344239496135  0.36424090504995804
  0.37431527823434751  0.38460176359308706  0.39550947382415269  0.40715779599033841
  0.41837249589871506  0.42790969425149195  0.43647001008280362  0.44535972163720949
  0.45524322287637592  0.46612649437095832  0.47784396644549187  0.49009449244466041
  0.50221339245532215  0.51396855874611758  0.52527142667714455  0.53573366754120877
  0.54621224525462353  0.55566417970102966  0.56516495879030038  0.57454635871160087
  0.58492255407408511  0.59472501881372863  0.60422098466806606  0.61388087355394916
  0.62418235531665589  0.63402649835636282  0.64406974386570270  0.65429040663332882
  0.66493466746219188  0.67439237633443450  0.68426335309194664  0.69480731486695146
  0.70555840092648703  0.71586119234345857  0.72540812141495870  0.73532783302752946
  0.74610757950460349  0.75762578516068302  0.76935214058183743  0.78044737913499651
  0.79131318023656483  0.80136975695050261  0.81176744919510335  0.82253312249525312
  0.83368136317671260  0.84478019525329606  0.85576350466865414  0.86621585403806511
  0.87675112123467580  0.88815257127084946  0.90076562419301831  0.91348704987903473
  0.92506334867214624  0.93605851744640223  0.94662668187166443  0.95697933216350051
  0.96761116697076965  0.97819531602445375  0.98902732020889184  1.00000000000000000
 -0.00224310129495399  0.00914846616878280  0.01949107155890829  0.02907342122225940
  0.03856994597187828  0.04773126061780913  0.05695085596972620  0.06581000821726686
  0.07539584089730408  0.08592074019450366  0.09524777085534791  0.10570748583812443
  0.11623044432734947  0.12686729109922582  0.13708061899842555  0.14817933394043634
  0.16025080203183112  0.17205961231976347  0.18337578489495465  0.19404945853259725
  0.20406391342132107  0.21356228563086732  0.22278176190007890  0.23226521482972090
  0.24160427135239357  0.25065754215582009  0.25973884330680941  0.26898094517030252
  0.27868639748640661  0.28929230257396621  0.29976664013584897  0.30996390006787983
  0.32016945031600946  0.33048943520134827  0.34118699569150057  0.35171474448810919
  0.36148737781070894  0.37150078092171529  0.38270089424024512  0.39449926658594792
  0.40586979538382134  0.41630469417090193  0.42670920884705188  0.43772888638107749
  0.44874017135659511  0.45997435683383148  0.47051207330368966  0.48111335916253634
  0.49137995593060596  0.50178288350828015  0.51226458639272798  0.52339371650549327
  0.53445286764181987  0.54561191512860141  0.55626962312474426  0.56639751205050037
  0.57620767410111950  0.58620492782528233  0.59655141733499806  0.60715655300233862
  0.61803913384146203  0.62886223009231523  0.63997963132316016  0.65102209247415921
  0.66206055266942165  0.67289069892870945  0.68386498277485963  0.69496710016263397
  0.70603857929726921  0.71662219978633235  0.72682082313966478  0.73704740643763045
  0.74792350270100061  0.75908046524562267  0.77003237975600092  0.78087185767353373
  0.79174469568904016  0.80318442427156966  0.81476093873634658  0.82645078114007742
  0.83762335521698184  0.84844195265276534  0.85946722061075309  0.87062068494816702
  0.88124161060436790  0.89111223491385216  0.90036628447634304  0.90997856134257304
  0.92005748077010940  0.93047805131791272  0.94076920948440190  0.95160050645922267
  0.96292023004517369  0.97517564691783687  0.98710745836044433  1.00000000000000000
   3.0408697618853159E-019  -1.0000000000000000     
 F F F F F F F F F F F F F F F F F F F F F F F F F F F F F F F F F F F F F F F F F F F F F F F F F F F F F F F F F F F F F F F F F F F F F F F F F F F F F F F F F F F F F F F F F F F F F F F F F F F F F F F F F F F F F F F F F F F F F F F F F F F F F F F F
  <DiscreteSampler_grid>
  grouped_processes
  1 # 1 for a reference and 2 for a running grid.
  10 # Attribute 'min_bin_probing_points' of the grid.
  1 # Attribute 'grid_mode' of the grid. 1=='default',2=='initialization'
  0.0000000000000000 # Attribute 'small_contrib_threshold' of the grid.
  0.5000000000000000 # Attribute 'damping_power' of the grid.
 # binID   n_entries weight   weight_sqr   abs_weight
    19   10   8.034737879681725E-013   2.633108766775246E-024   8.034737879681725E-013
    22   10   4.087078776208088E-012   1.052848021290381E-022   4.087078776208088E-012
  </DiscreteSampler_grid>
