 -0.00001505697951217  0.00020541248133505  0.00059195506770116  0.00106965084443761
  0.00163868714894896  0.00226274289167955  0.00289991120732126  0.00351414551036217
  0.00413942110539870  0.00484505436867613  0.00557601393667805  0.00627911073353639
  0.00696688818087103  0.00765262951590316  0.00834015410078936  0.00900253196230798
  0.00965928386153288  0.01030139545327412  0.01099800587702622  0.01181407799948362
  0.01291217880864131  0.01488586868296197  0.01815793838910609  0.02066729111439845
  0.02254411120954933  0.02429861741918734  0.02605198218907288  0.02786028122874927
  0.02970234209487384  0.03153426250792603  0.03338419128261690  0.03521927900554975
  0.03707092234475515  0.03884538944313369  0.04058074471594428  0.04229512587906202
  0.04401328907206946  0.04571408328145345  0.04737121489045415  0.04898659860436161
  0.05059568900074889  0.05219682421291758  0.05378157413693298  0.05540362167258813
  0.05711240005347368  0.05887110549029388  0.06072005066331617  0.06263011811850219
  0.06446464259986655  0.06622917473431129  0.06799709033548666  0.06982588291390028
  0.07171958998477357  0.07368001927118556  0.07573246047859117  0.07773126676650702
  0.07966926560370685  0.08161572052117516  0.08353489692384235  0.08550456942516751
  0.08754638431123413  0.08960712729298451  0.09183993018181655  0.09423273425913603
  0.09673919179824621  0.09938708496741690  0.10211785137310407  0.10485306163590458
  0.10760148937319054  0.11038193445719213  0.11319519049013770  0.11603151243305021
  0.11896302631177240  0.12210973433440639  0.12530877644074212  0.12855009784062280
  0.13201642641858058  0.13550554187868435  0.13901987733971646  0.14274899566535784
  0.14667079937306424  0.15078941723126818  0.15531122105704515  0.16037887365951667
  0.16582550467343024  0.17182979094843392  0.17848772238808228  0.18598881067502340
  0.19474071706782706  0.20553008904977921  0.21972977251025788  0.23837403495943124
  0.26490666616025427  0.30776874901043205  0.40416900634588393  1.00000000000000000
  0.00921835195035771  0.01677964073062569  0.02693429875203059  0.03755960241460586
  0.04740861277910705  0.05701014169172042  0.06662786364593240  0.07666674361826571
  0.08702526051619525  0.09661587545438698  0.10571075184889575  0.11515228321990641
  0.12572207766021218  0.13692415776051611  0.14804628765177819  0.15909219695070059
  0.17020855138236490  0.18155631672508332  0.19343370124027848  0.20494511786659814
  0.21623977950263168  0.22722448011667659  0.23842356975729873  0.24968460683641458
  0.26096618619392831  0.27172047721674930  0.28185517611695732  0.29180033025889229
  0.30139301679328673  0.31045548941670276  0.31948812457630699  0.32905941313586662
  0.33930700966616656  0.35003854716679411  0.36113680297868034  0.37219641465262188
  0.38294567928934820  0.39325719131453346  0.40291330803221703  0.41256263058212939
  0.42252071844090089  0.43235222404630513  0.44177454727663018  0.45093092829668135
  0.46072878216903573  0.47138514163087197  0.48225820395027469  0.49301728398619876
  0.50414127409934750  0.51583799857268209  0.52764115981181092  0.53946673107778953
  0.55120802152039328  0.56266680803254032  0.57397227956156016  0.58489348665252694
  0.59577990819055626  0.60694693876116723  0.61805601676436039  0.62878048307275991
  0.63939414434478004  0.64999398511072859  0.66080116877692097  0.67144921463065166
  0.68166980121111564  0.69183430122116341  0.70252829338124989  0.71413628599829382
  0.72604653780109629  0.73706531727598501  0.74696823669442125  0.75661526265609691
  0.76622606966424212  0.77583895495162192  0.78561057642967735  0.79588814309509071
  0.80622200477291961  0.81635366640149587  0.82657056049841371  0.83753757391896755
  0.84914903146630083  0.85999854680170940  0.86961267716492541  0.87856396601675157
  0.88718370904178334  0.89579340153483045  0.90450743045019499  0.91362009649745768
  0.92315730351620728  0.93224396900077122  0.94149960901922058  0.95136669877711688
  0.96126751147675715  0.97135308239513996  0.98152889920291786  1.00000000000000000
 -0.00001785615969126  0.00010265480135567  0.00020884829707608  0.00034994972961513
  0.00050013748185849  0.00066886995245493  0.00083275981498710  0.00098660561930548
  0.00114650476749766  0.00133712915267946  0.00155035077910505  0.00176066966972488
  0.00196397385357134  0.00216284045998237  0.00236609697724251  0.00257405722331861
  0.00277863896804971  0.00299196951166394  0.00320997336485892  0.00342334551907466
  0.00364065738673398  0.00386350347462919  0.00409550073218035  0.00432844650197403
  0.00454908464205754  0.00476196555318723  0.00497899016273644  0.00520547325985882
  0.00543896032800535  0.00567128448400700  0.00590548378818439  0.00614269870903829
  0.00638597621334079  0.00664012758958446  0.00690220198319991  0.00717374721162565
  0.00745396101414119  0.00774310703922287  0.00803844444652871  0.00832987715320345
  0.00861437368447576  0.00889312007804682  0.00917680761414971  0.00947116424629039
  0.00977274830873304  0.01007545101630808  0.01037080446395404  0.01066981329109409
  0.01096887365364852  0.01124476052531578  0.01151093172015761  0.01179079266174417
  0.01207737011474425  0.01236535674615951  0.01265117517674053  0.01294051054918449
  0.01323196931207733  0.01352025416130577  0.01379450258790254  0.01406617779993364
  0.01433936356907003  0.01462864293981998  0.01493271762476655  0.01523764683440675
  0.01553696588569263  0.01583867215362961  0.01614626088597798  0.01645472411641136
  0.01676135604964898  0.01706569951535021  0.01737340505709102  0.01769329689030509
  0.01802032725133031  0.01834412929275512  0.01866722213391879  0.01900600935620810
  0.01933126883235410  0.01967836879192051  0.02003277027499421  0.02038421704233417
  0.02074080861609862  0.02109757319476923  0.02146326840136058  0.02183610350913535
  0.02220673999542703  0.02255792197991358  0.02290259288730680  0.02325662650890884
  0.02362152274492454  0.02399486657839952  0.02438089220444371  0.02478541231142652
  0.02520843570979732  0.02563423258385260  0.02596140098219069  1.00000000000000000
 -0.00304656187029759  0.01156309924277901  0.02443496659849831  0.03813999694653143
  0.05195759279115839  0.06567009013548954  0.07892398901328829  0.09136581041460315
  0.10340752205243389  0.11493962730109884  0.12648327692815656  0.13825196320477134
  0.15032418237676570  0.16255393025206813  0.17452401756611549  0.18629627835341783
  0.19846277453644368  0.21103367961211733  0.22314001282756793  0.23424106316845442
  0.24504356626280677  0.25625446591538303  0.26722515050635787  0.27728741911508048
  0.28691197001732033  0.29757663382104971  0.30915463409356014  0.32031706771184421
  0.33027254104352760  0.34046816477029790  0.35086857039794622  0.36121992252555590
  0.37093800869572613  0.38150306134548168  0.39267222563744497  0.40445551825128173
  0.41629524212983660  0.42744471855460586  0.43822738380605941  0.44814472018010815
  0.45823004276235907  0.46836266148904515  0.47856932143524200  0.48874414131454613
  0.49808693944405136  0.50783382694575008  0.51862845353304654  0.52945895232435192
  0.54058315173665461  0.55058290791240350  0.55996793387855537  0.56960306373139646
  0.57885346464638177  0.58989910364509734  0.60188525448510222  0.61371753200611123
  0.62484707209089208  0.63507579375611478  0.64523139153924081  0.65509913904566952
  0.66499680388172322  0.67533796361066134  0.68582424861347024  0.69587291511305016
  0.70567676629067644  0.71534358535559694  0.72470554775715468  0.73366750873782005
  0.74247857387840810  0.75219885872124759  0.76272487918259768  0.77367580645522460
  0.78448514107130074  0.79474469784342405  0.80452336800834734  0.81416493190145878
  0.82369005645974469  0.83295519045876554  0.84103824776654035  0.84923598475472650
  0.85816622014557042  0.86792017436003643  0.87658185906029651  0.88533330684672473
  0.89442787165267745  0.90375671606100161  0.91310122526395154  0.92246924554467846
  0.93179488700251345  0.94120660361867092  0.95090009262742170  0.96079740760995203
  0.97076860187011527  0.98046057236702977  0.99029004719712521  1.00000000000000000
 -0.00239517001108246  0.01006377287877199  0.01983392382906809  0.03003914225943357
  0.03985368409970534  0.04962899925251103  0.05987734313526569  0.07088147093209021
  0.08203018353213079  0.09281765756814468  0.10335771701554726  0.11407770649242993
  0.12521604628922919  0.13649777288631051  0.14782122176364143  0.15913279415199572
  0.17022211401699366  0.18067085223239188  0.19109898319168855  0.20145175457507233
  0.21245701294092448  0.22323634155632555  0.23371898091094195  0.24440046050568665
  0.25460893962788456  0.26484923796519078  0.27511166554994587  0.28562108471753933
  0.29605582740595054  0.30622556322684880  0.31589108362161411  0.32531832094415658
  0.33497402768408252  0.34596364947019270  0.35748011472880481  0.36907374291122969
  0.38072864030340281  0.39241793726135066  0.40445147112600566  0.41656310793690510
  0.42852592221351732  0.44035793625188974  0.45200375972550788  0.46303311170157574
  0.47383508027071303  0.48504321631117803  0.49663022882706725  0.50773109426431784
  0.51870981529106697  0.53021649072175281  0.54193053625618692  0.55331444242412242
  0.56428145028913446  0.57503549008702093  0.58591237973517474  0.59683823997822549
  0.60748945187575165  0.61767798683491526  0.62778843550745667  0.63818526672250020
  0.64892497150125861  0.65979961851340296  0.67071154912510289  0.68162224178558573
  0.69251213071561646  0.70351971754169085  0.71449952455998766  0.72529276247828234
  0.73526957374301427  0.74410364443641253  0.75316039702269943  0.76225517267774889
  0.77157954603690593  0.78045621160709688  0.78943882278452937  0.79975697367501219
  0.81122371955568828  0.82289685986264804  0.83431299111243429  0.84538101609818428
  0.85579831767185899  0.86552516147602609  0.87484107923254995  0.88398697436436913
  0.89302179849529262  0.90179862852583959  0.91038202981003891  0.91974588986398864
  0.93000223054083364  0.94060138539249372  0.95153083288378726  0.96182187932603935
  0.97147565694223326  0.98047185139311066  0.98992825112662441  1.00000000000000000
 -0.00265670858299116  0.00935257954204816  0.02051213127313902  0.03236088316011803
  0.04443523820821630  0.05618454887023971  0.06804434773125415  0.07954679309196326
  0.08951335569145158  0.09876769446444368  0.10837609545289557  0.11807675927677437
  0.12792151771206145  0.13801709513573290  0.14798180689178492  0.15911182890004957
  0.17050392694204344  0.18129408927948323  0.19134841828364263  0.20123215712691811
  0.21067332079224180  0.22015656294414793  0.22994243811310719  0.24118182814342060
  0.25436310372535614  0.26402259971653286  0.27468525134812410  0.28499783385597882
  0.29525242911262256  0.30527842036792080  0.31502275399276108  0.32437427548242742
  0.33429643456755526  0.34397653963774916  0.35340121384870227  0.36315926023533635
  0.37335108724713439  0.38377594938075893  0.39392952370763584  0.40348632887164515
  0.41270131537906540  0.42213124677163605  0.43199005232841142  0.44224385479758466
  0.45274164698873265  0.46322470215134387  0.47356110040477500  0.48390209421405767
  0.49457676111544807  0.50560199270015216  0.51697068529653500  0.52880961979547148
  0.54054180005161356  0.55157399099946791  0.56218779794375884  0.57287751292415234
  0.58351479535626150  0.59416221906235878  0.60489897493423417  0.61513454218798669
  0.62481065346030673  0.63430228150941170  0.64407732127480544  0.65429061916712039
  0.66486921719196090  0.67612639947367448  0.68798178340922567  0.69988905572455895
  0.71147274849980258  0.72255187790321374  0.73326517672045932  0.74373912235018036
  0.75374066341509893  0.76362199883574922  0.77351089271598283  0.78358294551026997
  0.79404880551498902  0.80461206930434359  0.81541728761831633  0.82589393176847836
  0.83641033972591894  0.84691061508063370  0.85799319007682640  0.86951607917388696
  0.88113427905727648  0.89232731519869435  0.90340427712909421  0.91442166387845591
  0.92507237337663673  0.93619241484312865  0.94626369050987347  0.95675418451854521
  0.96675775938096220  0.97833222773741935  0.98869850345317112  1.00000000000000000
 -0.00232688473572874  0.00914127113796601  0.01968010307863383  0.03014971915280075
  0.04055758222525328  0.05115745452884253  0.06153263379569665  0.07236735533161820
  0.08298294311870308  0.09409231651426507  0.10574478945289852  0.11769339776847910
  0.12856994544584294  0.13810507371803302  0.14741193975275615  0.15646448941627811
  0.16578639305959195  0.17524198534699392  0.18522078334257586  0.19576138143807459
  0.20684066798961440  0.21819545792615413  0.22923957426691716  0.23921466537447000
  0.24892708637162345  0.25817546202855657  0.26686445059857672  0.27588377563930105
  0.28508956251907669  0.29463591428533298  0.30534433232710650  0.31617074587974175
  0.32674449947710343  0.33750394702720965  0.34828103053036669  0.35860928672290776
  0.36813916213573478  0.37730394601003625  0.38659170010655663  0.39610641921381867
  0.40591824342575578  0.41578438224577369  0.42566325728099547  0.43559549610690568
  0.44577485277326484  0.45626095055451138  0.46636621054213295  0.47620338723248407
  0.48684385391243756  0.49797010984940310  0.50928588940284869  0.52019771851833341
  0.53090065414549503  0.54140522953226489  0.55224646764482010  0.56278208718086542
  0.57244689004186855  0.58190316825328781  0.59173485887908950  0.60206592692617844
  0.61217795622478310  0.62247191407000091  0.63365502709022947  0.64499596004917126
  0.65539498884309311  0.66525453542682456  0.67549180829262689  0.68585753751038847
  0.69687511291186721  0.70781381462671256  0.71916703933941528  0.73028748936959098
  0.74155287784083124  0.75292390666935061  0.76436312927573091  0.77572702037845742
  0.78680758744090129  0.79778928219248790  0.80899370622343525  0.82067251257594631
  0.83254894092776199  0.84433571675650188  0.85591610036289989  0.86744028768431836
  0.87890238192468184  0.88987446600145870  0.90040524158425250  0.91073181766419198
  0.92101164273092284  0.93144113806844286  0.94194696274807932  0.95263886965009437
  0.96349176226818600  0.97475613854710008  0.98693321099537212  1.00000000000000000
 -0.00260116560325129  0.00948918215885318  0.02014050814851584  0.03033041059498432
  0.04057438531261058  0.05060251766735249  0.06041143087423399  0.07052113352908192
  0.08126476472680115  0.09169252962691166  0.10254131156721838  0.11330210414420014
  0.12410722308834196  0.13530214841283295  0.14659514406440871  0.15759304745416766
  0.16853605111340381  0.17949369686927885  0.19058763698444919  0.20125533624624550
  0.21149080472707649  0.22178083233713436  0.23196173090483055  0.24240183405654389
  0.25248108888545268  0.26278254824892988  0.27432609878748226  0.28665451233221134
  0.29914649558855194  0.31081200990775509  0.32115934328722701  0.33166017973462386
  0.34212015604001639  0.35227116928601115  0.36177563301930132  0.37190024531670524
  0.38365299733419850  0.39593955466903569  0.40732387778115603  0.41791368613723567
  0.42796649395227343  0.43845235807713157  0.44970493520941746  0.46185921909274191
  0.47340870595173962  0.48355922137604529  0.49294932618792331  0.50197947251668895
  0.51216426548961513  0.52166676834782499  0.52972650215234385  0.53811726199376397
  0.54741128626648006  0.55712137221243963  0.56685333253589798  0.57686209406559219
  0.58777889242241022  0.59939493326910231  0.61067948169425101  0.62173454535578543
  0.63278313073751680  0.64350718288752240  0.65387762169638641  0.66401999846344872
  0.67423156231657810  0.68509251547524463  0.69597309698624077  0.70671100092911754
  0.71774774525187590  0.72851506123002463  0.73979788207146302  0.75086794429981130
  0.76132738333490280  0.77137432016304175  0.78078645864688956  0.79044010560289324
  0.80027014425841203  0.80989093582524929  0.81984302882361659  0.83012779693600736
  0.83980041623368729  0.84968846765657569  0.85991396569118927  0.87090803897041591
  0.88126794518149631  0.89122004358665607  0.90207518068655279  0.91300300392970846
  0.92429273367634879  0.93428386196542712  0.94463266707403593  0.95627981281335162
  0.96756181267421748  0.97878412339875998  0.98935857612689970  1.00000000000000000
   2.9374347819329230E-019  -1.0000000000000000     
 F F F F F F F F F F F F F F F F F F F F F F F F F F F F F F F F F F F F F F F F F F F F F F F F F F F F F F F F F F F F F F F F F F F F F F F F F F F F F F F F F F F F F F F F F F F F F F F F F F F F F F F F F F F F F F F F F F F F F F F F F F F F F F F F
  <DiscreteSampler_grid>
  grouped_processes
  1 # 1 for a reference and 2 for a running grid.
  10 # Attribute 'min_bin_probing_points' of the grid.
  1 # Attribute 'grid_mode' of the grid. 1=='default',2=='initialization'
  0.0000000000000000 # Attribute 'small_contrib_threshold' of the grid.
  0.5000000000000000 # Attribute 'damping_power' of the grid.
 # binID   n_entries weight   weight_sqr   abs_weight
    19   10   1.223691990347815E-012   6.164154261757018E-024   1.223691990347815E-012
    22   10   2.876871996116496E-012   3.182624325017127E-023   2.876871996116496E-012
  </DiscreteSampler_grid>
