 -0.00000000436620332  0.00000350496982514  0.00002532626017386  0.00007068288661564
  0.00013984595534784  0.00023394934529500  0.00034786882810317  0.00048537119520099
  0.00063366131941218  0.00079383067760092  0.00096572080911010  0.00114690397521068
  0.00134096634159604  0.00154508416783726  0.00176283325721998  0.00198518004583086
  0.00221732893552243  0.00245692623140176  0.00269872065007487  0.00295228944359380
  0.00321328512239733  0.00347263371655435  0.00375112613656761  0.00403908788044308
  0.00432112154872907  0.00459777013697975  0.00487299945429298  0.00518336931015575
  0.00548799994435515  0.00579587511126450  0.00610379169040277  0.00643712786893980
  0.00677241124853152  0.00710168175838130  0.00742480084430570  0.00774202149362176
  0.00805529148438798  0.00837320289797760  0.00872686409011268  0.00908009916334284
  0.00943205887670717  0.00977711184716252  0.01011799520694017  0.01046068614917837
  0.01080577196463821  0.01118229681817433  0.01156607948291323  0.01196514244984789
  0.01237418760477003  0.01277607095044804  0.01318468529983531  0.01359679319231798
  0.01400962098823762  0.01442243106251115  0.01485084279983835  0.01532202783145738
  0.01578786687551997  0.01625992332023465  0.01672566194243562  0.01718832772887333
  0.01765552815472832  0.01812653637204902  0.01860014838879730  0.01907085500776769
  0.01958605535425401  0.02012898544535390  0.02068753298730893  0.02126942080547783
  0.02185986290380321  0.02245245155987850  0.02305905853072071  0.02367922556789757
  0.02431205471033780  0.02495746318150463  0.02562018791909497  0.02633596662948592
  0.02712210209408002  0.02794746844205162  0.02879266382216694  0.02965666288152755
  0.03056614557016215  0.03150226059271492  0.03245312145582056  0.03339215691166535
  0.03458782541314138  0.03599839250157145  0.03748885802836683  0.03907847692628077
  0.04083496092162059  0.04276218308569170  0.04520249010677835  0.04872608740638416
  0.05368018182476197  0.06404965921843771  0.11638890434261756  1.00000000000000000
  0.00952451799534300  0.01591710959670197  0.02541145001938476  0.03619436563797900
  0.04679195879541635  0.05745749607212629  0.06763697039163769  0.07748369565330920
  0.08750419155717028  0.09753344684062729  0.10723370745586290  0.11654079082982416
  0.12583851823050907  0.13571035083512520  0.14608477972023462  0.15642576048379811
  0.16636222675058038  0.17604240101542185  0.18566535205783255  0.19531142459473166
  0.20486160208116558  0.21425315528059541  0.22349220493131552  0.23278110355595882
  0.24225222236405208  0.25198335885155643  0.26184126360938592  0.27169227839738641
  0.28237806236496038  0.29323330443279672  0.30406989953280689  0.31457817087918011
  0.32493753644054324  0.33498588853428574  0.34555437481386175  0.35625131763674783
  0.36720468209371238  0.37802487324143813  0.38789291820145966  0.39750714684741129
  0.40677029548005039  0.41663025806297949  0.42692147348429532  0.43760884547616469
  0.44840452289617649  0.45945174483815182  0.47055247242985410  0.48196628363976901
  0.49303169314676371  0.50457122836529145  0.51596116133649716  0.52709528995821187
  0.53767735566912367  0.54794895111768582  0.55810227571846671  0.56834263518100803
  0.57859229959247405  0.58858822488883189  0.59826425856239984  0.60812126640687791
  0.61823227529739422  0.62849337281941808  0.63901789848024637  0.65019843253086762
  0.66181727102857801  0.67268972004325478  0.68285883187578056  0.69315199944673078
  0.70393550652322057  0.71494960805302443  0.72567913850989907  0.73704839362796992
  0.74896787079910099  0.76040629967906392  0.77170661157929177  0.78295735806413691
  0.79442764043140612  0.80602754068151972  0.81746033846879895  0.82874563461025552
  0.84021939013066393  0.85173317613683130  0.86289041230487962  0.87381540223451026
  0.88435950258961182  0.89480859576304272  0.90548924701615752  0.91622976702663350
  0.92655886182326430  0.93672595108768120  0.94708034519427398  0.95765316968608394
  0.96810565629332723  0.97855347510033497  0.98913677767798480  1.00000000000000000
 -0.00002157179173307  0.00026472740058294  0.00074954064883536  0.00149551985691509
  0.00256136179249981  0.00385107134565153  0.00531829111835429  0.00708050758058578
  0.00910999788830484  0.01132085540079247  0.01383156232376000  0.01644384187359541
  0.01900720091388269  0.02190683267719195  0.02505247081627353  0.02830820728102140
  0.03168666302391773  0.03533239529193844  0.03916957717734692  0.04285154392316828
  0.04666568931609626  0.05083333587221188  0.05547450207617236  0.06012380479159594
  0.06473070953423966  0.06940161073076567  0.07420840103165498  0.07933121394215251
  0.08465329518171745  0.09004415715590808  0.09550958159013234  0.10143268227107571
  0.10743183878019069  0.11398383307766040  0.12048094949114641  0.12721936923951718
  0.13403782406085468  0.14093074710223213  0.14792891004096595  0.15485132113102903
  0.16217543576040794  0.16961556964647875  0.17717050035382953  0.18497311400609912
  0.19297755978373451  0.20129613822543993  0.21011865793326026  0.21877830194597522
  0.22810218386031289  0.23793038700995486  0.24796824703533527  0.25835499817997470
  0.26898219603473372  0.27948960809533585  0.29021239147911521  0.30102350962562613
  0.31201524819325316  0.32310179873562017  0.33417768636220041  0.34577619386543973
  0.35799184989650257  0.37006197153740006  0.38213555859304987  0.39432696692561431
  0.40704743001950278  0.42004818461811461  0.43308678748453261  0.44621005723747770
  0.45960908408107320  0.47289855778439821  0.48628802594266368  0.49981216461592570
  0.51328682985399898  0.52771939046565941  0.54286276462376770  0.55820077537770141
  0.57343674264975153  0.58824155912093767  0.60404467332633072  0.61990145763737370
  0.63600057193162651  0.65301337732420606  0.67105749327264408  0.68928037454841873
  0.70759131583749513  0.72592595546653449  0.74486014018534974  0.76428933578253000
  0.78359734436233919  0.80222014359958216  0.82216425124456149  0.84303894378837274
  0.86390716399357093  0.88278754840758633  0.89631349205915367  1.00000000000000000
 -0.00238725349769226  0.00944890095474894  0.01912576928351490  0.02945250883094817
  0.03977807306977939  0.05088770236252665  0.06298643147571222  0.07505226334088851
  0.08641156254392007  0.09662269165545766  0.10716828219373431  0.11818899601923608
  0.12948348666618675  0.14074909542655822  0.15192444883825262  0.16317944492053613
  0.17423898659256337  0.18528604371200252  0.19615320188433111  0.20681322527140408
  0.21721476833247019  0.22751510265640060  0.23760996453815225  0.24720378087313885
  0.25630647596946932  0.26557967761365681  0.27550623270502461  0.28592667002632471
  0.29625060055858549  0.30642175429261342  0.31618598893827110  0.32564782383906210
  0.33520980332915762  0.34460350176224175  0.35374956036031607  0.36311262766277458
  0.37239479372503326  0.38366948277208518  0.39502290116946637  0.40568297268262776
  0.41618878682323474  0.42647490365066243  0.43674249235568430  0.44739825917725151
  0.45847698744954957  0.46875362954997624  0.47838873960837064  0.48807674201983903
  0.49791094621000231  0.50763130385655664  0.51750941657592042  0.52803759126712235
  0.53849335953805444  0.54833464103890706  0.55796666609984191  0.56787837959801468
  0.57806814180303967  0.58822560402008339  0.59799424528936262  0.60789010014627942
  0.61802572128649835  0.62825811481056859  0.63852183351004677  0.64893428618588855
  0.65967579801132914  0.67106190625373829  0.68264694004293125  0.69410909327307069
  0.70526766068206637  0.71643557610373154  0.72778553250043587  0.73916155670694927
  0.75043997765051607  0.76097097215951892  0.77106990645460227  0.78117966648723924
  0.79139343356076475  0.80187220743605614  0.81299962610397714  0.82503968434029773
  0.83735498139472730  0.84910838259553822  0.86014860486289590  0.87067525133229740
  0.88132032814326855  0.89169760819669497  0.90161819703731283  0.91133653279958138
  0.92125078797214410  0.93141521334655575  0.94195433902610448  0.95260106146993817
  0.96343875658714684  0.97445991778279528  0.98653571420620900  1.00000000000000000
 -0.00264972949210045  0.01050246016667256  0.02046666081537100  0.03168264303783156
  0.04229256926165242  0.05299345356272839  0.06376374807435028  0.07462517330684783
  0.08576392285241735  0.09630715434865962  0.10715153720816888  0.11815698732426760
  0.12877432316650309  0.13859884612989537  0.14855098585345905  0.15873251521413587
  0.16901354201046187  0.17905797727189326  0.18926087503995967  0.20041476747989695
  0.21146890965392889  0.22229402379938584  0.23330542262136086  0.24396519857097987
  0.25451736095265221  0.26478714046554952  0.27526288521022352  0.28648316402833257
  0.29842938708871525  0.31062472438017547  0.32199164010499226  0.33280557824131257
  0.34341092014912622  0.35401547560860924  0.36493346696779816  0.37610505177805392
  0.38754279374304418  0.39911619014510563  0.41040784982646461  0.42110028250585679
  0.43109711769590320  0.44086148090807720  0.45032008114342187  0.45964829432979709
  0.46921850731561782  0.47919341027254680  0.48976650548391237  0.50024435715128035
  0.51022627384141650  0.52003957784750510  0.52956883283657041  0.53895934122505695
  0.54906200018464679  0.55944167948700763  0.57004379091523727  0.58045538460802415
  0.59087106373144826  0.60112486582036895  0.61147381889008323  0.62225055687846886
  0.63392097302719119  0.64551275296849719  0.65709889345913663  0.66854478978454046
  0.67992081670470106  0.69084655850572363  0.70112825931427902  0.71146999642156938
  0.72215010141831171  0.73332486549503273  0.74437495312013224  0.75572730355573559
  0.76792155427734743  0.77899741110018428  0.78988056479940350  0.80056074861537907
  0.81124743849830627  0.82147826784290567  0.83105856834755099  0.84086054051790471
  0.85112879561560839  0.86194627124334311  0.87304265772941891  0.88420010119080639
  0.89506448796008320  0.90540285269784215  0.91540237669102076  0.92488040687463002
  0.93408421605394409  0.94327801661804289  0.95247206007715557  0.96148319306631136
  0.97071951061692829  0.98025540257746147  0.99033274839140528  1.00000000000000000
 -0.00252113449908698  0.00946026165960946  0.01925756092643936  0.02918545633641474
  0.03914718597053155  0.04887217821309958  0.05856457048869831  0.06881502829180652
  0.07936722281103517  0.08998927080867572  0.10042168030973388  0.11163741727741242
  0.12343318356228086  0.13526814865565603  0.14725562579674920  0.15892996111300001
  0.17052141407516855  0.18199426454776799  0.19347883157752785  0.20508324395408653
  0.21684473937405638  0.22883857791365103  0.24084705419353361  0.25286407606430328
  0.26455149623447299  0.27549674322818191  0.28569393878850191  0.29551459670835556
  0.30522180216765432  0.31490996848715419  0.32458206380002824  0.33446735061079752
  0.34485140819793120  0.35557120766314154  0.36652864594751899  0.37728676956467616
  0.38753505085863260  0.39762664096109196  0.40764465195960831  0.41760284528771763
  0.42732804246972789  0.43671688961750332  0.44579690723714932  0.45492722428274429
  0.46492613043647107  0.47564441862289469  0.48650950291038381  0.49735306559841197
  0.50821204483480475  0.51915032959427876  0.52961533999710908  0.53959112654257679
  0.54965902936037991  0.56041729886249136  0.57195244709747128  0.58365111076603926
  0.59527183957336782  0.60673540382274815  0.61803070516548131  0.62876206758749753
  0.63903576194021638  0.64933818287775469  0.65950096268366165  0.66932658053587601
  0.67876181928973045  0.68839097904575308  0.69838878781993607  0.70853709770205642
  0.71885205845313616  0.72924655467520283  0.73925841160942063  0.74872493603011525
  0.75721814827485279  0.76555465132986822  0.77450959342979397  0.78387165837271255
  0.79328628327379702  0.80368881578122331  0.81410084654220949  0.82534688794770683
  0.83628683003157711  0.84711817567922587  0.85807899843517399  0.86936096755507442
  0.88022658581973146  0.89134892797142051  0.90240423284646376  0.91487584729557625
  0.92664764790948317  0.93842031348359156  0.94963206582661597  0.96033215691854457
  0.97042625546775230  0.98060531665248463  0.99028403497867878  1.00000000000000000
 -0.00250159476610277  0.00986864870730672  0.01981507906890973  0.02950456774939125
  0.03894009976770006  0.04859636570046693  0.05867596753089007  0.06840128015301053
  0.07795943381824040  0.08803744430937781  0.09930692695590042  0.10999044700812688
  0.12017481136979005  0.13102411079047899  0.14226932189502900  0.15350825773079180
  0.16382816141891685  0.17463821394920234  0.18546842177862202  0.19634767912425824
  0.20731528988438094  0.21779424813214346  0.22806172961150675  0.23836533390388093
  0.24874047720715597  0.25927261954577696  0.27005765216359240  0.28109184189866432
  0.29209235727816663  0.30285728826165920  0.31372921029100309  0.32460743094340688
  0.33520308158329859  0.34553137478430157  0.35576909943316803  0.36594700010311193
  0.37626329512017276  0.38638809251004402  0.39680596950448543  0.40769125745177237
  0.41849454049272505  0.42992110284903923  0.44153337220430461  0.45329769760920574
  0.46471590022898646  0.47573904993412613  0.48597381999869194  0.49580647060187777
  0.50562446313587939  0.51507829550372775  0.52441554907077892  0.53382669101466818
  0.54353886634313164  0.55385600769052590  0.56423879516919195  0.57459366605578988
  0.58488200798520529  0.59444696664736607  0.60396298856670516  0.61380897382148414
  0.62415454125132752  0.63461458468305798  0.64509408632061738  0.65582849975300861
  0.66677001150854365  0.67822936830381753  0.69005221758777890  0.70220020275586859
  0.71402246082634102  0.72483232050700774  0.73523445479890970  0.74533924297582499
  0.75552609534653037  0.76567306530847623  0.77643651815244841  0.78820377298727884
  0.79889995830000582  0.80897341060685990  0.81932780826705887  0.83020515208932111
  0.84053995319807651  0.85035596348212783  0.86078450367976145  0.87221845593154901
  0.88286392789267942  0.89309118401202225  0.90343240890048582  0.91399770385670964
  0.92465122013981227  0.93468942884814898  0.94478094717976258  0.95524505881034294
  0.96655717570610766  0.97830027317540880  0.98923077905233558  1.00000000000000000
 -0.00258107382596841  0.00933034685270344  0.02008741799621120  0.03113397330214376
  0.04257473941436788  0.05471066111204555  0.06614049956821436  0.07653302951416782
  0.08691220295516218  0.09745711934809205  0.10850148982265946  0.11948427787078611
  0.13057005234237234  0.14186854757113715  0.15270739861619356  0.16377027164902583
  0.17496647776444371  0.18636821388452299  0.19772640119316076  0.20898717664730315
  0.22027482477412655  0.23170050096853886  0.24335765846995872  0.25451725224770277
  0.26539845080880570  0.27605036146340511  0.28685373085745808  0.29679619462712781
  0.30610066923771945  0.31554864005751276  0.32518425474615853  0.33481277628446693
  0.34465754381683472  0.35476765426625445  0.36573507756791812  0.37712578053195678
  0.38864361818946658  0.39955760207035818  0.40989688211828074  0.42064727795465090
  0.43231124268819726  0.44309646362723287  0.45341807246911536  0.46326411973389897
  0.47250357243403485  0.48177808091396623  0.49082333071470968  0.49990059504917755
  0.50902080848551623  0.51825294827990187  0.52855609286050309  0.53984916020919893
  0.55004052859620944  0.55971567278122303  0.56929759503630850  0.57860258189646296
  0.58799497095650477  0.59747646523277487  0.60714040925129020  0.61746175953939619
  0.62799039099852016  0.63862251216604460  0.64905809508189460  0.65916468564088959
  0.66940352425066896  0.67993041638006868  0.69031720776187411  0.70134333171136931
  0.71266997982782920  0.72430177228516268  0.73490777186458900  0.74499756380416249
  0.75534210459164963  0.76544502219064425  0.77597240199573503  0.78631220041285843
  0.79729243963287777  0.80890435557158558  0.82039287224238322  0.83260056740142085
  0.84425816318661662  0.85615493513333329  0.86703040894692918  0.87735642740945219
  0.88722448250376718  0.89703969940884987  0.90702114730504935  0.91629218899318154
  0.92563865460739270  0.93490711252946523  0.94493805203205972  0.95581354399561780
  0.96742595996875502  0.97938391471259689  0.98972391250967562  1.00000000000000000
   3.3025630315315685E-016  -1.0000000000000000     
 F F F F F F F F F F F F F F F F F F F F F F F F F F F F F F F F F F F F F F F F F F F F F F F F F F F F F F F F F F F F F F F F F F F F F F F F F F F F F F F F F F F F F F F F F F F F F F F F F F F F F F F F F F F F F F F F F F F F F F F F F F F F F F F F
  <DiscreteSampler_grid>
  grouped_processes
  1 # 1 for a reference and 2 for a running grid.
  10 # Attribute 'min_bin_probing_points' of the grid.
  1 # Attribute 'grid_mode' of the grid. 1=='default',2=='initialization'
  0.0000000000000000 # Attribute 'small_contrib_threshold' of the grid.
  0.5000000000000000 # Attribute 'damping_power' of the grid.
 # binID   n_entries weight   weight_sqr   abs_weight
    19   10   7.311845336680740E-013   9.651818175818357E-025   7.311845336680740E-013
    37   10   7.794398688362809E-013   1.055366901202860E-024   7.794398688362809E-013
  </DiscreteSampler_grid>
