 -0.00000466723429378  0.00020961976552389  0.00091196896573821  0.00188570846111548
  0.00317176031129784  0.00481171756780193  0.00688957949126686  0.01013458714258821
  0.01267083290559200  0.01390009994825180  0.01474633240233923  0.01547420649658003
  0.01617619662501961  0.01689625240121599  0.01765331519406301  0.01846345352817262
  0.01935006334911862  0.02032535107432144  0.02133815859090095  0.02240798815893908
  0.02353026678969146  0.02471131625414270  0.02591334364734781  0.02717319133413946
  0.02843471042177197  0.02968433690608219  0.03093932898487146  0.03224945330202368
  0.03364432866804160  0.03508028564365395  0.03656344362326348  0.03805321193867456
  0.03951911086772223  0.04100130652693951  0.04257201852800324  0.04423769531120688
  0.04593001040633713  0.04762264093666526  0.04933324262715481  0.05108722275114597
  0.05288738591031874  0.05471475162525998  0.05656217448785039  0.05841109784554759
  0.06022030935453104  0.06199877302861699  0.06380018602683812  0.06564410902184255
  0.06754023279594552  0.06949642468103134  0.07154468525686923  0.07378517234361918
  0.07609074773657629  0.07838670083137571  0.08065005014948984  0.08293813349914235
  0.08526783021817855  0.08763969948897402  0.09001880795176159  0.09243417740765493
  0.09494197052156947  0.09755266283871550  0.10020166743553172  0.10285195178931267
  0.10554119679237081  0.10830454117068947  0.11115348060793530  0.11405897349730978
  0.11684689840325398  0.11982292012432900  0.12341688839412457  0.12722074165374198
  0.13104341110670556  0.13496012293518539  0.13905162535842919  0.14325635404534398
  0.14744616050741943  0.15170304967025580  0.15638647410865417  0.16131542700296414
  0.16642934914215787  0.17170279079062312  0.17720825309257998  0.18304472578299072
  0.18930980040449921  0.19623373343985528  0.20386863172095390  0.21252382820703941
  0.22279031235532090  0.23441653612412749  0.24788042835497232  0.26488420189716250
  0.29130861433532840  0.34915223696619596  0.64170338905926205  1.00000000000000000
  0.00933200441650160  0.01643728426976518  0.02660189834519241  0.03766800056222443
  0.04785721268256998  0.05760497458147056  0.06763898556700740  0.07820299024610086
  0.08819076021789640  0.09742418788800354  0.10735692233270365  0.11799906683322524
  0.12895741512332037  0.13949299193493511  0.14970776609029657  0.16119121987356477
  0.17243862886569761  0.18468646643365086  0.19540461797965797  0.20601993962424403
  0.21724711884184691  0.22814484222258907  0.23899085051360516  0.24955576242555164
  0.25980835518352480  0.27009911394018260  0.27964775538401360  0.28899459084639595
  0.29775924185943442  0.30623668593149694  0.31460989893237645  0.32306981437784582
  0.33202984248773354  0.34229289595521717  0.35341297751562850  0.36448108365713355
  0.37584233131937606  0.38762075888722053  0.39974999478683865  0.41172312187549703
  0.42223471533277568  0.43131403669157314  0.44048912797968337  0.44968761506723615
  0.45942956624626941  0.46875454875163985  0.47740522555387221  0.48689604388887864
  0.49689111327855301  0.50683156440123112  0.51656382413880519  0.52614731458480868
  0.53548981666146100  0.54528309066841052  0.55548171622950016  0.56575009202058857
  0.57602988818701439  0.58684495627303779  0.59747276667935245  0.60835557216449532
  0.61940100238602969  0.63103123614515122  0.64277889619458284  0.65373164326801303
  0.66414227582189889  0.67432619739918098  0.68442361308918742  0.69502963708395915
  0.70580395500922288  0.71769406877488040  0.72936031352560160  0.74011921590791296
  0.75069746762549783  0.76211533798809372  0.77385742778281807  0.78542909080728218
  0.79688029764153290  0.80817316705189901  0.81924652398554654  0.83018848419304625
  0.84094042447460915  0.85126205929492416  0.86123972651619463  0.87085821491031457
  0.88068588911524981  0.89098164865565310  0.90172401617425435  0.91233593717309425
  0.92245761668468595  0.93247854883478254  0.94275325735443449  0.95320359237748931
  0.96369497008383587  0.97424761522208247  0.98562786065355268  1.00000000000000000
 -0.00004171521370794  0.00046381371623468  0.00128749002315600  0.00242366507092881
  0.00379950801880150  0.00532082045616825  0.00692661414920021  0.00876249102722173
  0.01065514400594883  0.01289376198739984  0.01539259434695711  0.01776540733730761
  0.02014315522519160  0.02272007127790862  0.02555660923120653  0.02843479904384277
  0.03126421935222441  0.03411806933000840  0.03705218453160872  0.04015970280258617
  0.04325334638542913  0.04636204995048029  0.04939902734612561  0.05235890194065538
  0.05533898520069701  0.05845025340711103  0.06176636166549766  0.06519613781126711
  0.06884626439230734  0.07287261250880706  0.07673051468766254  0.08056363569647219
  0.08430962405667736  0.08818719978495489  0.09225280486075219  0.09648933188650237
  0.10089518320674787  0.10537535468855722  0.10980739520534927  0.11421324414643622
  0.11872528689460791  0.12347156194546616  0.12851001813124821  0.13366904341306593
  0.13860389388444919  0.14359269890556928  0.14862271935355401  0.15354088674190947
  0.15847415476716845  0.16335724300310772  0.16837014878815018  0.17345444694963613
  0.17857340346540129  0.18378573015163066  0.18900575566000724  0.19413845854754908
  0.19942107316568133  0.20516283945018157  0.21096813221544619  0.21727289151233886
  0.22299143879554931  0.22839970219464872  0.23362284845147566  0.23880361091363886
  0.24409470560036339  0.24958665695330781  0.25529671748073535  0.26115167282191482
  0.26701800544669818  0.27281319254487746  0.27850507090075427  0.28418552710967770
  0.28963987531363400  0.29519536810985547  0.30079077928080017  0.30627789296477692
  0.31182261389613308  0.31733923023953303  0.32280556285398682  0.32832690264771403
  0.33385647886790953  0.33929736922552073  0.34496755224297632  0.35084543677711799
  0.35658586726008862  0.36222490809444430  0.36787877565392862  0.37345493643205702
  0.37911786807918307  0.38491368819270438  0.39084753342893114  0.39699770235364040
  0.40330717898815521  0.40857999980458254  0.41129962274724224  1.00000000000000000
 -0.00250839155995247  0.01047420271293958  0.02128396074932872  0.03280735035355281
  0.04497553748002275  0.05683654707641098  0.06906940855570574  0.08200032438327198
  0.09457300161917671  0.10757254524212599  0.12009457257362768  0.13168164703032675
  0.14272781181743124  0.15376569373109228  0.16511930679955941  0.17779869185484834
  0.18908919889146389  0.19895181964233327  0.20861025507782763  0.21849546085135652
  0.22865600150462881  0.23854347186571501  0.24819843518072895  0.25820390993151704
  0.26870063621489149  0.27995559129345871  0.29168763628092270  0.30283140195019831
  0.31330321758380303  0.32266423136627842  0.33196919148605664  0.34148406231077122
  0.35099681943279942  0.36041090339748960  0.36969231718264078  0.37973470278436083
  0.39183476256727490  0.40362610873676769  0.41563971348589263  0.42743636391486439
  0.43834864335440121  0.44853291492153741  0.45882037891996325  0.46967172093614284
  0.48032617820918516  0.49077266976953560  0.50118121359465251  0.51207292847002206
  0.52321080035937240  0.53431548571416498  0.54506425784223878  0.55563058489732431
  0.56596014229893365  0.57625331713645367  0.58649929977790560  0.59670487281338591
  0.60672468620482845  0.61648416898539660  0.62623695887367881  0.63631225356686039
  0.64692866910873892  0.65785401501051100  0.66888639278104745  0.67965156202699328
  0.68977626560049443  0.69908821645320463  0.70839674986332335  0.71826541735259442
  0.72829225987363266  0.73813408341144882  0.74800869345735665  0.75861782200324779
  0.76968696731786124  0.78079680604270241  0.79177218725153653  0.80244029876698642
  0.81266780297279428  0.82263036127708633  0.83257652728694886  0.84259905056489359
  0.85288748899081834  0.86348462966826867  0.87438881111987654  0.88373667326638450
  0.89360898023319646  0.90299462933130314  0.91226187238103484  0.92136605646974012
  0.93038893841130421  0.93952412690623910  0.95041521245865557  0.96138826110930131
  0.97080901614735793  0.98074311536647152  0.99038252318021991  1.00000000000000000
 -0.00238389577428943  0.00903369390632789  0.01909950744539686  0.03089080884158051
  0.04268648694543559  0.05365329053500217  0.06445749063417563  0.07419757806206584
  0.08442349339420221  0.09459803976642860  0.10477806811573868  0.11506994471546257
  0.12492921633700632  0.13713210608497189  0.14834913024774718  0.15889689280720107
  0.16964003959327992  0.18025455947367905  0.19081031324039927  0.20160894643164320
  0.21313147781831271  0.22495395780938085  0.23589097777268669  0.24612331109139904
  0.25634479050889503  0.26688039364696609  0.27808096744506899  0.28938274210868936
  0.30049936045787623  0.31149090063202051  0.32265092119052996  0.33383143371388607
  0.34475580847435561  0.35619000649023380  0.36833733586658629  0.38042413576065087
  0.39182177740046403  0.40220077053526432  0.41202885142900803  0.42181577667776932
  0.43139701469139435  0.44078163723921210  0.45008160061703095  0.45996975588905042
  0.47106853548244432  0.48136437095581619  0.49126620461573495  0.50136818876618028
  0.51151483717958235  0.52173199317581276  0.53198763491044720  0.54288592221012955
  0.55398810548129362  0.56443913209256980  0.57436057240172234  0.58467250013594640
  0.59541022948795019  0.60615222832630167  0.61674476949329349  0.62677403869129589
  0.63613391967102617  0.64528208155006961  0.65437069266016890  0.66362828897775261
  0.67290975150377064  0.68238646841371453  0.69263695022478611  0.70409732773216371
  0.71514354834961347  0.72524864929355870  0.73498505790154622  0.74489839891537935
  0.75489389919429839  0.76560535714500810  0.77656590568251194  0.78776410915663009
  0.79884800955812718  0.80965986386628075  0.81972315989134192  0.82930938102294793
  0.83972455799499102  0.85118653777209341  0.86270760479492403  0.87441822473235398
  0.88555975706447054  0.89639413951229518  0.90668683220504898  0.91690136114929677
  0.92742271610625981  0.93754408777101050  0.94754815063856423  0.95747364215808162
  0.96796397515666288  0.97888341350766905  0.98964104202013659  1.00000000000000000
 -0.00235774794393974  0.00865620125969055  0.02012299036315672  0.03110377351041667
  0.04301784344403648  0.05553438130050468  0.06797052096848614  0.07934643848406707
  0.09004587752480092  0.10062437614396774  0.11138759404673891  0.12251747830142691
  0.13365362027740083  0.14458649205853663  0.15550855875597375  0.16631381854865263
  0.17698196297107602  0.18757808964434908  0.19864172674439592  0.20945261793383510
  0.21979897621997102  0.23016461273961897  0.24055341794583612  0.25088551488381367
  0.26107333761254498  0.27153230512479043  0.28265448344851085  0.29388294971268542
  0.30466254964484235  0.31583885416026380  0.32760074154952934  0.33885951326793573
  0.34858226985705498  0.35789140119201901  0.36717124983922333  0.37653700390190803
  0.38567545247188684  0.39474791224038330  0.40484623445652262  0.41567779186665960
  0.42680955851273622  0.43766283887049995  0.44779975395825544  0.45808216042754968
  0.46894713151378953  0.47962577780881566  0.48944084988594527  0.49881258223291719
  0.50827408241007255  0.51765030393251499  0.52703331139098164  0.53662825533919867
  0.54670700095453639  0.55662322590358337  0.56647275456042012  0.57616203520164999
  0.58591049935495731  0.59525474790453559  0.60445774657697759  0.61401650879041725
  0.62390371505947673  0.63394847550985867  0.64407935549433515  0.65465516364260934
  0.66577508074904213  0.67703505166807787  0.68835073897368271  0.69952579802589610
  0.71034818081056783  0.72085510046665846  0.73127401126299962  0.74125906688328713
  0.75093181663165554  0.76049833373471942  0.77022872820041932  0.78047471015930048
  0.79120990295576477  0.80207989318522221  0.81282696830395385  0.82358799278211769
  0.83466420462134783  0.84614361206094202  0.85821050446948144  0.87049601145000111
  0.88212579648945910  0.89320839311385647  0.90422886193130925  0.91512395200603325
  0.92530335831006694  0.93511425051062158  0.94580423935233082  0.95714926042366810
  0.96747568855928523  0.97807839377498518  0.98875382669626788  1.00000000000000000
 -0.00271450143410927  0.01012568437923114  0.02127960400753799  0.03219843097844617
  0.04248576057590941  0.05257823283165802  0.06272915412199373  0.07257584581224531
  0.08192852927598719  0.09117609247539891  0.10096298855535576  0.11139877879173904
  0.12218323994884672  0.13302509086015996  0.14402392254314722  0.15518065830614450
  0.16660936010778951  0.17785059016783947  0.18945726405907143  0.19982019319502328
  0.21001809829261026  0.22043901613454520  0.23053574698002602  0.24088896901214377
  0.25160863072518719  0.26311368602013291  0.27452091168533915  0.28509331632658141
  0.29633957573746267  0.30762107475879902  0.31950078253071856  0.33143962952018097
  0.34366311593011356  0.35596596106861239  0.36739486339481331  0.37913572994740136
  0.39124825532696977  0.40288075098074932  0.41408586320110941  0.42542031625981597
  0.43711585670224534  0.44896617846213321  0.46079174314454424  0.47237772227672281
  0.48302095893259855  0.49288751983227258  0.50235613281890501  0.51177091836804556
  0.52139248969305985  0.53130249416328368  0.54147403111075876  0.55179082743301666
  0.56212894751090703  0.57332880859618340  0.58513103077606388  0.59700394231076781
  0.60900532069942614  0.62077824127562753  0.63186607210604673  0.64220554336449986
  0.65209484406748264  0.66177977623163176  0.67107731092272616  0.67986865636748939
  0.68856046546370486  0.69736280337189549  0.70625778904894976  0.71552260657715505
  0.72521746902562978  0.73579074595062444  0.74716260240472554  0.75778541079467499
  0.76844944450593256  0.77899428867102316  0.78979403232632606  0.80123541066717752
  0.81274149456287936  0.82343584590872243  0.83394477684311119  0.84392172319448322
  0.85384620644552434  0.86285317434689490  0.87188261560072300  0.88142062539763977
  0.89084823269499225  0.90035457172056566  0.91008026825804200  0.92042578286435162
  0.93093137354393396  0.94112667617745371  0.95112757388713065  0.96119418665986278
  0.97077758804941872  0.98042317817290991  0.98998225875787838  1.00000000000000000
 -0.00286972560357350  0.01099045691898360  0.02230324448217491  0.03365481990041656
  0.04567052135100292  0.05806242689369778  0.06932687458974876  0.07958198037376300
  0.08956444400342815  0.09946982616548743  0.11015914821516767  0.12118883791838847
  0.13270776648831697  0.14379278365395234  0.15413778751029009  0.16409962234642372
  0.17388460118093124  0.18384729275747100  0.19429566897917042  0.20486142578284780
  0.21527723713982988  0.22597366060754157  0.23602034849461379  0.24680029348370719
  0.25745847622755569  0.26831951203209220  0.27880739781696851  0.28966583007698499
  0.30157561942664890  0.31330564801699973  0.32416693605088309  0.33451822616987553
  0.34476618198004455  0.35500447152275894  0.36541895151026094  0.37650526328609540
  0.38798764824539955  0.39902265882221394  0.40952239797373990  0.41963502370578865
  0.42965999595878229  0.43970219137884231  0.45016707743939871  0.46137543644447376
  0.47279045426692307  0.48380332043594193  0.49477698787331076  0.50621240040567750
  0.51797691614845898  0.52963467209033055  0.54074630737353002  0.55127869021241394
  0.56144808446620753  0.57163702107751757  0.58190323965485369  0.59137674245070837
  0.60057978005878010  0.61014182850968646  0.62006783487334249  0.62956227216306848
  0.63850572647367299  0.64809582468730442  0.65943426712164976  0.67037674410794135
  0.68144136853122106  0.69285609415949900  0.70435991258596709  0.71539874086054289
  0.72609363552350248  0.73632429635351648  0.74657842696567300  0.75685649489757101
  0.76751488773453747  0.77843757990058238  0.78973048472838214  0.80055334634888942
  0.81075373460269029  0.82033038086053323  0.83051598153813022  0.84083012026487269
  0.85124021154693852  0.86162047756620919  0.87251271538335584  0.88247364061526656
  0.89234169093699633  0.90221862928550522  0.91205798248213077  0.92192962949910751
  0.93200321699403577  0.94208348247678553  0.95188385982434176  0.96139337755489862
  0.97113659718530188  0.98097795715504765  0.99052695378570088  1.00000000000000000
   1.0211861039884022E-016  -1.0000000000000000     
 F F F F F F F F F F F F F F F F F F F F F F F F F F F F F F F F F F F F F F F F F F F F F F F F F F F F F F F F F F F F F F F F F F F F F F F F F F F F F F F F F F F F F F F F F F F F F F F F F F F F F F F F F F F F F F F F F F F F F F F F F F F F F F F F
  <DiscreteSampler_grid>
  grouped_processes
  1 # 1 for a reference and 2 for a running grid.
  10 # Attribute 'min_bin_probing_points' of the grid.
  1 # Attribute 'grid_mode' of the grid. 1=='default',2=='initialization'
  0.0000000000000000 # Attribute 'small_contrib_threshold' of the grid.
  0.5000000000000000 # Attribute 'damping_power' of the grid.
 # binID   n_entries weight   weight_sqr   abs_weight
    25   10   2.214800050862494E-013   1.720046836782318E-025   2.214800050862494E-013
    28   10   5.430947408170683E-013   1.011315049652987E-024   5.430947408170683E-013
  </DiscreteSampler_grid>
