 -0.00000025507784246  0.00001106470028438  0.00004238648610631  0.00008770706035228
  0.00014214169311181  0.00020070570843901  0.00026352865772775  0.00032916503917354
  0.00040272230363729  0.00048290539283360  0.00056595496734815  0.00065133701832556
  0.00073920239610322  0.00083007655817655  0.00092184653350924  0.00101432962604560
  0.00111144302243620  0.00121146021357074  0.00130766236551134  0.00140150754874693
  0.00149619894873300  0.00158988465910882  0.00168385044992847  0.00178013925234901
  0.00187899088326329  0.00197604358496591  0.00207149185501907  0.00216615698625431
  0.00226016984775960  0.00235420253504533  0.00244885247528312  0.00254467980520091
  0.00264241852721230  0.00274128764395359  0.00283811412680008  0.00293197671066372
  0.00302560293777267  0.00311947996670593  0.00321416567325946  0.00331150498825370
  0.00340883046344468  0.00350779817973938  0.00360856409362737  0.00370425210713601
  0.00379856674138596  0.00389276842119486  0.00399390769992770  0.00409551790714751
  0.00419257203844420  0.00428987272302238  0.00438946874028896  0.00449035921924718
  0.00459148927562662  0.00469169636613204  0.00478961041211786  0.00488469472050300
  0.00497871013350866  0.00507556572284657  0.00517624579982196  0.00528333910494936
  0.00539142179760132  0.00550140053879036  0.00561217393302942  0.00572184254185921
  0.00582803621613006  0.00593239886899212  0.00603786647984903  0.00614464331776560
  0.00625150730126066  0.00636050649138479  0.00647596017663811  0.00660117609405425
  0.00673177616086863  0.00686096203610666  0.00699076103230145  0.00711952098644211
  0.00724815133605830  0.00737911732398286  0.00751331435379489  0.00765431688673089
  0.00779318827690559  0.00793453422651858  0.00808357159378671  0.00824085589925465
  0.00839995623766687  0.00857820801256651  0.00879223646633954  0.00900896673931494
  0.00923519404637826  0.00948080931516706  0.00976734635103891  0.01009874304801320
  0.01050421658305712  0.01124743194173517  0.01217438968673058  1.00000000000000000
  0.00937055509787099  0.01647239820521559  0.02704336250956176  0.03762299606606527
  0.04722127857872704  0.05669038268971884  0.06641543794433273  0.07643090066471893
  0.08605218267966802  0.09652468427146223  0.10698609415559347  0.11752980223115893
  0.12899490500222191  0.14068742437790896  0.15278566775841518  0.16423780118890027
  0.17632082208481983  0.18811809205387844  0.19943462614388360  0.21084733150561988
  0.22187918843045265  0.23292646596617286  0.24348583704984500  0.25480551365004400
  0.26637362731247416  0.27680413633998063  0.28665771693334685  0.29688435611330893
  0.30693057968506027  0.31732674143781381  0.32691903182119864  0.33745137389446273
  0.34834153657166950  0.35944961033442785  0.37011531702984257  0.38047328535355157
  0.39081027835343785  0.40106075274626696  0.41106942745667502  0.42103586006460841
  0.43090672996492529  0.44094271384376577  0.45064964564574722  0.46071115517072420
  0.47120322220303879  0.48196126340069689  0.49288719572811379  0.50422540246773118
  0.51591009156400047  0.52744609029844047  0.53824093686183538  0.54860776182127702
  0.55868687470108191  0.56867401476782953  0.57897325809254541  0.58994285611265673
  0.60117190655697628  0.61217204167998440  0.62300947492785463  0.63404822659229099
  0.64520378658536715  0.65608513966856907  0.66660015629947600  0.67710871194628941
  0.68787489016200809  0.69907799028977691  0.71057073009838356  0.72182106057670070
  0.73268692557138237  0.74329749267287715  0.75403376953965739  0.76481782460524617
  0.77539263863205754  0.78590740370437961  0.79623399146143148  0.80613254646855670
  0.81586065990901302  0.82568146069066461  0.83540971971417066  0.84485578053562238
  0.85405689735721735  0.86348928392870272  0.87321263538296667  0.88308828188932575
  0.89333602495009512  0.90436818103953287  0.91531255557523872  0.92601044212321393
  0.93627334990710387  0.94621885991787891  0.95615122895985327  0.96603132100627143
  0.97551798538372658  0.98492463168363020  0.99040243668984185  1.00000000000000000
 -0.00215875187265779  0.00766469909319740  0.01685487554961337  0.02601342062719473
  0.03535660910882564  0.04466113189343380  0.05341661014349175  0.06146017792901085
  0.06901484862333959  0.07667419721340539  0.08476799162087099  0.09306053862804961
  0.10157203703303069  0.11032104181881269  0.11924296079441386  0.12852778835317857
  0.13820019443032006  0.14799420025266652  0.15769745885871303  0.16729886668605895
  0.17689673591412935  0.18644679232821329  0.19578374119604769  0.20499648938166951
  0.21405176587050243  0.22321094327289348  0.23250643665290716  0.24157038018590643
  0.25057692562084882  0.25936925566461200  0.26850673455258012  0.27747827446121703
  0.28616481453330456  0.29473147642793435  0.30343842577359709  0.31243607362831533
  0.32114729025708078  0.32978217594834308  0.33875963539156001  0.34788977328828996
  0.35691258513593821  0.36602299961791496  0.37542457454371414  0.38495131571812630
  0.39424137137373799  0.40333562713469256  0.41214368059536155  0.42122692744214846
  0.43044389509029130  0.44097137879059756  0.45176658135674858  0.46191695289199536
  0.47147814466856669  0.48118213554280476  0.49132163388575140  0.50148771450580165
  0.51091419408433492  0.51983722802269250  0.52847424612036908  0.53729638858918249
  0.54663416139925869  0.55653719487326470  0.56742724859838456  0.57856067406688327
  0.58953965538575104  0.60061061753582756  0.61136515024286098  0.62247700569274900
  0.63350620758695420  0.64408847393915791  0.65464289187732616  0.66582726368182443
  0.67777331895716975  0.68962644848502908  0.70156884915149820  0.71399505345311787
  0.72711912591403716  0.74071876847205664  0.75497066570847371  0.76945014893239450
  0.78339977124599303  0.79645326262605842  0.80899156737499989  0.82178880019834910
  0.83519555058314920  0.84917156725748555  0.86352734454527991  0.87781459510769444
  0.89205726913029271  0.90656824189474194  0.92139518438772972  0.93637230487117540
  0.95184352453872678  0.96748533880806453  0.98365002983911354  1.00000000000000000
 -0.00193729215531279  0.00805585642124025  0.01760827777899962  0.02749023818279598
  0.03806159271982117  0.04929252861835014  0.06078489654428459  0.07199285123628583
  0.08283062113984044  0.09360697121775183  0.10425480388026934  0.11473260686342171
  0.12502631792729363  0.13566328253295615  0.14659936060069848  0.15707322353591294
  0.16743780383307807  0.17782209718617478  0.18863298770369419  0.19946938864550900
  0.21032827039928911  0.22093735777543128  0.23138447711441751  0.24155058514448374
  0.25241520923876631  0.26346756450874775  0.27501301979473175  0.28631957471676245
  0.29750951689945410  0.30880092780923585  0.31986366735739546  0.33079837801671247
  0.34194132073930228  0.35286000319900462  0.36326033704656663  0.37367914782562373
  0.38493094670580186  0.39593437581678043  0.40601789265848010  0.41584915744067397
  0.42637192137901458  0.43716816159596994  0.44731269974648619  0.45726203985787417
  0.46732544103397305  0.47791879217045108  0.48859260307653407  0.50033797665271362
  0.51181277982883100  0.52266236436324887  0.53348153950699451  0.54453002124417049
  0.55609392563794358  0.56753649975714482  0.57885512628968594  0.58955284716224066
  0.59973300414353781  0.60989370902181261  0.62056599189373363  0.63157089620725426
  0.64206366945478521  0.65219202391993814  0.66243130841882636  0.67333231561725504
  0.68360459422597708  0.69338104489573105  0.70275664143105532  0.71256326225843236
  0.72310147338898700  0.73422910333795066  0.74481435393222928  0.75508513794190413
  0.76489047999915760  0.77500710587212795  0.78497105838164194  0.79498655516368544
  0.80502825461872196  0.81484703854154661  0.82453660406952789  0.83423698869914464
  0.84399885052280077  0.85353819558302646  0.86320723182487313  0.87327512886045866
  0.88358109313376332  0.89458063492534978  0.90465130742864308  0.91569565136032161
  0.92633501803780294  0.93711282796583639  0.94751185484217404  0.95789201890507858
  0.96792331090561667  0.97804177422771521  0.98849265883199955  1.00000000000000000
 -0.00307170288062073  0.01049694072363240  0.02237052412935995  0.03356967641379559
  0.04435077405115696  0.05435512796410317  0.06401869057560400  0.07409090874000065
  0.08462741262047251  0.09537826045246021  0.10577598364051624  0.11589135084885750
  0.12628844266969258  0.13675481941984283  0.14725302912922419  0.15780382853026578
  0.16778193872226230  0.17802117864696212  0.18841169331087490  0.19898738446882785
  0.20895972421552550  0.21865177757444540  0.22865049586779865  0.23920196631551285
  0.24993305873099150  0.26054015430983174  0.27103254674397137  0.28126656690310037
  0.29118628095192961  0.30174665534123785  0.31204679330678670  0.32231697356372357
  0.33277160580778620  0.34357915050240895  0.35506769877021854  0.36584952399383075
  0.37677799487269514  0.38737678772073203  0.39818032191451685  0.40891186457875633
  0.41922611022428080  0.42891200547819419  0.43860459044306377  0.44867032105428484
  0.45879420797560438  0.46909087526876808  0.47944058480227925  0.48995066317341451
  0.50026273013372324  0.51039325810814262  0.52080177283195961  0.53150690953647184
  0.54176914627167250  0.55139447508133776  0.56063734854793945  0.57020567246912268
  0.57991741621073156  0.58969475066304977  0.59939471100814734  0.60911394038198463
  0.61906099454314767  0.62915325845230630  0.63957488871781054  0.65039270057076803
  0.66137466954590740  0.67270317745611086  0.68397576262633852  0.69505639776049977
  0.70577279906645274  0.71644156984206364  0.72700277281667425  0.73781477126735351
  0.74872423980024227  0.76039380947855872  0.77270779425184877  0.78462979421809209
  0.79614104033904176  0.80710903948579082  0.81834324427464866  0.82947044354224375
  0.84055640690734246  0.85197621400803936  0.86271010972201734  0.87316765296388221
  0.88316641852943922  0.89325919593888836  0.90319067803788555  0.91311206677339418
  0.92364476472929580  0.93482834216087229  0.94553628529642297  0.95581822496618751
  0.96607159236324913  0.97655761134219732  0.98807820475641062  1.00000000000000000
 -0.00202616577569877  0.00859320836026869  0.01717811384781112  0.02652728071666047
  0.03587902480899446  0.04519696485755675  0.05480481087008670  0.06490223343048306
  0.07596184206024804  0.08785097065936356  0.10017048430411786  0.11089331487129968
  0.12123914636226396  0.13181456600842542  0.14251202236876559  0.15297609037354234
  0.16352768628882181  0.17384012453327508  0.18410623514120666  0.19424080356296211
  0.20436976696146505  0.21427973461169447  0.22395085625421340  0.23375584856207662
  0.24381481485412090  0.25409192233828759  0.26443362444994789  0.27522542435228786
  0.28658992465465982  0.29821123241019493  0.30965634524955349  0.32105647214863858
  0.33213687874707437  0.34258937965501057  0.35294522867535921  0.36348795858461547
  0.37401598157290278  0.38403034344504172  0.39405617255096048  0.40429748717609876
  0.41474713748394293  0.42568142620044475  0.43636953214209445  0.44743605054921570
  0.45813290781466343  0.46868762540269066  0.47889810472689726  0.48841203576157999
  0.49817091993042001  0.50886146790153364  0.51991143527188666  0.53051414556089316
  0.54069351785306952  0.55060403053672757  0.56103910836161230  0.57114846091358107
  0.58189996570185798  0.59371441609178299  0.60496952645213664  0.61536612555644055
  0.62574618681139871  0.63632599932076761  0.64678771187705864  0.65635156983505594
  0.66642814999580846  0.67731034793053546  0.68899393913711560  0.70051846604891066
  0.71193784032242646  0.72355550402023583  0.73471292918339182  0.74624630630249456
  0.75763594740568030  0.76884751099673077  0.77971120660393978  0.78983790328325154
  0.79926547565434070  0.80835871113182733  0.81739507097214703  0.82679087009705854
  0.83689361357063918  0.84720391171054865  0.85748829778886448  0.86879682337285546
  0.88026451275629680  0.89253480544043351  0.90408470631580895  0.91581153312662555
  0.92666272136128813  0.93753207047548281  0.94800111874185744  0.95859541953481686
  0.96872489164795694  0.97898663575742884  0.98921204746174374  1.00000000000000000
 -0.00165588867598630  0.00433647013554147  0.01077233517531938  0.01737746819230100
  0.02392289931982659  0.03036541182169578  0.03668362196903027  0.04280757878591462
  0.04943801361410655  0.05646517203442365  0.06384839094052730  0.07159039337285886
  0.07949133385607372  0.08736725862086367  0.09540899998833033  0.10353263154922991
  0.11160836636475999  0.11944341568863540  0.12768966707300963  0.13638059244305228
  0.14614061255113187  0.15675047436993655  0.16781691264441012  0.17866313826374305
  0.18898417196701825  0.19822279102936868  0.20742830659778741  0.21701807116321023
  0.22689526467174223  0.23696978641963090  0.24753701145032883  0.25901015000750971
  0.27133333186718550  0.28389597521881321  0.29680019523021961  0.30972479259604430
  0.32201791554035353  0.33558010591751347  0.35049704018274391  0.36629504737591578
  0.38330426018628744  0.40175635665153531  0.41961501691862735  0.43836290631927360
  0.45757164212127455  0.47649147385928448  0.49506886206447154  0.51370391801034843
  0.53324929761890161  0.55235041470188628  0.57096152094960106  0.58840133136452577
  0.60542218081604315  0.62214803318270995  0.63854810983831511  0.65469076783826319
  0.67050739452113362  0.68573547897254150  0.70016466064727390  0.71371250820804066
  0.72641113830195247  0.73860535287737095  0.75064429560889567  0.76235756915401909
  0.77337772429612761  0.78364114817168407  0.79348772096732589  0.80302558192387163
  0.81222256214111122  0.82127514880409902  0.83012078297026615  0.83873064914488216
  0.84749019080451360  0.85609058496940305  0.86446668527901394  0.87264372250124589
  0.88036027595048227  0.88798483052649013  0.89531841656164435  0.90226897854842314
  0.90901336349289763  0.91575896115837419  0.92239429322672517  0.92884895207877372
  0.93508525859235636  0.94118202853402810  0.94726910233338268  0.95345393276294688
  0.95969097750531129  0.96588129878826057  0.97196197678981722  0.97781353761832313
  0.98340404032843154  0.98891349448162125  0.99439922041816320  1.00000000000000000
 -0.00239930858650414  0.00998683801593005  0.02007875103356010  0.03027413397476052
  0.04036072657910881  0.05163981960453508  0.06196346234160861  0.07280146762189539
  0.08319169587772780  0.09329543314321967  0.10314080388724436  0.11341083667634820
  0.12380779764710896  0.13399963648782179  0.14390614576517324  0.15496299591507609
  0.16668180471562949  0.17777365996724181  0.18819262588728264  0.19822984981285352
  0.20870551851220406  0.21895620750253905  0.22874967845755836  0.23810485883555105
  0.24773351018062489  0.25762581323943362  0.26750527572189775  0.27817803804388613
  0.28963544731819685  0.30165318781671435  0.31332002791839708  0.32409565822495784
  0.33435003988590656  0.34481036544370497  0.35564634159315561  0.36657901552766614
  0.37759428925610522  0.38841288960637632  0.39953317456312931  0.41140986724340767
  0.42400111054071293  0.43568442523834799  0.44607355646727642  0.45605426497260826
  0.46628134662027210  0.47621414954224311  0.48607822959735297  0.49609543602700878
  0.50628736531871132  0.51681850179646083  0.52717119057835871  0.53801797777006655
  0.54888276893584986  0.55948569964364769  0.56994650089940646  0.58022124871885816
  0.59038943863603954  0.60051875361398743  0.61108767367298200  0.62214994004581026
  0.63337224226852351  0.64448522739570036  0.65531026156799876  0.66609001959670633
  0.67729954273613202  0.68876668619476666  0.69978463139090297  0.71052499666513846
  0.72125152224717526  0.73144111512363852  0.74143503222787865  0.75132288004378101
  0.76124245403844881  0.77070978285615255  0.78024556925445132  0.78994663369572293
  0.80000589985302117  0.81032788336411454  0.82147705021690387  0.83291977860458499
  0.84367266580318168  0.85419219594347906  0.86515770330883446  0.87626518218593497
  0.88718805124203126  0.89794740496178971  0.90869875700500957  0.91915300546229839
  0.92938150108407769  0.93948280521423044  0.94959834511113139  0.95936598568347153
  0.96939330080772967  0.97939829457640426  0.98967013435753659  1.00000000000000000
   7.3772719985223429E-013  -1.0000000000000000     
 F F F F F F F F F F F F F F F F F F F F F F F F F F F F F F F F F F F F F F F F F F F F F F F F F F F F F F F F F F F F F F F F F F F F F F F F F F F F F F F F F F F F F F F F F F F F F F F F F F F F F F F F F F F F F F F F F F F F F F F F F F F F F F F F
  <DiscreteSampler_grid>
  grouped_processes
  1 # 1 for a reference and 2 for a running grid.
  10 # Attribute 'min_bin_probing_points' of the grid.
  1 # Attribute 'grid_mode' of the grid. 1=='default',2=='initialization'
  0.0000000000000000 # Attribute 'small_contrib_threshold' of the grid.
  0.5000000000000000 # Attribute 'damping_power' of the grid.
 # binID   n_entries weight   weight_sqr   abs_weight
    19   10   1.921331622427061E-006   2.859382397187882E-011   1.921497826939372E-006
    22   10   1.492943827135128E-006   1.182007926908588E-011   1.492943827135128E-006
    25   10   1.076058289973581E-005   5.515395635367727E-010   1.076072370806163E-005
    28   10   7.112772975015254E-006   1.248360104008851E-010   7.112772975015254E-006
  </DiscreteSampler_grid>
