 -0.00000000440676263  0.00000241017847538  0.00001707531154400  0.00004764436593825
  0.00009587774070102  0.00016705359645522  0.00025056034349905  0.00035018094112183
  0.00046062673155134  0.00058533624419921  0.00071817747333827  0.00085809543763965
  0.00100318786167464  0.00115514745181419  0.00131493232892214  0.00148622782122013
  0.00166347579171683  0.00184680905595270  0.00203539762988415  0.00223132711023351
  0.00244641739918469  0.00266729457187800  0.00287969007712432  0.00310570564340544
  0.00334590494906646  0.00358429065458007  0.00382943018204017  0.00409938458233550
  0.00438626921542304  0.00467150769162755  0.00496077238684631  0.00529548403041268
  0.00564293538255763  0.00600069799824216  0.00636404440167032  0.00675250051129467
  0.00718005439696058  0.00764668720974752  0.00814730552123350  0.00871500513587081
  0.00939230700584380  0.01026651709609300  0.01131597024384398  0.01198194188167256
  0.01240250319280216  0.01272450559798033  0.01299564311810650  0.01321476688928088
  0.01342143800329295  0.01360455742076282  0.01377475201928837  0.01394074703491949
  0.01409512299779442  0.01424444534176278  0.01438976821015807  0.01453298856779008
  0.01467606952213198  0.01481899714309916  0.01496201999848494  0.01510481942972020
  0.01524666863578359  0.01538822556510592  0.01552957130186619  0.01567384635522384
  0.01582014026909930  0.01596959561207223  0.01612184406770155  0.01627707485422989
  0.01643729885971180  0.01660819648352923  0.01678207628528345  0.01695759812455085
  0.01715432849675391  0.01735566513594998  0.01756369968669480  0.01779268957600072
  0.01803149495239496  0.01828486143396019  0.01855275126843901  0.01882685358486039
  0.01917380071750523  0.01954134708648529  0.01993006591771382  0.02034008262687361
  0.02076687462512164  0.02127925226200331  0.02183349833235279  0.02243035389112649
  0.02309200977683112  0.02379311144833927  0.02490475441073313  0.02660833967506893
  0.02903621487444690  0.03509749051867314  0.04972981880345604  1.00000000000000000
  0.00925735953378837  0.01590374926441118  0.02578819993608645  0.03645996842982087
  0.04733867022265287  0.05827562726301137  0.06838000846629527  0.07843710993184114
  0.08827551475650908  0.09703456848686298  0.10597125099173153  0.11455939448640527
  0.12347672800002180  0.13231038624485927  0.14134549343812083  0.15126550108656747
  0.16239691472230725  0.17348529225099379  0.18414434383139852  0.19444478186901706
  0.20396414794084336  0.21334659397026798  0.22254207473440354  0.23195260879730042
  0.24135168739693508  0.25105985063491804  0.26183199322781159  0.27318969326841408
  0.28497275917896148  0.29665601476710296  0.30826928943294651  0.31993130611349674
  0.33163414985347373  0.34339721647753246  0.35505468177992627  0.36659981563720534
  0.37812799198040392  0.38938836970428681  0.40066542982055631  0.41114123157482529
  0.42221214047696692  0.43309541010499331  0.44329714405646287  0.45294251425339366
  0.46241288014844745  0.47128343836323611  0.47991749703926445  0.48845489877111031
  0.49711662816755714  0.50650208691650500  0.51681991236014435  0.52828013692790721
  0.54068983607257548  0.55333612892341766  0.56554569490242723  0.57690708412681346
  0.58831207410617992  0.59958170528448862  0.61033345063279965  0.62098763565752646
  0.63231480016927422  0.64434336454292118  0.65631220005932744  0.66804027293463863
  0.67924125708494332  0.69066534649540046  0.70141595804739831  0.71245581451336426
  0.72375921012982269  0.73499416136637552  0.74557832589693285  0.75551115856686502
  0.76495352464454780  0.77513190469798243  0.78549571477841895  0.79529715581608018
  0.80513911119078629  0.81517288392892995  0.82594002599462413  0.83750135199172526
  0.84963479519919449  0.86188945838250075  0.87373378876873731  0.88508116426770100
  0.89594089626962770  0.90600375629067986  0.91618409918832666  0.92683734021665243
  0.93728018146033532  0.94636892048729260  0.95527176704988859  0.96468243971206746
  0.97483293630952994  0.98480595565297602  0.99041164983083207  1.00000000000000000
 -0.00002090775040884  0.00025634006030397  0.00074553028989964  0.00147128939965090
  0.00245019432864135  0.00377279390345372  0.00534769542605880  0.00708916001138691
  0.00904002302795055  0.01120938863496972  0.01375455597060407  0.01652926827428189
  0.01955019454233891  0.02272962038036764  0.02573795397747080  0.02898093109249012
  0.03272197050214634  0.03682705047033170  0.04067216347299847  0.04439618229710041
  0.04828555723368755  0.05247144514478547  0.05683797550062621  0.06142109043834327
  0.06624269183929576  0.07131989333559453  0.07640836617141895  0.08101683916177398
  0.08558938824509374  0.09026799690645147  0.09499349252590548  0.09974685986398955
  0.10476123293119707  0.11062526016360459  0.11731350595369870  0.12402078906532726
  0.13073598328556740  0.13711650021658969  0.14341614938502073  0.15025446204504742
  0.15744796274581530  0.16469052363198441  0.17210874235609100  0.17997684780352030
  0.18861522549299978  0.19749590210556137  0.20613402261450747  0.21443034290079543
  0.22248253892225262  0.23124870572356804  0.24022002109627591  0.24941364652006021
  0.25916175977727740  0.26930214075847758  0.28002088122269786  0.29142123937911824
  0.30341076197565647  0.31593143840647930  0.32810627893538014  0.34046973875978553
  0.35295957389778260  0.36561865772270163  0.37852304132749320  0.39166929015918561
  0.40523447623272296  0.41892664927514917  0.43271639767509307  0.44686760711508305
  0.46182062588754375  0.47808505346763447  0.49539149305958230  0.51325611733649390
  0.53152595736706598  0.55003351546104662  0.56836902673688261  0.58707028416050389
  0.60626816486759472  0.62583881599879099  0.64564359295671703  0.66569122758660393
  0.68662483953186204  0.70793374601245784  0.72924897752895712  0.75035677746293050
  0.77232252175835547  0.79369598293707666  0.81468265630348069  0.83400918630426013
  0.85246423371796265  0.87137776918202114  0.89049361259381399  0.90956398792417825
  0.92970688442271954  0.94687341865035235  0.95406547953883569  1.00000000000000000
 -0.00303002607582505  0.01164737170552353  0.02416660350393509  0.03664144851753037
  0.05049237278266087  0.06423311295151019  0.07707224601816712  0.08855313784614877
  0.09976935268002851  0.11078399580975912  0.12121380467636333  0.13175122763464675
  0.14249052787137900  0.15414637672313075  0.16565599598345199  0.17695899330589457
  0.18825694481845379  0.19956092362925354  0.21085822252380787  0.22136192131109081
  0.23159162563217062  0.24200137847598552  0.25269144570610419  0.26399669101708140
  0.27552247197304247  0.28559502396400183  0.29570927592620100  0.30552587316022317
  0.31540361141931728  0.32549215897800476  0.33677269396626563  0.34938734670006294
  0.36137325151699945  0.37282162642718003  0.38482710168950834  0.39722215706088021
  0.40929657214999710  0.42104576177179748  0.43291853528073743  0.44506805882435618
  0.45697573096213906  0.46774800664033961  0.47831130218344053  0.48924280649228535
  0.50003002279631725  0.50971945742552205  0.51930933042993999  0.52975010627994767
  0.54010975379877046  0.55016993259825042  0.56063074519519329  0.57229352927568089
  0.58513468556598791  0.59734184794307577  0.60780486825138458  0.61652063657225364
  0.62542391036924339  0.63422558608208757  0.64286929823570038  0.65163981125967751
  0.66080369869042643  0.67094906706646829  0.68148894621653044  0.69150284987959476
  0.70182710223588940  0.71179469374610593  0.72181832220321951  0.73163509921798098
  0.74154536829666262  0.75076961977786760  0.75943608874324608  0.76823420041852153
  0.77802509176135082  0.78841608628696691  0.79848377281143801  0.80847522067138855
  0.81846409091839412  0.82870963638843920  0.83915078449297320  0.84956606895543607
  0.85881338843070287  0.86726353775344678  0.87607906591387541  0.88502531716370347
  0.89402586325202005  0.90318167681553652  0.91248996255531145  0.92227455761651256
  0.93256102590054213  0.94244422336461242  0.95220038868730106  0.96179682405264855
  0.97110415313809373  0.98043294914281320  0.99011223024918782  1.00000000000000000
 -0.00197458968745643  0.00820431159831378  0.01694256256334036  0.02634178754620930
  0.03646188610206846  0.04716880984893572  0.05949984345750420  0.07040352476197878
  0.08033213946247561  0.09031497906454908  0.10016079997402563  0.11060108606284254
  0.12129258250884026  0.13201309135640402  0.14297119401207831  0.15365188279442155
  0.16449628103730293  0.17576524012561021  0.18738387531188511  0.19831787271424578
  0.20904857862333279  0.21984130793757647  0.23093874683649901  0.24050273812984821
  0.24969591145804387  0.25853085999122999  0.26797953931677188  0.27818860162041670
  0.28881044475599488  0.30012230985459198  0.31108215282349810  0.32224016683757239
  0.33342818444380617  0.34423615437051563  0.35423753908577021  0.36415903868905775
  0.37381323182058745  0.38505646582253100  0.39627545328038122  0.40765512400336201
  0.41870710950023343  0.42938346438983888  0.44028437861811048  0.45126574855482443
  0.46190612092285760  0.47285293067395434  0.48365306243709888  0.49562339724105198
  0.50742154897946112  0.51951910982384819  0.53063607532643331  0.54156328002337506
  0.55243212854292512  0.56352556746801230  0.57491259801778449  0.58571887302412384
  0.59581707532922334  0.60639118255159730  0.61744996398404395  0.62828818755121607
  0.63844954794872921  0.64837923559059052  0.65815560720967858  0.66786741169049302
  0.67744510543723768  0.68704118633405786  0.69760590004754242  0.70859566057028234
  0.71985259738888152  0.73153593968406316  0.74332097473573133  0.75447419368328394
  0.76470130079976539  0.77473001942043085  0.78500490638343290  0.79561740408901216
  0.80638507192922049  0.81694408386745887  0.82736383316764139  0.83770006085814519
  0.84835581990934439  0.85874486926861726  0.86860656952941451  0.87841146239229584
  0.88838389951046448  0.89851911856757727  0.90874450717731081  0.91803868489323259
  0.92684203028619538  0.93559952642322264  0.94518847460429611  0.95496452172531054
  0.96519370679012484  0.97494696618324650  0.98651602056935928  1.00000000000000000
 -0.00230247985872115  0.00852603783118038  0.01823943236413619  0.02863512533859860
  0.03913308819449869  0.04919854698380012  0.06013055177187965  0.07068412092997139
  0.08210015019646086  0.09189433806348141  0.10162457888696788  0.11114275702007045
  0.12077798796705667  0.13039795793873069  0.13957564098740760  0.14867684682273735
  0.15767706982278928  0.16675159971850415  0.17619724045667121  0.18603922205941745
  0.19610990942275738  0.20666311072828691  0.21828261297680551  0.23061084717706287
  0.24262748966734607  0.25403488692443549  0.26439317926625328  0.27425003412413018
  0.28391364853119860  0.29361710617389664  0.30345995384071356  0.31368544310079416
  0.32482116931895944  0.33646785937674817  0.34815303241885270  0.36009725558398170
  0.37172860581560108  0.38349058946165232  0.39482913762508015  0.40604923738781967
  0.41708414277463279  0.42755092860509719  0.43787900003255409  0.44857281999596416
  0.45900813463956092  0.46963553161971922  0.48072715756741574  0.49373161151992007
  0.50641810381203323  0.51905669952841993  0.53069133623117715  0.54202215989938152
  0.55252075097438325  0.56313399664924557  0.57336343807485557  0.58316646754321810
  0.59309502332387287  0.60262932033718353  0.61196686429774183  0.62138182181871593
  0.63104453859102860  0.64142918591912645  0.65189899141138796  0.66266607852618176
  0.67439331430686322  0.68691303433650419  0.69850773733562554  0.70949006029197914
  0.72119863549858454  0.73112496277699435  0.74022030326962696  0.74927793986716096
  0.75866051682854363  0.76826125313070026  0.77803417381700901  0.78742334722297580
  0.79954497827324889  0.81208956978818170  0.82269271413133460  0.83257949918510132
  0.84186104048881938  0.85100019331524857  0.86023502445749167  0.86894761292958789
  0.87775173935482498  0.88718857498842230  0.89749583588913640  0.90912332775111804
  0.92169476899985270  0.93432027232445780  0.94630431166051188  0.95701843218947191
  0.96750096629965843  0.97785172644350860  0.98859486955993081  1.00000000000000000
 -0.00255016913702741  0.00963775470374189  0.01930760520031450  0.03033779463187503
  0.04110995945843895  0.05259800210920156  0.06382625633528125  0.07543033230649192
  0.08768222835291660  0.10026099417938544  0.11239974396758515  0.12353636595132504
  0.13414364413641566  0.14494627598737930  0.15606081491458373  0.16727221520451127
  0.17820741923785557  0.18889527063048633  0.19963773670823126  0.21012088468922324
  0.22024167992916405  0.23031296098060200  0.23969224462460084  0.24882356236846639
  0.25782478852999646  0.26683313718884577  0.27589268583991294  0.28490252586615117
  0.29394822375384505  0.30326111480073875  0.31272665507866110  0.32255178862866107
  0.33326758805586781  0.34539334687231704  0.35794715301741159  0.37050446067434833
  0.38346535946589894  0.39543559164037162  0.40608510812195164  0.41644648181657085
  0.42682176226929935  0.43701293534487862  0.44694551013982825  0.45671509970455215
  0.46769049250963451  0.47895317484616806  0.49027700321750678  0.50177914474737273
  0.51252595882024743  0.52291387452484117  0.53268413133979686  0.54236937291254717
  0.55188799776946340  0.56122301594587520  0.57051099108913128  0.57984010245625517
  0.58980518785855240  0.60070493286513038  0.61098767380264574  0.62100945430978260
  0.63100569368452619  0.64127566204354625  0.65215184598042086  0.66323681880560448
  0.67425830430551903  0.68504471703201619  0.69556225365486579  0.70580821454869369
  0.71596847843269340  0.72643045080949964  0.73657823388013755  0.74706757917363154
  0.75770885880787775  0.76801554186633281  0.77754405695285467  0.78662536362638269
  0.79675875650075612  0.80771720667522307  0.81892760243782581  0.83018282522273723
  0.84115632507202187  0.85223608785535454  0.86335657867550386  0.87430148296927168
  0.88428935429240285  0.89360885931929701  0.90298833937745127  0.91285639945834185
  0.92318425488740186  0.93427460533509588  0.94550234399095279  0.95674286489689742
  0.96781202752994400  0.97897898888141333  0.98955505609303440  1.00000000000000000
 -0.00243410601565478  0.00924792580523536  0.01954772328363853  0.02980073781359571
  0.04013642613973584  0.04969357354659388  0.05861601468667329  0.06784456652415330
  0.07762605879471007  0.08772392765591525  0.09642015269635490  0.10505729567698893
  0.11404486153230045  0.12364923905628381  0.13333964017228356  0.14319837970717056
  0.15366162462318073  0.16481689322547813  0.17562352780965540  0.18632658946328173
  0.19641319917570790  0.20626034877851065  0.21655748161672952  0.22697205297646131
  0.23771718184702897  0.24857073246278008  0.25910933260482250  0.26959318124048759
  0.28011117179935652  0.29017138977411217  0.29948083504066852  0.30873751541316596
  0.31913263899765693  0.32987800065725370  0.34043578031068028  0.35089764672734430
  0.36192417578797453  0.37282310877806923  0.38306257604808081  0.39327009113376915
  0.40379635923408463  0.41440534913645488  0.42460795273026392  0.43477462639848347
  0.44624853724068131  0.45712219961363637  0.46748865500960674  0.47797588405424851
  0.48940276505777103  0.50200514969886123  0.51520800546232592  0.52810123717979562
  0.54054952774368992  0.55319609596890917  0.56621487004502902  0.57941330047239992
  0.59287445336276468  0.60515848174000642  0.61557598828417393  0.62608081275443406
  0.63684871672823229  0.64817143050523640  0.65821840336915693  0.66830537131495305
  0.67957076726749721  0.69083377217368203  0.70194989514050699  0.71262238848650095
  0.72342677604461503  0.73360699941723917  0.74382181049185714  0.75403019646945779
  0.76414917083280332  0.77498506998178174  0.78634093507243541  0.79825701981031294
  0.81007008176525530  0.82148518785706659  0.83225265393686831  0.84239445187984574
  0.85221319036896104  0.86180049895426325  0.87128083463149308  0.88001841939264780
  0.88863781217045601  0.89795848884687735  0.90738584575194592  0.91696659886384169
  0.92634337105464626  0.93586939420822479  0.94756611710713778  0.95916352881109579
  0.96983462456964398  0.98034747964841418  0.99011737140222622  1.00000000000000000
   8.0049717501389141E-014  -1.0000000000000000     
 F F F F F F F F F F F F F F F F F F F F F F F F F F F F F F F F F F F F F F F F F F F F F F F F F F F F F F F F F F F F F F F F F F F F F F F F F F F F F F F F F F F F F F F F F F F F F F F F F F F F F F F F F F F F F F F F F F F F F F F F F F F F F F F F
  <DiscreteSampler_grid>
  grouped_processes
  1 # 1 for a reference and 2 for a running grid.
  10 # Attribute 'min_bin_probing_points' of the grid.
  1 # Attribute 'grid_mode' of the grid. 1=='default',2=='initialization'
  0.0000000000000000 # Attribute 'small_contrib_threshold' of the grid.
  0.5000000000000000 # Attribute 'damping_power' of the grid.
 # binID   n_entries weight   weight_sqr   abs_weight
    25   10   6.306545924750039E-008   1.117991532156995E-014   6.306545924750039E-008
    28   10   7.507937508936124E-008   1.931646589524634E-014   7.507937508936124E-008
  </DiscreteSampler_grid>
