 -0.00000000880753665  0.00000969486472614  0.00007600826408922  0.00021706113112531
  0.00042709802617501  0.00071443887157109  0.00103871401179678  0.00140547159261121
  0.00183171134173074  0.00232239828811769  0.00283995722666289  0.00341349292788701
  0.00402328857877238  0.00465687480511094  0.00530307491769111  0.00596476106368293
  0.00664537438826271  0.00736195012586127  0.00807053284631746  0.00880810420849138
  0.00955548403177717  0.01028648180446529  0.01103221746110503  0.01181530855204593
  0.01263144356237880  0.01343811250824662  0.01423767059715356  0.01505780675715099
  0.01593175224239513  0.01680224611252034  0.01767518947234539  0.01854185463948957
  0.01943034452623133  0.02043727493345612  0.02146415664777990  0.02247188812713758
  0.02347639080397700  0.02447127837362281  0.02546077242021854  0.02648238779215595
  0.02753921851815021  0.02857633208719948  0.02961307095005381  0.03064115779325493
  0.03167779958575510  0.03269579598526012  0.03370507440748709  0.03477990978382949
  0.03601591347705969  0.03724917301141006  0.03849376386185919  0.03976254463634103
  0.04102920715395927  0.04228212035334949  0.04353035221455877  0.04477450170411823
  0.04606908313773389  0.04747043910642144  0.04890821625479672  0.05034170788849460
  0.05176605651951068  0.05320647072575514  0.05465815039527690  0.05614522878858019
  0.05761532494855408  0.05906425469076838  0.06064255852333743  0.06247269603714294
  0.06433847371959373  0.06622795206047589  0.06814766864780007  0.07006011693433001
  0.07198420792816759  0.07394452177012863  0.07595251733790548  0.07801738765385202
  0.08019213807008248  0.08261125977169294  0.08513081238430220  0.08772759544478771
  0.09041715540140900  0.09322435876630260  0.09616294551010145  0.09923152555351605
  0.10256173116966236  0.10624413985569568  0.11043935484407551  0.11539677355863855
  0.12063146222514309  0.12642437488982639  0.13308527717373750  0.14175300687787531
  0.15756508350778689  0.18837823523066485  0.32084720276915185  1.00000000000000000
  0.00994456047717266  0.01442691531654270  0.02220756707946377  0.03096879165465420
  0.04035543610520843  0.04986877213415761  0.05933716374367164  0.06864293074725959
  0.07799414277777245  0.08770482662043100  0.09790692479564091  0.10822234017607846
  0.11836056460352322  0.12810103198075770  0.13758570498622774  0.14718449417444571
  0.15715532266112819  0.16738889807985488  0.17784860490749718  0.18840805815609418
  0.19899688002454508  0.20969489066343058  0.22044799898186390  0.23126117583582792
  0.24226222193956073  0.25342045115255796  0.26433552512812436  0.27439889944260626
  0.28379374696960680  0.29308461967401755  0.30242366612221033  0.31192315063359849
  0.32169377786438830  0.33168621786519714  0.34201973442173128  0.35257317279844352
  0.36302119704278502  0.37353469701154002  0.38357473090916100  0.39325849212465036
  0.40271242060065476  0.41197086425361501  0.42168445443681302  0.43156514126919659
  0.44149061168169468  0.45152127379645596  0.46178213475418545  0.47235476339507826
  0.48266414883650660  0.49289659627389432  0.50413472540303084  0.51558590127090642
  0.52610708202931245  0.53585764925892965  0.54568277678735744  0.55575602186537654
  0.56590201363166615  0.57622260998957842  0.58694088792063115  0.59814463783208205
  0.60963965927235342  0.62104765061719258  0.63216832920749144  0.64302163415131874
  0.65421660707461293  0.66544062960667882  0.67607721333396709  0.68670949259810821
  0.69800172256046811  0.70995142688769353  0.72162282193986871  0.73378836885784882
  0.74512424480493078  0.75649935825787840  0.76784011510826544  0.77970742476131427
  0.79143917719261214  0.80266128518817037  0.81381157778867574  0.82501427972797969
  0.83586959328796495  0.84633860440155606  0.85678619895851260  0.86750449592197298
  0.87846047254051107  0.88902797853267601  0.89945266873650920  0.90940596722857536
  0.91934451887268809  0.92931406885573931  0.93926249739950951  0.94916178381480454
  0.95915076740997551  0.96957199993373955  0.98032251891336852  1.00000000000000000
 -0.00002000844957846  0.00024485625897436  0.00068475798525992  0.00137073021163837
  0.00228383026103028  0.00344357925317607  0.00480989456772300  0.00637129790556501
  0.00819802585261965  0.01035768207662967  0.01267174841021827  0.01497920920629690
  0.01740111443583139  0.01995344598357363  0.02280316781777832  0.02608128167326090
  0.02957156763203738  0.03305832847946743  0.03669915486098480  0.04051655373869067
  0.04430728124865135  0.04804216372578660  0.05182623234282231  0.05567165587786323
  0.05974208104042353  0.06392040135904165  0.06831050856200598  0.07265109871302594
  0.07704927352286352  0.08182480085174204  0.08664106481380481  0.09143439393465397
  0.09621999161146115  0.10114932399170951  0.10635206162141443  0.11189231709132033
  0.11758267642255503  0.12344698572569750  0.12903527289969174  0.13529688417615754
  0.14175683514756007  0.14828471409116839  0.15499067790866894  0.16241362606908460
  0.17022643279466684  0.17826064292469315  0.18623037721348981  0.19361431595959080
  0.20106460065686360  0.20862750780942091  0.21648386672991018  0.22426628760886355
  0.23212363005987358  0.24018708831995744  0.24863946631207554  0.25766043531353516
  0.26691824079226129  0.27624534479430352  0.28543726695980315  0.29491289757416028
  0.30441382816276352  0.31403737976876522  0.32371886024808633  0.33335027671561995
  0.34295286367380379  0.35217000202999976  0.36131217626101481  0.37039543964193017
  0.37919500194730194  0.38879372585645289  0.39865370652605370  0.40855584082500113
  0.41875664378349414  0.42942927109595602  0.44110065954464323  0.45224194976003301
  0.46340066266179825  0.47598232800361612  0.48997061451070584  0.50437052147098582
  0.51923480463378158  0.53402449665232410  0.54886625170894110  0.56379008599154834
  0.57862852901912709  0.59300779303877815  0.60706068386147261  0.62089867025285828
  0.63476746962592367  0.64814328482464056  0.66114023896368057  0.67436635551591806
  0.68841643706065025  0.69911697709199982  0.70014621829090207  1.00000000000000000
 -0.00286582176516151  0.01087460647074684  0.02227324825393147  0.03384993895365122
  0.04459388084263781  0.05502752258315851  0.06533652557153068  0.07543291161744317
  0.08545193268462917  0.09549229889300753  0.10590882274686222  0.11626202305833735
  0.12743028900177109  0.13932337836177858  0.15033327984951070  0.16071224898147451
  0.17093137710289133  0.18089488995503630  0.19061614276553226  0.20046481593995669
  0.21019770615750086  0.22038090704786215  0.23097215872994994  0.24257289560607787
  0.25374403389475458  0.26422264530495909  0.27393580535693135  0.28404579060397317
  0.29375886910350396  0.30345860019306331  0.31321659834517357  0.32371255625638851
  0.33403223945371191  0.34491818443637001  0.35509907364265869  0.36687736605312066
  0.37774194685423118  0.38814228602946593  0.39849277700084801  0.40874588002066731
  0.41889187651546572  0.42870038326359672  0.43832135424869861  0.44826127742794886
  0.45842851823336600  0.46936933181992480  0.48062641593954375  0.49181225274713170
  0.50241016379718051  0.51276728201786514  0.52277068839852203  0.53255137472044556
  0.54266207684027090  0.55294227464922774  0.56292181586441525  0.57266427923960683
  0.58260162490263090  0.59304591193985179  0.60377781946170694  0.61482033474385478
  0.62637909333086172  0.63795805896701618  0.65009180317730753  0.66225730549395945
  0.67355326271747518  0.68393115385740233  0.69353418651891474  0.70286934305145443
  0.71212681203957628  0.72138127031459853  0.73100067755442433  0.74125691823250417
  0.75153548677193260  0.76176660233605609  0.77201722696300767  0.78257501677318331
  0.79294031375199570  0.80301252081920271  0.81339174029133199  0.82485364780501336
  0.83646476479280563  0.84748399871368374  0.85867251396977973  0.86971486437254797
  0.88082939436893004  0.89210645607231132  0.90311398338426407  0.91398883565501865
  0.92512878689579936  0.93630338681200709  0.94661097155831275  0.95641551920773060
  0.96709047364950618  0.97781583773168157  0.98857510109409186  1.00000000000000000
 -0.00198054884568568  0.00800191857358372  0.01717748908048746  0.02663233175226302
  0.03654265527796423  0.04637421391651645  0.05657565845830260  0.06673036966443724
  0.07695448362938730  0.08667218127428145  0.09602146224670716  0.10540175613471470
  0.11512274144912342  0.12502765985340358  0.13538511772064496  0.14606402030794302
  0.15759096848198095  0.16880179427458319  0.17999894567469138  0.19060108408152013
  0.20073037093386070  0.21145650551550776  0.22271715404888306  0.23414474123931239
  0.24511427842802169  0.25620658917520339  0.26768433985703838  0.27898981998276040
  0.29038043523968055  0.30193340286928388  0.31313151748008811  0.32341857775607424
  0.33301870204118805  0.34234129643887617  0.35164186407358750  0.36115074333557223
  0.37110920682344051  0.38120844015682992  0.39139225493794688  0.40180962792421271
  0.41251254187573100  0.42341001578378312  0.43432707565012163  0.44523734881494870
  0.45612968887163596  0.46653618339805591  0.47648682820267779  0.48622357281424072
  0.49596689339249694  0.50573460747977805  0.51532492934305729  0.52507655190538960
  0.53544382974844595  0.54623664953567974  0.55688409966215402  0.56750045879368116
  0.57836010483536870  0.58988714819064580  0.60188772823727976  0.61337611571863693
  0.62409032220276406  0.63467246043084014  0.64541747640738845  0.65647569043252341
  0.66718383413015936  0.67740116223582980  0.68737172244982470  0.69726289592498769
  0.70730351366351318  0.71769292193100809  0.72805468653430028  0.73852551923205834
  0.74937418235391073  0.76009574972847627  0.77090314885036348  0.78159822292278680
  0.79250770317217867  0.80390860561541944  0.81569169263563890  0.82815105653373289
  0.83937737656040989  0.85030333972542493  0.86159743065832084  0.87307103605562542
  0.88426013998892428  0.89528716485922910  0.90692244780530828  0.91796243207634798
  0.92805717278679711  0.93823844804429490  0.94844178102218168  0.95847592222772970
  0.96857831642549808  0.97833194260094347  0.98918036506813900  1.00000000000000000
 -0.00219944359078389  0.00844756448061747  0.01724924805149361  0.02667136735744029
  0.03607046686731302  0.04530290551955084  0.05499148090053842  0.06504486254207306
  0.07629928669087893  0.08750208165001960  0.09827932549700866  0.10912072407810285
  0.11997692114469112  0.13087716636938221  0.14207577927349474  0.15304492907526349
  0.16356920866338345  0.17439578650779244  0.18515022965975966  0.19555869532970424
  0.20530002606721898  0.21616384996799295  0.22761352651937172  0.23867875173420317
  0.24966621331928940  0.26218357251652658  0.27456404709356402  0.28573852323024851
  0.29669832331986729  0.30761602926728548  0.31903321031555060  0.33076966119398699
  0.34166247336615074  0.35201851183998611  0.36249093669186400  0.37290430471535485
  0.38292268408511720  0.39258211070881660  0.40341658993126994  0.41480716039402221
  0.42581786074877226  0.43631037514962456  0.44661937489835285  0.45707662470866961
  0.46701691998188949  0.47622572395858065  0.48514190873233853  0.49420749690801413
  0.50364537085884420  0.51342724958810593  0.52339438296975138  0.53366651673464127
  0.54368684323499139  0.55351965690421823  0.56341298568239595  0.57422371506217618
  0.58509672073706809  0.59644875560932742  0.60767218066374151  0.61905623691327505
  0.63049320123244046  0.64142449773643084  0.65288657595613675  0.66387336435962419
  0.67527358419629824  0.68633507422854889  0.69760377622616276  0.70846133426661939
  0.71925749921913673  0.73004163223853769  0.74037216521515425  0.75044544850788653
  0.76056512206973892  0.77105488042028492  0.78216559154956389  0.79350877443646617
  0.80523911858195696  0.81604147678734718  0.82603051692935270  0.83634142655872146
  0.84660056251731364  0.85681085270824253  0.86661699345005849  0.87677838186394208
  0.88872025025345769  0.89998190199516548  0.91042895765260046  0.92113209488707215
  0.93202700128191196  0.94237093655708448  0.95226752984557117  0.96211183251250065
  0.97207017028416431  0.98191553870500736  0.99111974535443326  1.00000000000000000
 -0.00258626601744652  0.01006250098517216  0.02079633427435741  0.03113536595891453
  0.04124610156477460  0.05131566184323203  0.06163962424750122  0.07228488925259841
  0.08280884346317702  0.09364460701634568  0.10478717007677917  0.11694268080861930
  0.12882532172646172  0.14012118398333870  0.15083563663658214  0.16090518023507269
  0.17054284588174051  0.17995384278189916  0.18992895418611985  0.20094132375186394
  0.21207066301817834  0.22255784462341471  0.23241758414136490  0.24180724936756762
  0.25078371057716931  0.25978399661099039  0.26853903517660327  0.27784714621197737
  0.28770707633198533  0.29804265691922127  0.30881771678359843  0.31933375029405214
  0.32999989252211015  0.34098862792471701  0.35197919954421902  0.36297888731113581
  0.37403090661505650  0.38469574807555884  0.39553221633631702  0.40595529400813185
  0.41611597779771886  0.42603420199794217  0.43572210838928155  0.44591080233908997
  0.45630334434110842  0.46655442179752155  0.47668390911466385  0.48711659224895248
  0.49766422087513335  0.50876686810527394  0.51954726972207843  0.53076514697874866
  0.54157045085930511  0.55316011194291070  0.56444107392947052  0.57613952803807267
  0.58761367360556971  0.59913892864993556  0.61010452919851110  0.62076622852331154
  0.63092884972388064  0.64082406363912758  0.65058665736670540  0.66029355966243586
  0.67064591504391113  0.68155110209040981  0.69246624840968374  0.70343763820625760
  0.71491066447481122  0.72718732961181376  0.73900982927470282  0.75023352003531762
  0.76122397690525234  0.77220721643483747  0.78289699573357963  0.79377657044960903
  0.80523495480978458  0.81630944003870198  0.82638652455122352  0.83585225195325530
  0.84516833810236414  0.85470219101083389  0.86401326540408740  0.87317523804008301
  0.88298081083387714  0.89301941021376396  0.90295970529478198  0.91295424791869206
  0.92319989354887855  0.93358721676043410  0.94393242949416911  0.95420366084501429
  0.96495433660955432  0.97652832524630817  0.98823480320231361  1.00000000000000000
 -0.00254496874530728  0.00989676309783120  0.01989913658466769  0.03058818942334229
  0.04078400537832125  0.05063932684150951  0.06023263314478995  0.07148499245170092
  0.08283058794807871  0.09437970257607359  0.10569787576052485  0.11697424018250965
  0.12773281216845192  0.13805026470188395  0.14815289832885126  0.15801941672043618
  0.16774237812610582  0.17720179214601339  0.18683617154181473  0.19701703023076708
  0.20751160553844580  0.21789999489569098  0.22820009343267184  0.23888263740895879
  0.24932631581094233  0.25916832604150308  0.26901372334195350  0.27953750226396235
  0.29087644091896225  0.30220724959734385  0.31344131578589440  0.32441945002260913
  0.33539509920876237  0.34615422486764236  0.35722013499724214  0.36816355113302429
  0.37902074654164702  0.39014341303371175  0.40212591502994971  0.41467257972663052
  0.42694184132255208  0.43853463735937215  0.44932188533099593  0.45967675843503319
  0.46991649899532090  0.48018390459159505  0.49045818850135353  0.50080931870402379
  0.51161592140128009  0.52271169545665597  0.53398080430711081  0.54531304689441462
  0.55633408089450764  0.56720908297542694  0.57802007028518865  0.58859556131422253
  0.59872400582154550  0.60887095180346151  0.61920712318765814  0.62951800420598136
  0.63976403804096638  0.65065223426039609  0.66233149115937073  0.67379061170720644
  0.68475750853658224  0.69528707751268348  0.70564983355485034  0.71589162036309373
  0.72588609530178050  0.73593099335660928  0.74641451617589849  0.75744741189718512
  0.76856179041999062  0.77895894677641841  0.78905546204649324  0.79934756989251854
  0.80969587453120351  0.82008324642303099  0.83074686356141969  0.84183408773972257
  0.85287910172660830  0.86343184110692783  0.87363532369463848  0.88374428950425987
  0.89395342898789865  0.90395013948198799  0.91360534653214154  0.92339275884816985
  0.93333014918378354  0.94312132900356549  0.95273542784762000  0.96222820548337828
  0.97178181596165303  0.98122455666600361  0.99064434176015825  1.00000000000000000
   4.4291002045232228E-015  -1.0000000000000000     
 F F F F F F F F F F F F F F F F F F F F F F F F F F F F F F F F F F F F F F F F F F F F F F F F F F F F F F F F F F F F F F F F F F F F F F F F F F F F F F F F F F F F F F F F F F F F F F F F F F F F F F F F F F F F F F F F F F F F F F F F F F F F F F F F
  <DiscreteSampler_grid>
  grouped_processes
  1 # 1 for a reference and 2 for a running grid.
  10 # Attribute 'min_bin_probing_points' of the grid.
  1 # Attribute 'grid_mode' of the grid. 1=='default',2=='initialization'
  0.0000000000000000 # Attribute 'small_contrib_threshold' of the grid.
  0.5000000000000000 # Attribute 'damping_power' of the grid.
 # binID   n_entries weight   weight_sqr   abs_weight
    19   10   1.755134420643325E-010   7.523320307406115E-020   1.755134420643325E-010
    37   10   1.983757045309846E-010   6.462094047451319E-020   1.983757045309846E-010
  </DiscreteSampler_grid>
