 -0.00000000283713891  0.00000187389412762  0.00001397099757843  0.00003968491597823
  0.00007787795343652  0.00012911723620994  0.00019045103385825  0.00026400856381868
  0.00034615305386321  0.00043487196908170  0.00053340583251221  0.00064036814256758
  0.00075756630370273  0.00087948984609952  0.00100663235666295  0.00113695466275723
  0.00127385235310707  0.00141774644134949  0.00156622716073894  0.00172174905499254
  0.00187850755031712  0.00203977558167172  0.00221149894539178  0.00238086754510809
  0.00254193355682373  0.00269749423077131  0.00286572469887882  0.00303902328323402
  0.00321384136222543  0.00338962336759221  0.00355979371198901  0.00374292852213695
  0.00393066645927264  0.00411555694901782  0.00429936435579189  0.00448466602952842
  0.00466972498830558  0.00486769416685655  0.00507495792056447  0.00528136846747766
  0.00548448553070779  0.00568460369764930  0.00588041531753500  0.00607075453817385
  0.00625724504086982  0.00644500706463270  0.00663561982624872  0.00682422450453711
  0.00701047077205555  0.00719402042181484  0.00737595553677059  0.00755804966260203
  0.00773935266469148  0.00791836546924211  0.00809622902325258  0.00827075618833212
  0.00845420900866022  0.00864858050208126  0.00883940401149119  0.00902617196748280
  0.00920940276635923  0.00939026344804664  0.00956940898094582  0.00974639988826801
  0.00992441834189915  0.01010342612423267  0.01028332522092870  0.01046365676200513
  0.01064736933225876  0.01083651647891498  0.01102833190138173  0.01123631016160552
  0.01147982627300653  0.01173070886194594  0.01198865922844331  0.01225578513539668
  0.01253233586462036  0.01281865467389690  0.01311992975903374  0.01343234780930959
  0.01375441154807252  0.01408796911811450  0.01444238229199818  0.01486856314417826
  0.01538864091488183  0.01597507287275917  0.01661887615202661  0.01728691417387052
  0.01805298644590282  0.01884912621828821  0.02003764806091224  0.02180101918130673
  0.02418812413749598  0.03196892765977345  0.05020996231887593  1.00000000000000000
  0.00925988803655034  0.01634833703703448  0.02580946874423871  0.03492838082664863
  0.04427481558749279  0.05428272787536914  0.06443681937675858  0.07434791211916905
  0.08457500823269989  0.09608870476171578  0.10738356866002226  0.11727656714955464
  0.12666229843863611  0.13602724030251453  0.14567861679543492  0.15551440383411963
  0.16550874844098060  0.17586821258856966  0.18653924564023192  0.19756190614846011
  0.20878379114618278  0.22041652112225388  0.23287724711904118  0.24569184817782130
  0.25753728886272054  0.26785884512185842  0.27823457835602028  0.28871659186756671
  0.29868270330642444  0.30817343539145731  0.31733015964913847  0.32692007859304395
  0.33630136734927840  0.34531823528340821  0.35430504720324707  0.36342854303572936
  0.37248726830643730  0.38167275695220165  0.39110215069630638  0.40124468213224723
  0.41225957402250296  0.42382761434640903  0.43573329398484217  0.44776661841651588
  0.45954267805498977  0.47076044142855833  0.48170934827173512  0.49272821230253466
  0.50359722310926802  0.51496706395307745  0.52689161111013261  0.53989877782866713
  0.54995718054642673  0.56014505070662390  0.57037060710419574  0.58037787792606277
  0.58995819185016762  0.59931273299742682  0.60938678130124868  0.62063017739145532
  0.63164105930847980  0.64315080091124011  0.65311532331345268  0.66320527780066041
  0.67348808249392944  0.68393001333657888  0.69478107446063919  0.70562499848809135
  0.71614083050460331  0.72615732672865285  0.73592759379752426  0.74534069343242859
  0.75496249200207621  0.76431163411828074  0.77390862502864421  0.78421752069245609
  0.79517873081868917  0.80674218167843692  0.81803214179840300  0.82907913631618113
  0.84060807823316597  0.85247434916414466  0.86426865992398072  0.87515432899996248
  0.88586466858852364  0.89656987305790992  0.90732295247545047  0.91828164655497790
  0.92841803520585464  0.93863949284312731  0.94878435951058726  0.95958485896856804
  0.96987323999304309  0.98101486034582319  0.99146947799965446  1.00000000000000000
 -0.00002236269550696  0.00027768688037328  0.00078065530303273  0.00158362095099876
  0.00267651138481953  0.00417463870253749  0.00585667935798014  0.00788422742235016
  0.01013087995893201  0.01254615599750043  0.01502341836448724  0.01778530070961544
  0.02094404592671489  0.02428148994787702  0.02782962585638351  0.03155818636431642
  0.03559976729178847  0.03965923442036385  0.04365902071992173  0.04780361258135198
  0.05220533400638577  0.05675779341168531  0.06137290881486496  0.06614361358611796
  0.07086164929357253  0.07559869395340521  0.08050732955531162  0.08561290560188184
  0.09080320168800100  0.09619195925068469  0.10175914552820048  0.10741847263405620
  0.11313069215698440  0.11901042557989849  0.12506312215151558  0.13129460185172748
  0.13784428448750738  0.14464094326029125  0.15153934453131065  0.15845690054755210
  0.16535979077584151  0.17238199435251614  0.17952080567299203  0.18688307457471112
  0.19436640722585458  0.20249285443319726  0.21091062484217712  0.21905347965663233
  0.22816046714422966  0.23753024352010677  0.24720892722168480  0.25758763377926258
  0.26856718321742917  0.27921592547237739  0.29017153768266685  0.30122472946528189
  0.31220748719166741  0.32337512898601178  0.33490197002885147  0.34682386744030830
  0.35917269178473588  0.37210944668095636  0.38577846817915323  0.39993076529351756
  0.41428661332556177  0.42833083757417928  0.44175529224974219  0.45538311181654240
  0.46935284532164512  0.48358777755253202  0.49764831452401076  0.51124679709462173
  0.52506638551739004  0.53930523677478559  0.55406295485918944  0.56928455376349718
  0.58444434208556628  0.60091644273908251  0.61755082978413389  0.63370711955788195
  0.65112361595115842  0.66955323506208098  0.68862055117444532  0.70837049298967769
  0.72836220963157527  0.74947730375844701  0.77092079003991998  0.79189825824716209
  0.81434142131880283  0.83941616255107310  0.86351798433991356  0.88698340604298243
  0.91239965894432185  0.93759357455173042  0.95871185698761352  1.00000000000000000
 -0.00240542373788011  0.00904267383923975  0.01880628013053860  0.02955883444113776
  0.04013503992900967  0.05142871503291773  0.06260128085078140  0.07292412825825312
  0.08297059959254198  0.09285069654012083  0.10290110829964355  0.11324544099125280
  0.12362680433203385  0.13423300961971407  0.14447189616108122  0.15388011182186087
  0.16337616090121795  0.17238136978372304  0.18111952553001534  0.19003066469840149
  0.19897642156191464  0.20805163995515166  0.21760479455658630  0.22742106176398869
  0.23797779041055281  0.24911264551989409  0.26040484591955282  0.27166731966857322
  0.28274617016778414  0.29341437457194480  0.30407982565635672  0.31440077007110212
  0.32488448421832056  0.33527347091135484  0.34600435885141029  0.35686968475178532
  0.36814785955953427  0.37929304472068237  0.39036532741658048  0.40101188458377252
  0.41142338517952332  0.42184516960096896  0.43269530410189333  0.44369021128998026
  0.45477117603279638  0.46578992188284551  0.47640186438603699  0.48659518593138046
  0.49645293778261151  0.50711093809303853  0.51882999207324965  0.53135899574359846
  0.54422094067548499  0.55676607052515703  0.56912350295323466  0.58103295418810186
  0.59272654339981512  0.60383398702468516  0.61468241687285619  0.62539781557084695
  0.63638916914865462  0.64712535159523576  0.65769714316431871  0.66833376664626321
  0.67899900591090201  0.68931991161144024  0.69957408761343398  0.70982488453978299
  0.72005828317475562  0.73006548926840020  0.73987100524874194  0.74971693808382989
  0.75996740060024659  0.76996998417208384  0.78013177018195390  0.79000942208202840
  0.79965462747539895  0.80917381864185223  0.81883419949451108  0.82833443232489634
  0.83783450409409466  0.84737769881807334  0.85721956607391903  0.86743094623811268
  0.87756304482228453  0.88751678981905280  0.89726753000149151  0.90711131426032443
  0.91739042255270054  0.92809457025843201  0.93926663429233692  0.95063955207410600
  0.96258082796799849  0.97572345531376459  0.98795738616751749  1.00000000000000000
 -0.00288114234803882  0.01045753536346098  0.02182823890719874  0.03273812943251049
  0.04338719460061240  0.05372003933630837  0.06373121970607604  0.07347255964040671
  0.08328574705169284  0.09338108384939912  0.10315179306793323  0.11299344040994136
  0.12302516317052448  0.13343907827120507  0.14379725220595438  0.15370601441994783
  0.16333392781525510  0.17311447956264842  0.18308187012818691  0.19320593273927980
  0.20304789549651778  0.21332571665209160  0.22490613353344421  0.23709197712621502
  0.24903289784702504  0.26213224552493231  0.27499606514274905  0.28814797846093249
  0.30114825315323224  0.31328762881968819  0.32393673261499895  0.33396205632562431
  0.34350627244751847  0.35304553247241449  0.36266825439900374  0.37243921491788928
  0.38265897255784503  0.39304666722366466  0.40382421301510690  0.41454662277750687
  0.42484129289288136  0.43520640411777728  0.44604918485548367  0.45782411223911079
  0.46837848383299108  0.47964913617109584  0.49077409185224319  0.50165189998826643
  0.51218642859208829  0.52262051854930014  0.53330338545062284  0.54401544689536430
  0.55475950661583817  0.56610395356912291  0.57723395585164827  0.58805268474009131
  0.59884126834164031  0.61040725143135166  0.62245611483687513  0.63381124785360432
  0.64470301705793653  0.65549125043132339  0.66654164736349597  0.67732815021823434
  0.68765926973895986  0.69807842352296257  0.70863887715243778  0.71957523719606975
  0.73057087472063065  0.74138324956496138  0.75237610442482616  0.76343530233526746
  0.77430683289105673  0.78454729124167644  0.79397517236414139  0.80314363721036364
  0.81240450988958868  0.82182704241857207  0.83124057692573350  0.84083730529661882
  0.85058976828199073  0.86056169723526910  0.87085103226808303  0.88052820638979945
  0.89005908803689215  0.89981062037475901  0.90916741579292493  0.91840837764297012
  0.92783981569169927  0.93786895358382372  0.94881949542345023  0.96020287925541348
  0.97131545811431741  0.98129330496947131  0.99052656672777040  1.00000000000000000
 -0.00254565418363844  0.01009550547212024  0.01981844973386569  0.02927234605920766
  0.03867451664493539  0.04929628730245007  0.06189967410500243  0.07247390057964394
  0.08360570810705306  0.09355124344341979  0.10379594781789887  0.11336968723557037
  0.12308619561886808  0.13299092842721130  0.14289052565212051  0.15287240179328640
  0.16289930409358644  0.17313450205047504  0.18357398358749108  0.19430266721842804
  0.20516531811305930  0.21682127183746885  0.22896506478163298  0.24102056046905981
  0.25271825779475510  0.26421223146850670  0.27540754252484545  0.28633151877635443
  0.29710861426089602  0.30764633239621958  0.31810079647691042  0.32852158903998502
  0.33896321471609325  0.34932470470884947  0.35977451887687090  0.37059152982438848
  0.38168809057269082  0.39297139740695286  0.40389746721928754  0.41462929652276642
  0.42534247396787939  0.43574234660772659  0.44593555820867309  0.45613179315875046
  0.46676509375874797  0.47710953471932799  0.48715919468322666  0.49681942648626393
  0.50618985080565948  0.51539551977566811  0.52514180260999632  0.53509111188676872
  0.54552062300468585  0.55632554177047011  0.56768107760691755  0.57943674277057311
  0.59039346187406327  0.60087361294772124  0.61115192773152560  0.62133122346404002
  0.63230467195529449  0.64345707556911691  0.65424945973435511  0.66501505296978602
  0.67531542642726794  0.68537421032178036  0.69523384105332275  0.70479809179121111
  0.71416586389773384  0.72361948434187140  0.73337315388617308  0.74322805272198234
  0.75302725636583479  0.76279046042727150  0.77277529639747089  0.78330377780420446
  0.79412505080229889  0.80504366630692281  0.81573779609122476  0.82629303899386430
  0.83701268872313050  0.84799316480490639  0.85890498258118897  0.86958037945987066
  0.88061236110912133  0.89179881036452391  0.90312310000669749  0.91430004961607336
  0.92546283383385530  0.93664369256085855  0.94790244579537841  0.95883091088573136
  0.96937425516474529  0.97960257536492235  0.98959571029064608  1.00000000000000000
 -0.00195138587326378  0.00828667199698579  0.01718418294827747  0.02681696312226202
  0.03620126694907928  0.04519140370434894  0.05425996007765792  0.06403933201851419
  0.07470540078914979  0.08509666254286384  0.09456363998494106  0.10384514562426340
  0.11337271612210779  0.12291747011102069  0.13239126754493255  0.14184341359543992
  0.15188090843911198  0.16271752503139508  0.17402327687136568  0.18555675961104753
  0.19704086581975738  0.20810171531657887  0.21871993427334385  0.22909150111604995
  0.23915849880975978  0.24868478798033256  0.25814952184574175  0.26767289584653237
  0.27744825380661919  0.28772442116882324  0.29853352525616600  0.30945660265498137
  0.32041285327731323  0.33142914251495947  0.34246142847649230  0.35343729248818612
  0.36450897806208588  0.37573461747772768  0.38676070094280546  0.39751769116686470
  0.40808413753697176  0.41839662563313218  0.42863154687822069  0.43922284629007513
  0.45032111857794072  0.46191343376496147  0.47429341030036620  0.48715315481942284
  0.49993265233040346  0.51170760882553989  0.52300889335490230  0.53455660522002302
  0.54605677151955356  0.55754770485214777  0.56917268972051482  0.58039607871252841
  0.59134847135319779  0.60271126834759314  0.61345610669471873  0.62425338994742641
  0.63523479854897824  0.64586700029982025  0.65615987411669263  0.66651480832850929
  0.67771385197976486  0.68875676995337776  0.69934226571151437  0.70977571942826889
  0.71989739636466354  0.73071541216489788  0.74231545560737611  0.75366551568028717
  0.76468020632808098  0.77571005785161729  0.78669762639493712  0.79703270896056422
  0.80647046887816598  0.81553489548851843  0.82452727879968590  0.83380191682874916
  0.84258858582384122  0.85152577775252714  0.86106874151887924  0.87084829316600632
  0.88055242386844346  0.89013834945220416  0.89975530921279590  0.90976639548283444
  0.92015376999738463  0.93105829609815927  0.94250542039925311  0.95413405591455758
  0.96587662729600487  0.97738623545928860  0.98880352326139875  1.00000000000000000
 -0.00245337022455745  0.00978587089055973  0.02020706430341631  0.02981126806692703
  0.03914862311501488  0.04825439574659448  0.05783473652189377  0.06808245345886089
  0.07796451563134693  0.08814197712476421  0.09877258102432700  0.10967075490128106
  0.12063785504010091  0.13227178166594949  0.14415723018263799  0.15499206009254776
  0.16498116403043953  0.17488028479549877  0.18497588870234261  0.19501845523857422
  0.20545433624863979  0.21601487974274003  0.22696712287795678  0.23649685949681395
  0.24619462314810159  0.25640661709999962  0.26691272620269896  0.27748610073036678
  0.28729619491231295  0.29757710985345481  0.30798689455976386  0.31836147340583520
  0.32907327391439517  0.33995845088051524  0.35079538841809105  0.36224240768385857
  0.37328788732441581  0.38375555123645333  0.39431731850342211  0.40528483390308156
  0.41646203287282885  0.42738785052169909  0.43828040074709190  0.44988777176407402
  0.46144234626053393  0.47256124062674265  0.48348919534604573  0.49454143257827865
  0.50579853790265072  0.51704945883576281  0.52807811603157007  0.53890664265840471
  0.54966830486357177  0.56070535860635373  0.57198938632791729  0.58326695956530250
  0.59472306536640673  0.60589288570049771  0.61668352674516991  0.62762056541875910
  0.63848753889670384  0.64890278338716656  0.65887027370671536  0.66936244782917242
  0.68074966402504256  0.69215146883661938  0.70324663587802694  0.71395103304035223
  0.72439961503609940  0.73449063688660909  0.74444416999441543  0.75416475811418415
  0.76393146652149146  0.77379735046327791  0.78370734616495730  0.79318308232780610
  0.80220692450788367  0.81093615733696300  0.81992420371128905  0.82908180658940545
  0.83866404181101184  0.84862710409027953  0.85882621123390135  0.86936777890009886
  0.88006901228974388  0.89092365865838141  0.90178473150492078  0.91267829972919823
  0.92367002268236664  0.93461367701747489  0.94560712922753687  0.95680116804875825
  0.96787079415072041  0.97902447010581817  0.98967353615521392  1.00000000000000000
   1.4694098284588252E-012  -1.0000000000000000     
 F F F F F F F F F F F F F F F F F F F F F F F F F F F F F F F F F F F F F F F F F F F F F F F F F F F F F F F F F F F F F F F F F F F F F F F F F F F F F F F F F F F F F F F F F F F F F F F F F F F F F F F F F F F F F F F F F F F F F F F F F F F F F F F F
  <DiscreteSampler_grid>
  grouped_processes
  1 # 1 for a reference and 2 for a running grid.
  10 # Attribute 'min_bin_probing_points' of the grid.
  1 # Attribute 'grid_mode' of the grid. 1=='default',2=='initialization'
  0.0000000000000000 # Attribute 'small_contrib_threshold' of the grid.
  0.5000000000000000 # Attribute 'damping_power' of the grid.
 # binID   n_entries weight   weight_sqr   abs_weight
    25   10   1.620601833213913E-005   5.987550233213072E-010   1.620601833213913E-005
    43   10   8.341597110648742E-006   1.238334816085415E-010   8.341597110648742E-006
  </DiscreteSampler_grid>
