 -0.00004316913093439  0.00032258646485013  0.00087509295391332  0.00151794934518202
  0.00214701222428532  0.00275753264833834  0.00343891991900973  0.00413356267002099
  0.00481052920436826  0.00549463333047215  0.00623551102730702  0.00696630635747905
  0.00764520445648324  0.00831523339876053  0.00900245375759055  0.00967909229551122
  0.01030887701800790  0.01093266883228484  0.01160101485886882  0.01242355126605962
  0.01397958097223338  0.01731532443074685  0.02035561910370841  0.02240068165420444
  0.02428778285664982  0.02617362884628771  0.02798417827311723  0.02976555029358376
  0.03154261969701566  0.03330887434815767  0.03506967341062767  0.03670477347356852
  0.03822911259810881  0.03970808300280066  0.04129954585315360  0.04299667419636934
  0.04467971930233419  0.04638093027095248  0.04809629677620795  0.04983771435719193
  0.05160714217435129  0.05348268731710654  0.05545285794976024  0.05741652260290613
  0.05934940977107946  0.06127730962435358  0.06320093283157562  0.06500220010488315
  0.06697372345097322  0.06903325634889820  0.07113346405945976  0.07322833628040877
  0.07530262692957526  0.07738609623469191  0.07948465949358269  0.08162658339453430
  0.08386439570265565  0.08612487520843853  0.08834694551605819  0.09058841290055021
  0.09282736727222690  0.09509039981365833  0.09734524193020924  0.09959977623407526
  0.10187594591953238  0.10416634231302355  0.10656110292973189  0.10901103894091964
  0.11159206832484878  0.11421322170858707  0.11687648597770711  0.11962845502394374
  0.12261293862002808  0.12574222713522951  0.12909523374464182  0.13237060506998696
  0.13570296356762834  0.13911574455917003  0.14265352876777321  0.14632217157648122
  0.15016395723120912  0.15432742548929282  0.15900885292238576  0.16408094421196434
  0.16961959753628059  0.17566883668672587  0.18233393555820346  0.18990005580059843
  0.19913740566186994  0.21152025996774163  0.22852274560972569  0.25328094939307683
  0.29503174298406587  0.39356273509713563  0.76553146266047833  1.00000000000000000
  0.00888447212271414  0.01775189663065335  0.02848366970852797  0.03871260370847680
  0.04809605890816207  0.05870269655422279  0.06952429679739530  0.08084225778321298
  0.09200561776258770  0.10255525600797127  0.11275450681775044  0.12304934788781924
  0.13346234071321261  0.14409067034982675  0.15436567459250233  0.16411892793235688
  0.17311110448022923  0.18230633472757096  0.19228247490225978  0.20258538382680097
  0.21234763666364853  0.22189805937703935  0.23175318070196455  0.24198543689378374
  0.25206843159166414  0.26146574468703915  0.27079346104169161  0.28058840870611029
  0.29080345285443393  0.30220842530391068  0.31396601771467847  0.32510928014282781
  0.33645914330040494  0.34781049516670037  0.35917833586204884  0.36982964071286822
  0.38066439353735798  0.39167022224345721  0.40209955251422963  0.41265831132086428
  0.42306893170876181  0.43347713393868526  0.44365131174038425  0.45400529088939101
  0.46478605517559007  0.47523049542871082  0.48560548091874478  0.49540542755955458
  0.50527985088720151  0.51483776085820088  0.52469732778728595  0.53488621559859029
  0.54561194489050280  0.55627981029516871  0.56676023126039465  0.57724373623713232
  0.58784285095575028  0.59893058333049531  0.61015245140886398  0.62089757875820184
  0.63116814316388115  0.64132340158282919  0.65177870039287678  0.66280554839147299
  0.67394481048658783  0.68457415313560543  0.69432340801239123  0.70390467789032884
  0.71374965564235093  0.72424098032912398  0.73500085127169601  0.74592652363457734
  0.75672525511823874  0.76759345723121630  0.77807872282905388  0.78806764929586914
  0.79796103628103321  0.80785768216135145  0.81852071071101118  0.82956228522658004
  0.84042821492839792  0.85153181565764535  0.86230596454682951  0.87344173258422875
  0.88478096003107898  0.89557911605811324  0.90526999583112355  0.91467875315584324
  0.92394532432214427  0.93318296495213482  0.94298534173883819  0.95291053126377212
  0.96265164554404048  0.97364751448059816  0.98561720087514659  1.00000000000000000
 -0.00002454704758068  0.00013218816130405  0.00027609589621339  0.00043634806197203
  0.00062134576612483  0.00081548282448368  0.00102710886969954  0.00124734061374545
  0.00146926082469519  0.00168569373667731  0.00191132701068653  0.00213560037527811
  0.00235652668161033  0.00257295704724132  0.00279103277182428  0.00300335437812733
  0.00322469194099729  0.00345353497617079  0.00369425341786043  0.00394864190455462
  0.00421052084407304  0.00446639585753445  0.00472208685606522  0.00498014755139090
  0.00523884281112394  0.00549257641846607  0.00574458590925138  0.00599823216841723
  0.00625227019289150  0.00650621610187407  0.00675818009140204  0.00700875178704161
  0.00725341197596858  0.00749036775579424  0.00773732702205080  0.00798625609490016
  0.00823411135430702  0.00848484316433244  0.00872373615884311  0.00896844452845679
  0.00923779765654446  0.00951756603671604  0.00978958937425903  0.01005590490494188
  0.01032413565541273  0.01060273731477791  0.01089820901221895  0.01119231443121176
  0.01147561878483269  0.01175698356159355  0.01203375649806515  0.01231056556093233
  0.01259255331703986  0.01289120143912157  0.01319026687665716  0.01347490724736791
  0.01374366995753066  0.01401431554448062  0.01429007912081726  0.01457645239291127
  0.01486850506052632  0.01516440826570115  0.01545853321173590  0.01575212923969346
  0.01605419931340038  0.01634685932819603  0.01662972661118361  0.01690753493161852
  0.01718749132922219  0.01748373877927108  0.01778906175963702  0.01809340002846474
  0.01839701355185217  0.01870308926745433  0.01902344813732150  0.01935790290214481
  0.01970536291075495  0.02004776372270622  0.02038597807981183  0.02071532935249960
  0.02107359191930721  0.02143005286155737  0.02177582548865546  0.02211485599142006
  0.02245854898026524  0.02281068904791030  0.02315969518349922  0.02351263735153976
  0.02388210208879584  0.02425803176302615  0.02463821261578608  0.02501122468836865
  0.02536092138656204  0.02569483421443085  0.02596411147808428  1.00000000000000000
 -0.00212123405835102  0.00827601473495187  0.01933880472282001  0.03072759526288847
  0.04216221354270829  0.05367121847982961  0.06472888530675687  0.07703828776930047
  0.08887405232334382  0.10148118152964085  0.11364714807221084  0.12564824794332485
  0.13801406343511666  0.14950117087897571  0.16054819755587527  0.17234868486616797
  0.18494099436075415  0.19816219267447077  0.21158101296141704  0.22426703389809910
  0.23492840087236089  0.24490377823505868  0.25545812960208852  0.26660674035581255
  0.27782585319766301  0.28907582666209164  0.29982403554582182  0.31115210947249489
  0.32275606571931181  0.33430708547575338  0.34393619218618576  0.35337573753731022
  0.36324855754853758  0.37356047082444438  0.38328653262247120  0.39271709172273428
  0.40306201490923238  0.41408516993902633  0.42492392327069584  0.43555332862685553
  0.44629074526361073  0.45743669932445546  0.46877799309199902  0.48027099801690837
  0.49214451065754444  0.50359624751649212  0.51391521797274520  0.52359827068558717
  0.53343691559891870  0.54360684879453947  0.55375382123328676  0.56355681438503424
  0.57308023718635204  0.58293684424565306  0.59315885704653815  0.60335547557353986
  0.61334406115825080  0.62345274065621592  0.63411026580243490  0.64523769294559019
  0.65656299110940564  0.66755226352789909  0.67899331057379375  0.69007047329372651
  0.70067429525569991  0.71068575174859749  0.72049495978059597  0.72994117194783559
  0.73911409614429846  0.74910073690974543  0.75959102907271581  0.76994617951990230
  0.78037763457199538  0.79062528173476987  0.80089608841178284  0.81106610694789527
  0.82108350677344211  0.83062976862302051  0.84024513959740688  0.84964483050264727
  0.85896187935592738  0.86864831855126368  0.87856973638071811  0.88816059337679265
  0.89747112487216796  0.90674127456587139  0.91646230486100211  0.92628173604587050
  0.93571493203658362  0.94478591276139212  0.95373529279343616  0.96336442317559756
  0.97304815604080286  0.98244130253911155  0.99123383439784418  1.00000000000000000
 -0.00233702319659949  0.00934926287497636  0.01934810498963895  0.02894791727720625
  0.03881422799241376  0.04911294223012889  0.05940357016399329  0.06933566592796205
  0.07947798551906160  0.08979685013924743  0.10063760084495986  0.11098184005211813
  0.12125026940148591  0.13200944528346742  0.14333710259927454  0.15432460984201016
  0.16430333405244463  0.17416157965185700  0.18469969996277444  0.19563790327789121
  0.20633277004129830  0.21671865811257457  0.22697368067269774  0.23759405751396598
  0.24849394393585036  0.25937224957492067  0.27028986330914140  0.28126709535588262
  0.29230297883609330  0.30275480944100397  0.31267997844427492  0.32242084609640942
  0.33223269040239606  0.34210974131746025  0.35248663542394426  0.36372720954920507
  0.37521561053240071  0.38577625052288450  0.39586920324260566  0.40617993669275787
  0.41691491598155461  0.42760972885946308  0.43827794154810606  0.44841577311215747
  0.45848579220117830  0.46885933425111143  0.47942697340234897  0.48996860151648863
  0.50058006090173190  0.51137221068298944  0.52204813135747397  0.53262542566520210
  0.54333203650090156  0.55432067249926997  0.56534835480720247  0.57629862923904041
  0.58745785969303976  0.59862720194618280  0.60992890583071191  0.62063134614653703
  0.63042482169725356  0.63960431650671712  0.64874834513306279  0.65700736786532521
  0.66571078728399691  0.67536892127535508  0.68524317127167378  0.69547250728822974
  0.70595728901261867  0.71698960350351448  0.72850892566432646  0.74011088266297753
  0.75126559896783285  0.76187482296384257  0.77258054377013563  0.78375716242681515
  0.79516656975254829  0.80622963053636743  0.81718659295910245  0.82836330678062620
  0.83906321586135246  0.84953053777479148  0.85959550254230410  0.86889957039197929
  0.87916869596693770  0.88952417420736818  0.89969862155067781  0.90950783410926450
  0.92052849744819010  0.93243778192375293  0.94445332857677122  0.95634216301487496
  0.96773411812800991  0.97900129975547812  0.98916885880573824  1.00000000000000000
 -0.00226440920061704  0.00928443703609712  0.01879385337782199  0.02924544761869884
  0.03924708086574200  0.04969819588336604  0.05980743355339665  0.07014597090618578
  0.08028639776765967  0.09102863908795746  0.10113583068040534  0.11065903292784578
  0.12013086309675829  0.13060916164216405  0.14142691410341968  0.15215048527597749
  0.16268872531787532  0.17367517428763168  0.18449713396441347  0.19557455963466325
  0.20712486578471681  0.21931105729539255  0.23108947154952830  0.24166397501791484
  0.25160128275328708  0.26169638362716291  0.27243393578549580  0.28353451917990380
  0.29397950704307874  0.30433857428910122  0.31485086547101226  0.32528307882930974
  0.33711776822870904  0.34638877792566075  0.35596161780959318  0.36485544147586801
  0.37430579106009354  0.38370894832482044  0.39288907068543977  0.40283387222033540
  0.41376552297424984  0.42504170133480101  0.43614060892408713  0.44642188975567609
  0.45674763867843271  0.46733816614841650  0.47835705111035121  0.48971160951754406
  0.50092220896225337  0.51235790790691360  0.52447872353946012  0.53664084073826468
  0.54884057587469626  0.56029962600357464  0.57108377646952602  0.58157320765405529
  0.59208058928030405  0.60303468671134985  0.61473098166366458  0.62632875788098241
  0.63769079381840088  0.64916027943150123  0.66048442993593370  0.67065236640537751
  0.68000442989820697  0.68955143305579403  0.69981013703594885  0.71016989203749925
  0.71998774889379324  0.72951863669018413  0.73903133010231170  0.74887746548071732
  0.75887300605194641  0.76856781832749077  0.77898830928944085  0.78954921646759069
  0.80020164933550442  0.81086540425943632  0.82143626936939196  0.83351491623066121
  0.84521361209153045  0.85629987347815317  0.86618363077131721  0.87647164356490681
  0.88706300304099883  0.89645979399398179  0.90576220140125929  0.91591076424633378
  0.92702186952692889  0.93793357032857771  0.94786011596645714  0.95767252260661095
  0.96767451359901457  0.97841748042155219  0.98902661148472160  1.00000000000000000
 -0.00217239147114074  0.00876096469050005  0.01849968424653564  0.02810904721127728
  0.03704972932468476  0.04578879054539505  0.05450503307719581  0.06397153781893830
  0.07432581229181241  0.08517254381060536  0.09597886503779904  0.10707315396244983
  0.11837227711334403  0.12930982281068645  0.14009640353927744  0.15107667539160247
  0.16212748255051135  0.17336157644130115  0.18459171905109348  0.19598024470656042
  0.20683375982244973  0.21694664577341830  0.22700740053540042  0.23750228791172573
  0.24807688718363655  0.25828625805411065  0.26822173612689604  0.27932811780292433
  0.29140380004422289  0.30269268474470640  0.31428399640989951  0.32581120935354080
  0.33702849443529026  0.34836388995245920  0.35977260098883429  0.37109229806990429
  0.38200762950077072  0.39231223460203574  0.40259534239049138  0.41327528778425149
  0.42416915667582789  0.43451411099124859  0.44388964271927911  0.45353535883658253
  0.46410524083581650  0.47456830616011397  0.48499555211326217  0.49526555016838614
  0.50600539173481085  0.51682688165722301  0.52763609179880799  0.53881128660584865
  0.54993954364286657  0.56097147750138665  0.57147937376830937  0.58200864141685127
  0.59271130083874957  0.60344528989239932  0.61349237172627968  0.62357185582159169
  0.63418352374215503  0.64484431190190517  0.65582525238126721  0.66684495365480601
  0.67788787036419895  0.68935897235228238  0.70114775641216254  0.71252932276790015
  0.72322161335809176  0.73358269996064651  0.74383673379520876  0.75424545961613265
  0.76509026529699975  0.77566771368564957  0.78645732789227474  0.79758689694756069
  0.80893484127241955  0.82002183920045657  0.83045502788208048  0.84006333829746382
  0.84989951548704390  0.86021461622695050  0.87018120853021064  0.87998641525173227
  0.88986452745293942  0.90038839453009789  0.91112719774717710  0.92124589983363980
  0.93123624757741252  0.94152199203486864  0.95214953646479517  0.96261483066281506
  0.97238031615551068  0.98235171365817875  0.99174144094870287  1.00000000000000000
 -0.00284244502795686  0.00994631827295081  0.02120136532544199  0.03244333507420977
  0.04349236280228787  0.05437043662197770  0.06519615443860723  0.07565414387332271
  0.08586104047897530  0.09604434115831975  0.10660421153989250  0.11709540408313604
  0.12791925522783154  0.13865040865470057  0.14918190996954869  0.15873572005067874
  0.16831885003813746  0.17837566054301321  0.18906731280119068  0.20006256903784880
  0.21079732498933476  0.22133671680744560  0.23208577300475439  0.24291837079738926
  0.25393728009170408  0.26474502801938715  0.27526785246723656  0.28588393635782705
  0.29671196830326124  0.30768576791067626  0.31881915101673397  0.32994613975338799
  0.34098840779874501  0.35180863837229287  0.36114086137193546  0.37053324165514634
  0.38013538380177253  0.38989457512074943  0.39973801328088121  0.40921093128734815
  0.41879275586597164  0.42943172546912978  0.44090675900252818  0.45161511094261353
  0.46227881809812066  0.47233119315645267  0.48278638202610191  0.49394073397375454
  0.50493795374748751  0.51528594109858716  0.52571188504089139  0.53605604548150354
  0.54641777684702375  0.55690198994993811  0.56792024516953499  0.57900035161615437
  0.58953796389750512  0.59984746757944818  0.61058540309356102  0.62158161983258409
  0.63128548946826546  0.64057326214891730  0.65049753916269126  0.66137426247758935
  0.67297951585356208  0.68443735720818588  0.69540743189253995  0.70597849827639481
  0.71622081226291268  0.72546982951270922  0.73480413881993700  0.74472872534125722
  0.75573643928799350  0.76678525457019719  0.77726190172584231  0.78763184698873745
  0.79839368668821420  0.80937448772508924  0.82008413612356890  0.83018220264808662
  0.84072847231661241  0.85152108969811058  0.86160036258856443  0.87134782856555326
  0.88148303433541209  0.89151581472131136  0.90093497469670980  0.91006793182842760
  0.92023585474661940  0.93146845554601454  0.94287454100098445  0.95436190159655676
  0.96614165331816704  0.97786971189917782  0.98926523114390807  1.00000000000000000
   1.4949052943169377E-019  -1.0000000000000000     
 F F F F F F F F F F F F F F F F F F F F F F F F F F F F F F F F F F F F F F F F F F F F F F F F F F F F F F F F F F F F F F F F F F F F F F F F F F F F F F F F F F F F F F F F F F F F F F F F F F F F F F F F F F F F F F F F F F F F F F F F F F F F F F F F
  <DiscreteSampler_grid>
  grouped_processes
  1 # 1 for a reference and 2 for a running grid.
  10 # Attribute 'min_bin_probing_points' of the grid.
  1 # Attribute 'grid_mode' of the grid. 1=='default',2=='initialization'
  0.0000000000000000 # Attribute 'small_contrib_threshold' of the grid.
  0.5000000000000000 # Attribute 'damping_power' of the grid.
 # binID   n_entries weight   weight_sqr   abs_weight
    25   10   6.754019070075772E-013   9.816279976893595E-025   6.754019070075772E-013
    28   10   4.085138067652930E-012   1.294002091630989E-022   4.085138067652930E-012
  </DiscreteSampler_grid>
