 -0.00001370223470767  0.00018630385553611  0.00059453342847800  0.00107759441825155
  0.00161736083061792  0.00221245471468503  0.00283823835606688  0.00347458529703635
  0.00411155075869168  0.00473313300345342  0.00536003632558138  0.00601446622139435
  0.00669678365610960  0.00738303405468438  0.00805713875776177  0.00872678678552499
  0.00939909924205229  0.01005794450567295  0.01065405225241119  0.01132323040825397
  0.01210980231046668  0.01328377246672143  0.01582097754260189  0.01909682119499672
  0.02131724413221297  0.02323093817326990  0.02506471699667112  0.02687237426421677
  0.02856806373577633  0.03011229095292032  0.03164152609492372  0.03322586512065634
  0.03489069971569464  0.03655319370297757  0.03818420054095509  0.03978633812976058
  0.04131544848211050  0.04288572114427795  0.04447094466446348  0.04605600680859771
  0.04769651466093785  0.04942033377352972  0.05123038132729216  0.05308708536021137
  0.05496892528602605  0.05685568310060218  0.05874798294739686  0.06062239522533092
  0.06252021979650585  0.06447044775010642  0.06647000034078314  0.06847269925834830
  0.07045163988996653  0.07248624194701457  0.07462233898561067  0.07686691915610534
  0.07913080295072486  0.08140561660586917  0.08360150078217013  0.08585523353092651
  0.08814930703788068  0.09051934708461938  0.09314248637215645  0.09583267334890681
  0.09843984652948269  0.10114212692041101  0.10397774454437959  0.10683899850231907
  0.10962171215224228  0.11254018350346726  0.11547686001648812  0.11849430711844504
  0.12163099733748958  0.12486521152091531  0.12814259614406995  0.13144520173666566
  0.13483406309339965  0.13838974293271111  0.14200623640887453  0.14582347620207922
  0.14964266682678420  0.15379387672118203  0.15830568513748347  0.16317318534102654
  0.16845915120880692  0.17428041142531206  0.18080841711117093  0.18820435995171617
  0.19663292839502725  0.20698547365813788  0.22104616083638443  0.23921862670992788
  0.26447836373902345  0.30803189799541975  0.41069848370402828  1.00000000000000000
  0.00879616554679442  0.01779231252287695  0.02841347353029304  0.03931812447942721
  0.05097140711288412  0.06355297107074405  0.07508688436627979  0.08571514271467687
  0.09589896982195151  0.10562575848560332  0.11540507421541500  0.12520536473388857
  0.13392247765548079  0.14210561457909673  0.15038610339287276  0.15881147488885769
  0.16740429834999318  0.17688330602311222  0.18756082453346776  0.19908639144228554
  0.21077390253830403  0.22163847389633415  0.23188457764515272  0.24154621094552697
  0.25123749455119998  0.26119620399823246  0.27138510723002746  0.28165904549428050
  0.29152633106993603  0.30120641901105882  0.31121940010560895  0.32167960720419786
  0.33268118432884664  0.34388612593159545  0.35487778699661304  0.36540585690400651
  0.37539953302316742  0.38549166904893467  0.39596651239356984  0.40665063917774036
  0.41717017690774494  0.42744423685893196  0.43779353139623789  0.44871573045668883
  0.46041059316530974  0.47199139435330950  0.48292007794601943  0.49325068371472003
  0.50337629191612343  0.51353864626981960  0.52341123691410307  0.53323792828741579
  0.54311822792950348  0.55316613293538996  0.56330207652204500  0.57357331524664124
  0.58404773314976310  0.59432209322031349  0.60453225948722600  0.61488891638938503
  0.62558733280463463  0.63657415208778056  0.64767252189518809  0.65879616304254740
  0.66960825842820737  0.68038807515132571  0.69133662994556233  0.70286477863953301
  0.71474908254174652  0.72661600969156226  0.73795186606822893  0.74860820809471651
  0.75853050817313239  0.76804717969358771  0.77707906080695355  0.78548692224324734
  0.79429809502414239  0.80396202652217075  0.81405394068667369  0.82469333333628669
  0.83588018456436064  0.84749139283798425  0.85929878129627368  0.87079080922746688
  0.88066122449082584  0.88997210435337182  0.89917828166222902  0.90918422771214358
  0.91984204819827819  0.93102997471960558  0.94233518983864217  0.95346271825886908
  0.96463460034332271  0.97609217383222779  0.98814754177962516  1.00000000000000000
 -0.00001610827807533  0.00010038754084400  0.00020730763778145  0.00033293223102636
  0.00047141274362276  0.00062032450753853  0.00077387302459398  0.00092979112985435
  0.00110912551854924  0.00130047681594050  0.00149094213864605  0.00168772133365122
  0.00189926043263303  0.00211975528910361  0.00234902629046958  0.00258373763790990
  0.00281991741853811  0.00305541868095633  0.00327807140244784  0.00348348767337189
  0.00367862253226017  0.00388093580878681  0.00408963156862015  0.00430124128091699
  0.00451882958686993  0.00474331841772388  0.00497775445706032  0.00521481237225414
  0.00545449508795516  0.00569831927075549  0.00594766314107693  0.00620060147663891
  0.00646169845341469  0.00673131600925211  0.00700452456481316  0.00727117187030574
  0.00753126189007988  0.00779695703231792  0.00805859819743463  0.00832047585503146
  0.00857500200023816  0.00882518506345204  0.00907708418258409  0.00933116276135943
  0.00958521002335442  0.00982224074178874  0.01007527962495985  0.01035499885275912
  0.01064159827219698  0.01092068844525683  0.01120141142767201  0.01148095044837523
  0.01175061574662128  0.01202156314723806  0.01229626754862548  0.01259212861481270
  0.01289117916498033  0.01317779746956027  0.01345861256185243  0.01374335604761206
  0.01405728629310064  0.01438793014314364  0.01471618287775036  0.01503989816887307
  0.01536815746572427  0.01570486720345133  0.01603943069934427  0.01636973392324112
  0.01672556201946853  0.01706996863540993  0.01742581158245835  0.01779396598830062
  0.01817038438695857  0.01853917188293002  0.01889889312127447  0.01925513784857538
  0.01960775022766270  0.01995573300685962  0.02030113975621444  0.02063804360675649
  0.02097698115538834  0.02132283497645108  0.02166231032333848  0.02202141540039811
  0.02238280388782691  0.02274634221095129  0.02311115261890811  0.02348408575561404
  0.02386276938049908  0.02424263387820628  0.02462534160311648  0.02500207913383186
  0.02535063802251821  0.02567572421370361  0.02595635990143818  1.00000000000000000
 -0.00293195528050312  0.01032517622296174  0.02327142063098595  0.03583418311454317
  0.04802076096926888  0.05996588342686428  0.07251839835639581  0.08485385218177445
  0.09682121120372079  0.10807231808976733  0.11929704786562133  0.13067153030040277
  0.14220409600539974  0.15250023670431245  0.16246068467000976  0.17292493182526744
  0.18387515107279037  0.19482417019375414  0.20633599255531454  0.21781699519534947
  0.22918096110376338  0.24000905776552167  0.25053751039614142  0.26125698332572916
  0.27210151815188438  0.28394442772950163  0.29610163470450157  0.30839410052002503
  0.31902436900534381  0.32915244663564652  0.33893283963329257  0.34853120350256872
  0.35844675996050546  0.36824929477383928  0.37806961973314684  0.38855687238975845
  0.39919653856926629  0.41036240391914008  0.42095938420537382  0.43101403114989112
  0.44073802901561410  0.45037871134585533  0.45991795842322003  0.46969928342353723
  0.48023417595338636  0.49146791569452331  0.50298413954408649  0.51467388530995228
  0.52600637737357958  0.53706461906519365  0.54810734176641440  0.55914165992340303
  0.57035218426019518  0.58159775499204347  0.59323011650960389  0.60462364997474261
  0.61479178575715621  0.62477643077257117  0.63479967377748048  0.64505995126303317
  0.65425795399373432  0.66295977497864700  0.67246475088919244  0.68348585359940739
  0.69496338107037425  0.70645984206336498  0.71686770901543095  0.72705911986585237
  0.73699016282034813  0.74691154954815386  0.75703336249240538  0.76703379922219073
  0.77707811337319432  0.78652405972699035  0.79651740248112957  0.80640797038230549
  0.81671501348213293  0.82778607978209939  0.83862385343437795  0.84969425080812411
  0.86020475415857212  0.87025074795425805  0.88009980226800100  0.88921021565060465
  0.89826414769709240  0.90728072318910169  0.91620081851209012  0.92553954326601984
  0.93406498291236217  0.94394431693065139  0.95257100863578881  0.96234511903663278
  0.97133667044802852  0.98067457319000895  0.99052820335106229  1.00000000000000000
 -0.00240265048908525  0.00986020531693596  0.01984377023773051  0.03044687057320307
  0.04098100206484552  0.05146839987755355  0.06207174968545942  0.07255340787139135
  0.08324303303266711  0.09328357590447704  0.10247361086010010  0.11328789643908194
  0.12402652465197785  0.13493779930957867  0.14605805773249120  0.15684687251627255
  0.16778454041149657  0.17775916905602523  0.18788581083199180  0.19813868771138382
  0.20872966002899493  0.21974739274946486  0.23012343925893144  0.24054777407802883
  0.25049734566397347  0.26005233439397263  0.27015706716066373  0.28027725735493952
  0.28994405229065018  0.29916442302516166  0.30823274022913011  0.31747981734291225
  0.32771950326064769  0.33813741027111799  0.34859010222797854  0.35864533431368578
  0.36871671202494638  0.37947985229253439  0.39027138174368059  0.40177980848585282
  0.41316452265176051  0.42405879928647539  0.43431048005812994  0.44447372447112932
  0.45474227846304338  0.46657397505607595  0.47797914201715336  0.48884790981405135
  0.49939581068128974  0.51006821637709698  0.52117156165559098  0.53235867108068857
  0.54350084864457748  0.55366363229361992  0.56342794114541628  0.57349714992604950
  0.58420366704685378  0.59500732148993596  0.60527052205594678  0.61579787336447123
  0.62643564628602888  0.63666313347208359  0.64635230029678159  0.65610141131055744
  0.66619587787414247  0.67723664889031876  0.68851423234424980  0.69918299917115012
  0.70893462842234456  0.71848523303906797  0.72885961834258473  0.73881612853752821
  0.74872927674520684  0.75870421803360433  0.76965339418770340  0.78051208466625888
  0.79225235191095678  0.80377202704537087  0.81501315795813467  0.82608110687837566
  0.83734415126775452  0.84848909147585461  0.85951042025683233  0.86986311062268640
  0.88048698019357063  0.89113503483676793  0.90196215073825858  0.91220114802059649
  0.92228368342577238  0.93201189016046915  0.94170584383974876  0.95186245590220686
  0.96321854338838298  0.97549232784471707  0.98768407855324314  1.00000000000000000
 -0.00223516740314933  0.00892749038129547  0.01884122862672752  0.02926508869598310
  0.03944941171222920  0.05023504128174280  0.06129935522381560  0.07223880972691921
  0.08306043153649632  0.09367620950288459  0.10502349971823968  0.11610678539363517
  0.12737892385465269  0.13853026964186801  0.14953930951945599  0.16015690605219143
  0.17024649688092963  0.18044462606740988  0.19089338147948628  0.20143821425859559
  0.21183356216957142  0.22226845440262619  0.23251883099016432  0.24240607318496171
  0.25207311355823259  0.26270996591268647  0.27389041718510809  0.28541308480720606
  0.29654959473445064  0.30730467384816545  0.31758694599226367  0.32754777092697651
  0.33746520890096982  0.34758739079332945  0.35731923508455121  0.36726272128741755
  0.37724302197045601  0.38768188340227766  0.39831698910982277  0.40870623953264396
  0.41939082436751030  0.43021251196549914  0.44115729446181201  0.45198641448346893
  0.46260676426874558  0.47314263035168130  0.48379410295763192  0.49400597321916279
  0.50411931844778168  0.51470886391773962  0.52572208214652250  0.53692407845209544
  0.54786152842199309  0.55816878378289192  0.56850059945154152  0.57916463236057059
  0.59047108311932872  0.60203706877830965  0.61310451581170411  0.62319382711449445
  0.63280161336015828  0.64254430302250320  0.65229799899229002  0.66115847199209765
  0.67074952554901435  0.68044311305325045  0.69027649056143947  0.70045640866462955
  0.71169156129081990  0.72343746512360330  0.73531722416068468  0.74603314502840623
  0.75628772338308048  0.76587151011630195  0.77566671100322693  0.78617086385426849
  0.79705287084255216  0.80850730048528807  0.81852921943219248  0.82726589466076439
  0.83741190930503306  0.84696177933681993  0.85691857136191008  0.86692011177922867
  0.87736321453699162  0.88826401105951158  0.89900501862961646  0.91039595954924479
  0.92205602700599054  0.93315435030478355  0.94469642126154663  0.95788002038674602
  0.96945312218754387  0.98050831171160646  0.99026513345561551  1.00000000000000000
 -0.00286194318797975  0.01044786473576349  0.02189830462416172  0.03271467496218258
  0.04360109435505836  0.05451445634569742  0.06430855241165216  0.07418805973461821
  0.08424335274493391  0.09627597738749383  0.10838378863362318  0.11974863294530162
  0.13087889886595147  0.14143634872726452  0.15203252622358912  0.16275927202218046
  0.17352114086774503  0.18417657633313650  0.19457109795987276  0.20466150866147129
  0.21497986482750181  0.22530867779537819  0.23515603456031126  0.24448268337203036
  0.25417230241642291  0.26453842367647079  0.27511510744379963  0.28464889819932815
  0.29417027494754650  0.30333903111527200  0.31260567436358833  0.32164685190461018
  0.33139084009126402  0.34242889286709949  0.35390578654067328  0.36495820043969907
  0.37612856280646723  0.38638000166816011  0.39658719395443109  0.40651744929008188
  0.41629406013343195  0.42595073486258889  0.43623149597913585  0.44656732052500764
  0.45682207335395231  0.46695289565697434  0.47745238978059423  0.48841450093265926
  0.49895758375340554  0.50924293877596638  0.51957059177134379  0.52982168839928945
  0.54034818628867820  0.55105848491565568  0.56210161344450660  0.57290188581316259
  0.58372055764648856  0.59524541860277347  0.60601753388068280  0.61609172024743353
  0.62593181109412133  0.63607038171880037  0.64604957683150399  0.65574377342595680
  0.66555510680237440  0.67618660816211240  0.68731174545591622  0.69851574708210018
  0.70997806967799038  0.72194571214672376  0.73411256684019643  0.74541561698349323
  0.75663439439428937  0.76762737473433762  0.77849142728766640  0.78896610245697696
  0.79923313994810119  0.81010716296986718  0.82104318094988660  0.83167078524284233
  0.84159685791420569  0.85163405470260467  0.86152710206551875  0.87174928422460041
  0.88197365220017343  0.89269495622072603  0.90293307566108272  0.91293288177618714
  0.92375653983614736  0.93568686982802696  0.94624951327276907  0.95605670235067164
  0.96595212781345163  0.97683013201040170  0.98799283690157669  1.00000000000000000
 -0.00172629048627830  0.00782622401666293  0.01713927578687685  0.02726057438775977
  0.03854740882365507  0.04937387572681347  0.05971879071270017  0.06974573953448029
  0.07993802740934701  0.09000582963370453  0.09993003982454336  0.10955607858401122
  0.11889580544495788  0.12853245973556449  0.13871356714227615  0.14927621064698604
  0.16040285204318086  0.17210853767862705  0.18409285104080048  0.19588881187582052
  0.20737979272274154  0.21844650100251486  0.22881051697199004  0.23826564414387380
  0.24731424447297540  0.25702269971320896  0.26718022365440652  0.27780573557619326
  0.28862705190383059  0.29926824481818043  0.30999018356566477  0.32052871677852734
  0.33156477754840713  0.34321473554345883  0.35549131997626826  0.36799860959323760
  0.38052795115117505  0.39239183296076580  0.40327519529139416  0.41386393117818915
  0.42434328504416940  0.43395552845140001  0.44322909007719857  0.45250333700331469
  0.46279050822520806  0.47385662359966657  0.48483212633350670  0.49633973682441129
  0.50770491403608653  0.51888467624457368  0.52994045582043769  0.54125582682394546
  0.55240394763917877  0.56345535500365795  0.57406264805266305  0.58432395694607309
  0.59469149477832406  0.60499662828823919  0.61559424660118145  0.62643386834974091
  0.63737804528672526  0.64810584107854263  0.65886975008849735  0.66983648741413471
  0.68124749420635278  0.69308554468258898  0.70501368000741926  0.71662788674015931
  0.72771300997072197  0.73813590224616155  0.74817558078648405  0.75837946426503111
  0.76843153500085970  0.77845679480312635  0.78859449573025997  0.79835029659147672
  0.80746496137036694  0.81596297588203326  0.82514047033873050  0.83564068433610750
  0.84725823680634482  0.85975329521710364  0.87194966870517099  0.88317483535538488
  0.89366289813516953  0.90370979636842286  0.91331042885010172  0.92227408873275307
  0.93128221629604635  0.94118377890507077  0.95129154123554172  0.96168574063273460
  0.97055705176182860  0.98039676150257760  0.98995600265603312  1.00000000000000000
   2.9908155513587243E-019  -1.0000000000000000     
 F F F F F F F F F F F F F F F F F F F F F F F F F F F F F F F F F F F F F F F F F F F F F F F F F F F F F F F F F F F F F F F F F F F F F F F F F F F F F F F F F F F F F F F F F F F F F F F F F F F F F F F F F F F F F F F F F F F F F F F F F F F F F F F F
  <DiscreteSampler_grid>
  grouped_processes
  1 # 1 for a reference and 2 for a running grid.
  10 # Attribute 'min_bin_probing_points' of the grid.
  1 # Attribute 'grid_mode' of the grid. 1=='default',2=='initialization'
  0.0000000000000000 # Attribute 'small_contrib_threshold' of the grid.
  0.5000000000000000 # Attribute 'damping_power' of the grid.
 # binID   n_entries weight   weight_sqr   abs_weight
    25   10   3.068616961742427E-012   4.358667924189723E-023   3.068616961742427E-012
    28   10   1.069732972589416E-012   6.547046264748541E-024   1.069732972589416E-012
  </DiscreteSampler_grid>
