 -0.00000037613454461  0.00001488482915210  0.00006561291449616  0.00013584640721526
  0.00021882156171929  0.00031348784352571  0.00041767379063116  0.00053076174254076
  0.00064444196123021  0.00076350130127443  0.00088966495840641  0.00102432395217047
  0.00115294126908659  0.00129690238753177  0.00144396141639246  0.00159629852618110
  0.00175837239645801  0.00192039061117828  0.00208089830989654  0.00224210040373862
  0.00240489626490760  0.00256253712233186  0.00272404759917069  0.00289349560923948
  0.00307184144138425  0.00325195127376586  0.00343351065706154  0.00361997506186157
  0.00380719188944877  0.00399309505086531  0.00417365502455089  0.00435175040070072
  0.00452836313765679  0.00470577514029707  0.00488844851814954  0.00508719412915636
  0.00528458781082810  0.00547719638476870  0.00566684873730270  0.00585749874899212
  0.00605100376366587  0.00624779400480030  0.00644865721270659  0.00664947957225253
  0.00684589649082482  0.00703696397939615  0.00722331149899314  0.00740912476446088
  0.00759298331818456  0.00776854387080040  0.00794237153775868  0.00811176083174846
  0.00827605874060275  0.00843522255438719  0.00859083718929233  0.00874477881964339
  0.00889727869326894  0.00905167061160085  0.00920645187693956  0.00936132804986961
  0.00951380264293613  0.00966669178633481  0.00982068458185910  0.00997611253670309
  0.01013458571902544  0.01029930064255853  0.01047082542800381  0.01064889832860004
  0.01083317090074150  0.01102746564630941  0.01123500994983222  0.01145388820975921
  0.01167933876301747  0.01191164278580278  0.01215441353518958  0.01240242487665450
  0.01266306704505444  0.01293317107580302  0.01321040921890465  0.01349445635256345
  0.01378639083187968  0.01408273483235239  0.01440340175693523  0.01476699819912441
  0.01517100443659989  0.01566289392250978  0.01620664113225918  0.01680616351214497
  0.01749584499452069  0.01828449998577116  0.01928139965540851  0.02074689905044289
  0.02303516529222496  0.02931106530997067  0.05168632083581855  1.00000000000000000
  0.00906542405859649  0.01763590815169053  0.02866411364794659  0.03998361820018767
  0.05068617607955033  0.06187267590645690  0.07228641074754800  0.08281255273638663
  0.09294747872085293  0.10319119766811201  0.11342161257806740  0.12324258747807165
  0.13258366464572149  0.14168414099019083  0.15123139338215488  0.16076681793530839
  0.16996972596522339  0.17910495269713211  0.18882232521755235  0.19926673221233829
  0.20995781431139937  0.22056346115412770  0.23132669296593017  0.24227115671102686
  0.25306232078108171  0.26380432723337233  0.27427413892503827  0.28478224194194451
  0.29531764834372576  0.30575753740807687  0.31685139977287008  0.32783248174359381
  0.33831545503563321  0.34818980796574134  0.35776490309100195  0.36709201911554251
  0.37637709667093960  0.38562394264436767  0.39508198876007844  0.40493169008264568
  0.41520541022921598  0.42600625596804648  0.43691409809443454  0.44765116307766106
  0.45830173034251415  0.46898909805661593  0.48024707381175002  0.49218818324323177
  0.50458900100723403  0.51635681268987099  0.52813119031813460  0.53938918472204145
  0.55017181149151584  0.56063308104782084  0.57173516746100361  0.58272653840541777
  0.59350136444541879  0.60376790326389762  0.61357325274910213  0.62307380668562407
  0.63251014070094813  0.64225319500422340  0.65281249919296669  0.66378820803971406
  0.67411266590937846  0.68430968075694054  0.69480423815297032  0.70557893547934103
  0.71568275863638853  0.72545178609218020  0.73574457267675608  0.74658566382373948
  0.75687374112231454  0.76696448823193353  0.77674134161863873  0.78736569637831233
  0.79741018375180484  0.80822734416626818  0.81886168360753209  0.82996635235871841
  0.84148141074203409  0.85261327172977464  0.86351423379480496  0.87433210554075758
  0.88536601952859961  0.89641720179253215  0.90751610150965500  0.91792721926537457
  0.92747762598293115  0.93694697278065242  0.94694946409576042  0.95649695048268468
  0.96660028942019749  0.97717899483478121  0.98832336096654538  1.00000000000000000
 -0.00005643245927839  0.00067898883409150  0.00207033756736869  0.00396950411947953
  0.00626674729546418  0.00917037344905979  0.01209783633947209  0.01529012920144066
  0.01856264628578781  0.02181259147138124  0.02528420802746743  0.02907682152774892
  0.03305423040315057  0.03718436823465184  0.04145430498641187  0.04575986344449030
  0.05005311923095732  0.05451966362741646  0.05920764825465426  0.06461101842490803
  0.07015281622697475  0.07510912017661273  0.08005148692192622  0.08508305797414921
  0.09027823700481448  0.09565478503583073  0.10150394703721938  0.10732151485947564
  0.11331256108800306  0.11951483687707054  0.12583790978147674  0.13229716378145817
  0.13861251351989889  0.14532823306940790  0.15203121390385865  0.15903781497549194
  0.16605425068722082  0.17299680062351294  0.18003192628450143  0.18723721012591688
  0.19433216229107703  0.20152126026711403  0.20910892406554699  0.21691943589133880
  0.22514588398085880  0.23388031761110847  0.24260798935496172  0.25168270310432656
  0.26136150882559811  0.27118672802122856  0.28113583157292110  0.29098255693486952
  0.30073479287675586  0.31040293286447906  0.32044939692480523  0.33065143288125298
  0.34090570375431140  0.35123346773930020  0.36162388001322487  0.37231035375834692
  0.38347375478897233  0.39503846441608736  0.40657594511692069  0.41792165032136391
  0.42942601648961604  0.44125928751505644  0.45366019190245627  0.46678018359993534
  0.48000902636843423  0.49354867813394748  0.50773687652899924  0.52209682817451875
  0.53674225307358969  0.55180328495720421  0.56679929287095487  0.58266847275397970
  0.59980918972876573  0.61774868296955809  0.63593152996095437  0.65416569416968484
  0.67179702309007694  0.68944127079790063  0.70761360017739305  0.72611436299808174
  0.74492492502679220  0.76397705122378212  0.78313540503029955  0.80254294853043473
  0.82506385565225937  0.84724757550690322  0.86979709809422578  0.89290049103296043
  0.91723040071125550  0.94081118017702103  0.95324395100283432  1.00000000000000000
 -0.00209607624006324  0.00862804515320322  0.01881467723069979  0.02878315713654116
  0.03887868818054320  0.04882852760559658  0.05902624087435529  0.06915059912135846
  0.07907176406791831  0.08930057830619040  0.10058347183469935  0.11134392955872718
  0.12191184828055802  0.13218203398971867  0.14223534786937295  0.15226984939873284
  0.16215362727518223  0.17251405263358582  0.18407361807738029  0.19517571596151240
  0.20622494336465905  0.21743826715416553  0.22825949299985593  0.23854725892347162
  0.24886642591128919  0.25984821428192129  0.27081468821699045  0.28135559667788151
  0.29120748506030725  0.30106310027640576  0.31137647972568189  0.32217070121519309
  0.33272482439826834  0.34280320719479324  0.35269989528591311  0.36263998513565693
  0.37292109764408354  0.38320722742512553  0.39365709054525877  0.40433078677376544
  0.41500457763721121  0.42578859811762154  0.43668082406849867  0.44715161572984558
  0.45778228858827286  0.46903099820514826  0.48079629353504760  0.49303198031620782
  0.50532349093344364  0.51723793617800107  0.52858686076828876  0.53963057368083089
  0.55053663697493260  0.56122929735780869  0.57183297512332876  0.58212672987369229
  0.59215734151789601  0.60195407570748805  0.61172425961519505  0.62135400103433736
  0.63074069476208749  0.64039456584059562  0.65075948789239957  0.66118251163461250
  0.67085083534465495  0.68025634116595268  0.69040964073116362  0.70069569361271866
  0.71103520086625660  0.72164761316736947  0.73250844142130545  0.74360837997509177
  0.75432423461647158  0.76448821399646960  0.77433970811007380  0.78404749955948572
  0.79389091521190447  0.80399079663282769  0.81445306960592667  0.82565565532228746
  0.83680631266805428  0.84826024298198333  0.85981677862715589  0.87191982476762797
  0.88364890071331059  0.89477189583651084  0.90558983600215215  0.91621692514911457
  0.92721175710757531  0.93884307176479231  0.94980034783126843  0.96020423174830205
  0.97000563140998108  0.97998387638641093  0.99006388380142529  1.00000000000000000
 -0.00247028458632088  0.00932273744661931  0.01999753955553627  0.03080398120700171
  0.04122188067775592  0.05125302974986218  0.06110748221196811  0.07127546673406028
  0.08081269597295999  0.09046513147036923  0.09997542784350034  0.11000000908922321
  0.11991157626119514  0.12981464110273605  0.13992832168037958  0.15022760633662446
  0.16044964008826296  0.17075980629133120  0.18119045709389289  0.19159905693785523
  0.20171883117866968  0.21199131649377961  0.22235866050922320  0.23290549774195757
  0.24320078269282405  0.25337210058022941  0.26374828177369164  0.27415677258637200
  0.28483868475857405  0.29597763191987225  0.30782468065947388  0.31887181955460980
  0.33030888425680749  0.34091713744369528  0.35096063510166031  0.36147850482513338
  0.37227588912784643  0.38368338372031585  0.39478890946682926  0.40528630064845200
  0.41532076860900458  0.42512059502218685  0.43484799344906883  0.44487883810702950
  0.45532025596494718  0.46611037446777304  0.47669784107754021  0.48666840731505778
  0.49644802233628904  0.50649503307111798  0.51686322557700237  0.52759861034461986
  0.53870179311344990  0.55017481198265727  0.56195752883186989  0.57343524545455837
  0.58425253246734765  0.59437134020199645  0.60449354389911880  0.61511631609926642
  0.62618548587241163  0.63722141750689898  0.64786902998405782  0.65790824118272506
  0.66779174215608450  0.67792056181767724  0.68837628444174748  0.69841015943521478
  0.70823176064240512  0.71897070173482958  0.73009355269242737  0.74149635154237115
  0.75293713347933267  0.76472479635349200  0.77646641224500523  0.78852489814460758
  0.80081475995391160  0.81249977148773778  0.82312898800746059  0.83354040504911564
  0.84441355827456144  0.85569789082606973  0.86733741738361614  0.87950649544791781
  0.89173206512866698  0.90322961976408500  0.91401196607087865  0.92492172296502695
  0.93553552965747611  0.94511209541200436  0.95430156498147178  0.96350483556045907
  0.97266726145255999  0.98173675503831603  0.99097526134259528  1.00000000000000000
 -0.00254294547978068  0.00939946378340278  0.01945101416579315  0.02981455083639201
  0.03974810794898660  0.04936747499550595  0.05970950676590323  0.06988239457550306
  0.07991627794626519  0.09058914641437435  0.10086815142471531  0.11091384782744491
  0.12085204968033122  0.13120227279137137  0.14240862181502659  0.15387407163080064
  0.16576721841061645  0.17694812185769510  0.18826059295032885  0.19835496573036668
  0.20919437685817072  0.21959608409516562  0.23005141462804765  0.24057920523413270
  0.25112854902989290  0.26159020637757219  0.27207760984419183  0.28273619705076442
  0.29366661573933600  0.30438761546515331  0.31485330567251774  0.32508086750364146
  0.33522874462532615  0.34505780192558982  0.35477091011217282  0.36459573043751037
  0.37419649713472958  0.38435112037669711  0.39379441439420443  0.40492401434714392
  0.41628596024170650  0.42803819270807120  0.43928815857452919  0.44960365291300974
  0.45973204948394725  0.47003069856059171  0.48014646683151802  0.49002463306091354
  0.49983709589660319  0.50997952312939920  0.52011376236927798  0.53030737011288431
  0.54123390366191948  0.55229590091274150  0.56262427669688908  0.57303336533144722
  0.58322525700838979  0.59436165390691365  0.60506972043083995  0.61456852112269589
  0.62473443496291003  0.63465760776830971  0.64463959298223406  0.65434700805361778
  0.66435769673019762  0.67538707447016177  0.68694144563054449  0.69833797796337116
  0.70957516506229745  0.72098352087361839  0.73167197586608679  0.74158836756172097
  0.75126231559826340  0.76094115882128321  0.77089314088827798  0.78071438622046330
  0.79098142675386196  0.80159124677744975  0.81235860551129069  0.82266836622970818
  0.83288781119758415  0.84376745156202437  0.85510799713592511  0.86649669676817498
  0.87833647532068770  0.89035260146585382  0.90159284060050271  0.91241016336035419
  0.92325107002997087  0.93448977930225074  0.94533163095631279  0.95576249196981389
  0.96610139822175212  0.97768187449052146  0.98831888656530587  1.00000000000000000
 -0.00254759881628166  0.00946503687592834  0.02091749978178805  0.03277225245962102
  0.04518120212133151  0.05693686216450659  0.06780286486998811  0.07810934373645387
  0.08835674836686502  0.09886281284214214  0.10956056452814034  0.12009526709669778
  0.13044038133430949  0.14038123024943255  0.15007130651432077  0.15991887513309733
  0.17002801556003450  0.18043722373339427  0.19088284728915841  0.20166916396887952
  0.21232506059561826  0.22308261581104949  0.23371168200393766  0.24428711743774606
  0.25496742982918169  0.26558543151418185  0.27628351667896345  0.28706868047895051
  0.29730708013461937  0.30756283022602043  0.31795639291288769  0.32822540849376697
  0.33818533058241096  0.34779538440884605  0.35761470264696332  0.36794817212534475
  0.37818228050862746  0.38798989846255794  0.39778868953270519  0.40755795297827002
  0.41694876721057600  0.42604659741478151  0.43533545872890345  0.44493621143679696
  0.45496788822662415  0.46550402667238205  0.47591464435012865  0.48617256309352402
  0.49581624097046106  0.50565658134817371  0.51548780590499099  0.52536020646005976
  0.53529027622216363  0.54505050067600780  0.55439613347635286  0.56353078459287764
  0.57235337291572830  0.58121648269399917  0.59067594352944230  0.60094886401950343
  0.61235886197238387  0.62423743326624725  0.63552199277164423  0.64639352427039165
  0.65737358541846247  0.66854087385576189  0.67973133157059051  0.69095640724634988
  0.70284915316681673  0.71473434969531391  0.72621666240600813  0.73750942628472937
  0.74812920661802296  0.75901852875123788  0.77027307465524786  0.78058014158362532
  0.79055920676485725  0.80058418484567373  0.81072531924267621  0.82127400265208472
  0.83166827858154557  0.84338248904780888  0.85533260390993859  0.86722698512337504
  0.87932166886381491  0.89169887810839643  0.90319676801026505  0.91412441469107686
  0.92493218369587882  0.93506801856536681  0.94502065791403056  0.95507568471616699
  0.96584621314636365  0.97720534577866658  0.98869926733321212  1.00000000000000000
 -0.00242730704971713  0.00945277553295048  0.01983125130803645  0.02979023976971648
  0.03930843274952334  0.04906364822560082  0.05904915877699954  0.06949172027015782
  0.07989870375221109  0.09065408170775201  0.10170660529866524  0.11232851247871714
  0.12291521772475850  0.13350688592331458  0.14425149278984181  0.15520833831065187
  0.16577146221507633  0.17618112654165077  0.18670055854608575  0.19776713262169154
  0.20878750516074698  0.21939256907603372  0.23031842805049665  0.24121064720586172
  0.25189239958181708  0.26264705459653731  0.27410155735986325  0.28610527302651817
  0.29790709828969109  0.30891605167427350  0.31942186276246071  0.32960164291304378
  0.34016457725866295  0.35075195757590139  0.36077757303709379  0.37037214166796706
  0.37990664708828403  0.38939300806476979  0.39896386825889391  0.40874218268356116
  0.41870040118278951  0.42908951009350960  0.43988064034492491  0.45108065440601630
  0.46209480098647748  0.47278334566211971  0.48391524407319347  0.49529407419645438
  0.50650892965344851  0.51782077436145602  0.52957391071623805  0.54170499149165474
  0.55325180782516636  0.56371604988439461  0.57394238136078579  0.58422556693063354
  0.59415745872775017  0.60392191858705502  0.61367460306391064  0.62344072706373488
  0.63341306707128875  0.64323986045505199  0.65337577343362008  0.66373371651700086
  0.67399222628842403  0.68389083494215930  0.69400714531313179  0.70436332954453895
  0.71504954806672660  0.72584750776652973  0.73658814430443320  0.74690197868607855
  0.75690367335023778  0.76690483064695014  0.77705376917048097  0.78781420308607786
  0.79884466973801538  0.81046620782196388  0.82229748700911764  0.83356097886547165
  0.84400789187890768  0.85426732064470268  0.86406363408163100  0.87374574052664700
  0.88393582321797326  0.89417514184020930  0.90462808631241887  0.91494842922308206
  0.92532853083194455  0.93593644352553418  0.94623417684231925  0.95636929283699179
  0.96668919585097812  0.97786113655875861  0.98885903949297127  1.00000000000000000
   1.3828427274024103E-012  -1.0000000000000000     
 F F F F F F F F F F F F F F F F F F F F F F F F F F F F F F F F F F F F F F F F F F F F F F F F F F F F F F F F F F F F F F F F F F F F F F F F F F F F F F F F F F F F F F F F F F F F F F F F F F F F F F F F F F F F F F F F F F F F F F F F F F F F F F F F
  <DiscreteSampler_grid>
  grouped_processes
  1 # 1 for a reference and 2 for a running grid.
  10 # Attribute 'min_bin_probing_points' of the grid.
  1 # Attribute 'grid_mode' of the grid. 1=='default',2=='initialization'
  0.0000000000000000 # Attribute 'small_contrib_threshold' of the grid.
  0.5000000000000000 # Attribute 'damping_power' of the grid.
 # binID   n_entries weight   weight_sqr   abs_weight
    19   10   8.697279269987356E-006   2.186982886644246E-010   8.697279269987356E-006
    37   10   9.145411279090657E-006   1.876720680683786E-010   9.145411279090657E-006
  </DiscreteSampler_grid>
