 -0.00000503675886233  0.00021321444747892  0.00094884256257901  0.00199860174802465
  0.00330928553156094  0.00478998784875522  0.00676243886331955  0.00989531831774905
  0.01258489093402605  0.01378835291264577  0.01458417835386986  0.01529666025729302
  0.01599549945049480  0.01670507335019286  0.01747880697307786  0.01829551427821241
  0.01915393480387622  0.02010395538504317  0.02112066628183342  0.02216039608297984
  0.02323403273058756  0.02434582256650168  0.02549495250293907  0.02675043701529130
  0.02807182853645986  0.02942395633535358  0.03078735664282541  0.03216254703415362
  0.03359907928182453  0.03499668485013561  0.03643688607254743  0.03788450577033640
  0.03934129859778827  0.04081151557781210  0.04234768200269965  0.04397228160419567
  0.04559409460045118  0.04718808621267342  0.04878210855625315  0.05042138042322605
  0.05215047586941231  0.05396479007274841  0.05580810935459163  0.05770003562974423
  0.05966780782285332  0.06164063976189060  0.06343027227866629  0.06527837606399942
  0.06713882152726644  0.06902367392029693  0.07108406542458624  0.07315635186524411
  0.07520899735267964  0.07725297540966106  0.07931988131048230  0.08150400517620128
  0.08379976160712706  0.08606722567923149  0.08828707826087655  0.09057514550800758
  0.09299038199033692  0.09558627993914122  0.09843109312853053  0.10122261531637280
  0.10408579723651139  0.10695247353481845  0.10985764626235478  0.11280124476166926
  0.11574744082985969  0.11856140033528126  0.12246202396037822  0.12636888304117608
  0.13036742871949009  0.13448274167181268  0.13863473998713446  0.14268823158291774
  0.14671745170975281  0.15090437172184001  0.15531222924893459  0.16013294007094772
  0.16510204327023859  0.17033343009234425  0.17609592528683154  0.18210158366527154
  0.18840578956889392  0.19498746181253085  0.20219129205210157  0.21055753980192296
  0.22039663989963942  0.23164766847841578  0.24426204798216927  0.26050833609200197
  0.28603027954785504  0.34174183287447013  0.64177316334799162  1.00000000000000000
  0.00982748718516384  0.01560599725113747  0.02449630571678814  0.03356416875022886
  0.04272576090524682  0.05205103363338567  0.06170557102502396  0.07135782120280409
  0.08109754517582186  0.09129926294157981  0.10230045465317740  0.11319615015542633
  0.12352434140000768  0.13329057991098064  0.14305266249682577  0.15319066586888244
  0.16385364462486837  0.17500960563939050  0.18621287192623898  0.19704394093165278
  0.20788702442610205  0.21921242557937853  0.23058113411479522  0.24123849088562271
  0.25117370253148613  0.26128498236692682  0.27165502259116581  0.28235089154545057
  0.29309972781833632  0.30392427202047795  0.31453728569080308  0.32529532520903098
  0.33643347634993653  0.34792752489995987  0.35960242487344568  0.37089611581563203
  0.38201557331350000  0.39259483254249988  0.40326298371114683  0.41401157590821663
  0.42495275536644184  0.43584455462025923  0.44694640726444973  0.45814795876948039
  0.46954764570353713  0.48136807278813171  0.49236080482294858  0.50349836775294221
  0.51491224602648267  0.52661898418594977  0.53854745721967157  0.54957899554101852
  0.55982913474902707  0.56949543974665529  0.57860074876718492  0.58749545799478053
  0.59607486305904223  0.60518818998163026  0.61506772998985459  0.62564523158868723
  0.63605512843139911  0.64654549544883322  0.65686789749018648  0.66740762777726248
  0.67850521311387157  0.69011770866183519  0.70315553592530766  0.71542790062626760
  0.72658484294676451  0.73655930347325582  0.74582949004865828  0.75516294087522484
  0.76483434980552423  0.77438636545648765  0.78337584160981166  0.79217020150307405
  0.80060175250882704  0.80963369600242052  0.81872374188112207  0.82722572542645179
  0.83647683394239358  0.84738906147804205  0.85820321185549808  0.86926499187601214
  0.88083363839874240  0.89286563991878987  0.90612932839748217  0.91884619053355987
  0.93056262858124084  0.94163567626857059  0.95155840664740177  0.96177898516708782
  0.97167266315463396  0.98148358739430785  0.99139321561181148  1.00000000000000000
 -0.00004127425645703  0.00043812468013721  0.00123923291495973  0.00247578507453279
  0.00375746891140812  0.00530577582509325  0.00703690213469382  0.00902359587386286
  0.01105258736279934  0.01302602140610905  0.01535523233258139  0.01770153671164386
  0.01995285315318900  0.02250825486481931  0.02542703737395725  0.02823582043857988
  0.03076681448078911  0.03353987061849935  0.03642333076776685  0.03935053238774765
  0.04243509935762160  0.04565636956384811  0.04884012541086610  0.05215379626441785
  0.05562009271642483  0.05922414973216279  0.06286061350769978  0.06661395078829031
  0.07036637808019551  0.07394132514026344  0.07749546141785407  0.08100921553989074
  0.08458692658611600  0.08827089396446967  0.09216223830238492  0.09645232830649661
  0.10098045315211905  0.10563855871146632  0.11025025071045998  0.11468468436573673
  0.11901671742142633  0.12343097877184531  0.12792297340721948  0.13234113787420482
  0.13672313873885159  0.14109664789308440  0.14552350084959600  0.15014178780754209
  0.15482504485181253  0.15944442909647161  0.16411618290242927  0.16888418971554242
  0.17365920757949033  0.17870249981597164  0.18388579018220733  0.18915124641345385
  0.19445520391886462  0.19975822259442838  0.20509692634081278  0.21059623829927362
  0.21614705625016919  0.22164219251948031  0.22720113810384893  0.23276811827017513
  0.23852474831774381  0.24416726943097025  0.24968293070739339  0.25499400433137587
  0.26113511669026251  0.26745516873970515  0.27371841312212392  0.27982127987135863
  0.28568978481588525  0.29145666301503381  0.29685247789731767  0.30234217034924399
  0.30748714147937012  0.31254426179155154  0.31802668600576922  0.32382104542465306
  0.32961419967144828  0.33528881668025301  0.34067108289053261  0.34610227527197091
  0.35188635495038528  0.35771182674736407  0.36348901303011888  0.36939720060674963
  0.37535422293534970  0.38190387833975203  0.38875343800039347  0.39539508270665391
  0.40170415737056381  0.40753973748268335  0.41168320240821438  1.00000000000000000
 -0.00199415148727224  0.00857174138320774  0.01878754221256232  0.03094707671370469
  0.04290514353910554  0.05699905438277673  0.06938456099994399  0.08189713843870776
  0.09285296958734812  0.10323272145052644  0.11199820536204416  0.12128722522852024
  0.13154121834877114  0.14290137039232548  0.15389406942671380  0.16484737698891075
  0.17614892255338443  0.18739959944455981  0.19842560037101081  0.20993363005616661
  0.22025345786104791  0.23189274912853985  0.24299981754910682  0.25399586130052670
  0.26546574859539412  0.27661016894770651  0.28859056750023981  0.30087171570704385
  0.31374489537333200  0.32705010948486440  0.33975575467759905  0.35127434696797971
  0.36166686634215001  0.37182918093730100  0.38302895317814334  0.39519733113662014
  0.40751587142531570  0.41955412537569531  0.43073573534831811  0.44060397810199958
  0.44956473318728712  0.45905129512411552  0.46812403119915641  0.47683508482033188
  0.48520247698803948  0.49324869334707261  0.50223289080183353  0.51265494263409417
  0.52288476150205787  0.53275408643824895  0.54277671607246758  0.55363098999188887
  0.56432508555714855  0.57508834885738658  0.58631165181336442  0.59856927521151748
  0.61057260827239968  0.62171209664263993  0.63228331358876166  0.64248794295657630
  0.65246163508076038  0.66178681664015049  0.67187899987274380  0.68259821075996896
  0.69338979607743190  0.70378076664545564  0.71392964692138927  0.72355733456205418
  0.73308806738635490  0.74231295427765165  0.75285683260940506  0.76442245460996017
  0.77532254714882254  0.78530179794395261  0.79463459499433686  0.80320842436354722
  0.81216905127912853  0.82144649738583375  0.83105660693996175  0.84047115688660057
  0.84963005286668580  0.85987338195555940  0.87092633687024190  0.88185739310408473
  0.89159202341640520  0.90087682586980788  0.91017277475183400  0.91977993872438413
  0.92972299212144238  0.93984804253280396  0.95039394864630866  0.96041623192525805
  0.97013895675681672  0.97987735127095232  0.98947799515971335  1.00000000000000000
 -0.00370284741903852  0.01205278010404515  0.02558123066590459  0.03794444710543661
  0.04896206195187031  0.05886140779821952  0.06835090420109428  0.07763621301098042
  0.08739621911496934  0.09690360552744731  0.10621327507592855  0.11647702449466381
  0.12775033890896098  0.13938791791122107  0.15085109250353421  0.16192256321168119
  0.17245551432113188  0.18242648121897009  0.19207722132581859  0.20141390339809798
  0.21091034651877164  0.22087550035348422  0.23127532198450504  0.24185998129073311
  0.25357342877142641  0.26590162808783047  0.27812941511624001  0.28962647995905083
  0.30165987873551758  0.31269601104050987  0.32248988509308174  0.33249946996280683
  0.34320957462707796  0.35381627965322632  0.36320297961387032  0.37205966610182556
  0.38189230419907771  0.39291844323908420  0.40446169299017520  0.41605345579185726
  0.42732159527813740  0.43798684035122243  0.44775559192328329  0.45725062871973432
  0.46661526788151880  0.47666304410695187  0.48682700574456317  0.49638096132476123
  0.50576950457171144  0.51620173661610635  0.52727687128908718  0.53905799723045522
  0.55121599866621607  0.56320384190703443  0.57494284857279565  0.58642780437595687
  0.59775007545820225  0.60953684897676030  0.62129567927883633  0.63205245571970026
  0.64201038129063459  0.65212134164020596  0.66232290942294458  0.67214081851713303
  0.68165830286884654  0.69129291196250597  0.70078335755820043  0.71049008572982875
  0.72095843826390504  0.73267064973684082  0.74490266684124817  0.75635867705374182
  0.76693294955353020  0.77705446126357913  0.78733715630137990  0.79744054374382223
  0.80798193535075669  0.81888482951438379  0.83015955394394358  0.84134176184896159
  0.85240683120070004  0.86410621486095596  0.87658623438225913  0.88773981555740655
  0.89791415621257831  0.90828535393286469  0.91837434218853065  0.92617484456719523
  0.93447134561684497  0.94308900236381299  0.95164949348916805  0.96026959144440804
  0.96919032791344939  0.97739618776966097  0.98863664370768456  1.00000000000000000
 -0.00295510815820234  0.01037140956116718  0.02174519269225691  0.03236904961159045
  0.04317827647394958  0.05364081360873188  0.06385194912954950  0.07390715138339565
  0.08403609551942805  0.09477703502894667  0.10601590662554573  0.11724617938028077
  0.12806145914344846  0.13857441189512118  0.14896426633602369  0.15937233706646509
  0.16967032988019176  0.17942532955756652  0.18885113072469711  0.19856044772962925
  0.20945795040864268  0.21763679465326713  0.22590057720492002  0.23433891563106835
  0.24305865529630430  0.25200177209347369  0.26110408348352493  0.26979286546088016
  0.27996709229914085  0.29074079730106805  0.30162247731148656  0.31238007082065711
  0.32330693076659694  0.33414063436556735  0.34446307972780738  0.35453489420321621
  0.36443994512498196  0.37439682159248205  0.38418681100675650  0.39389447296547342
  0.40366371770094400  0.41315134773153189  0.42276067376935783  0.43203992063243873
  0.44332899513473328  0.45589084191603246  0.46768220263590732  0.47935705955099650
  0.49112152959753752  0.50301263201563684  0.51426165689437564  0.52505038115108127
  0.53603990453105266  0.54708429640881229  0.55767927850661647  0.56726800294731483
  0.57620710472511971  0.58514375920564154  0.59453069820016680  0.60398949945508951
  0.61312197207987484  0.62265179419656869  0.63218884795500063  0.64119001969943323
  0.64964773503860762  0.65808478343409771  0.66711466803958430  0.67737470088197993
  0.68804381623779975  0.69894166483845732  0.70969859576459238  0.72066748684185555
  0.73142039469594433  0.74174360562375008  0.75259108720475376  0.76354430305808407
  0.77480433106527757  0.78523967187051069  0.79611791764994499  0.80751070342580022
  0.81917602104552689  0.83133800495077537  0.84416731059459216  0.85662528964683349
  0.86761743036161398  0.87784587396530822  0.88786336320046144  0.89789244334755913
  0.90838135718523438  0.92005109111486161  0.93312644940060396  0.94677399311576482
  0.96021628622921473  0.97347374552902277  0.98667110880787312  1.00000000000000000
 -0.00277268599031643  0.01023258106817965  0.02046921937991157  0.03060196279770145
  0.04036453016539167  0.05119126320220015  0.06201006772671706  0.07263944374464243
  0.08291997708285179  0.09306073264316513  0.10341056550467941  0.11385951234697950
  0.12383236577855408  0.13364201727829395  0.14350885020392884  0.15393253581204611
  0.16454980711229245  0.17450221851861653  0.18413019136206696  0.19389954362194448
  0.20412024435612117  0.21544083472751788  0.22743878306325976  0.23942272185840513
  0.25063025124058236  0.26124021917751322  0.27139730234316689  0.28168278238302885
  0.29220422972745097  0.30184239970865206  0.31078875916251292  0.32018134684993688
  0.32961110567052399  0.33933497847636263  0.34883076849199168  0.35854709525796347
  0.36898912762325847  0.37972335674561075  0.39044271755434456  0.40154718180482701
  0.41281577772813810  0.42473605186790619  0.43665898253326269  0.44849923883921178
  0.45936286818205402  0.47017793234644734  0.48175391128420347  0.49453406831291680
  0.50759144793392841  0.52002337297905221  0.53199347323422830  0.54359499289964019
  0.55485627056176334  0.56595131311028035  0.57678977895130967  0.58702991199679477
  0.59675199262761403  0.60611356685175732  0.61543824483951548  0.62494720024838957
  0.63445343225135797  0.64366750503073755  0.65280455267114235  0.66163611705684122
  0.67088316390307567  0.68061344434796589  0.68961967718737771  0.69786390615078797
  0.70672744263797349  0.71630360266453763  0.72511972676662573  0.73362203410558036
  0.74214746500072548  0.75125461133845928  0.76148164022077935  0.77246727153444994
  0.78357835676090115  0.79441566141977016  0.80526034412789527  0.81663426255368587
  0.82891909519257190  0.84198480672210085  0.85497956051208002  0.86726954392039757
  0.87962263533398810  0.89184729682844477  0.90361808663398968  0.91515977717218133
  0.92579964064018971  0.93663380081683201  0.94750809824245419  0.95811204894103452
  0.96864214187035347  0.97925655408641055  0.98914991742044378  1.00000000000000000
 -0.00179148644144697  0.00764800361097788  0.01571474477113851  0.02432628243376244
  0.03311890801977088  0.04161107000225404  0.05062874631195023  0.06029433664090568
  0.06990307629224184  0.07990510811652088  0.09098781538003511  0.10319190880950724
  0.11527893844523418  0.12687277968034127  0.13772513769451841  0.14828053090047361
  0.15883072195244594  0.16926648190097623  0.17952745675688880  0.18987406634187201
  0.20020333222416312  0.21022130628994135  0.22055534234794039  0.23150991962903128
  0.24304277649694109  0.25427206023928811  0.26562472778797924  0.27639423244647110
  0.28712348801269683  0.29795793650781011  0.30913974914086612  0.32026324698926550
  0.33122691804603155  0.34221598850357965  0.35315796578488368  0.36367324776558757
  0.37361258746044840  0.38380818289758373  0.39485716243547081  0.40686665126161831
  0.41821326621530841  0.42786329343503560  0.43681486133472280  0.44604577848421134
  0.45588468473755533  0.46613030233856168  0.47671837875484818  0.48758249111477070
  0.49848374011754293  0.50969135626291717  0.52055706005354430  0.53102169456720383
  0.54107357610676143  0.55080372758990659  0.56070647445335142  0.57077183718803703
  0.58077208986253470  0.59087500662482340  0.60086530101119318  0.61153059333022108
  0.62259384842283838  0.63381343529245771  0.64495641152217842  0.65533067412530355
  0.66600974786693112  0.67667818909701460  0.68755576132322727  0.69882655944009187
  0.70993631245670663  0.72045354770139236  0.73085221501750464  0.74118464165877684
  0.75157097508273873  0.76104592277671146  0.77012383160900111  0.77961326495948580
  0.78966526915632529  0.80008900255963422  0.81036396379518538  0.82084196221602701
  0.83162247046318871  0.84197954209959724  0.85242028662283342  0.86312446545457056
  0.87456608239369404  0.88547994846114131  0.89669715168730035  0.90826039530064939
  0.92059950301108118  0.93376819653019916  0.94572301612581378  0.95689347919872814
  0.96767832425490019  0.97872834073828718  0.98948940535162300  1.00000000000000000
   1.0415695197566084E-016  -1.0000000000000000     
 F F F F F F F F F F F F F F F F F F F F F F F F F F F F F F F F F F F F F F F F F F F F F F F F F F F F F F F F F F F F F F F F F F F F F F F F F F F F F F F F F F F F F F F F F F F F F F F F F F F F F F F F F F F F F F F F F F F F F F F F F F F F F F F F
  <DiscreteSampler_grid>
  grouped_processes
  1 # 1 for a reference and 2 for a running grid.
  10 # Attribute 'min_bin_probing_points' of the grid.
  1 # Attribute 'grid_mode' of the grid. 1=='default',2=='initialization'
  0.0000000000000000 # Attribute 'small_contrib_threshold' of the grid.
  0.5000000000000000 # Attribute 'damping_power' of the grid.
 # binID   n_entries weight   weight_sqr   abs_weight
    25   10   7.239925136070340E-013   1.146642040754424E-024   7.239925136070340E-013
    28   10   9.531014323006047E-014   2.117177190049144E-026   9.531014323006047E-014
  </DiscreteSampler_grid>
