 -0.00000000285684337  0.00000184833031617  0.00001389236681989  0.00003900385207971
  0.00007606747749132  0.00012464567638266  0.00018396910413409  0.00025482791564254
  0.00033510057622025  0.00042521251643341  0.00052171073068140  0.00062399037385356
  0.00073379752258326  0.00084884637410501  0.00096815068759021  0.00108892743499328
  0.00121480293026591  0.00134925321444071  0.00148657151461595  0.00163259177431776
  0.00178459526977202  0.00193259371330519  0.00207847512985981  0.00224781000184392
  0.00240778341526289  0.00256834257839487  0.00273408857576515  0.00290245256706999
  0.00307904305768715  0.00325456706486941  0.00343141094563833  0.00361275280907516
  0.00380194164187787  0.00399333334809798  0.00418015167436000  0.00436285352663951
  0.00454243159352522  0.00471399963893759  0.00489865906877036  0.00508225611450155
  0.00526421617007986  0.00545364137753878  0.00564661110398932  0.00583813242413491
  0.00602784842195797  0.00621784670346323  0.00641185160615559  0.00660650624052800
  0.00680183076902631  0.00699278717009705  0.00718161431596747  0.00736955075083072
  0.00755522704440032  0.00773711091756856  0.00791908129299477  0.00809874042274054
  0.00827629498148288  0.00845146641977166  0.00863128768411980  0.00882009005603114
  0.00900382184626900  0.00918371852346632  0.00936254809611089  0.00954163843879986
  0.00972229750756125  0.00990157773217316  0.01008591636940935  0.01027635269194891
  0.01047200014054099  0.01066570035387043  0.01085660631962281  0.01107053158434715
  0.01131001789700378  0.01156259011424878  0.01183076361505886  0.01210422821165190
  0.01238986851538100  0.01268650876465504  0.01298939247987137  0.01330618939887405
  0.01365175727524176  0.01401449083152122  0.01436638303452167  0.01479051665130827
  0.01532585329232226  0.01593427142156371  0.01655459431665605  0.01724710038869275
  0.01800200267245033  0.01880181902272504  0.02009019414956374  0.02195668091788481
  0.02458630473879654  0.03243443715264698  0.05041548440617845  1.00000000000000000
  0.00978693635124884  0.01498465596240911  0.02365763362499693  0.03346088528435098
  0.04396719957513969  0.05545895660596508  0.06619570590961696  0.07609833554240784
  0.08576827617655430  0.09538935720118927  0.10495210531091753  0.11469945019146478
  0.12481477612747831  0.13563633373198902  0.14643089977587290  0.15707565399909390
  0.16740518193283205  0.17757456044573650  0.18815898540646875  0.19905633150839658
  0.20988523259085906  0.22067434483412510  0.23142797627775541  0.24214552410373572
  0.25264569719211816  0.26312296756546616  0.27413653830394841  0.28574816295746186
  0.29753820795459984  0.30909573664027729  0.32019437694972697  0.33101420244908497
  0.34183114534902148  0.35244181320041412  0.36277928187265079  0.37296549411419255
  0.38329127791199302  0.39362540884209485  0.40384814541062480  0.41411579912798646
  0.42452142996493725  0.43495717455893090  0.44522702386957563  0.45521461649945494
  0.46510842964872845  0.47480567796694434  0.48454118355130998  0.49431607546558537
  0.50430837663942296  0.51497102320316479  0.52572290327435156  0.53577385680811807
  0.54550934649085558  0.55492955948898270  0.56496267180043203  0.57528111547472094
  0.58570476805173577  0.59664945905772471  0.60728327522023229  0.61719785770588187
  0.62733366406267455  0.63805894999435309  0.64920259671981861  0.66020572792861354
  0.67082117196382030  0.68151969287458170  0.69197602764789967  0.70217365505287632
  0.71231929855020770  0.72283262973825857  0.73398995350775109  0.74539440590723016
  0.75634655263174400  0.76722575003519433  0.77813355158199748  0.78874381569362295
  0.79913604349790646  0.80948859734921297  0.82054067914179252  0.83197896483708711
  0.84314653027639974  0.85442047146510514  0.86561732609350184  0.87678684260330519
  0.88765991161456037  0.89877802049553279  0.91066060524947556  0.92218173205509146
  0.93357494057411583  0.94438871468682084  0.95502473837838853  0.96439193310920213
  0.97367008478130490  0.98306254921999014  0.99095300357860261  1.00000000000000000
 -0.00002129298178375  0.00026756418813888  0.00078054696578925  0.00159538670949610
  0.00276231929434250  0.00417480584843048  0.00577765981934433  0.00763900554572350
  0.00973666985757327  0.01204754891519107  0.01442600383365856  0.01719374602635568
  0.02022691828975382  0.02338698641388374  0.02660960651417639  0.02996270947642983
  0.03361401912228367  0.03763577952568563  0.04180954701991130  0.04616071080027924
  0.05045779884254627  0.05482804684357779  0.05933523094057752  0.06393335327173810
  0.06857340366171936  0.07321121969064599  0.07775001369191670  0.08220177653758345
  0.08691515965538256  0.09194379470184502  0.09752560639950814  0.10328775582527644
  0.10948080693796754  0.11608131972002242  0.12284021295119482  0.12974577216794933
  0.13696505903593298  0.14400373289518947  0.15082200025794895  0.15768633583020972
  0.16476209061031158  0.17221504871676474  0.17999939192372871  0.18840709308595655
  0.19678988696252039  0.20550469127552454  0.21442099779994395  0.22350043538983491
  0.23295219374240614  0.24287398414535472  0.25310539017192096  0.26324714901562302
  0.27395097970461163  0.28481129304208441  0.29586481606546733  0.30694522257004292
  0.31782422093911900  0.32862081165904716  0.33947655696826723  0.35100396177825982
  0.36292723617089140  0.37465128625952315  0.38683645732422289  0.39929750423772120
  0.41184768037328451  0.42478718436337654  0.43860973213727017  0.45323247465840755
  0.46785443406012550  0.48284926110348569  0.49809901578899646  0.51384796813272415
  0.53031844368838887  0.54699523238777203  0.56491349585530748  0.58265983902252494
  0.60083533830167302  0.61921577392295479  0.63776325147567159  0.65652929539963212
  0.67489268996293483  0.69330161442184823  0.71162020292550532  0.73120924454518910
  0.75136964033809084  0.77161979722205332  0.79194081894239565  0.81231535983022118
  0.83239817826136775  0.85262418556160136  0.87238989888495588  0.89354036818496074
  0.91571532509189812  0.93775099938879103  0.95734010894846422  1.00000000000000000
 -0.00236869266352533  0.00936048528268108  0.01925902432253986  0.02918895556910721
  0.03932562466267246  0.04911812244449733  0.05874823036992442  0.06812505541745725
  0.07732581038725558  0.08678448853487809  0.09652697580404064  0.10616307814392910
  0.11579039144555323  0.12580062060945205  0.13629278681597595  0.14675916847816373
  0.15698895979949126  0.16746402858606418  0.17841781815227226  0.18954935465579714
  0.20038320755597333  0.21131103738822968  0.22247499428004766  0.23371045596903450
  0.24492304727251751  0.25531204751056524  0.26523361369793219  0.27512349622263516
  0.28486051424561493  0.29429135692291519  0.30348295583997920  0.31273277886933665
  0.32175875705442508  0.33075029202857964  0.33984337026851935  0.34874071871873163
  0.35734653357062668  0.36616733997003065  0.37538429129282536  0.38606126341116570
  0.39682255577235392  0.40748819702604966  0.41831562306563941  0.42950691481317466
  0.44061457771974971  0.45147186938979528  0.46256646425154002  0.47471815783797611
  0.48728960397657956  0.50042113617672268  0.51286282546192330  0.52480584627986759
  0.53652603622512884  0.54702002227573920  0.55676978693995627  0.56684115867202778
  0.57722526915248884  0.58788817029295226  0.59808757095040110  0.60845853948066442
  0.61906475072997225  0.62987521395499924  0.64111521341098909  0.65270594906243162
  0.66423065346127419  0.67557314038612926  0.68661275162077751  0.69741317140678427
  0.70867723912897784  0.72022595017994517  0.73170167328815094  0.74249625688171983
  0.75349570783110997  0.76520940706184792  0.77621626720155901  0.78720824439356163
  0.79782237791700161  0.80877090042968691  0.81947643307520546  0.82997382878573323
  0.84029160713623252  0.85061267275850327  0.86074574913314417  0.87099131542294017
  0.88131613914249507  0.89184486630199744  0.90268075356451372  0.91364195398684500
  0.92518051108394150  0.93695323642073336  0.94758300562431308  0.95831141981527945
  0.96879068711404925  0.97920298798907313  0.98958406621549655  1.00000000000000000
 -0.00203408787862282  0.00820489851360384  0.01690404719657584  0.02650513371917072
  0.03657059511466164  0.04693375155755228  0.05782466584729551  0.06839650764524394
  0.07921080148141055  0.08992921847376474  0.10078638656957879  0.11164354523269815
  0.12240981460300385  0.13273488854407883  0.14312219915589164  0.15398617295518632
  0.16523336588813672  0.17543545197249721  0.18592744419709165  0.19633784955437394
  0.20650689561648938  0.21651302120556995  0.22677639882702549  0.23777977058719318
  0.24937751900516059  0.25975293458307402  0.27086098443265361  0.28259444921823890
  0.29433868556605647  0.30524746579388534  0.31627888175361968  0.32732370546111850
  0.33826515833309834  0.34934303735460465  0.36034484234300557  0.37137679948730457
  0.38198179085992079  0.39203538042816383  0.40150471803653848  0.41078723403755307
  0.41992705100226541  0.42886239757296124  0.43818221890311587  0.44811463932904250
  0.45838335498967775  0.46865398330596941  0.47831171254313481  0.48916335723886073
  0.50006652198322832  0.51117333639228446  0.52211102188990244  0.53313428867106238
  0.54442958712976952  0.55585288134554922  0.56746948254678486  0.57885978792801529
  0.58958856292555439  0.59952882164974841  0.60954643272835407  0.61981069668745059
  0.63048416598648571  0.64114515038296915  0.65121844277355079  0.66059802810913870
  0.67016259924962307  0.67962555093276134  0.68938840960697456  0.69938993268555771
  0.70950344986485858  0.72025400507636805  0.73054882106106489  0.74035309556804318
  0.75038344152358505  0.76039237898341661  0.77017123304867929  0.77966554631831286
  0.78915984657518401  0.79995643532964500  0.81110862499889202  0.82214819280882900
  0.83301807531879568  0.84409398025654436  0.85512633097673907  0.86548280902629748
  0.87557087743713236  0.88584360860763955  0.89659537877475615  0.90765207799568126
  0.91905450679953415  0.93076574013981017  0.94217240396247981  0.95324932321370415
  0.96492594460606351  0.97701945461548911  0.98844763361508614  1.00000000000000000
 -0.00206995658011218  0.00852067049124850  0.01734359894000189  0.02627366329141315
  0.03532216214026211  0.04474289197069932  0.05409316001462692  0.06342723454175274
  0.07283256663599513  0.08230382021369261  0.09205696978481247  0.10213994052063290
  0.11236350173770525  0.12267758485178006  0.13288467781151703  0.14294585502269788
  0.15321903449025598  0.16383135687510347  0.17479414469978483  0.18579348070094073
  0.19661483028201124  0.20738014177019259  0.21814652567354922  0.22879219209936813
  0.23925034311212026  0.24945113986734560  0.25892013008319714  0.26814427705522426
  0.27760782303462012  0.28742040240427585  0.29761957495854102  0.30798439351250695
  0.31956231010569180  0.33191570651791380  0.34390336026933027  0.35597475340996049
  0.36801085642509163  0.37930585764054620  0.38989833577159522  0.40048023897183616
  0.41123112827423314  0.42157145014685854  0.43159529509218386  0.44184399486277387
  0.45241998799546540  0.46278558455109853  0.47278821732687071  0.48259425167911696
  0.49247829853579161  0.50306592711712839  0.51421779225315600  0.52528969984166318
  0.53600068244221932  0.54669346627547855  0.55743842386252329  0.56809986639753252
  0.57885339973556971  0.58999445095925840  0.60124707424785140  0.61212779560550012
  0.62256106444837278  0.63293718103068186  0.64348605747476406  0.65412207249328980
  0.66475660213766141  0.67509071175408286  0.68509149771066180  0.69506113592142094
  0.70525039429192249  0.71560021553473274  0.72612888261529729  0.73669491854869806
  0.74735907179933936  0.75826307684952088  0.76933071905294748  0.78042612043230009
  0.79122879350443276  0.80188001257259889  0.81249503481187257  0.82303534899308706
  0.83349861240195833  0.84390571575927631  0.85422786077441015  0.86463284480720060
  0.87548547575300784  0.88697259895837777  0.89901062968569390  0.91043432706129224
  0.92207574468154629  0.93314856048732386  0.94403741398484220  0.95420329794102665
  0.96451104096697315  0.97570412368306847  0.98730692366728878  1.00000000000000000
 -0.00292565247107894  0.00995289897635281  0.02203643603825047  0.03383840589972262
  0.04517767861183598  0.05620480156661761  0.06719516584369518  0.07849207926773021
  0.08967436674974200  0.10039370554581184  0.11046205174562142  0.12024675702147512
  0.13069508310102629  0.14162056170042298  0.15243942495740331  0.16315235878951256
  0.17433908258363526  0.18589547337395895  0.19735132741216885  0.20886540922283245
  0.22070281949056800  0.23220779273873673  0.24341735266438930  0.25474697014159114
  0.26635325936768095  0.27789235233892040  0.28912508537901233  0.30093236594561334
  0.31257947424855009  0.32397705087826117  0.33467599757071714  0.34474427268959368
  0.35498891587973713  0.36530163843369201  0.37560857477257065  0.38619071784564507
  0.39697897150163441  0.40906941489449278  0.42070310042686931  0.43220631803736109
  0.44342248726045536  0.45440914731172227  0.46516021706102256  0.47554086181768801
  0.48555685250767489  0.49559509777992439  0.50575614501911859  0.51636107486122196
  0.52648486338367040  0.53611492701268715  0.54553945329086106  0.55531210599046621
  0.56524959533054753  0.57515993811460209  0.58452176732031824  0.59458674289583902
  0.60472787772255743  0.61457642713303107  0.62457153520897102  0.63454694760457853
  0.64439858897592994  0.65437650837886729  0.66476755548602862  0.67575236114351467
  0.68665312874431372  0.69706915813765236  0.70741845788626778  0.71800488225347159
  0.72885776674235747  0.73978116018228690  0.75049236343569048  0.76084475907673998
  0.77099748446674110  0.78140592507289697  0.79212448433165439  0.80254225966760773
  0.81242584301504894  0.82216002316779480  0.83218092916160213  0.84229542512140010
  0.85233912657076882  0.86246979750129382  0.87273411254071387  0.88329961911708577
  0.89394666047149374  0.90414863346458485  0.91411653393071191  0.92399131573327975
  0.93391067648158643  0.94382340533117914  0.95378562345572881  0.96337819172314854
  0.97274597966605147  0.98198668868900107  0.99103193674629131  1.00000000000000000
 -0.00258812317300327  0.00957015003367134  0.02031032977799809  0.03119518657652710
  0.04225314454079566  0.05306746075843672  0.06364279662385708  0.07439437477688768
  0.08484086219224836  0.09489983987034815  0.10498666453060838  0.11488061946972090
  0.12487272835003503  0.13455299200797632  0.14465695712378487  0.15539986761740773
  0.16635516741859457  0.17717440071264134  0.18791577286638705  0.19907621144019996
  0.21025937493445068  0.22084374149323377  0.23162173530829555  0.24263678938551581
  0.25296870008034222  0.26283015282774458  0.27256568473364856  0.28460463143235271
  0.29567174623124975  0.30669344320576897  0.31753352100794280  0.32848984696731243
  0.33957060689884211  0.35065418281597366  0.36148177332533427  0.37211787470127095
  0.38278010031647297  0.39341840590826965  0.40398113790443524  0.41494170875209535
  0.42656130016328131  0.43795604306392355  0.44878274304559074  0.45934265394036122
  0.46975452219477531  0.48016534767989988  0.49012872458925089  0.49989488775272373
  0.50956360891136732  0.51932991341640589  0.52980623595749632  0.54082315633583367
  0.55205699209931947  0.56315090459655748  0.57362795881757411  0.58391255382407237
  0.59433138626830939  0.60496731319767416  0.61603567344789179  0.62684460973553469
  0.63725363824353132  0.64702572513006584  0.65661861824264589  0.66604002721814193
  0.67523464953317880  0.68417436405460808  0.69344994001435789  0.70299340856684323
  0.71261601963293952  0.72233462543512184  0.73193700967274256  0.74151784035526469
  0.75109682082848650  0.76112487618447611  0.77162672907693686  0.78284824154941202
  0.79462919402584498  0.80687928210658511  0.81941126531981434  0.83177552369698315
  0.84287739023035368  0.85351220109259229  0.86422088127303809  0.87533735830929815
  0.88511817148945071  0.89521361396091437  0.90564452933692363  0.91687944278284728
  0.92643169859318530  0.93658457466918132  0.94666938796494637  0.95676296971856134
  0.96666513124467235  0.97696664724348492  0.98811714643769188  1.00000000000000000
   1.4305285754602571E-012  -1.0000000000000000     
 F F F F F F F F F F F F F F F F F F F F F F F F F F F F F F F F F F F F F F F F F F F F F F F F F F F F F F F F F F F F F F F F F F F F F F F F F F F F F F F F F F F F F F F F F F F F F F F F F F F F F F F F F F F F F F F F F F F F F F F F F F F F F F F F
  <DiscreteSampler_grid>
  grouped_processes
  1 # 1 for a reference and 2 for a running grid.
  10 # Attribute 'min_bin_probing_points' of the grid.
  1 # Attribute 'grid_mode' of the grid. 1=='default',2=='initialization'
  0.0000000000000000 # Attribute 'small_contrib_threshold' of the grid.
  0.5000000000000000 # Attribute 'damping_power' of the grid.
 # binID   n_entries weight   weight_sqr   abs_weight
    25   10   1.484408056721587E-005   3.908665650561640E-010   1.484408056721587E-005
    43   10   2.220325602047517E-005   1.116973028305228E-009   2.220325602047517E-005
  </DiscreteSampler_grid>
