 -0.00005002804171544  0.00071197529300284  0.00216419471524533  0.00408914194547656
  0.00680387367848057  0.01086359810416353  0.01320860773050376  0.01420476709295278
  0.01493007989572682  0.01562511967843342  0.01633157333626195  0.01706324439336279
  0.01784546407296948  0.01870117156199520  0.01959581765582755  0.02054533890945666
  0.02151553122610463  0.02255407397215930  0.02354145128322172  0.02457745170373142
  0.02566267592339171  0.02676264487704573  0.02784112466404627  0.02915848690847656
  0.03059932002605343  0.03209593628448004  0.03360864519141331  0.03505489103928651
  0.03648720521686633  0.03790871684197791  0.03932153270373132  0.04075578101160510
  0.04223476608053214  0.04378517452823837  0.04536408591379285  0.04696734821089893
  0.04859370859826153  0.05028132763660877  0.05202548046049540  0.05374303082857065
  0.05540348779914472  0.05706994155800219  0.05877352018324426  0.06054286494695292
  0.06236377530249653  0.06422955454507642  0.06618713149005542  0.06816220546131074
  0.07014648673521173  0.07205394075610526  0.07390837966434771  0.07573137391297104
  0.07756982189064922  0.07948475207728045  0.08147278510639615  0.08357932625871470
  0.08578923531226208  0.08808188076453552  0.09036886350120092  0.09262511176722260
  0.09489578608459105  0.09717803122906546  0.09955915723513126  0.10206829448821847
  0.10466982655375509  0.10725733306575530  0.10984155353771531  0.11233587240553752
  0.11479857450480896  0.11720167427339971  0.11977998362869832  0.12261993869336907
  0.12548386504272008  0.12844767804675436  0.13143177987779825  0.13456185518571531
  0.13792776682771590  0.14150932580057002  0.14524429825477619  0.14904484192992123
  0.15294638153957033  0.15701682749489074  0.16137501939623816  0.16640390321280496
  0.17179019890980443  0.17761767203304266  0.18416318892471864  0.19143696960206230
  0.19959256752180199  0.20968240953696465  0.22315256787995313  0.24110508759114760
  0.26510004659019126  0.30554689738511487  0.39618102541347755  1.00000000000000000
  0.00891663457857799  0.01829965414411104  0.02894815256255710  0.03906756626182453
  0.04936706270915450  0.06030013820019732  0.07238381113887732  0.08410604312158788
  0.09553252417573854  0.10691044987422484  0.11851202628685811  0.13089765679238716
  0.14272283176844436  0.15427841043883186  0.16615394902419964  0.17772413939571768
  0.18930183538031406  0.20087753028588182  0.21268226956524666  0.22453814835731487
  0.23514810282671231  0.24472695393843144  0.25460812424840468  0.26470811267859168
  0.27516999882044163  0.28572272188782072  0.29678730076888959  0.30853793269997692
  0.32024271775995605  0.33233365021246647  0.34437621999043344  0.35607687342766575
  0.36723875137025797  0.37763768046583501  0.38760597804761626  0.39802078866643753
  0.40848723477717019  0.41925008459525637  0.43029967758642074  0.44108205817678153
  0.45201739308652922  0.46326381503194303  0.47407952920289020  0.48452978612176717
  0.49526032068594544  0.50601273491376131  0.51730369668931686  0.52806309451110955
  0.53896170688927636  0.54974719257710469  0.55954294597527510  0.56830870611730422
  0.57709964486077747  0.58656263525923791  0.59719089573402584  0.60758371924928167
  0.61756310826907634  0.62708114847675478  0.63521063422683655  0.64386348148212280
  0.65296947367061964  0.66179453573543923  0.67032732781837290  0.67869453850431094
  0.68794167586293953  0.69872497224913033  0.70962830122301046  0.72041629610220492
  0.73106055848389706  0.74165982140460263  0.75206504703342947  0.76226860107292216
  0.77229774981792776  0.78219161061499032  0.79207320071776866  0.80223733142705145
  0.81239016946268017  0.82224932798888417  0.83217964164007141  0.84280016140337255
  0.85420627713186859  0.86562907094445984  0.87731449474932088  0.88789892409096838
  0.89712202483386272  0.90566208303303208  0.91399039846145103  0.92313771895805308
  0.93296831645121248  0.94331291254862371  0.95359183734168218  0.96391476376987650
  0.97346505928128380  0.98379002631906975  0.99080232235503851  1.00000000000000000
 -0.00001866946788218  0.00010568238261047  0.00022939730149950  0.00037542592566586
  0.00052319015508920  0.00068247743594847  0.00086453931771136  0.00104602853189049
  0.00121552272129873  0.00138484862625053  0.00158833673124648  0.00179804318157673
  0.00199542253045985  0.00218694964944318  0.00236757075186170  0.00256698650577441
  0.00277809532707313  0.00298761626027534  0.00320472567105152  0.00341869029182872
  0.00361867421147977  0.00382391902985989  0.00405024667508267  0.00427880225232588
  0.00450008165144958  0.00472009937169509  0.00493527094825185  0.00514528524860546
  0.00536910824704577  0.00560442717908173  0.00584638706231889  0.00609522016129608
  0.00633918598537985  0.00657777303455313  0.00681493410370777  0.00705443605850777
  0.00731069324693786  0.00758896488438941  0.00785840951101245  0.00810778556729737
  0.00835595140009508  0.00859864799799891  0.00883616589786238  0.00906182634569055
  0.00930113486622698  0.00955442370448508  0.00981447911392077  0.01007743390374876
  0.01035271935172143  0.01063972213627022  0.01092343439500503  0.01121169840409844
  0.01153049605374362  0.01185784358164028  0.01218399665310979  0.01252555906769563
  0.01288370118089498  0.01323026196215314  0.01356928557758457  0.01390757912744390
  0.01425367267891918  0.01460723483793768  0.01495577174832695  0.01530193390668459
  0.01565213158053186  0.01599656204635982  0.01633147079257814  0.01666286946576564
  0.01700689210588753  0.01736092902160118  0.01771317477388527  0.01805944558098370
  0.01839714413445126  0.01872963884501455  0.01906801350620931  0.01941665030058321
  0.01976970664075816  0.02012416087843927  0.02047053376261126  0.02080760340484966
  0.02113955154501066  0.02147691200114398  0.02182572818660647  0.02216629997093439
  0.02251984877087370  0.02284530516160968  0.02316627819473535  0.02349665763451512
  0.02382698581033584  0.02416539865721314  0.02453084103709494  0.02492190163731643
  0.02530676030240778  0.02566069402758392  0.02597088138979285  1.00000000000000000
 -0.00283267012514158  0.01060879106436272  0.02183314500924976  0.03343230526947658
  0.04521475023521494  0.05756875781337420  0.07111256582842948  0.08410735617917248
  0.09641864653361060  0.10749777070331609  0.11837741622261816  0.12953506104142085
  0.13902646722683251  0.14923845278893050  0.16020627369006935  0.17165567083693434
  0.18345678528324028  0.19542992984459751  0.20811361363457859  0.21975891001823347
  0.23168662595342671  0.24352329675536893  0.25495447647551223  0.26613880500469550
  0.27741693430687037  0.28868652103763370  0.29948413404572810  0.31066894554015434
  0.32258651336300215  0.33545787945582095  0.34935211731766286  0.36310765295062952
  0.37559756240255621  0.38754392717848518  0.39860810990207929  0.40810088806667089
  0.41760966448922526  0.42734918648483683  0.43784573864733300  0.44873036076214973
  0.45957201667781317  0.47095074286912358  0.48292283870153663  0.49531821533413184
  0.50653833094625345  0.51686558565631291  0.52737549585251353  0.53833941908234006
  0.54925118064064216  0.55919789374469997  0.56829657994880267  0.57806108952314805
  0.58856162966254177  0.60064764894458433  0.61127411037481094  0.62027117131229770
  0.62892129867811863  0.63786902906611065  0.64750648994272497  0.65639421653481644
  0.66536098895821583  0.67561191552698552  0.68773115189246714  0.69986600762032858
  0.71112265636934102  0.72032869465270166  0.72913300086043509  0.73798017243918124
  0.74711891805621178  0.75633109158551903  0.76497840552556706  0.77366757128325270
  0.78275524259160778  0.79246721340649029  0.80219251016591342  0.81193295584647363
  0.82149834256332921  0.83107778399513432  0.84040501043545368  0.84903835929763605
  0.85744546065858041  0.86598444284320464  0.87500147233621306  0.88359982222254652
  0.89185606037440124  0.90074874635429647  0.91017517267643488  0.91990036700888400
  0.92968752720976688  0.94006285871812512  0.95088133761689231  0.96159250678351016
  0.97181025070626104  0.98156935986714811  0.99083347797594234  1.00000000000000000
 -0.00205003050467342  0.00848965685221823  0.01718070779785439  0.02778589817234660
  0.03872796563984807  0.04833886017922624  0.05725041625964236  0.06632385658735965
  0.07595773016376267  0.08577991693897405  0.09575560481582433  0.10562497955108713
  0.11580554175101659  0.12639245821101908  0.13770886478937158  0.14960173733470689
  0.16116841370060964  0.17197363485408340  0.18191978482982921  0.19204570619638631
  0.20253337806586588  0.21337878514282113  0.22430425215919622  0.23507909167979349
  0.24569429498981532  0.25591246137991919  0.26575300483674802  0.27621592717308807
  0.28696670057488433  0.29766257144961916  0.30832619583836490  0.31928750070664025
  0.33012689463452483  0.34056737801490988  0.35072977665841226  0.36120368889759480
  0.37186127887843357  0.38238868765112927  0.39244909566409980  0.40283522933979732
  0.41313323764426380  0.42304646644750465  0.43274467592744503  0.44262452135235991
  0.45306386032113544  0.46396632602213905  0.47506957038077691  0.48618707635319458
  0.49720039401057697  0.50781209129758653  0.51842077920963658  0.52803641308771565
  0.53759432442100252  0.54723274737080552  0.55693567967793356  0.56699005494659283
  0.57632109387957442  0.58521525360833015  0.59464423874251404  0.60501757302850667
  0.61585871342502607  0.62666723314772088  0.63741219510045388  0.64827619512858747
  0.65918956079783630  0.67003041621411108  0.68080276324197608  0.69210802056738618
  0.70375382203096171  0.71550837664400491  0.72731836713072018  0.73848586782107772
  0.74939281356897713  0.76008767903615493  0.77097877860806052  0.78229339333800740
  0.79354296810072300  0.80447719535468187  0.81510025091362615  0.82588480615419502
  0.83679361976605993  0.84766763644627618  0.85831687068701279  0.86845993338408800
  0.87869077967904108  0.88957565126057081  0.90081414065310184  0.91126915411901854
  0.92154247307291182  0.93267573110053026  0.94385158775480582  0.95517164739909743
  0.96727728673138391  0.97785845823964535  0.98862678959697359  1.00000000000000000
 -0.00165141859301738  0.00723917262207904  0.01698842978397835  0.02659723520545646
  0.03736072418644702  0.04970461773423489  0.06207250635789377  0.07273635010661697
  0.08334967860025240  0.09372769678957392  0.10364592526485689  0.11286314555677240
  0.12194298676817869  0.13173506258619347  0.14226450981805089  0.15299261973748748
  0.16403200240111412  0.17570956152262951  0.18789973173280519  0.20025479494155438
  0.21243002323082558  0.22412052744253935  0.23490371007217145  0.24546589812603017
  0.25560842001592415  0.26625091718811816  0.27744175697104051  0.28889194308180155
  0.30068815690956568  0.31184064398145062  0.32303925860261506  0.33312652974416496
  0.34270715826807174  0.35194915263117915  0.36177029544472195  0.37178487077990391
  0.38247589104596041  0.39252104861841103  0.40325796901091926  0.41436489091983847
  0.42600221072098116  0.43797438413085038  0.44947735009867518  0.46026546811495828
  0.47010045004025797  0.48041682793075707  0.49169220929524721  0.50355829028599564
  0.51549502573111228  0.52790873303015029  0.54061751960896143  0.55243958776597313
  0.56354696842884477  0.57422650563237798  0.58498134535660851  0.59582839568905233
  0.60662076920144947  0.61719269677543442  0.62713801644770983  0.63667621905594907
  0.64591390583591912  0.65463716352161461  0.66297125354705111  0.67113801479355195
  0.67946331389056336  0.68880749151547649  0.69896615717012289  0.70979863955390710
  0.72182490339130245  0.73339532026034893  0.74501098254636888  0.75610637484838172
  0.76678280137862742  0.77708394284101223  0.78741352582531710  0.79753460508032048
  0.80708341687605578  0.81607673319851659  0.82412197225420536  0.83227547062329832
  0.84044380806026009  0.84917325127749110  0.85894503057652005  0.86893221426762635
  0.87927662729064293  0.89143829543455355  0.90250591736017616  0.91312391862121445
  0.92268742246076219  0.93289329933747389  0.94331612898719763  0.95496269855429516
  0.96697934297122967  0.97942915059016589  0.99016164278354435  1.00000000000000000
 -0.00207389850593143  0.00874318627354892  0.01754980149264165  0.02771766080277960
  0.03822782718355180  0.04823971550357858  0.05772840357951062  0.06755057284687283
  0.07777645638969324  0.08806129809215567  0.09793537586440054  0.10755306179864484
  0.11798417444436922  0.12856157641930882  0.13905968949134767  0.14930627522603698
  0.15956206115072430  0.17035309264196866  0.18168266018855880  0.19308758518024430
  0.20371211694237215  0.21366356490427188  0.22365599793231147  0.23472285814614066
  0.24584828915100146  0.25569615158914216  0.26497996111384958  0.27538954033181723
  0.28616925187625852  0.29643580011213622  0.30668370887325491  0.31813123425386802
  0.33066450637665090  0.34332761503143239  0.35563001974911840  0.36777265152411343
  0.37993597499985948  0.39186190940878085  0.40331771815064771  0.41348684433456351
  0.42353499014781043  0.43296157770141541  0.44215209810247108  0.45151418855832948
  0.46137363092872097  0.47210404809384765  0.48303117567433373  0.49475333804103488
  0.50698986927610734  0.51861756717895724  0.52936254779555381  0.53905071629303491
  0.54889008769559111  0.55807366426749050  0.56738108316600411  0.57771623127028759
  0.58764790406593426  0.59821670123785142  0.60959788627570521  0.62106935277036446
  0.63131458334570290  0.64058010028467627  0.64936143199820273  0.65829614642584533
  0.66801002502242302  0.67811737486875912  0.68815475552965844  0.69847860379417903
  0.70923472188301151  0.71972876868093350  0.72988060915813358  0.74003066914617899
  0.75037238048381971  0.76130890062971024  0.77267054421769343  0.78407713750254515
  0.79493923747720663  0.80504102187582682  0.81493424326413844  0.82493367917387939
  0.83526980558938291  0.84571933475403527  0.85700195465644780  0.86917086685826717
  0.88097186293589025  0.89183932508978758  0.90319096978323465  0.91464127630270720
  0.92584229675480567  0.93674862782852975  0.94809080272039348  0.95960882801309799
  0.96967465077829507  0.97959331619702905  0.99007142128631920  1.00000000000000000
 -0.00234289331471904  0.00882731894453909  0.02002303184263193  0.03099679024905607
  0.04215573729861104  0.05274631775032322  0.06340660503988566  0.07477349081869572
  0.08624133409479223  0.09740267077540125  0.10865798134950927  0.12014574600654358
  0.13111284881127314  0.14178178688533324  0.15238867238297985  0.16268675975242544
  0.17252556099587746  0.18151190762867189  0.19066407322043438  0.20031953043801329
  0.20954888920947984  0.21882136793809076  0.22898143698237600  0.23993614337948238
  0.25065243310133800  0.26073284431975552  0.27080765204995816  0.28081310690799838
  0.29082987716464764  0.30005617723533823  0.30858564047097725  0.31685321131363831
  0.32503915307903897  0.33377718122334632  0.34321945228488893  0.35303093052758111
  0.36276195882092854  0.37258480473659561  0.38309224679564041  0.39460349536546141
  0.40671920896839275  0.41791282273509966  0.42732758032640289  0.43589613882177081
  0.44472120884062610  0.45425810980524567  0.46429535385756904  0.47459551586930765
  0.48514045435174091  0.49622428461567952  0.50767650232338957  0.51900512232719598
  0.53016694834035749  0.54090294889128276  0.55190807523078966  0.56329642854492368
  0.57474497246610357  0.58639388108064816  0.59814218546930542  0.60929433378990649
  0.62034986808325598  0.63117421164202392  0.64181695177457132  0.65178502309326813
  0.66200326819442501  0.67232834995089685  0.68392725920072928  0.69553250826358115
  0.70566378894753345  0.71570119926347264  0.72591287434627638  0.73696516932613865
  0.74761718201810712  0.75869090309539944  0.77054438788373780  0.78320686949679430
  0.79558917594037182  0.80721364331337397  0.81862119681460976  0.82932946198990953
  0.83972703792399672  0.84953965514520591  0.85965266530588202  0.86978551566683227
  0.87982883384991950  0.88996846157336040  0.90007820429666430  0.90987070388908586
  0.92006838460558638  0.93088734310577415  0.94187274237776331  0.95376583131871351
  0.96578319408745517  0.97762668993641744  0.98939408679806029  1.00000000000000000
   3.0012613642024496E-019  -1.0000000000000000     
 F F F F F F F F F F F F F F F F F F F F F F F F F F F F F F F F F F F F F F F F F F F F F F F F F F F F F F F F F F F F F F F F F F F F F F F F F F F F F F F F F F F F F F F F F F F F F F F F F F F F F F F F F F F F F F F F F F F F F F F F F F F F F F F F
  <DiscreteSampler_grid>
  grouped_processes
  1 # 1 for a reference and 2 for a running grid.
  10 # Attribute 'min_bin_probing_points' of the grid.
  1 # Attribute 'grid_mode' of the grid. 1=='default',2=='initialization'
  0.0000000000000000 # Attribute 'small_contrib_threshold' of the grid.
  0.5000000000000000 # Attribute 'damping_power' of the grid.
 # binID   n_entries weight   weight_sqr   abs_weight
    25   10   1.419373223578850E-012   5.693521572958193E-024   1.419373223578850E-012
    28   10   4.657787426929468E-013   2.107082281197263E-024   4.657787426929468E-013
  </DiscreteSampler_grid>
