 -0.00000000954347806  0.00001011583267808  0.00007825224100651  0.00021958387338716
  0.00043647971895284  0.00071411894935311  0.00104880874410383  0.00143143414382603
  0.00184258598651244  0.00229645942269975  0.00280552032187413  0.00336192075684370
  0.00394918673420778  0.00455957526187469  0.00519491980471411  0.00585474971453978
  0.00653852356719883  0.00728836905236174  0.00801686269360059  0.00878099437778772
  0.00957260387983778  0.01036206515410950  0.01114605162920655  0.01196300534019238
  0.01278751047538574  0.01359861621303361  0.01441399165447331  0.01524608993588765
  0.01609229166673692  0.01690838203551209  0.01771155490459324  0.01850898872303177
  0.01930077046266374  0.02022053943708669  0.02119187440421570  0.02216547818703918
  0.02313902456258125  0.02411488515736251  0.02509119583600514  0.02609213581627429
  0.02715949793272734  0.02821400292864974  0.02928283267599405  0.03036423718073418
  0.03141306523193610  0.03244145682067515  0.03346657956002272  0.03453359392720785
  0.03571762698223217  0.03693170963417341  0.03810366045605498  0.03928175378785007
  0.04046812353909097  0.04166002611366255  0.04286184493985511  0.04410050120212373
  0.04538138486785892  0.04675515025227028  0.04814595715016316  0.04953405681591787
  0.05093350562119630  0.05232003619576690  0.05375626822997617  0.05522792963453098
  0.05665925469518442  0.05807937369509451  0.05954085108851897  0.06108137082552218
  0.06278177420127433  0.06457184007966540  0.06637714835591681  0.06820718478901182
  0.07008726757004533  0.07197981795065264  0.07388709521941562  0.07578971842493856
  0.07768259333681181  0.07968200110835241  0.08235921671864929  0.08505386289339556
  0.08771273396713510  0.09042770792730849  0.09327296161579723  0.09620487044403495
  0.09929090786054420  0.10267833844735071  0.10658809201358808  0.11120124434093956
  0.11642654550001948  0.12224050355914327  0.12908439739462654  0.13769735235318478
  0.15390452265977630  0.18714206957764137  0.32244390109147480  1.00000000000000000
  0.00906253418276081  0.01682064519093730  0.02708659848165242  0.03788936006126661
  0.04830098140176955  0.05902620674982254  0.06966533095624790  0.08033136383693434
  0.09089963462289304  0.10125729727468973  0.11093603213701365  0.12043907181613961
  0.13057617737374425  0.14074799225140958  0.15081266218144454  0.16085875523956367
  0.17116100422412608  0.18163139453816712  0.19168047918515935  0.20113123410380987
  0.21032305815891589  0.21938154817616404  0.22874163293069819  0.23855315532551041
  0.24840216561414691  0.25827157310055610  0.26844102331178016  0.27934535068620575
  0.29067222760872130  0.30178767586682492  0.31320294743243837  0.32524682481923295
  0.33745764002877193  0.34991249750748188  0.36266937343499051  0.37531354134452694
  0.38748819784108074  0.39950853222115645  0.41194602346127374  0.42428814155015504
  0.43622412931366134  0.44592565120355793  0.45569784657970586  0.46517194111854376
  0.47440724997662803  0.48362370128461551  0.49287606650962124  0.50224288288529695
  0.51210580428858621  0.52229062368656298  0.53336656333288779  0.54405855317787266
  0.55344507540412125  0.56258248252935950  0.57101890393266586  0.57934457487828961
  0.58770054380741510  0.59630967260382961  0.60531009230071597  0.61513552591249454
  0.62534575731267106  0.63593220432756281  0.64668216497879638  0.65755416493517094
  0.66888592475412378  0.68059025548881580  0.69221332336454477  0.70353306578880992
  0.71436503652884553  0.72473516228929591  0.73487218327492099  0.74472308404333631
  0.75418742474113210  0.76335686931712166  0.77259078997392516  0.78269666009564232
  0.79306423582451813  0.80423505193433886  0.81517419246471068  0.82720083718359261
  0.83850914271489962  0.84968144315388283  0.86013739392328792  0.87022509400398795
  0.88008825944535141  0.88992410833084568  0.89961049322218589  0.90884196770466030
  0.91813478154001416  0.92829407640085992  0.93903204175377974  0.95028641784257817
  0.96127030297840121  0.97159645869946987  0.98152273335291063  1.00000000000000000
 -0.00001998380189526  0.00023405275097612  0.00068707185457026  0.00141295567301823
  0.00235864119733733  0.00358413550012535  0.00516869400413658  0.00697481474294690
  0.00886472578246233  0.01097875479271422  0.01338150923470439  0.01597439603035512
  0.01858598448796811  0.02130495433874161  0.02423830395449503  0.02747472513818953
  0.03073098950720534  0.03418948724240465  0.03792207019993681  0.04184958083555831
  0.04585612496529594  0.04992968792311747  0.05409216775207215  0.05829506041516317
  0.06260834769943162  0.06708787581675578  0.07168880368208178  0.07653405500265120
  0.08169190342170272  0.08710620395842446  0.09248824825254151  0.09785420517731885
  0.10314543282147305  0.10836787925282007  0.11369586149811887  0.11911705243345136
  0.12470578702392086  0.13052614136406893  0.13666834265321820  0.14298599775946780
  0.14943644711844825  0.15604374280879510  0.16286098845746269  0.16982729349875003
  0.17698615365489617  0.18445678868666504  0.19202800069900497  0.19960401842384032
  0.20713832144859043  0.21461979180127361  0.22220760130171127  0.23010772975114946
  0.23811537301311012  0.24612241499009518  0.25392718025423067  0.26210629035057154
  0.27039871704677076  0.27947648555794236  0.28957432377110753  0.29989387418664171
  0.30963321555999940  0.31924191362419008  0.32896989421623873  0.33845628711841541
  0.34932609133663467  0.36071782588925672  0.37215701513967342  0.38367681816372601
  0.39576484055368166  0.40762844106158730  0.41946713435131899  0.43138998274390267
  0.44339535222799847  0.45548863335622636  0.46773577750256495  0.47968300371358613
  0.49166172200398839  0.50363065636763560  0.51559583501820627  0.52756842018552386
  0.53956117672594306  0.55163377015166326  0.56380485786421686  0.57576817161708582
  0.58802376792934596  0.60073469301320959  0.61377880489921444  0.62671489694796001
  0.63967133877479565  0.65247209929336714  0.66477630413519717  0.67706309443819057
  0.68967092362986471  0.69927203180930375  0.70003569986644931  1.00000000000000000
 -0.00185693840580815  0.00768022136506797  0.01572941328497721  0.02447642309901913
  0.03379004091795205  0.04358013862883710  0.05407727039569891  0.06484926306180704
  0.07571298824039645  0.08652762984408806  0.09717400584391819  0.10781083847359581
  0.11869377043409711  0.13000369388948291  0.14152576614664186  0.15252871831528134
  0.16313918646016839  0.17342652632690644  0.18326895106597682  0.19326607104418717
  0.20335778906366964  0.21381589683250043  0.22478034877445099  0.23602454281886145
  0.24782187829141461  0.25900229114595880  0.26927778769249872  0.27930984918015311
  0.28937713405470417  0.29978992125643261  0.31006906399436857  0.31999752323627145
  0.32965514058730894  0.33918400614638472  0.34881125719772371  0.35808781030006748
  0.36680048463029685  0.37573004647001124  0.38533330261141380  0.39498392561618256
  0.40447611112670162  0.41439814417031962  0.42579104571823728  0.43790915354580057
  0.44937547412008505  0.46034700360627034  0.47119933149098026  0.48236985434640844
  0.49357286151328195  0.50443907911185815  0.51519612855924513  0.52587251817106018
  0.53653344820102211  0.54743099570835108  0.55851397294225269  0.56936751139424491
  0.57969556017939861  0.58993314000744290  0.60034164277946267  0.61055106261088654
  0.62076232584738289  0.63122025893160338  0.64202766282558221  0.65291220379278248
  0.66343015891319124  0.67410079947786106  0.68479066545413958  0.69523642195397928
  0.70542667773295598  0.71544048189765574  0.72544599427485634  0.73525076165352010
  0.74514682979275937  0.75545698086915680  0.76586770177117680  0.77587082592280465
  0.78601212949697308  0.79669836757340906  0.80776623841393447  0.81870377882745604
  0.82955911995442200  0.84061450729392617  0.85181930394995764  0.86331081092954765
  0.87505583101840267  0.88663501655104526  0.89821333571483786  0.90949605935862732
  0.92081378017536319  0.93118563267352716  0.94231572904477712  0.95294905446978317
  0.96349232687789921  0.97448883837581302  0.98645574487369914  1.00000000000000000
 -0.00253320284410010  0.00950079919709251  0.01934693061709916  0.02994602022288464
  0.04085621109135893  0.05285597558048508  0.06470580257996733  0.07615814911073494
  0.08772117288935252  0.09907440478760325  0.11086152633551885  0.12254209281040182
  0.13440313495248951  0.14603665984595499  0.15760370361030024  0.16903312322954384
  0.18055691164722643  0.19257450460309317  0.20445080124143236  0.21525628900346913
  0.22528135676277200  0.23509488526837269  0.24469716856927193  0.25392629673851075
  0.26292328180151303  0.27219041602197308  0.28202548026226271  0.29203260131833575
  0.30175040268575204  0.31132087586499246  0.32103490773499210  0.33098843567470015
  0.34086289102852174  0.35078459252501770  0.36085000432599029  0.37071752929441065
  0.38113521942808526  0.39172370731260442  0.40323445753044612  0.41443067734849359
  0.42562645689711631  0.43658111892556417  0.44644223457919430  0.45624403463629154
  0.46582319193084659  0.47532457991331578  0.48452502480075360  0.49323595297800216
  0.50250649345397236  0.51175112088363051  0.52123053100480476  0.53091595367357769
  0.54075895370266802  0.55098977146040140  0.56130268034146824  0.57323734506864055
  0.58519026041855871  0.59683224214156005  0.60862850025026083  0.62187792737615466
  0.63235473341632631  0.64267734180819169  0.65327085223439851  0.66383809980265751
  0.67453434781632104  0.68473061871559227  0.69691933075853674  0.70904056854137887
  0.71947340722319431  0.72944856282228532  0.73915920102616428  0.74882089439913291
  0.75851478626048641  0.76834120534116135  0.77873103541796174  0.78933931420561132
  0.80018842585759609  0.81111750928012849  0.82149650537818564  0.83146950048883084
  0.84127391873972357  0.85123218220946106  0.86133147725160430  0.87133793773485113
  0.88144042664644662  0.89175798595127098  0.90230863415248763  0.91349964970357178
  0.92436478596641014  0.93518729279319468  0.94575688411461267  0.95628503638392959
  0.96714675173270692  0.97804989656702701  0.98904503024699830  1.00000000000000000
 -0.00193629341620462  0.00814449192646801  0.01676672848113085  0.02611109625158883
  0.03553737676941104  0.04467919790770458  0.05364544415754317  0.06279720969938213
  0.07262225896650071  0.08258495511830047  0.09246930820222418  0.10242487165607934
  0.11279130198674674  0.12355605957328135  0.13434073663358864  0.14520035446652674
  0.15595485091642039  0.16644257393079659  0.17700462238931786  0.18788787474730859
  0.19922321736667339  0.21091286076914492  0.22261677670716204  0.23383486997533501
  0.24432386639821058  0.25457707431622756  0.26432493737329382  0.27444708628450565
  0.28513183074719389  0.29599250942837602  0.30682893553185070  0.31781777043363424
  0.32913316958236422  0.34002379540242356  0.35091816724567876  0.36225159196391693
  0.37341521619672652  0.38362063269174479  0.39382315271149704  0.40424595502744842
  0.41432343140562511  0.42452214019005602  0.43510798555842556  0.44611393735074001
  0.45714463421464385  0.46800202164900861  0.47869720333724175  0.48902476797372163
  0.49932375297321002  0.50975386927344668  0.52088234677597256  0.53335696247161080
  0.54487725649187202  0.55455694729392857  0.56429435225958025  0.57418981957928750
  0.58413467098650051  0.59392364482806859  0.60375529247080728  0.61454792113756018
  0.62600605172709300  0.63718120970028247  0.64808726162711416  0.65802239721959710
  0.66768139296189799  0.67710942785072525  0.68678568963846542  0.69660863177519594
  0.70654048675195913  0.71670074011541951  0.72718041153724455  0.73799026556860670
  0.74904248648830496  0.75976481222521464  0.77020476986602326  0.78091854104211489
  0.79179874448773047  0.80263757898003285  0.81351216337788468  0.82432651611704133
  0.83509228187415796  0.84604992570585880  0.85695183905190253  0.86755114921516663
  0.87778249228046601  0.88796305190414904  0.89822228214555089  0.90874258751104420
  0.91934031712606135  0.93053596109893388  0.94207139741269030  0.95421214484614325
  0.96633289475408435  0.97816687577758421  0.98938499252177292  1.00000000000000000
 -0.00289385765304169  0.01047423408020064  0.02147210645642631  0.03176912723610794
  0.04209298748589917  0.05252318508318443  0.06309388035835502  0.07352658529904629
  0.08379599370887753  0.09508069581391101  0.10552200543642885  0.11592957138666865
  0.12634728732613740  0.13799091655766291  0.14867667545834781  0.15930571272507868
  0.16960513242448816  0.18039277484781949  0.19142279465746304  0.20209670578505204
  0.21323112750029069  0.22401937908869274  0.23441072850284828  0.24459664598391129
  0.25475767416623080  0.26479164807448319  0.27475037621941889  0.28433841030198204
  0.29447175136726084  0.30528212475542077  0.31585932552148654  0.32605388817378922
  0.33617443500992605  0.34702402652515130  0.35755399278124400  0.36838438835661930
  0.37855728567633573  0.38947439677203899  0.39991759709062014  0.41058586036801842
  0.42096156399127460  0.43095761572781899  0.44104904642769915  0.45148938286666263
  0.46199408790768870  0.47246896599658533  0.48329072010597335  0.49426395787155097
  0.50555241886602953  0.51704987003324376  0.52857967070270717  0.54012395367979504
  0.55179383177638408  0.56340906967983040  0.57472865303676712  0.58587448428450895
  0.59677990994493901  0.60727962447976169  0.61732492195216671  0.62713498036819904
  0.63718124993032177  0.64763292799982997  0.65852862854386707  0.66951146172756482
  0.68033935617909891  0.69058377753498823  0.70034969981240480  0.71000285433187182
  0.71956977061113903  0.72913032886809581  0.73888367179815129  0.74856954608913850
  0.75867023799771383  0.76896917637613749  0.78032202267011908  0.79246342941553483
  0.80515292616804601  0.81636119546095154  0.82650461317862767  0.83631526767257292
  0.84624288122197433  0.85606767229219016  0.86568867035700503  0.87541680585241766
  0.88592069760326142  0.89655993150278923  0.90710963188457505  0.91791375764377825
  0.92896818129694569  0.94015036687563913  0.95084844132312563  0.96104303658138190
  0.97075752644619961  0.98033339516212925  0.99002536662587970  1.00000000000000000
 -0.00333476813601692  0.01166172286599614  0.02430869280148685  0.03640731274055412
  0.04827172410292716  0.05982808082315934  0.07099697182862066  0.08179371655469521
  0.09220886416798801  0.10226710845315914  0.11196328602119440  0.12145968144935390
  0.13103804857557277  0.14053922316587239  0.15003973161294931  0.15942791099695175
  0.16898520698911465  0.17850650761995368  0.18819108597780893  0.19842236948419412
  0.20897847433756117  0.21969739188889439  0.23059433900086529  0.24127528676009471
  0.25213467228599129  0.26267661521700464  0.27319176439631776  0.28387042926517497
  0.29481407805777704  0.30621068170501764  0.31747375688176122  0.32857228979989872
  0.33985308847083240  0.35155918488850563  0.36378983163580808  0.37600982221629020
  0.38755316473369578  0.39876558474099932  0.40973987609590606  0.41962666063174070
  0.42838157740019495  0.43725396718440723  0.44710046585252161  0.45735189167098100
  0.46763515743354439  0.47748394046171416  0.48847011149183056  0.49966179863899346
  0.51059099690875642  0.52133908571758591  0.53165694697532451  0.54158836270223976
  0.55129831659595696  0.56107453067870749  0.57122254222558388  0.58142055495482314
  0.59188708905618104  0.60292573910057967  0.61513780268994922  0.62705315688231411
  0.63828155242340034  0.64914618038827088  0.66009249146018678  0.67129494398896949
  0.68241252341843639  0.69310459654972212  0.70345985246450882  0.71350006796697629
  0.72330081211539021  0.73288541407779340  0.74273485933623040  0.75323294915307648
  0.76424142965739839  0.77565148096809089  0.78704817885068956  0.79789058775381483
  0.80786268311820897  0.81815000677166294  0.82855095704026316  0.83885888686742238
  0.84917218750859413  0.85972315638787988  0.87042597341552286  0.88060974119407553
  0.89017176977607015  0.90004997552440436  0.91009571713473414  0.92030308764376900
  0.93062662471318403  0.94085480386658604  0.95133417919464924  0.96146223029319777
  0.97122234792624162  0.98088788444743724  0.99030363847310066  1.00000000000000000
   2.4483983327295794E-016  -1.0000000000000000     
 F F F F F F F F F F F F F F F F F F F F F F F F F F F F F F F F F F F F F F F F F F F F F F F F F F F F F F F F F F F F F F F F F F F F F F F F F F F F F F F F F F F F F F F F F F F F F F F F F F F F F F F F F F F F F F F F F F F F F F F F F F F F F F F F
  <DiscreteSampler_grid>
  grouped_processes
  1 # 1 for a reference and 2 for a running grid.
  10 # Attribute 'min_bin_probing_points' of the grid.
  1 # Attribute 'grid_mode' of the grid. 1=='default',2=='initialization'
  0.0000000000000000 # Attribute 'small_contrib_threshold' of the grid.
  0.5000000000000000 # Attribute 'damping_power' of the grid.
 # binID   n_entries weight   weight_sqr   abs_weight
    19   10   8.348888659149531E-013   1.825735027091482E-024   8.351683174548487E-013
    37   10   6.152549203527138E-013   1.009379361933695E-024   6.153219634855553E-013
  </DiscreteSampler_grid>
