  0.02649668837734051  0.02688093166216083  0.02719306337665177  0.02762872216172556
  0.02819196695930092  0.02877952406704203  0.02937386822825913  0.02999888267638258
  0.03073130746813913  0.03147661603860177  0.03222969796451882  0.03299189644946119
  0.03381687519903048  0.03464015694919297  0.03549897236564594  0.03639221534110658
  0.03724122016557174  0.03817908019840723  0.03918409996984128  0.04027721439733648
  0.04157660212070104  0.04309542383009344  0.04476930239840246  0.04660505775019084
  0.04867764764424241  0.05059890649013208  0.05240773204453625  0.05416004967301813
  0.05591836023129119  0.05806002075153516  0.06017997515626598  0.06228294023355704
  0.06487781886344332  0.06762423753673347  0.07029493874644263  0.07303251625645983
  0.07591470578406702  0.07888662174532746  0.08203124163570220  0.08642445250001890
  0.09115409401693551  0.09656921494098343  0.10213836011754879  0.10783645775862796
  0.11307282092373611  0.11846535975344193  0.12394736497251686  0.12976488515463500
  0.13602453987734756  0.14248536666063852  0.14969489676342582  0.15755515632252345
  0.16577315050810543  0.17534337358431742  0.18626199184014686  0.19686836567235766
  0.20756034531838405  0.21862288810747676  0.22943375795179335  0.24017529311755798
  0.25157240243465240  0.26428976074446742  0.27700376395256143  0.28917967943493333
  0.30112261273326024  0.31501501190820408  0.32902067255580841  0.34363251870097949
  0.35888981147315724  0.37362946722817342  0.38744967345225861  0.40075981951696676
  0.41452816744962567  0.43101495115488009  0.44782318564025236  0.46489939363402849
  0.48156547373052216  0.49739852452896055  0.51500529088724145  0.53450382722826106
  0.55637033823921633  0.57578184727483606  0.59542087041845315  0.61640802371571735
  0.63543644368417584  0.65536476375152386  0.67609527550227955  0.69851765504182539
  0.72325428540883263  0.74940621446510702  0.77463319221562832  0.80019936859454699
  0.82813381064804914  0.86039228586663863  0.90473306213783633  1.00000000000000000
  0.00937433613618840  0.01558418562991216  0.02450552359362292  0.03445828017268875
  0.04440975619578014  0.05369169118286991  0.06340862518664958  0.07259192339360668
  0.08265508645247420  0.09219650544039024  0.10276926751818696  0.11362743936804810
  0.12480022204874097  0.13502530350971001  0.14431766618009678  0.15319287282768668
  0.16214988958506268  0.17110752430352677  0.18053022461429893  0.19120173907229990
  0.20393178165860701  0.21606815114019343  0.22770953826624890  0.23825768159442073
  0.24884552077886926  0.25939144012281723  0.26926807085321103  0.27931206640607814
  0.28916918689987320  0.30108242182743217  0.31516674849007670  0.32865377036445748
  0.34082160473279716  0.35248217893008149  0.36410486496632233  0.37476749669292353
  0.38253374213655067  0.39005579931255441  0.39846950281379867  0.40679433537302934
  0.41432351791512678  0.42165396640899860  0.42923155897105769  0.43540334824279325
  0.44272782626832047  0.45179397728177595  0.46095476229430216  0.47024127623803413
  0.48025168844539207  0.49051886807415745  0.50177384678320125  0.51232079560425781
  0.52235959972112955  0.53223288112150380  0.54167494149762296  0.55252783567682517
  0.56403708521042750  0.57406284146629427  0.58290365812533229  0.59163815239661666
  0.60187755984872204  0.61209572588929806  0.62096783768154207  0.63165612380335401
  0.64228564884175365  0.65217815499934295  0.66047874055248945  0.66871589319522406
  0.67878314510150883  0.68729829563950129  0.69499676506523822  0.70207476787488576
  0.70915958994837547  0.71602550443143032  0.72526950509034727  0.73652876669000822
  0.74759137680936261  0.75962269603216392  0.77123593277844849  0.78397654246153425
  0.79679330664928449  0.80973140199481619  0.82393011380593317  0.83679467843084454
  0.84970870190285985  0.86267407823427278  0.87584975935189113  0.88824944677813922
  0.90052762216969418  0.91426591016127834  0.92965454044634910  0.94623077530758148
  0.96106774117382510  0.97394233354452897  0.98712466343856609  1.00000000000000000
 -0.00265546488386283  0.00935726042336098  0.01902361206598825  0.02881459836083019
  0.03885208785726484  0.05069032157185677  0.06278135703803321  0.07481908581135095
  0.08727130989388866  0.10054151553593059  0.11426527587452991  0.12776769909682939
  0.14148320785333307  0.15318463650208927  0.16450553986356853  0.17539371271442905
  0.18673065589307061  0.19918233102449975  0.21124195650893568  0.22280078165486036
  0.23429950618616799  0.24622964114517512  0.25825254914286305  0.27007636577237076
  0.28106349288771393  0.29152471137074976  0.30168463114492677  0.31161836266622811
  0.32267041753075831  0.33542122160974003  0.34756914660685895  0.35775472203873387
  0.36706623504417885  0.37469315451760132  0.38250458216714800  0.39200134247275248
  0.40215210596102774  0.41262212815406685  0.42295871587296024  0.43238391282829142
  0.44183928201418488  0.45323514643056534  0.46470219918288269  0.47607816181702484
  0.48761759070049915  0.49905139278948024  0.51116661826268839  0.52268938289284250
  0.53384663485882899  0.54412867748795690  0.55326621430574230  0.56440871947574289
  0.57506240082278326  0.58401839061360661  0.59249792007129332  0.60007515092713137
  0.61163154939164610  0.62445398338681180  0.63508758424818934  0.64400859367117980
  0.65109809471386038  0.65810661164037398  0.66709974392382987  0.67821112960142160
  0.68710419216243968  0.69631384850926614  0.70546659107924836  0.71503419646749888
  0.72489554413064117  0.73469718591005018  0.74487950610751508  0.75497324641110730
  0.76494312926706387  0.77518745799912925  0.78658058616088056  0.79820240155985911
  0.81028774376509627  0.82239949194233319  0.83328727544063952  0.84282156050084411
  0.85346133602674268  0.86472038005136842  0.87777193939967080  0.88769427757505659
  0.89687385077798376  0.90657494040567022  0.91639037717245719  0.92432959567320749
  0.93168684654824263  0.93878221653898586  0.94632413980497199  0.95563112535516193
  0.96798567110259093  0.98118805180420510  0.99070458977068010  1.00000000000000000
 -0.00253199336274064  0.01306798946520486  0.02531429797827439  0.03418803158750672
  0.04173990313758105  0.04934288845421996  0.05771811075606152  0.06744337263652872
  0.07750474740125868  0.09014435899634132  0.10371706807000591  0.11596783442784396
  0.12707031156869900  0.13795435093164501  0.14717138197883783  0.15296727535482110
  0.15874013938172166  0.16526226952591375  0.17237337007431089  0.17989469763002539
  0.18810762451605564  0.19642787275682419  0.20515252697310898  0.21596158233528082
  0.22839440513992568  0.24023576127842849  0.25084466939074801  0.25968063829335730
  0.26716535000719149  0.27460689226225865  0.28267878541265001  0.29209560341175628
  0.30175823844129429  0.31134898318143628  0.32140683293499406  0.33183968194274466
  0.34372432602802694  0.35664789638281180  0.36772859592010193  0.37778655312603515
  0.38762455715467226  0.39786370690614864  0.40894578838898960  0.41968365149640868
  0.43237117320571278  0.44438626784832530  0.45717578279660165  0.47029786034220578
  0.48070294397909435  0.48819007292362282  0.49559580157016542  0.50254854218225142
  0.50908795799008089  0.51932256825642331  0.52964623653108100  0.54142560227401904
  0.55401592832316660  0.56769480081363466  0.58114525489357460  0.59413510533904423
  0.60621235521294548  0.61893425704257998  0.63193180261457771  0.64508968384754362
  0.65799472223319977  0.67246292087093940  0.68690929028278469  0.69949648806283260
  0.71051867627032961  0.72098046435319951  0.73149223754389237  0.74277445630919159
  0.75477008526371314  0.76782726079780472  0.77978512252445986  0.78886111456684704
  0.79784136183380172  0.80576207883230710  0.81433680578141521  0.82346290743914274
  0.83277376988888663  0.84298216039123397  0.85586341077346317  0.87106335011370029
  0.88435249336291233  0.89626851298514210  0.90620643203160411  0.91572079112741922
  0.92528329908776241  0.93530912966135538  0.94598396247619387  0.95665636550265165
  0.96710395548752648  0.97873451706217185  0.99007615395763515  1.00000000000000000
 -0.00112746080124895  0.00942292228743284  0.01830535803649054  0.02754226830944229
  0.03570900968706201  0.04436256703891973  0.05430520680861559  0.06478706726790283
  0.07405237206680812  0.08257207355326146  0.09096722454629441  0.09922734323856185
  0.10662564785104743  0.11411238035843206  0.12125943451696786  0.12815395219040701
  0.13935780395982625  0.15107995357599602  0.16385718840021346  0.17872084134871716
  0.19279033806119944  0.20550029353457053  0.21775021919322121  0.23036887272472409
  0.24327437511764372  0.25591759007875692  0.26768769039279194  0.27746669125814016
  0.28555197806725385  0.29280302930851221  0.29972768527710619  0.30707590766701520
  0.31470179119020070  0.32421123566311155  0.33626712946418114  0.34868036238184436
  0.35942020707204247  0.36906133954932774  0.37834216725553660  0.38882844991047133
  0.40127606486123130  0.41321853241191869  0.42444618543005863  0.43448094069197607
  0.44391314904515145  0.45413067573653176  0.46602447596430319  0.47760395601290190
  0.48751412071530559  0.49606856586742359  0.50416158284154633  0.51246352451464006
  0.52074673815087014  0.52805435692308322  0.53606122202751583  0.54571845340212499
  0.55641707150317510  0.56701966436568840  0.57679346948757404  0.58740364322680194
  0.59962274895996803  0.61356421347163548  0.62645650231402361  0.63711359150971025
  0.64769184686569126  0.65901108631936267  0.67292311471051314  0.68847572601869722
  0.70269460121964711  0.71399311935021226  0.72418424527884317  0.73495260481592206
  0.74740689617474987  0.76034221766920485  0.77209897790737858  0.78354167431219879
  0.79571025644177684  0.80824243513543204  0.82070386311732346  0.83304927548967589
  0.84556605593111644  0.85848554727766513  0.87086027225146456  0.88354092584377697
  0.89480912881514874  0.90346563240857836  0.91315694855389518  0.92113851825195669
  0.92892251282312066  0.93712298815367301  0.94488038678445407  0.95221097945245747
  0.96170657889707356  0.97391768283447755  0.98707172289422707  1.00000000000000000
 -0.00285262394944014  0.00997045268646693  0.02146770058119224  0.03352124929662837
  0.04511763558253769  0.05683140561459848  0.06738190327195903  0.07799277209499186
  0.08794382381791969  0.09914766367531518  0.11066414598201837  0.12229116805052888
  0.13281876791142433  0.14392560025738821  0.15586226396609187  0.16811786646745455
  0.17921217384358479  0.18851448379601543  0.19683472320773046  0.20523114909558229
  0.21406688706228466  0.22365476657987837  0.23410751721794379  0.24538945576546400
  0.25530815304644028  0.26325423615026239  0.27089908364008958  0.27810460875302900
  0.28471565315152575  0.29282568862131958  0.30214970160368204  0.31182838320169171
  0.32162475268920571  0.33193565542437709  0.34281987372909706  0.35487860962092460
  0.36816832255069654  0.38187905316103077  0.39492758034105452  0.40595712336293138
  0.41661341637836369  0.42732618582319043  0.43774932863322236  0.44852192262326102
  0.45812204065371998  0.46704556293756833  0.47626216640720026  0.48620695425137134
  0.49713859539105421  0.50738815936862436  0.51742104588039184  0.52861176118207087
  0.54120704006888920  0.55480080081282701  0.56917104301163646  0.58318156138095345
  0.59582421496640436  0.60837066355422298  0.62158201192285667  0.63380103383053621
  0.64594442643743577  0.66005647470387041  0.67400290916943273  0.68685873352112969
  0.69714552736726187  0.70542845114527986  0.71302892777734839  0.71948451868262175
  0.72657799892527275  0.73454213680920122  0.74276128878686809  0.75202574598374849
  0.76213964976208337  0.77245151939719026  0.78374301867753715  0.79551160300949564
  0.80824160803627698  0.81974303739797161  0.83229106291054222  0.84307735609731782
  0.85319446989682468  0.86306013699156936  0.87289395939409675  0.88305932042687285
  0.89484541840365650  0.90750723710294567  0.91930376390261070  0.92941234828647257
  0.93878827579537560  0.94784238993129688  0.95626847843228002  0.96479149024871680
  0.97317409661640997  0.98097692772751210  0.99086624324096473  1.00000000000000000
 -0.00093730949276642  0.00258503676353845  0.00697950466396550  0.01148384699520163
  0.01584111197366354  0.02011905804765685  0.02544558062809345  0.03228037094050853
  0.03984683097084611  0.04648858824599945  0.05252637113791588  0.05769243328199799
  0.06191468083299263  0.06582781125370575  0.07003911253081484  0.07460934784794669
  0.07963842949345525  0.08612650207436318  0.09169738987932034  0.09756254032646848
  0.10349155511579680  0.10990366808272571  0.11676811046477734  0.12315856797988391
  0.12912016318088182  0.13531186227536471  0.14230321932609738  0.15149796511035199
  0.16140061438905673  0.17237489680065879  0.18521265365263456  0.19903126829386453
  0.21172595545732403  0.22195378784712383  0.23078463560075338  0.23948639194151719
  0.25039658219041366  0.26242378026821023  0.27532393218596457  0.28829103772335501
  0.30230128662310818  0.31826476582197816  0.33546686887764587  0.35115830634643219
  0.37015128628307320  0.39983346125165214  0.43835400546754627  0.47903466851340348
  0.51750007311341728  0.55356468669505832  0.58756265674426866  0.61692334301501650
  0.64507548802944970  0.66721756754885353  0.68601886309451310  0.70217780114850792
  0.71645129685287623  0.72941445464917720  0.74207356619487552  0.75519197085188894
  0.76753202505822138  0.77865347009252839  0.78959390737952162  0.79752189755427327
  0.80504252455415570  0.81341947532004832  0.82032511045053380  0.82742691987861638
  0.83482591513801097  0.84254673597801688  0.84959666336288908  0.85647931143768286
  0.86376762469164003  0.87173135271343649  0.88017824759347507  0.88816205111623792
  0.89509497324533749  0.90161303577974106  0.90796100366201871  0.91494408656076842
  0.92238078999981887  0.92946558651376920  0.93591983417109603  0.94119171215962660
  0.94632783125942588  0.95158465229168232  0.95670841103874305  0.96168130164355137
  0.96673377188393206  0.97183382881790092  0.97692294191696538  0.98142556907619383
  0.98582319753709136  0.99034801854882193  0.99477178582622838  1.00000000000000000
 -0.00243677862236260  0.01044544870206694  0.02160593022124991  0.03246657781859622
  0.04333934081173794  0.05299631330797894  0.06126775799432337  0.06984513082766361
  0.07952056168607359  0.09003719330957394  0.09966154336832166  0.10945980041889283
  0.12170458813781027  0.13442945750862953  0.14676674616014762  0.15794599917698679
  0.16695413046606183  0.17521615628153625  0.18382466889739854  0.19386717038548285
  0.20460958070461752  0.21444950266074561  0.22361087091173390  0.23197634456608929
  0.23922436409617470  0.24818888287871757  0.25909063663858639  0.27126984055506143
  0.28309995330154186  0.29376033445558242  0.30437742333941031  0.31396668009083356
  0.32361424551260842  0.33327325693680099  0.34522965528020993  0.35930958701735288
  0.37361534022442977  0.38694957178014083  0.39954491093188055  0.41122579438342088
  0.42218855880055106  0.43172535161985354  0.43939212382103648  0.44597483393577303
  0.45392398126905875  0.46171006854009655  0.47000575535377109  0.47862979428765839
  0.48803614366654241  0.49674831334793224  0.50844711390384034  0.52200939453053641
  0.53640937704892855  0.55100191757401884  0.56408056799298889  0.57416244300017738
  0.58464527098690311  0.59678476580337658  0.60839770172660990  0.61822601827705559
  0.62711879423153039  0.63671816919545299  0.64642522126917290  0.65575220899364328
  0.66525390758730196  0.67452811443164573  0.68195938944520329  0.69105790871778150
  0.70061304142265324  0.70978815556501129  0.71894823742922687  0.72930858492978756
  0.74058651143904164  0.75235427499129703  0.76468654020160332  0.77752612176858371
  0.78970901949628491  0.80066774931770524  0.81137462514616243  0.82049083305190007
  0.83056859756286761  0.84036027693466731  0.84995265320803637  0.85933726618026307
  0.86852554739637788  0.87804492033725123  0.88840838741594064  0.89995970855571839
  0.91254576220551586  0.92578403050961666  0.93912918194425987  0.95365860058859175
  0.96607743701514259  0.97850800825343398  0.98932321307243243  1.00000000000000000
   1.0648242711405990E-027  -1.0000000000000000     
 F F F F F F F F F F F F F F F F F F F F F F F F F F F F F F F F F F F F F F F F F F F F F F F F F F F F F F F F F F F F F F F F F F F F F F F F F F F F F F F F F F F F F F F F F F F F F F F F F F F F F F F F F F F F F F F F F F F F F F F F F F F F F F F F
  <DiscreteSampler_grid>
  grouped_processes
  1 # 1 for a reference and 2 for a running grid.
  10 # Attribute 'min_bin_probing_points' of the grid.
  1 # Attribute 'grid_mode' of the grid. 1=='default',2=='initialization'
  0.0000000000000000 # Attribute 'small_contrib_threshold' of the grid.
  0.5000000000000000 # Attribute 'damping_power' of the grid.
 # binID   n_entries weight   weight_sqr   abs_weight
    19   10   4.207501252193057E-022   7.809331692615122E-043   4.207501252193057E-022
    25   10   6.045594232977333E-022   2.016258477203948E-042   6.045594232977333E-022
    37   10   4.294176845085222E-022   7.379168172969922E-043   4.294176845085222E-022
    43   10   3.061711668399699E-022   2.874750478976915E-043   3.061711668399699E-022
  </DiscreteSampler_grid>
