 -0.00000001536726691  0.00001579397356743  0.00011798527130281  0.00034032159432145
  0.00069963791223589  0.00116282408581812  0.00173820904705950  0.00249654138139597
  0.00335183790765097  0.00432193717524811  0.00540031049239094  0.00667562125271210
  0.00832197344695900  0.01046673907977935  0.01225225738063640  0.01322913783749796
  0.01390870324919906  0.01449511080905280  0.01505084212696167  0.01559255028468369
  0.01612334779495733  0.01666492343580660  0.01722099379577838  0.01779549458990952
  0.01838747583247295  0.01901210730170058  0.01971097383223645  0.02042534113655382
  0.02116035565023541  0.02191522943765812  0.02268009491401921  0.02344757241797645
  0.02423388770501079  0.02507255073930425  0.02593833565823175  0.02685168690506292
  0.02776515603928302  0.02868449949594997  0.02961266907981495  0.03054442455628515
  0.03148068274140588  0.03244633457555181  0.03351094364751802  0.03459543452818814
  0.03566810796529406  0.03672587552665851  0.03777071314662882  0.03881347559976785
  0.03987609977932744  0.04097707712628341  0.04214483235339101  0.04342636157461283
  0.04472504708112597  0.04601389623204933  0.04730348694275054  0.04859876274247863
  0.04993870884545367  0.05131348712915385  0.05268662871321032  0.05413987709441345
  0.05572653676846713  0.05740379038443150  0.05904829448853311  0.06070037943993854
  0.06235278091109998  0.06401071332557449  0.06567793740481730  0.06735374880073534
  0.06903431413511897  0.07086970654885857  0.07277118309877231  0.07476049902700894
  0.07680326010489208  0.07887292963278132  0.08099052136441583  0.08320738984724421
  0.08543782433236549  0.08773677694155094  0.09006663440322317  0.09266614229039302
  0.09562303428435398  0.09878141249285376  0.10196962877404964  0.10527934754852004
  0.10873426402002395  0.11237690348479008  0.11617351678372333  0.12089422788794549
  0.12664607474846748  0.13333971246271056  0.14087491989738346  0.14960506279370023
  0.16314083836837268  0.19528901623235323  0.31890390124546980  1.00000000000000000
  0.00979813399985254  0.01457798287480578  0.02294854790175730  0.03252496452115262
  0.04247462207256376  0.05278755855227567  0.06329530837127216  0.07386929420877071
  0.08431786718661942  0.09497331100558656  0.10516986666124992  0.11512002660289983
  0.12499388554099854  0.13516733339576606  0.14534992149238454  0.15523258270921533
  0.16497962578487965  0.17537044362024146  0.18588098139664869  0.19697665876455142
  0.20727748299515758  0.21757546063304115  0.22764120081804845  0.23811524239284326
  0.24843697838082746  0.25881903447608817  0.26897991506632285  0.27986031838079956
  0.29065089056853505  0.30155347165796875  0.31215405023728549  0.32210551334471760
  0.33182634617223139  0.34161207788467857  0.35120308167092523  0.36077193161262455
  0.37046289566690105  0.38106073544274821  0.39243554746408188  0.40354822712207744
  0.41440203884743576  0.42545833214587242  0.43630649934391708  0.44670127497233791
  0.45680084793008507  0.46749252495652127  0.47832615924221378  0.48917112741138508
  0.50045193631210194  0.51209636091915678  0.52403146852887650  0.53610531071474410
  0.54801070653954898  0.56003026217337226  0.57186886550200300  0.58342542553900401
  0.59440979634651303  0.60485642774691539  0.61508996293561558  0.62504279909782512
  0.63439496555858899  0.64345120189814031  0.65257148816925448  0.66180061560641479
  0.67096227276411236  0.68016966605555507  0.68989192320249237  0.69968238670102489
  0.70903871303384691  0.71840813326504360  0.72823825258612573  0.73887840097629220
  0.74964984677190716  0.76023407055478609  0.77083498783142457  0.78165539819760732
  0.79299409788027542  0.80411942232970546  0.81523971553138042  0.82602160283146298
  0.83629127469842557  0.84630436081721194  0.85600714741790795  0.86605433856808223
  0.87603207749085998  0.88655061198487639  0.89707521569082938  0.90859316661495293
  0.92000006495381592  0.93046377903122557  0.94089738136851875  0.95105584173156510
  0.96135761807872011  0.97102424150895350  0.98090805964636396  1.00000000000000000
 -0.00002054661254631  0.00024243849317754  0.00070272908818929  0.00140403020943804
  0.00236718767056011  0.00354576944371913  0.00505263094487801  0.00674265936188976
  0.00871105394309438  0.01081011805415503  0.01310880939790995  0.01569540377195648
  0.01852770974052315  0.02148575661631060  0.02448735337249198  0.02762359156470619
  0.03102603444853050  0.03450197252367769  0.03809663773188078  0.04182864681442029
  0.04569293241047449  0.04966157346901556  0.05376418594549308  0.05797832735090364
  0.06234780964325368  0.06699563762374200  0.07170844977824788  0.07649878455172858
  0.08142720544680181  0.08645151712336667  0.09173437706189820  0.09712793615234526
  0.10240642920770203  0.10797193439539560  0.11381903035089408  0.11963493296513725
  0.12528616175706164  0.13107512132662699  0.13711513320355770  0.14326969553338995
  0.14957584762618747  0.15603892372455117  0.16264885459770731  0.16953940991223912
  0.17629448372709625  0.18291437752207981  0.18955049353949727  0.19606695009266387
  0.20280769234975576  0.20954553845809895  0.21647571734207821  0.22353725465846785
  0.23082189525031310  0.23820728895969553  0.24587788626339863  0.25399187903430520
  0.26237225927480839  0.27076031034567449  0.27945848864710648  0.28935173623110849
  0.29945918963774676  0.30962916011515407  0.32032652527512373  0.33112570106030698
  0.34195463067879650  0.35315713865835990  0.36475540914071664  0.37605481232540933
  0.38727846443918507  0.39841609986851295  0.40949721898042263  0.42072503228298230
  0.43284101804955172  0.44560502974923238  0.45837885899359543  0.47106121901240672
  0.48361739910677376  0.49602777056460889  0.50862404751630097  0.52076613215637479
  0.53300287744512076  0.54556927647852482  0.55835359255552386  0.57037077739006592
  0.58262864328616737  0.59576415855830911  0.60919843267603091  0.62242616606947165
  0.63565365735661639  0.64919839032766580  0.66271242663731922  0.67647533734257159
  0.69006463332968659  0.69822584546991262  0.70047189454225667  1.00000000000000000
 -0.00302994623758168  0.01237072960115648  0.02458395823352542  0.03664959117516973
  0.04801116938472708  0.05872930353185794  0.06956551441335515  0.08021642028504816
  0.09086813117207829  0.10165275799074952  0.11308558549023150  0.12472208420404227
  0.13640853768371877  0.14782314189625517  0.15898272771792057  0.17020150376712448
  0.18177314742703721  0.19346805533637929  0.20523993618172146  0.21647736698664713
  0.22686140465486859  0.23731750723747239  0.24798761017178916  0.25928100263927417
  0.27079312051038834  0.28176425335184596  0.29278195880685193  0.30349005715378147
  0.31409778450442716  0.32468252170764134  0.33520685451859339  0.34519918638602126
  0.35488711558841196  0.36469017419455396  0.37461377208163615  0.38504337250402215
  0.39578964571540615  0.40727338709772326  0.41894328034872713  0.43025326540565773
  0.44144858351094590  0.45215418005231484  0.46268084717583646  0.47310090336137256
  0.48378361324083141  0.49455953209472459  0.50541007241873204  0.51631654190976817
  0.52710914942775366  0.53748833289096010  0.54777535958597767  0.55810860471705681
  0.56851671378721935  0.57899443696030639  0.58936986543953529  0.59946638002310948
  0.60953049213983779  0.62014603779277044  0.63118534645551760  0.64277924114067675
  0.65421477530426297  0.66558124144200004  0.67544968423320562  0.68540364125221354
  0.69535689967699654  0.70559222184245041  0.71521271531002983  0.72447446873002019
  0.73393532825472518  0.74379455323945254  0.75338761497428242  0.76269563042600053
  0.77222408911544937  0.78201093757228946  0.79235710005376114  0.80314087044148186
  0.81394359651898629  0.82432392891519357  0.83427017517043367  0.84433825781758265
  0.85427106660548402  0.86364903623344536  0.87290656522268628  0.88255695497879916
  0.89250772748866369  0.90186829189376660  0.91070948363384208  0.91955171025080729
  0.92931764008943440  0.93896629180080438  0.94848527593693022  0.95820147828514113
  0.96864725404134633  0.97920412856769501  0.98960910096512367  1.00000000000000000
 -0.00283953851359558  0.00986907467977572  0.02082707986256885  0.03149484961940041
  0.04245524680789935  0.05398309889696652  0.06601436103776749  0.07782493548224061
  0.08878887988334258  0.09907323898541283  0.10915818095359930  0.11912775275180938
  0.12901898073964693  0.13927641190447032  0.15022129984884658  0.16156522260447251
  0.17220748405307942  0.18238223219930219  0.19278165776965570  0.20363837775403157
  0.21463476684569299  0.22526572498347791  0.23552627521096081  0.24553582868154719
  0.25552500236703901  0.26542762836736045  0.27569729092677669  0.28600732752727087
  0.29682972022308068  0.30786498747247570  0.31890671396090897  0.32976534123760293
  0.34053185169668349  0.35117540824619636  0.36154819087094064  0.37144636462075220
  0.38143890978634698  0.39179527143884230  0.40222897194854784  0.41296232391117882
  0.42409181649998945  0.43561052649725185  0.44663357922726099  0.45764450041391702
  0.46861739896533572  0.47929345362053405  0.48932340630455290  0.49943323827250152
  0.51003114440102915  0.52025463751018786  0.53060064900888260  0.54107481898820486
  0.55205847969208843  0.56317801964677516  0.57420084346712175  0.58490941248109385
  0.59531783343524713  0.60597869669218218  0.61679635025364721  0.62744841080251357
  0.63781020307231451  0.64881222392451998  0.66056725896047541  0.67186960250835026
  0.68249299741453961  0.69363878816554381  0.70523442212996534  0.71655158940803820
  0.72763020452327709  0.73875326942154829  0.74983451608772600  0.76082562610613436
  0.77202984372891292  0.78302631587204108  0.79362924329076900  0.80399681355391517
  0.81419665959749388  0.82451050560142647  0.83509426459877956  0.84555226190035393
  0.85554640995999676  0.86512890751800764  0.87470392513950834  0.88418507867878215
  0.89353269289318604  0.90300835962402237  0.91233384448750632  0.92197732228952145
  0.93186826893139718  0.94223419294289779  0.95309961675325561  0.96317225697255460
  0.97300789503907159  0.98215243098739602  0.99113693414422721  1.00000000000000000
 -0.00248096182827525  0.01006065268724370  0.02045962180401781  0.03083248435524379
  0.04146215176281659  0.05166170889560736  0.06209626991216173  0.07342259603265748
  0.08437185311043688  0.09490559484892701  0.10526203770419919  0.11629790454408141
  0.12678859192550107  0.13705693869712049  0.14689667665384065  0.15729438641885690
  0.16799248894138491  0.17910084081662683  0.18967198628077331  0.20034402065014059
  0.21187612470172221  0.22403813184217844  0.23541638685139429  0.24586664549390982
  0.25606487870264427  0.26587975719526963  0.27562000817449894  0.28493255322072542
  0.29428504823146134  0.30388150278017334  0.31354580496065459  0.32444209419975761
  0.33536181847189245  0.34541908434655405  0.35546717460949956  0.36608501352456130
  0.37686364839423636  0.38752682676207878  0.39872291659987180  0.41020355922695589
  0.42127712215563429  0.43205807724897571  0.44264704715862951  0.45298169474232891
  0.46296464679509908  0.47233813787207313  0.48179007069577545  0.49170285892996607
  0.50171488242542683  0.51172791530834638  0.52189956486167155  0.53278014902465176
  0.54386480196591913  0.55539600211940365  0.56675642628942802  0.57781067308823797
  0.58921543121008313  0.60128178504755803  0.61159394842847248  0.62194097438180618
  0.63208634135203212  0.64244143796092290  0.65211979306949808  0.66165284250948442
  0.67161615052608870  0.68190460166552380  0.69253981956422572  0.70361800452329659
  0.71493388534625113  0.72577688048000244  0.73670795248424048  0.74751872849604206
  0.75847074149880689  0.76914491711955457  0.77977611826666515  0.79046898781190600
  0.80120419483806948  0.81182231369127478  0.82246421991514773  0.83346845351318932
  0.84466428193646437  0.85553557948304282  0.86648395406159484  0.87742288294616588
  0.88800211360924197  0.89826410496167164  0.90869018336491214  0.91883144239672698
  0.92835909109872172  0.93797361644608546  0.94851460577074354  0.95936159302891633
  0.96931263674886747  0.97903047800783416  0.98946134525018392  1.00000000000000000
 -0.00281876770842499  0.01027842549561864  0.02141757963978132  0.03350587911771550
  0.04544353545469536  0.05718086304960984  0.06752899315439201  0.07734831406239652
  0.08696156035199540  0.09660186884288889  0.10654027693415562  0.11653626460823671
  0.12707491816620545  0.13837103449500915  0.14961244943841354  0.16032954132849203
  0.17040350878041829  0.17996200807622978  0.18908931296463785  0.19816966621521467
  0.20752237264997619  0.21720652385879022  0.22681984252753329  0.23673463061359740
  0.24645825172640440  0.25659865509065272  0.26703097779594165  0.27760706043428662
  0.28826556035770184  0.29932056953500108  0.31052523274611155  0.32060458243925716
  0.33036623341830496  0.34026843038898757  0.35020493505915889  0.36044814390867658
  0.37079200482100644  0.38182940248709712  0.39270621881670165  0.40342893000677321
  0.41375296911831172  0.42498358066690006  0.43637043700050210  0.44833172721816300
  0.46027942722189241  0.47249031262643210  0.48395331699990074  0.49507242475060176
  0.50629280521279629  0.51749372332912202  0.52813208855029814  0.53839565967173830
  0.54858502680282861  0.55923654405491308  0.57000146401883389  0.58069612620030697
  0.59088051352951343  0.60133719243246420  0.61241393908552544  0.62326038174532927
  0.63320869209209474  0.64282021575568626  0.65374569204148003  0.66506630190708205
  0.67542027056685938  0.68544868949796023  0.69565003521880520  0.70583591399713996
  0.71610376748751303  0.72669953097319351  0.73760342442646665  0.74890931932339300
  0.76044991450046284  0.77285925634261254  0.78583148419898952  0.79800551575413470
  0.80910038648191462  0.81961317351640361  0.82994247389753417  0.83997740994733860
  0.84964765917407081  0.85916239800687755  0.86873212603200589  0.87889075714626852
  0.88946699784721539  0.90024049982661791  0.91101938543738226  0.92216026361599801
  0.93347968133784875  0.94397047124764999  0.95383563991380904  0.96312991650075941
  0.97216111866308530  0.98139858806365698  0.99066946120528254  1.00000000000000000
 -0.00236231111026391  0.00939063316625991  0.01877371232985756  0.02933521636929108
  0.03985612123758411  0.05109589567473298  0.06257304301605354  0.07373159485456297
  0.08482773829113605  0.09532999810419653  0.10559993477837089  0.11580631059099095
  0.12627354446812653  0.13676764894975807  0.14713098170138694  0.15737965494096273
  0.16789021918118818  0.17922032584387376  0.19070701900674478  0.20211337781485259
  0.21311052768814165  0.22365125103863120  0.23399676130256042  0.24425287692076911
  0.25440190761623283  0.26424628779927778  0.27440493796483956  0.28531934170711132
  0.29670732338582839  0.30817785075272341  0.31980706748321364  0.33156437823270779
  0.34264796817865678  0.35373340044216700  0.36411845088890826  0.37431574768254755
  0.38476274194475413  0.39535085485664168  0.40626386818529814  0.41719762070147620
  0.42720415005367524  0.43703304216955940  0.44609490354733156  0.45508339985156904
  0.46391500058427809  0.47254381655820360  0.48148886226607640  0.49067028892450876
  0.49997989103041773  0.50946680125591426  0.51923804209065227  0.52987327937873030
  0.54123719764569733  0.55299239841141690  0.56447285485938781  0.57552083880450156
  0.58646311151814823  0.59725456905880248  0.60807753021492938  0.61903636770914339
  0.63000776081732623  0.64075039034121872  0.65143717284622227  0.66205138389701224
  0.67235056840980101  0.68246789326418822  0.69281069024127995  0.70326822348816032
  0.71367174034698622  0.72443961144016755  0.73627044835964650  0.74875237399119077
  0.76022605723422387  0.77081045085038058  0.78118077829678079  0.79125663885446218
  0.80114500443052783  0.81110501276213798  0.82107905098168277  0.83104429265657731
  0.84134513120915766  0.85171110915466952  0.86175397307304102  0.87212135584589168
  0.88230381407798175  0.89240545332782928  0.90184691669866013  0.91158682979867900
  0.92143412006952496  0.93151388309179917  0.94182387428361547  0.95303146815147644
  0.96458238400107554  0.97648430953826448  0.98813454167138937  1.00000000000000000
   1.8723847752669065E-016  -1.0000000000000000     
 F F F F F F F F F F F F F F F F F F F F F F F F F F F F F F F F F F F F F F F F F F F F F F F F F F F F F F F F F F F F F F F F F F F F F F F F F F F F F F F F F F F F F F F F F F F F F F F F F F F F F F F F F F F F F F F F F F F F F F F F F F F F F F F F
  <DiscreteSampler_grid>
  grouped_processes
  1 # 1 for a reference and 2 for a running grid.
  10 # Attribute 'min_bin_probing_points' of the grid.
  1 # Attribute 'grid_mode' of the grid. 1=='default',2=='initialization'
  0.0000000000000000 # Attribute 'small_contrib_threshold' of the grid.
  0.5000000000000000 # Attribute 'damping_power' of the grid.
 # binID   n_entries weight   weight_sqr   abs_weight
    19   10   5.890986460794801E-013   7.625981395528693E-025   5.890986460794801E-013
    22   10   3.983463699129217E-013   2.559852707314448E-025   3.983463699129217E-013
  </DiscreteSampler_grid>
