 -0.00000000442513914  0.00000243605704602  0.00001823157175765  0.00005184994480422
  0.00010298100130356  0.00017098741856391  0.00025464043353865  0.00035363606295564
  0.00046687046096960  0.00059566598536297  0.00073819158688537  0.00089234285792841
  0.00106224572289113  0.00123710623270194  0.00142133872693699  0.00161159642216873
  0.00181541683371151  0.00203208780665343  0.00225549254558369  0.00249104060095202
  0.00273177923619537  0.00297923850144629  0.00324545104910821  0.00352500278130184
  0.00381603360708304  0.00413022777998109  0.00445177122772798  0.00476466990271544
  0.00508552495048737  0.00547069068902484  0.00584719624350208  0.00623207435893116
  0.00662346425002478  0.00710578953572987  0.00760037459032527  0.00812926420471488
  0.00871309530566657  0.00932894117068695  0.01017718318223158  0.01122808254998327
  0.01192812348164845  0.01233979039409633  0.01264922469124203  0.01289763585646561
  0.01311601832322941  0.01330904344413060  0.01348947077198071  0.01365806513539360
  0.01381647704196111  0.01396746689373652  0.01410770915993004  0.01424467107474149
  0.01438030698471040  0.01451642618321976  0.01465167358269849  0.01478552976073809
  0.01491562146335423  0.01504387147534701  0.01517076107474525  0.01529555679590308
  0.01542687532967934  0.01556131317969794  0.01569767793239456  0.01584360898483205
  0.01599594112723477  0.01615471887060565  0.01631609140057233  0.01648564813432698
  0.01666267071927240  0.01684226431305704  0.01702937891165161  0.01722025608981070
  0.01741433111825390  0.01761688108993447  0.01782148356154174  0.01803438592743337
  0.01825813325689848  0.01849406814018146  0.01874703671136630  0.01905519741253211
  0.01939649642501367  0.01975832347858754  0.02013490664893608  0.02053500282350399
  0.02097573815323757  0.02144677405511122  0.02195078597114733  0.02249716164923132
  0.02311045000145250  0.02376669852561748  0.02478611369190699  0.02641273880878962
  0.02872366341500003  0.03448482502665772  0.04945807870683752  1.00000000000000000
  0.00921262203215509  0.01679497816945079  0.02653566497325813  0.03710874712451921
  0.04700344685804646  0.05711404414541423  0.06771896070426713  0.07947990206243430
  0.09039370196071377  0.10065545640654842  0.11083815604984427  0.12068390456634298
  0.13029809311795035  0.14005372091576032  0.15055616586797479  0.16293947882230941
  0.17410420548021890  0.18415014311141059  0.19472409863788848  0.20571687946944364
  0.21537474165328915  0.22499596733087643  0.23495169781189601  0.24483667189757605
  0.25451578595435220  0.26365447541357445  0.27338249506811740  0.28439412607464176
  0.29578778395292549  0.30707929578560184  0.31790639181024921  0.32828779911763512
  0.33883841239521639  0.34933995391248057  0.35944393098840061  0.36914327152036436
  0.37976392643602846  0.39105817025689871  0.40207990543565009  0.41250814093720400
  0.42298264746313757  0.43348899251953055  0.44342284279096900  0.45283046340732108
  0.46199514735787756  0.47071229231494777  0.47958905667890228  0.48913368262158219
  0.49914569762899264  0.50945012345575702  0.52027612936795231  0.53174856510656932
  0.54321808189524456  0.55414523012687622  0.56461458839705814  0.57510912745083753
  0.58573481782753578  0.59705879454527655  0.60886594154795870  0.62084908545323203
  0.63242951397596592  0.64348054906706231  0.65464129191866549  0.66619562716952119
  0.67688115446205221  0.68809902214882324  0.70019703082040763  0.71175797677699626
  0.72320201628087732  0.73277838738711987  0.74159538946218362  0.75070939484593902
  0.76014930708141781  0.76972016095050089  0.77777378761226168  0.78557809930698330
  0.79373404491104904  0.80276954927501132  0.81235176604841675  0.82201768149429755
  0.83163174641347004  0.84281762214040523  0.85509637105087644  0.86757671818034598
  0.88026000803676907  0.89231778726546496  0.90364944373317058  0.91396180352720524
  0.92359926305321571  0.93261516352715035  0.94187024851225576  0.95184931248804105
  0.96192626692853200  0.97265401606201218  0.98406185958540793  1.00000000000000000
 -0.00002244566505674  0.00027264379530104  0.00080535203744444  0.00166395321187770
  0.00291059661335407  0.00427593920472344  0.00580996472730683  0.00761624739080935
  0.00967803519016056  0.01196493511246113  0.01451560209030946  0.01731140365082148
  0.02043020455874306  0.02379767905710587  0.02721608285007442  0.03069451412999210
  0.03445855257777983  0.03836303584000319  0.04228214284077279  0.04624797489964218
  0.05043080406594808  0.05474248695462642  0.05938479366782711  0.06433971422505072
  0.06961588707601719  0.07519765349895537  0.08093035423852424  0.08704465338082108
  0.09334240601861846  0.09956756322327923  0.10579831138984981  0.11225753646523676
  0.11885062765683838  0.12499345069977200  0.13150598049174050  0.13873857638423617
  0.14627480131244330  0.15352292281218155  0.16059588736065158  0.16753023358964922
  0.17438695412608873  0.18151098987325193  0.18902052869701241  0.19682935196680654
  0.20518883623891129  0.21406768361212114  0.22298484569889720  0.23239595588464018
  0.24222825146706997  0.25184691163547074  0.26164655052236607  0.27149194245196145
  0.28155525644475476  0.29185808369959709  0.30223620749657054  0.31263992436509180
  0.32322404047007280  0.33399809985408124  0.34463181407052779  0.35529336331514411
  0.36592406431858249  0.37700444521116766  0.38884369960970300  0.40120096011760426
  0.41375994789864912  0.42678060852882860  0.44021288742781395  0.45369355841437198
  0.46661910726113648  0.48204206528258170  0.49881892357868496  0.51567677230960685
  0.53242885408247576  0.55062939815675782  0.56883349639323688  0.58696345162062036
  0.60488109530694989  0.62271070897078273  0.64076457270244458  0.65873525234858832
  0.67668006348649068  0.69457563936946221  0.71224874332563237  0.73025033750930957
  0.74847251706834428  0.76672635684427826  0.78481087083171885  0.80232973701689481
  0.82303384219395914  0.84392976700789135  0.86502025695464346  0.88700459209240423
  0.90993331166901070  0.93404461201422173  0.95862241960001804  1.00000000000000000
 -0.00261440499631730  0.01004840288903573  0.02096095472148699  0.03347534812251875
  0.04536890203209469  0.05678000603763254  0.06768659956548299  0.07899725708037887
  0.08927352153973531  0.09900925919080997  0.10890291620061560  0.11893662825446684
  0.12910937268009592  0.13913470413233614  0.15014216681831505  0.16215342094296481
  0.17485017544592302  0.18731760729545865  0.19952491884694065  0.21225655228229298
  0.22565784532565566  0.23893821837842708  0.25112135687295029  0.26200237016582800
  0.27258905886713025  0.28368698057032737  0.29472296676112686  0.30548119359233150
  0.31584337175545329  0.32625379934629234  0.33690156022550866  0.34736470150719850
  0.35737981301307370  0.36705377980732934  0.37768981551204783  0.38977762669623162
  0.40116295279076752  0.41129260764808173  0.42147531505432856  0.43172322100592070
  0.44198294745161243  0.45202586829288660  0.46254124984272565  0.47369626509786983
  0.48461191627572942  0.49521301786918553  0.50486365374336972  0.51430028169095832
  0.52405688064032063  0.53433232009812404  0.54450955858955086  0.55393304238684771
  0.56252922433143893  0.57191514655606912  0.58134545050561170  0.59104278179348080
  0.60122877660123775  0.61185873954098358  0.62255140448620661  0.63302459491136209
  0.64323278398593409  0.65315193615860878  0.66260127080688169  0.67238614979304390
  0.68273541899050105  0.69317462744071889  0.70362479061638117  0.71488376946020893
  0.72718892094906118  0.73639189192902677  0.74547378400010389  0.75449865853774367
  0.76369893262687383  0.77268341577753363  0.78156287054616536  0.79010677584296529
  0.79938828821810293  0.80914528554098430  0.81942059363778319  0.82976012157758239
  0.83998427992403468  0.85026750490523262  0.86077725831408636  0.87110959217370576
  0.88156411969204818  0.89216817784160130  0.90277201573932953  0.91365264115769662
  0.92463818125541331  0.93546600165151261  0.94607276794233819  0.95653083311611553
  0.96706281074159361  0.97768210667723876  0.98859619753459782  1.00000000000000000
 -0.00283576357464940  0.00934242683025932  0.02099384891877527  0.03302658213844976
  0.04575638605092294  0.05836685268824503  0.06998895256787956  0.08065731132640216
  0.09070367334168783  0.10055572097038518  0.11045674831982144  0.12050837863593176
  0.13030978227010392  0.13962143037673183  0.14859763235914031  0.15756765262563818
  0.16659865316526520  0.17588015630576959  0.18535157707848737  0.19661621387226960
  0.20835937167476137  0.21737522150824543  0.22699599396330949  0.23692519543567911
  0.24674508434253967  0.25654172531915392  0.26611845168821635  0.27671720907865394
  0.28942145681741804  0.30137464011883180  0.31288346366421338  0.32357938676608516
  0.33409759461255406  0.34448648034927853  0.35525953261149290  0.36543151822664183
  0.37616494712770276  0.38726166814556873  0.39794542098843366  0.40809368313624389
  0.41804582189487571  0.42924624021745189  0.44021174730571438  0.45115398131425566
  0.46210634491232244  0.47310735436741141  0.48350016622979880  0.49344127977833679
  0.50348171900200467  0.51431050916337284  0.52534139901407340  0.53650933459440420
  0.54809167086448507  0.55997342982632259  0.57182956762668002  0.58375546943378176
  0.59571669868699295  0.60708594476149247  0.61736459622513917  0.62712843885018066
  0.63686130913703010  0.64694380316845401  0.65767428310611820  0.66803266392210947
  0.67761492542022939  0.68682286037067508  0.69581797217852059  0.70482806251851560
  0.71422776488620743  0.72298491713391455  0.73242596130499127  0.74308320693008978
  0.75361316210373974  0.76364529819989568  0.77428520948895196  0.78548130707109154
  0.79685107911288899  0.80775256154898378  0.81880006742859424  0.83040905834846779
  0.84200650741700278  0.85390079208208214  0.86404509750796477  0.87444232260620203
  0.88485208483487077  0.89569318551319588  0.90670287263847993  0.91753720145977657
  0.92770783695918457  0.93814324302766117  0.94830418877152145  0.95872534494221584
  0.96854052918894684  0.97828784013750303  0.98916205992908945  1.00000000000000000
 -0.00287072522575311  0.01062411073971466  0.02136385511913614  0.03235809352251627
  0.04285170947356091  0.05340505247562304  0.06406782653390028  0.07504749342153183
  0.08610241088650089  0.09738546740162192  0.10780775173993734  0.11713662042344637
  0.12658626665302158  0.13626835404714704  0.14639456745899648  0.15578448502108203
  0.16482772232428636  0.17462463085769958  0.18487774224735243  0.19500352295268505
  0.20516694899734414  0.21515288471181590  0.22492956880601739  0.23447710632983315
  0.24374397642458073  0.25315644895728157  0.26237787795739376  0.27170417481053794
  0.28218302336703294  0.29309229606750220  0.30487615171288135  0.31560198070743900
  0.32537337503869623  0.33519475884784933  0.34594296148566778  0.35749505531733983
  0.36939859030816963  0.38059632112200398  0.39083274037752652  0.40101366044207143
  0.41144038525392451  0.42207514044858302  0.43279650350801513  0.44396947283817739
  0.45572754532133353  0.46617504811327820  0.47606109302335803  0.48634748597841648
  0.49673145312580491  0.50710926305366666  0.51756510344539630  0.52903058640625888
  0.54083495432600426  0.55093751339941055  0.56108647866840511  0.57113516369667616
  0.58107635263917157  0.59113612648552694  0.60143523319019943  0.61215961079438730
  0.62347882003993038  0.63451146825406013  0.64613555959897651  0.65780746075133845
  0.66956445417343147  0.68101782460629690  0.69243825554664162  0.70461973796265187
  0.71511878219607461  0.72464883989527207  0.73467348980919012  0.74473431272074775
  0.75509280513267518  0.76604938749051310  0.77627331994830795  0.78645663272465693
  0.79701445420633177  0.80761379011900369  0.81720819999316419  0.82589438296827600
  0.83505571966740177  0.84570923751551086  0.85631335690501653  0.86691318484812840
  0.87751570306293947  0.88840321447956883  0.89935711012437025  0.91040953526781887
  0.92144139882316700  0.93227430648782839  0.94339950366958114  0.95492231936315874
  0.96657267350063525  0.97812688428194816  0.98901093937800300  1.00000000000000000
 -0.00311987617668118  0.01159218502418913  0.02310530535624825  0.03428663242801552
  0.04547769433827963  0.05669595873725386  0.06772455837726978  0.07854443375373765
  0.08918162627861469  0.09998519170165988  0.11094037784611252  0.12209696172717797
  0.13359575358872786  0.14528907945618158  0.15718757116341114  0.16843679907819048
  0.17839437454826151  0.18872615109029425  0.19991698299958133  0.21068437429271986
  0.22077827281770906  0.23062611578382905  0.24003565003317603  0.24910484344934725
  0.25803097588414581  0.26684903653396597  0.27623304819604971  0.28631203103430303
  0.29741152626874079  0.30971520771572708  0.32032078983737616  0.33111036216270645
  0.34084731727325329  0.35103302961999072  0.36120852508519569  0.37158419476545884
  0.38210266561064848  0.39279470826476959  0.40291755462338924  0.41302246466663467
  0.42243512752808471  0.43151696149748170  0.44040063026540477  0.44892153802180340
  0.45727356980941852  0.46604353859425246  0.47522905266840071  0.48586533637936635
  0.49775772754906739  0.50885221988117857  0.51894117960817676  0.52863794486915594
  0.53827547053129010  0.54803523488558958  0.55797691905284152  0.56804286164815432
  0.57806412164474263  0.58836360140889243  0.59930247599802877  0.61003278106596559
  0.62089542538518938  0.63237807379903488  0.64439227777440822  0.65579236102450200
  0.66745765438706639  0.67967057459351432  0.69199970394733201  0.70306195993866605
  0.71480395652240691  0.72635052182493576  0.73756269862925650  0.74810631727021226
  0.75916191959912960  0.77034380285345705  0.78159012417296503  0.79324260851789452
  0.80535246159115981  0.81758119139916974  0.82964697266945542  0.84154163176464147
  0.85332072551209248  0.86474530698549457  0.87563910765871034  0.88630673356617928
  0.89627202935764072  0.90534580284467636  0.91395760418924610  0.92267508609394355
  0.93144576241605848  0.94021133077285901  0.94888311846806683  0.95734537459195812
  0.96768276505477913  0.97801491500498927  0.98921716092828005  1.00000000000000000
 -0.00249873895000788  0.00948033120458626  0.01926071486073100  0.02971564150778713
  0.03964787634178437  0.04892229078733520  0.05865097565002653  0.06900633764440046
  0.07905633366306662  0.08831901225779139  0.09742883273125894  0.10682271483516111
  0.11828393926419611  0.12904633186482886  0.14068486129856839  0.15335777916664206
  0.16657833539508082  0.17960943134187762  0.19220992027775519  0.20457224497406981
  0.21690968454755574  0.22893868861209490  0.24030398363266786  0.25155699833734446
  0.26281244852603747  0.27381525706768578  0.28474358928980148  0.29577114526323833
  0.30729437777712931  0.31887136574890868  0.33058894181767950  0.34174820590804522
  0.35274450207990465  0.36410080838458042  0.37573317005192514  0.38796219842572605
  0.39944980401065627  0.41022061251400344  0.42081038261196330  0.43114882192725273
  0.44082228897375797  0.45003521809571423  0.45988579471786883  0.47108667630160245
  0.48189289603280994  0.49183376864373296  0.50139395254284169  0.50993007610527641
  0.51840015143849938  0.52713441334501587  0.53608096625241553  0.54558848607667854
  0.55580553340806194  0.56513045322190414  0.57376863679007173  0.58232573191734116
  0.59104818314442809  0.59997006015246390  0.60904312468146848  0.61789378010181562
  0.62735145009052606  0.63763767531022741  0.64796308653093193  0.65810899394868660
  0.66806454094179513  0.67869997341745969  0.68958713086354784  0.70026805108021783
  0.71065346151212427  0.72139098589267492  0.73243385859605081  0.74339401793640936
  0.75457696130418572  0.76569819272160844  0.77671897579530413  0.78790520344959669
  0.79857157767134834  0.80904281672678358  0.81923564008333405  0.82951759084335652
  0.84028572077109198  0.85069294682322139  0.86125540931284716  0.87193645953499554
  0.88302767340970656  0.89440096869551744  0.90587930729975974  0.91757466705138546
  0.92948594500638182  0.94100070652569445  0.95200518256578737  0.96268760785353802
  0.97289417926055810  0.98223326624113416  0.99102746226351635  1.00000000000000000
   7.3156398292999639E-013  -1.0000000000000000     
 F F F F F F F F F F F F F F F F F F F F F F F F F F F F F F F F F F F F F F F F F F F F F F F F F F F F F F F F F F F F F F F F F F F F F F F F F F F F F F F F F F F F F F F F F F F F F F F F F F F F F F F F F F F F F F F F F F F F F F F F F F F F F F F F
  <DiscreteSampler_grid>
  grouped_processes
  1 # 1 for a reference and 2 for a running grid.
  10 # Attribute 'min_bin_probing_points' of the grid.
  1 # Attribute 'grid_mode' of the grid. 1=='default',2=='initialization'
  0.0000000000000000 # Attribute 'small_contrib_threshold' of the grid.
  0.5000000000000000 # Attribute 'damping_power' of the grid.
 # binID   n_entries weight   weight_sqr   abs_weight
    19   10   2.454735820930417E-006   1.217050430099619E-011   2.454770309190998E-006
    22   10   1.681896267494054E-006   1.616502440306680E-011   1.681896267494054E-006
  </DiscreteSampler_grid>
