  0.05151987843319693  0.05163805943800522  0.05175565644650962  0.05190317273678361
  0.05205242995025098  0.05219619862322487  0.05234381505924180  0.05249416422952032
  0.05265090512714689  0.05283975238623054  0.05304089047724743  0.05321372399811837
  0.05336004770587614  0.05350246635341959  0.05365146703643267  0.05381660461852443
  0.05398905182615110  0.05414681522946706  0.05430146412495702  0.05444825194261724
  0.05462175862734611  0.05485408600997637  0.05509195066356131  0.05532848254537170
  0.05555935650103558  0.05578381205664256  0.05601802241069366  0.05624170312159180
  0.05648361215441537  0.05673894405104885  0.05702788159804854  0.05733578993563549
  0.05765841474339090  0.05796027412772632  0.05823955520119126  0.05851814748878480
  0.05881165688750255  0.05910709031495857  0.05939577100320496  0.05966742733319846
  0.05991295231014618  0.06015526859753915  0.06040199253185394  0.06065989111156318
  0.06092895359693665  0.06120149618193320  0.06148059226786803  0.06177156671023100
  0.06207325507856254  0.06236315854608136  0.06282457644354791  0.06337472396620838
  0.06389940692216436  0.06440580087622942  0.06491175687453189  0.06539506302651184
  0.06595710202740637  0.06655030986010237  0.06712699962587670  0.06767412446940788
  0.06826467064295291  0.06875749726878237  0.06918100354448502  0.06963088828828679
  0.07011197545667559  0.07075508760699328  0.07144537970096279  0.07207001068643164
  0.07269237227092208  0.07328333894564057  0.07402963982182191  0.07483696075086771
  0.07572348501489388  0.07662511041364532  0.07749771711563723  0.07831205071273498
  0.07913340238010831  0.08004267946208167  0.08122978445406198  0.08232526065101602
  0.08365705606476895  0.08569189785214765  0.08809098783752001  0.09089955615874042
  0.09356201783656568  0.09643262837342916  0.09968688626086734  0.10364277061027791
  0.10932460168196133  0.11634985452010953  0.12586100446722642  0.13951645521186673
  0.16029440658700753  0.21123605104987658  0.52956452458624259  1.00000000000000000
  0.01015685581667918  0.01442047580832785  0.02231489039043390  0.03049148175830646
  0.03874915691638316  0.04912329271036998  0.06100084173649011  0.07232278024442196
  0.08346369426722232  0.09323524019176714  0.10186717172379350  0.11107357516693676
  0.12102828219824460  0.13461772473628045  0.15145065708585115  0.17518072077596752
  0.19367717387020761  0.20787913910220010  0.21926467213923184  0.22801353525301754
  0.23785907248356256  0.24828802503646355  0.25892551297784533  0.27226286342364087
  0.28719431244138716  0.30202212727836786  0.31549832907514835  0.32707775043864667
  0.33867187977088586  0.35081128682585472  0.36497591504606847  0.37961629185676216
  0.39321299669294657  0.40569077683274757  0.41708064152436169  0.42759266931579620
  0.43778974982320912  0.44806339096865394  0.45806768213412241  0.46966980992526275
  0.48558059883195981  0.50004459333484319  0.50825259604332684  0.51526107666002419
  0.52224640528634791  0.52912732333470758  0.53655406813505158  0.54360265596907487
  0.55009666903754972  0.55655246356178245  0.56297016976299685  0.57264789268939220
  0.58215857391095971  0.59415340345750600  0.60814435649573406  0.62294866637460899
  0.63815658082995486  0.65361408974207080  0.66784566783238586  0.68178309352980526
  0.69333965772943940  0.70112963600871203  0.70829128489711990  0.71627306487522435
  0.72569995182826474  0.73733328584184421  0.74918404333383404  0.76053606161870291
  0.77050071714200241  0.77923408642704839  0.78847439903743366  0.79992046080758772
  0.81225991183853452  0.82305490022129790  0.83436183479033377  0.84505962017279634
  0.85536268718863173  0.86418781010994716  0.87314510847089344  0.88175690805094165
  0.89014123491387098  0.89754055601584204  0.90403109924214398  0.91064083018737996
  0.91720887974624488  0.92582616687498431  0.93405404006036852  0.94090568254076923
  0.94660080161627458  0.95320083088961560  0.96198966545829023  0.97093826824015439
  0.97878095069924786  0.98516340132228630  0.99018575711827461  1.00000000000000000
 -0.00000315416502003  0.00004078376850346  0.00008740379336694  0.00012266601648507
  0.00017379463994809  0.00025531060691859  0.00033807636181746  0.00040838487167912
  0.00048592162679324  0.00058523469958655  0.00069757764459429  0.00083358309048257
  0.00100388554021957  0.00120157779981953  0.00145479020672586  0.00166416841431010
  0.00181338939186441  0.00197453767908574  0.00215538508381182  0.00231654802477582
  0.00245862349558612  0.00259812642728524  0.00273752827989126  0.00286791593807402
  0.00301200841739728  0.00314908386229542  0.00330850315296646  0.00347148886555032
  0.00362858503509964  0.00379702866555804  0.00405831728013318  0.00437044384349016
  0.00470254367556173  0.00503308029802990  0.00534945367245294  0.00556894791402548
  0.00578916647391704  0.00601341546517216  0.00623724552235737  0.00645263379878817
  0.00668094042641955  0.00694896267886418  0.00720741676803628  0.00742793657227036
  0.00762028123256778  0.00781967099902120  0.00802980196283514  0.00824689726598618
  0.00845085303366490  0.00864831053682364  0.00885336523973933  0.00908089652226434
  0.00931613412135943  0.00955364237164038  0.00976122980600555  0.00996264111999900
  0.01033915756092830  0.01078148478736691  0.01125761463318509  0.01173053617517963
  0.01219575090519160  0.01264060181789138  0.01304100520920098  0.01342057887919793
  0.01384234018903613  0.01429722630473427  0.01479204655883144  0.01528011405452142
  0.01575903938250951  0.01622624079920906  0.01668444208105068  0.01705224362899733
  0.01726894009862524  0.01750160314242672  0.01774988637330352  0.01801911755467146
  0.01828796304947064  0.01854588212591540  0.01889026484411217  0.01928974406549390
  0.01967574782981088  0.02004465288819413  0.02041990053691938  0.02090197530961552
  0.02132611408623128  0.02175491839254249  0.02217613117044579  0.02259494556369722
  0.02299820428563886  0.02340765163265568  0.02385699303355877  0.02436631084764140
  0.02486694898350435  0.02534981494431687  0.02598433073172446  1.00000000000000000
 -0.00200753507814847  0.00832782096728688  0.01776158290608362  0.02655405261574306
  0.03734651644224333  0.04874730046220755  0.05982582080956339  0.07086402480197289
  0.08223609696671920  0.09103176421910376  0.10023879043912627  0.11166549944874332
  0.12371106886451931  0.13407110679099243  0.14403657432698705  0.15325141040399878
  0.16139881416474411  0.16832809299851639  0.17458848344860040  0.18143755801331332
  0.18819173523701938  0.19492618488097060  0.20254617895983557  0.20978694004960405
  0.21611158666965583  0.22220326908339511  0.22834285409427377  0.23451522937067174
  0.24035619225375893  0.24601155945080791  0.25254834121202629  0.25998349427359640
  0.26718713359417873  0.28406240986791387  0.30319946650228879  0.31798555428743175
  0.33084022895535992  0.34262559000541548  0.35468292180967825  0.37029394079221550
  0.38433886336170814  0.39648102802754664  0.40745658181763655  0.41834603399321146
  0.42956930796594511  0.44183461652549760  0.45673444121610368  0.47156509885519676
  0.48769872935126540  0.50101586408391852  0.50958164103735393  0.51644541894204810
  0.52327231481373293  0.52986774608224985  0.53697309744720489  0.54395826858746044
  0.54946111518340646  0.55582508766319083  0.56380288955550195  0.57196341345971435
  0.57864513867569622  0.58549716118710227  0.59274786432209314  0.60030499725851494
  0.61010501518478955  0.62424234872889328  0.64047256652318996  0.65498641360127641
  0.66683707455297969  0.67836485344723052  0.68849304795863464  0.69823230017837357
  0.70795362727313826  0.72200720034331922  0.73486466502366021  0.74813910592382016
  0.75703184134158086  0.76554242090544633  0.77376464992171012  0.78268533679285224
  0.79408632695788806  0.80862580903753578  0.82395635947014889  0.83822375077239530
  0.85463429346802877  0.86968405974080376  0.88518799568201922  0.90137821123377160
  0.91667415246804584  0.92933046703329447  0.94045291882750459  0.94918388969223511
  0.95769460662285832  0.96841843279046658  0.97837147990435125  1.00000000000000000
 -0.00376838830221543  0.01708141285957130  0.03532332270972639  0.05072000014868888
  0.06270532366998881  0.07322835546316650  0.08328187886371070  0.09335780414333707
  0.10376097696238071  0.11327523240222792  0.12198013083208063  0.12908628414554449
  0.13608420601385110  0.14462205504706574  0.15151633095773354  0.15781073748224561
  0.16464472615684422  0.17254494495858638  0.18056033321055806  0.18858068852016205
  0.19672485319959690  0.20546578398556198  0.21430333224977649  0.22134216709315566
  0.22716626497260922  0.23310131143759566  0.23887325070868881  0.24755412419346515
  0.25609023813892451  0.27011738707231925  0.28082649711465052  0.28971870074613881
  0.29823804544751231  0.30666066891924543  0.31459863902303331  0.32264673119070175
  0.33086080506591642  0.34236726968609965  0.35762946944638191  0.37270295128706593
  0.38407081472799115  0.39342646963713396  0.40089817807630029  0.40705512964416563
  0.41520798909353401  0.42487236318023414  0.43514936555841982  0.44397192484756476
  0.45183859123114811  0.46171786660221176  0.47447809044609490  0.48533042077222666
  0.49584742466980575  0.50424998619261663  0.51468828965105984  0.52598380535066536
  0.53786678940501254  0.55032188648680613  0.56274682739441984  0.57825510561579485
  0.59136729432136070  0.60523458155438470  0.61913179232093019  0.63377199957406527
  0.64910987511168927  0.66182230467057723  0.67182795767132730  0.67916352201373664
  0.68577885321612997  0.69096106715253258  0.69602432610915566  0.70421515307417215
  0.71250401121493323  0.71924570146161670  0.72514505598985024  0.73293199241807150
  0.74401305632505055  0.75554897371903129  0.76731752342203552  0.78019269025635929
  0.79192266624800545  0.80329668037700797  0.81332257661677254  0.82321828543935904
  0.83318135743054744  0.84788210315890578  0.87087080441687204  0.88788570365463637
  0.90217470073593242  0.91599845949795655  0.92960872571677533  0.94304374286241532
  0.95438741615519918  0.96605554680335215  0.98085763019582417  1.00000000000000000
 -0.00347946136980646  0.01205027744028017  0.02513881880764237  0.03819390519574940
  0.05325910942225580  0.06782336231744528  0.08075897587594069  0.09043346953620228
  0.09927221666729506  0.10740086759334314  0.11412512900912614  0.12060478190653123
  0.12760352832299393  0.13774584376462401  0.14654321574684895  0.15537346226382737
  0.16385348588652110  0.17479269904451991  0.18751163873727611  0.20188322367424297
  0.21444291203186053  0.22443967036045770  0.23476259701264129  0.24447983539555720
  0.25329848702396091  0.26354110171909628  0.27470795946665327  0.28605917164497058
  0.29716760078808213  0.31065772987133400  0.32094529603227795  0.33336099009535275
  0.34666240610156418  0.35959468628782570  0.37342869359465147  0.38528717193229062
  0.39568103303121377  0.40591776781235661  0.41535991366386799  0.42250259667113521
  0.42931229675005939  0.43653195146108725  0.44368264041697070  0.45042018107892234
  0.45680412172237156  0.46311051304133155  0.46847100083166388  0.47374386567742455
  0.48080142316712104  0.49198850852770359  0.50448796068561974  0.51665988477967661
  0.52754134223804483  0.53820096354524960  0.54933804365965033  0.56217437313395136
  0.57714652508683661  0.59127089298864022  0.60417219979750580  0.61768930161454749
  0.63008042644148887  0.64216715162406190  0.65338726876874076  0.66284687223916927
  0.67119316325054545  0.67987762950747632  0.69313128883039710  0.71159284197586570
  0.73007439220332992  0.74556198059120760  0.75910849468976005  0.77191717556982620
  0.78451193404221309  0.79681565613243588  0.80874285092418008  0.82121297920728853
  0.83298778431973897  0.84446272390208588  0.85389860915656379  0.86057044278493200
  0.86709412625490245  0.87405491875592356  0.88002101884570016  0.88588470058792690
  0.89190024937340018  0.89767738028411936  0.90420818895799981  0.91048783090103758
  0.91654830068343185  0.92433595767026611  0.93369708803435303  0.94578445892512297
  0.96047805739713410  0.97488249030934193  0.98772438204829760  1.00000000000000000
 -0.00431950433072648  0.01743479282413152  0.03281592971833940  0.04613855809810535
  0.05410563718992348  0.06306299769092741  0.07063856103750829  0.07794360686610471
  0.08516443233898767  0.09294625152944105  0.10201564149874505  0.11311881738396033
  0.12596652327526289  0.13544100357437583  0.14342329477727606  0.15083687070734891
  0.15884616418527014  0.16744596627043409  0.17746544803300160  0.18710951133980175
  0.19556644759961389  0.20276375363086577  0.20983787008790628  0.21688878644611831
  0.22474678700442824  0.23405994264811819  0.24471540137374709  0.25270403384577000
  0.25960880531455643  0.26622138784227972  0.27202540952305265  0.27788395381070674
  0.28537335099238748  0.29444363300641818  0.30281666229583909  0.30931442687085731
  0.31918455003291485  0.33143516983260679  0.34418537890129042  0.35743721149702495
  0.37369925189528097  0.38784894450953905  0.40429705329355281  0.42005245101884986
  0.43615712319711192  0.45089546313721607  0.46586340991332031  0.48035445048241526
  0.49356192762897499  0.50295994739602801  0.51198160839972551  0.52277859060644771
  0.53479082103865039  0.54592165080188981  0.55586837604807759  0.56540776111312863
  0.57603098899335337  0.58645580993048574  0.59670720183454073  0.60679485387556453
  0.62027447271960801  0.63376452528531468  0.64816821354414822  0.66305524177366026
  0.67648225583885946  0.68841745462942716  0.69733692642376921  0.70807158983095775
  0.71947228686984488  0.73220384158330909  0.74476162652729483  0.75708224581356320
  0.76869275129049808  0.77528209473352871  0.78146275478543481  0.78879522137541669
  0.79679483966227693  0.80457512139971943  0.81216490078940673  0.82067182017452622
  0.82781574479932907  0.83631926561188652  0.84881474047924788  0.86295072817136220
  0.87803883036376762  0.89267433647666494  0.90569365222143572  0.91887441958381133
  0.92818233399246930  0.93778268813322785  0.94708273073717419  0.95743137023570579
  0.96804540929614391  0.97533313688908774  0.98526961646065403  1.00000000000000000
 -0.00489957648148810  0.01829710315580514  0.03227771582369070  0.04394683250802037
  0.05700183060716704  0.07023470381314298  0.08099342254610035  0.09319381434040974
  0.10415423338169624  0.11229324637177057  0.11845942846174054  0.12364714570898751
  0.12874135881484489  0.13400393126324109  0.14110811643368829  0.15005020576346734
  0.15786626750202815  0.16606689067841160  0.17860907304641788  0.19358697167566788
  0.20903652455929816  0.22187752863628635  0.23362152725912988  0.24525434224184695
  0.25695843041510918  0.26763306495681849  0.27650607035927399  0.28293655717963456
  0.28838856729880591  0.29319051199881274  0.29803084661930973  0.30325331171565434
  0.30877664279225758  0.31518638157012718  0.32325325033601415  0.33250984441992548
  0.34262423252481078  0.35276159019778552  0.36558625228773745  0.38051937063615138
  0.39398654413435508  0.40909441202042957  0.42334724541839769  0.43568630143812220
  0.44807035710030046  0.45913293860699778  0.46903161271443633  0.47886096453370569
  0.48891370171291432  0.49913985164766306  0.50956610573615957  0.51930600622219536
  0.52702815180013973  0.53382605543787109  0.54115840978232632  0.54912884658671990
  0.55820229568139212  0.56792901724195566  0.57638357996692902  0.58447155315695964
  0.59499787295658957  0.60674001153740453  0.61940446002283722  0.63320599609482175
  0.64557594361259085  0.65840978471008560  0.67006299128433655  0.68126874686038341
  0.69348109201195995  0.70591271228197916  0.71654749590762712  0.72452890671246761
  0.73194351244942524  0.74016169346575245  0.74875548483024268  0.75645276691279406
  0.76348916220662622  0.77267459863617194  0.78769030575781318  0.79972431848900649
  0.81055316588961268  0.82018938604767522  0.83100595901658048  0.84347192954073291
  0.85633768404180466  0.86957371356242319  0.88158800156212225  0.89671716512397981
  0.91558836579085845  0.93337987936282785  0.94733326819662445  0.95825689871284614
  0.96807218068048750  0.97796294121499716  0.98762817747344955  1.00000000000000000
   2.4484153035469198E-023  -1.0000000000000000     
 F F F F F F F F F F F F F F F F F F F F F F F F F F F F F F F F F F F F F F F F F F F F F F F F F F F F F F F F F F F F F F F F F F F F F F F F F F F F F F F F F F F F F F F F F F F F F F F F F F F F F F F F F F F F F F F F F F F F F F F F F F F F F F F F
  <DiscreteSampler_grid>
  grouped_processes
  1 # 1 for a reference and 2 for a running grid.
  10 # Attribute 'min_bin_probing_points' of the grid.
  1 # Attribute 'grid_mode' of the grid. 1=='default',2=='initialization'
  0.0000000000000000 # Attribute 'small_contrib_threshold' of the grid.
  0.5000000000000000 # Attribute 'damping_power' of the grid.
 # binID   n_entries weight   weight_sqr   abs_weight
    19   10   7.726927497167399E-020   4.109639772309101E-038   7.726927497167399E-020
    22   10   1.301298554166727E-019   1.596792948001855E-037   1.301298554166727E-019
  </DiscreteSampler_grid>
