 -0.00000028200390179  0.00001069218834919  0.00004230144111101  0.00009004499035468
  0.00014867021160392  0.00021589260597015  0.00028910379565803  0.00036524871672135
  0.00044105352267210  0.00052135844062881  0.00060358698036763  0.00068787078019270
  0.00077182690374139  0.00085984154267778  0.00095061138226680  0.00104407731552356
  0.00113885019111685  0.00122776876505092  0.00131645926767607  0.00140884850092365
  0.00150856388543646  0.00160490777210636  0.00169875841173704  0.00179774657475803
  0.00189909153373416  0.00200275633083515  0.00210118301753643  0.00219769434086111
  0.00228918792097346  0.00237741448832235  0.00246592878387480  0.00255646561132058
  0.00264929961127651  0.00274601306271611  0.00283905712458010  0.00293745549064552
  0.00303865907255531  0.00313982445663829  0.00323690546213736  0.00333289244447118
  0.00342873178627533  0.00352183475706457  0.00361567705457042  0.00371107201952626
  0.00381025762551219  0.00391116575996797  0.00400914744598165  0.00410351261794776
  0.00419664849145332  0.00429098583542585  0.00438495525152255  0.00448212769868807
  0.00457837464639571  0.00467705681494182  0.00477048211063581  0.00486341620738109
  0.00495718497341543  0.00505314472655474  0.00515748108166373  0.00526598494606052
  0.00537870623080005  0.00549454461546089  0.00561128909076237  0.00572710511730452
  0.00583974375501676  0.00595085382279683  0.00606265517818238  0.00617557775067208
  0.00628551854644222  0.00639763652001138  0.00651410441376203  0.00663858251421616
  0.00676827540370557  0.00689945835255884  0.00703090499768461  0.00716257364844284
  0.00729304362156402  0.00742069581216705  0.00755417865828234  0.00769045881303958
  0.00783308483528574  0.00797941622904033  0.00812877566876006  0.00828610662069012
  0.00844691742993856  0.00861784334517367  0.00881606635784502  0.00902253765441745
  0.00924826084650362  0.00949597991386890  0.00977102469012109  0.01008281606465858
  0.01047974861375318  0.01117052028887640  0.01218822723250043  1.00000000000000000
  0.00910414532544037  0.01748500040065457  0.02750374009198125  0.03765155662637921
  0.04796307306489257  0.05905539327485843  0.07107048335342134  0.08238431756496845
  0.09335034643468847  0.10433261899720113  0.11563150792622515  0.12637064649387364
  0.13622511435712711  0.14584425404109472  0.15581536311371144  0.16602245113966221
  0.17593256713224531  0.18558304797464698  0.19557109202881709  0.20558391258014624
  0.21558391093920479  0.22511362462862766  0.23477008058538942  0.24522532733922847
  0.25546064473694097  0.26612235518698113  0.27601361783465383  0.28553648653321317
  0.29505266030424809  0.30418811440777588  0.31338446478963822  0.32296807574207903
  0.33271718073944762  0.34273665285454791  0.35314881584948460  0.36415850933956134
  0.37581690217939423  0.38684636769636549  0.39849407901476169  0.41037271047262608
  0.42227639730372085  0.43383334985660893  0.44494539633562796  0.45582082862932721
  0.46683796849926806  0.47783673854593539  0.48928677833888129  0.50083678074230042
  0.51232312630622023  0.52386273301385433  0.53586091381951062  0.54822889203620151
  0.55986275792042950  0.57037461650666765  0.58038731194808690  0.59061739155271131
  0.60102997917368173  0.61161036112323386  0.62245544901914418  0.63332590608907657
  0.64404582777174979  0.65450463843678985  0.66488567067362780  0.67518768070485313
  0.68548415833821030  0.69615997340430857  0.70717121048282616  0.71850106612848452
  0.73002047254388003  0.74136926069589237  0.75196441476886522  0.76194487622913909
  0.77180978327233118  0.78181285713241344  0.79192714473808468  0.80228894241116522
  0.81292113404119737  0.82337787773631010  0.83375521404963771  0.84469092837466164
  0.85533535800904237  0.86564119380814530  0.87591144905846574  0.88691721473479124
  0.89784116623302979  0.90809362447988384  0.91822941401438318  0.92778648652342632
  0.93664694641345936  0.94544048761121557  0.95424025975754101  0.96373265975991196
  0.97325479294701422  0.98285304568795606  0.99100758175618986  1.00000000000000000
 -0.00208995872382730  0.00718056849793862  0.01591328029269903  0.02480179110558052
  0.03379767990868317  0.04266659286674139  0.05118405649726518  0.05928385920297392
  0.06714726754695594  0.07499642167769957  0.08308904780856627  0.09143726140749703
  0.09979751217455157  0.10806876804375720  0.11594078510343404  0.12329539250823367
  0.13095233775257178  0.13919303679403844  0.14759080835738447  0.15629104405426775
  0.16527843052176633  0.17511050114917243  0.18577819121539424  0.19602836223862580
  0.20571106802918790  0.21470111032574030  0.22288926786809565  0.23134517590674231
  0.23939187986540270  0.24774854314104025  0.25658015714899229  0.26605792660117888
  0.27550301425044510  0.28501618783745292  0.29428662548591822  0.30397975866287802
  0.31337844958999539  0.32263002628679127  0.33144196110579827  0.34038628087712480
  0.34952471077979719  0.35902386608578224  0.36871632278452948  0.37830040874310766
  0.38763841825740059  0.39709464122408461  0.40652408522420003  0.41580264512796083
  0.42492734503043356  0.43411842323750766  0.44430712000123168  0.45456955956736877
  0.46533514876055820  0.47519332108776030  0.48691149384389337  0.49812844546091084
  0.50847810735015786  0.51859052555628204  0.52897132085973275  0.53959683467876662
  0.55009030008216964  0.56050404376554253  0.57135309499818965  0.58236954019890663
  0.59319002596649550  0.60457224485726990  0.61726442065336240  0.62924035594814665
  0.64025062563586999  0.65118123471633471  0.66254863727217661  0.67391688986518516
  0.68482447609286545  0.69602161005378438  0.70772816414955231  0.72031599666254098
  0.73323407502093574  0.74593443729795050  0.75940685062935209  0.77379078311487171
  0.78794308265964685  0.79997877177499632  0.81184049200584407  0.82437745885369684
  0.83707411733516490  0.84993643022680143  0.86357466305468367  0.87825862842121982
  0.89320146608862194  0.90816890146955498  0.92299195214561047  0.93804243156700517
  0.95344034691933932  0.96862191157134181  0.98417891496690357  1.00000000000000000
 -0.00258891540580665  0.00924475638497262  0.02027534401558398  0.03125525424750365
  0.04265145925606037  0.05380606838203239  0.06469824766120781  0.07537997904274846
  0.08602809395293354  0.09677719529001902  0.10683140332944588  0.11642601441212051
  0.12605728669829752  0.13601906182515391  0.14599526143733760  0.15636642875225112
  0.16746920602721740  0.17972864889002793  0.19167566802774344  0.20340110774241899
  0.21451524705897035  0.22487705540608774  0.23501911019143940  0.24525845288624620
  0.25590619762559830  0.26624504042688013  0.27643580117204858  0.28671844592516760
  0.29741610218585102  0.30837786838772763  0.31837216257863366  0.32757305083802579
  0.33673644763313731  0.34610774216154339  0.35574466348237332  0.36559106112058748
  0.37538260307897336  0.38632104748189566  0.39707559501561690  0.40823013888459830
  0.41928740496148226  0.43081922992986066  0.44238888937383752  0.45364200702476359
  0.46460919912482851  0.47575907828612563  0.48697349963577652  0.49765305753916372
  0.50781226651197431  0.51742441739929279  0.52701088475127378  0.53685414163866629
  0.54790857199969145  0.55954122494221326  0.57082074527561988  0.58192104589895355
  0.59300445453602679  0.60436968814696024  0.61421156508969887  0.62384906658544481
  0.63343250660379813  0.64319812250315422  0.65299669791238413  0.66290380329401577
  0.67343776116295218  0.68438575034198579  0.69560209161754671  0.70654055854782394
  0.71747433606950206  0.72775233203446288  0.73818943776589263  0.74864606940739231
  0.75839152500164519  0.76776232664832389  0.77733684708931183  0.78742280126754460
  0.79732966707431030  0.80764147598825964  0.81821581637850105  0.82963547795981518
  0.83976599886962322  0.84975262414711994  0.85979689339266274  0.86945430741573193
  0.87881820204456607  0.88859274736759697  0.89914973528033981  0.91081627369516305
  0.92236530753333001  0.93432860755798330  0.94565665209934724  0.95670858882193477
  0.96768854233113133  0.97863416046577922  0.98939220884185186  1.00000000000000000
 -0.00244907506396007  0.00969171248512971  0.02022596514130018  0.03176503528696557
  0.04355995877487571  0.05446932974941120  0.06475110470919496  0.07527364181466920
  0.08558995194866729  0.09627274644777040  0.10734201521019482  0.11984059703663272
  0.13056840061437586  0.14118019613382446  0.15083628366039883  0.16034797486809355
  0.16976042579575523  0.17935792758491576  0.18926755911374663  0.19951666231729595
  0.20975984275309995  0.22001963543647798  0.23018666529676191  0.23958957147615345
  0.24915989807998284  0.25919076628046656  0.26939656857292360  0.27957398677737672
  0.28970596039246943  0.30094776777392129  0.31298128595414226  0.32453904371022563
  0.33519851884298801  0.34518519724571639  0.35551788641995757  0.36656686407195749
  0.37784175644407214  0.38935187756723699  0.40163212456552355  0.41408961335170003
  0.42651550389464299  0.43787505282940031  0.44857052103072748  0.45886965415199077
  0.46932791188198547  0.47971799496543682  0.48987403207834773  0.50008267599567646
  0.51088610676154300  0.52154460360465327  0.53172892371596969  0.54183223866547747
  0.55198338803643177  0.56262200507831905  0.57272360663197985  0.58270488143488874
  0.59273399535670246  0.60320711027050000  0.61258701754155553  0.62197733563389579
  0.63140499369349234  0.64061834957761865  0.65005050709598833  0.65920564096036838
  0.66913736426744597  0.67971077109286770  0.68988333787589862  0.69979350702408505
  0.70950887298117948  0.71953477817000921  0.72964851400780506  0.74005158316508146
  0.75041552732420047  0.76106138031864723  0.77200830787993502  0.78332158059055257
  0.79478826603365460  0.80540727849790650  0.81655903281394593  0.82768986565103186
  0.83896405788925588  0.84998678906402081  0.86011788583685755  0.87054744457509758
  0.88070138746122051  0.89111056489455231  0.90181429012975955  0.91320746250188412
  0.92454723218981427  0.93536605511270376  0.94606227311546687  0.95693001252015164
  0.96715569806475876  0.97745514957864810  0.98861580233141866  1.00000000000000000
 -0.00197120685029261  0.00808865092756670  0.01672438201536631  0.02629674091879808
  0.03604589614510292  0.04561046150526139  0.05527586638924572  0.06597030371624847
  0.07744558642513463  0.08869705903934072  0.09937257435430988  0.10999027620793833
  0.12088438372067410  0.13168858244440163  0.14251313659419154  0.15364863381187624
  0.16467143499871847  0.17549893151782178  0.18581643134227149  0.19629063606913513
  0.20657572587387774  0.21681222738715059  0.22656001059296008  0.23700058244081387
  0.24737820285778511  0.25807883668107190  0.26913090581547033  0.28074177957195040
  0.29218429736215024  0.30213836635544095  0.31203533168795267  0.32161958327689594
  0.33110388181328998  0.34067606999370414  0.35132967544784560  0.36192211080630715
  0.37300135224654002  0.38380896778571627  0.39494068550865835  0.40439870977556880
  0.41396081383142563  0.42413495508213583  0.43514540453860734  0.44556693886445969
  0.45519193243093814  0.46472470348682027  0.47480947079666080  0.48526011837524685
  0.49593272699532137  0.50640597426607548  0.51689495907755711  0.52794233539863922
  0.53884195612307384  0.54980479921785286  0.56081324521491560  0.57245816992856591
  0.58397514031825037  0.59528957966904283  0.60696711368749079  0.61900804393824427
  0.63097893262493565  0.64254781906240921  0.65376804509083397  0.66499142695767621
  0.67646237505244589  0.68791943389300236  0.69891986670542805  0.70974554118027855
  0.72065702796402376  0.73136102446699403  0.74135582303533354  0.75140640966671723
  0.76167786819767758  0.77204769886159774  0.78260874019794002  0.79297174630498657
  0.80306322581341150  0.81311031752332363  0.82348732238088396  0.83401647283703240
  0.84423024629028121  0.85454009371022976  0.86547464190189638  0.87636676021830473
  0.88641819437807734  0.89624165317056337  0.90611766005083083  0.91604600535194058
  0.92592150946252383  0.93593170620720734  0.94630384362469755  0.95647426819409431
  0.96768896583320807  0.97858901916944818  0.98968281816951664  1.00000000000000000
 -0.00136462789131635  0.00494619020973280  0.01030107292753774  0.01561311965445162
  0.02110713252925301  0.02648081791848699  0.03193159856586732  0.03754467773605422
  0.04347987182938570  0.05025459190892519  0.05759428726022542  0.06466513713133126
  0.07111383234811106  0.07745247728577555  0.08439022011486288  0.09195804985358305
  0.09945296404258790  0.10645417248554442  0.11338908100051029  0.12022614631134010
  0.12751218349477361  0.13504432502238509  0.14293237624222929  0.15092964088702865
  0.15914223094421279  0.16748661183767891  0.17589595908622740  0.18458782501718698
  0.19392403900395669  0.20368821831964626  0.21408111767233567  0.22502442682848975
  0.23627265619962201  0.24809448016002358  0.26054776733051471  0.27347240924148719
  0.28704867800461309  0.30058840727870256  0.31461195382968138  0.32878414670110556
  0.34386958944098150  0.36014252950702241  0.37909775514176458  0.39855754762176093
  0.41822833579293295  0.43749892835337811  0.45652543411507379  0.47567138231183059
  0.49503324823997319  0.51402673585112957  0.53264081450191514  0.55118426849490210
  0.57015477151488070  0.58914795800419484  0.60782828954543455  0.62532389232129537
  0.64170450529037382  0.65744533301912966  0.67269793785298548  0.68736561589424316
  0.70151461354268985  0.71479940060088354  0.72776718970304644  0.74091627541192318
  0.75389820411661457  0.76589052510006139  0.77687805459646930  0.78725960659813488
  0.79755922935330958  0.80763540776925058  0.81740413869104500  0.82723461397837361
  0.83719621989607818  0.84732545406058712  0.85691335906743171  0.86590653099413217
  0.87422974142777621  0.88231653529246690  0.89058802456429609  0.89834040675613835
  0.90612853316459963  0.91345548097435381  0.92072411664915554  0.92748866328471846
  0.93434394676178800  0.94095661666670294  0.94725696487246369  0.95355300832971590
  0.95973316507534545  0.96576515615303038  0.97171986735161320  0.97756005901118426
  0.98329034523312586  0.98894148827379946  0.99450127652878184  1.00000000000000000
 -0.00254163599240701  0.01011223622486758  0.02045823154029295  0.03073331441398101
  0.04076711039563488  0.05122183613747613  0.06161441038511162  0.07186181706315925
  0.08203243482582898  0.09263013513559895  0.10384709955809551  0.11466805799837594
  0.12645883769723368  0.13788845564091318  0.14906444476479586  0.15980375331290583
  0.17089082139766729  0.18182259758489916  0.19294853506389581  0.20387800436854853
  0.21436253036149025  0.22470535800747998  0.23516222724705524  0.24610742132314234
  0.25784027010044253  0.26929048771759145  0.28062735152495089  0.29167198176762921
  0.30245978334173235  0.31345424387136644  0.32486122412411966  0.33679539704281342
  0.34865020147971587  0.35965729751269382  0.37028239944721808  0.38102770656359813
  0.39202962723874685  0.40278332716320359  0.41261868940534796  0.42262888253832265
  0.43253427108797310  0.44212451643668021  0.45141770361485528  0.46097653886195200
  0.47076541961647661  0.48050750317638974  0.49010050746835471  0.49976376109147319
  0.51104450974029003  0.52298072639860838  0.53502263214640033  0.54703788222105387
  0.55889661549050462  0.57114597990201221  0.58234601815444398  0.59154999509623984
  0.60074116530496391  0.61005331030169052  0.61903735454793773  0.62767126844685295
  0.63579232811214847  0.64406105277437409  0.65300594232994480  0.66259008058779145
  0.67251870670152258  0.68278545471648733  0.69295532257623993  0.70309139954382405
  0.71332046109536218  0.72377116153365495  0.73458537285974468  0.74574501495792245
  0.75679985312210940  0.76796356609111371  0.77839793664618995  0.78840778091171693
  0.79792760263847340  0.80780511855255677  0.81818322926604614  0.82897937837993174
  0.83925159402960792  0.85085603646136609  0.86171956705150210  0.87283943126114605
  0.88333129278139100  0.89391020912965580  0.90396342547572073  0.91380544449204126
  0.92403539881212682  0.93456170003755268  0.94498265179255725  0.95561248694129297
  0.96589869874640089  0.97704051661675717  0.98818040847554167  1.00000000000000000
   7.3965472541462497E-013  -1.0000000000000000     
 F F F F F F F F F F F F F F F F F F F F F F F F F F F F F F F F F F F F F F F F F F F F F F F F F F F F F F F F F F F F F F F F F F F F F F F F F F F F F F F F F F F F F F F F F F F F F F F F F F F F F F F F F F F F F F F F F F F F F F F F F F F F F F F F
  <DiscreteSampler_grid>
  grouped_processes
  1 # 1 for a reference and 2 for a running grid.
  10 # Attribute 'min_bin_probing_points' of the grid.
  1 # Attribute 'grid_mode' of the grid. 1=='default',2=='initialization'
  0.0000000000000000 # Attribute 'small_contrib_threshold' of the grid.
  0.5000000000000000 # Attribute 'damping_power' of the grid.
 # binID   n_entries weight   weight_sqr   abs_weight
    19   10   8.071684992538875E-006   6.152316102839453E-010   8.071684992538875E-006
    22   10   1.620906213848209E-006   1.066448268266284E-011   1.620906213848209E-006
    25   10   1.931459141660885E-006   2.579225766235861E-011   1.931459141660885E-006
    28   10   1.348602615377729E-005   1.082212884647747E-009   1.348602615377729E-005
  </DiscreteSampler_grid>
