 -0.00000000760559735  0.00000577215932582  0.00004163914193680  0.00012018457013227
  0.00024128965838469  0.00039483150447591  0.00058692063092526  0.00080921379044935
  0.00106762564541309  0.00137136709232712  0.00170050227285943  0.00204459769955839
  0.00240609414904367  0.00279017101251262  0.00320675068861160  0.00365339190458810
  0.00412711738282003  0.00462343648966828  0.00514239153842834  0.00574687277906914
  0.00639011066647955  0.00723944682962285  0.00822549324184749  0.00931801348837592
  0.01077831283627326  0.01196814012056155  0.01262535299937164  0.01307418078926220
  0.01343206793542694  0.01373889840156432  0.01401907848653086  0.01426973371987038
  0.01451672501492156  0.01476383146030366  0.01500985220721734  0.01526237298046299
  0.01551337765544258  0.01576192374073288  0.01602023597733462  0.01629017852604503
  0.01656139402372039  0.01683351848739311  0.01711121593519719  0.01739310314846411
  0.01768463214309957  0.01798728897494557  0.01829956331310011  0.01862105838783563
  0.01894979929467988  0.01928693108279157  0.01962928470606269  0.01997033781905979
  0.02032548710982390  0.02069064035988049  0.02105705669475715  0.02142217551265997
  0.02178911258124794  0.02216136599932005  0.02255307943858026  0.02295569997387654
  0.02337022796707929  0.02380135310620517  0.02425270065003961  0.02471323102140319
  0.02524746089800066  0.02580807377197658  0.02637761107579539  0.02694594744226066
  0.02752942271639177  0.02813944345013757  0.02877356132030671  0.02942973595445537
  0.03010639621795806  0.03078469751061988  0.03151573221079935  0.03228223034474800
  0.03309028036032095  0.03393025603720343  0.03477629334475144  0.03564233706507521
  0.03654793327666358  0.03748097548316794  0.03844709246120950  0.03946086100571387
  0.04053361351559317  0.04179185732500221  0.04351690817290882  0.04536590718535930
  0.04736550849546120  0.04947961973062883  0.05185957207667474  0.05516259513550292
  0.06008660361467160  0.06936453201372690  0.11557386653037323  1.00000000000000000
  0.00966447813305846  0.01510021320064767  0.02399999682366916  0.03387328328516488
  0.04341785661729883  0.05276425641678346  0.06208396528311309  0.07196621634973181
  0.08243014129830416  0.09266682765722199  0.10280393319297421  0.11310531706324206
  0.12324564567455960  0.13346116526672261  0.14434985989179031  0.15661666816403594
  0.16888889578066130  0.18041096124945480  0.19209735928788044  0.20432239963979651
  0.21688621704855310  0.22961238197690523  0.24265869572416765  0.25452384753306601
  0.26413200747283389  0.27465686770143427  0.28514788293348825  0.29558774177627917
  0.30558824544068613  0.31559566873984313  0.32581742830138355  0.33616707852686700
  0.34637790379738542  0.35646319754655259  0.36596113469108471  0.37532026706620497
  0.38457245125072170  0.39413817189837708  0.40440521754917541  0.41505279749042856
  0.42559253157396892  0.43630491649368452  0.44734585361295398  0.45849670601907228
  0.46873710346475222  0.47870659411727234  0.48787754274485795  0.49698155461391985
  0.50558132708002512  0.51467931670436939  0.52423980031964945  0.53434672403402805
  0.54422650308576759  0.55424472602944852  0.56425981352914034  0.57367745236507295
  0.58273907443455131  0.59178819705117058  0.60055011115069357  0.60961478744415887
  0.61926836743002267  0.62979791535812502  0.64111231161039861  0.65176692784423607
  0.66215166357045352  0.67214912105860203  0.68170475749272252  0.69114383080968600
  0.70042338215090394  0.70984777358222184  0.71910830205421217  0.72881446233244718
  0.73935524976399625  0.74954718255634600  0.75992705258306981  0.77102634065315456
  0.78304582534939648  0.79565653054213481  0.80831037033885977  0.82025604805352137
  0.83124927950228600  0.84190653820325667  0.85247614836742225  0.86275853260514124
  0.87290537616539454  0.88312987233036577  0.89332272676017399  0.90369690897945332
  0.91444848546734858  0.92541361737195371  0.93636023954133574  0.94719271326486998
  0.95813781167259249  0.96908454333565897  0.98018164563180321  1.00000000000000000
 -0.00002102083522783  0.00026478430265889  0.00076005542662049  0.00152081744553440
  0.00246591227572599  0.00382062394931848  0.00543425104706510  0.00728870686329631
  0.00921859012634198  0.01124193244508513  0.01381491771623377  0.01679282720990687
  0.01973292710338482  0.02271249040681796  0.02584368630717370  0.02913757165435485
  0.03263186264572729  0.03628577532268336  0.03974130918545524  0.04333005684996158
  0.04733334234780793  0.05166181495779122  0.05620347965525951  0.06085482560729306
  0.06539354276353343  0.07030614385418388  0.07570914683042793  0.08107751001922792
  0.08631563061722375  0.09211685291633115  0.09773684920839697  0.10321133231322673
  0.10953760392787525  0.11641365807192493  0.12339077191670465  0.13023214328831548
  0.13711394647402206  0.14390706806078718  0.15046943279106853  0.15702703006583058
  0.16354247957635515  0.16982775274044290  0.17605458593594914  0.18245265071579306
  0.18938179908968672  0.19646247536891590  0.20367119697533187  0.21109699757490766
  0.21879349293678899  0.22697253510865772  0.23652104262297005  0.24719666428750769
  0.25839811241705174  0.26961689468076266  0.28036702942913172  0.29066288220711306
  0.30079901553017047  0.31138555033282739  0.32261760466746431  0.33409160146506089
  0.34534002506965306  0.35606918425089518  0.36697257610962414  0.37807174515658598
  0.38974110407478568  0.40192707842067943  0.41434715095324925  0.42692744478788525
  0.43975346892670253  0.45298938031521896  0.46634398463461596  0.48025050440014444
  0.49491777745693255  0.50877021244974141  0.52377748539695956  0.53988704321801340
  0.55638757280937412  0.57303288226523230  0.59035158031197998  0.60872686065437165
  0.62793666972564455  0.64747464179155001  0.66703684898922710  0.68714214289913922
  0.70763221548975719  0.72719903230864957  0.74612783311545117  0.76525325838462777
  0.78432775322452708  0.80409013673242469  0.82402372600491602  0.84415716071669344
  0.86405776945723833  0.88227554719264412  0.89616793594483568  1.00000000000000000
 -0.00204764622589771  0.00879103659990635  0.01820893492503189  0.02909439921757191
  0.03962320148365246  0.05003246944218424  0.06075224407368347  0.07223097227265941
  0.08385210290383248  0.09515242604324903  0.10751012303334891  0.12142115064171820
  0.13472024525451140  0.14741452278874523  0.16012063242120797  0.17191563698265844
  0.18336807701116234  0.19531214754500387  0.20751225814078680  0.21940666235666564
  0.23095724345045049  0.24229439253228272  0.25346210128992491  0.26505938587599248
  0.27651203136885844  0.28741710995982239  0.29861409342320877  0.30990089785098157
  0.32155302355900772  0.33402569550550071  0.34753831976898225  0.36051869772995432
  0.37097516516672618  0.38171161616367394  0.39254497411302652  0.40412898245759632
  0.41595329104120254  0.42762544660359497  0.43920577172718361  0.45074450766123719
  0.46190595209550378  0.47253545196098184  0.48255457896865800  0.49203272792022151
  0.50172491237137973  0.51187370471352023  0.52199732056707882  0.53201965201817425
  0.54221795930590655  0.55291163624878503  0.56364902130754857  0.57358236604434742
  0.58404493156171877  0.59440783786304008  0.60524700223967609  0.61562249990157292
  0.62530609030664630  0.63398026390233853  0.64283542900701485  0.65242889988424047
  0.66175984732411253  0.67136979578864642  0.68083675573818914  0.69089890878646576
  0.70241868809175123  0.71355351507291465  0.72433385434036945  0.73436185257361208
  0.74458729785971933  0.75518360771850512  0.76540843134794634  0.77547270817678771
  0.78532124593362773  0.79633878537313707  0.80728051318078797  0.81778392179169790
  0.82793479292766314  0.83815633274787049  0.84814394346162325  0.85844532879991398
  0.86905497326482606  0.87908539479639025  0.88830674352495365  0.89753965654234513
  0.90662874049163522  0.91556561378934176  0.92398673842756995  0.93261994433240858
  0.94160091215295583  0.95040973153177000  0.95900246563151104  0.96801146656017290
  0.97653619565412764  0.98440295257080190  0.99209918779126638  1.00000000000000000
 -0.00244917655379468  0.00969213788124120  0.02035545910568904  0.03111508338105168
  0.04095014183749848  0.05009997547191408  0.05948217201498305  0.06919908599938354
  0.07889620615302308  0.08879089533099457  0.09863112526721235  0.10836713186168080
  0.11794096396779763  0.12795822460211245  0.13917989673961273  0.15063568123088314
  0.16231280642936322  0.17262994472064586  0.18293138733851319  0.19275488996765752
  0.20239466479014195  0.21267023030193813  0.22416489776403725  0.23601722755058194
  0.24783254315733375  0.25858740108147438  0.26885250226674273  0.27852990070361855
  0.28821010121813156  0.29809705521404761  0.30807412983576260  0.31921515217906132
  0.32896833929982566  0.33946778929522414  0.35077373226153835  0.36304897859889834
  0.37586315425990463  0.38749151431779216  0.39847342896410698  0.40936518256551935
  0.41990663984764537  0.43009257359576236  0.44161377122051737  0.45475586591553296
  0.46714318933001425  0.47885818939730745  0.49055641085488122  0.50189647217677180
  0.51260341310635438  0.52287799051682338  0.53230602724825637  0.54169586376954548
  0.55133730597544728  0.56109690566378823  0.57084629092375483  0.58034849140253919
  0.59115219512181161  0.60163323382509615  0.61138100197890499  0.62159779656135050
  0.63326304535714550  0.64588778600681696  0.65728439804927141  0.66813678495470641
  0.67944418175577515  0.69109584146078373  0.70242281405474361  0.71376626143627164
  0.72631545220402594  0.73846125170067567  0.75102281014298500  0.76428066614654366
  0.77739119990801031  0.78894912283604668  0.79924867836523339  0.80831464755733162
  0.81729070723860819  0.82598146681682283  0.83505293371235878  0.84476077486926759
  0.85520380043123401  0.86663145921245766  0.87761039522981921  0.88733718688389873
  0.89693806365764439  0.90612475432716144  0.91479990683257606  0.92324824427100860
  0.93215262528929721  0.94139153386213459  0.95049098449261360  0.95952445451819124
  0.96918935474335055  0.97865400046997142  0.98923964574062284  1.00000000000000000
 -0.00243044576266744  0.00942293816080831  0.01881782935009860  0.02902472129269673
  0.03917631136932005  0.05102902848089918  0.06262075782839958  0.07267192641845779
  0.08281847617390484  0.09321762619645012  0.10330773460626470  0.11284697586705029
  0.12156485197478963  0.13087168590351403  0.14111712187723657  0.15219327378925324
  0.16386135017102191  0.17493174179623583  0.18537306998903996  0.19605450464042232
  0.20680018375716663  0.21686655559276824  0.22695337173514663  0.23663752621462220
  0.24592669440516571  0.25497515273394183  0.26409993115781916  0.27333348342181746
  0.28292652102067856  0.29223823182868269  0.30159985841823639  0.31081520482983327
  0.31986062760540929  0.32856721669981359  0.33826058700211037  0.34866373955550123
  0.36019156282737258  0.37185363968233787  0.38499382734004473  0.39734598016712003
  0.40893001480814267  0.42053841279682308  0.43253490850658294  0.44486508751165621
  0.45702816070314550  0.46870348620634622  0.47996491443360201  0.49112777503395333
  0.50231931342683367  0.51298278779441653  0.52364842692750047  0.53410584739380895
  0.54411264647387336  0.55326800304090662  0.56225631207438787  0.57157577990923203
  0.58093286792607424  0.59017709234917448  0.59913737323921590  0.60849487918978851
  0.61834607443874334  0.62871373878709735  0.63870843943211031  0.64855156351773258
  0.65874391111871122  0.66848149328466377  0.67840603373452157  0.68821741694286387
  0.69816215749572530  0.70854553893529948  0.71893431842654176  0.72954797365705992
  0.74061218176537236  0.75139814728098553  0.76141123871358385  0.77120371927883702
  0.78103542364023937  0.79143765463469296  0.80213849770777423  0.81220131396594075
  0.82429535473863136  0.83643475628947783  0.84890931015391957  0.86054635301445426
  0.87175541985428662  0.88339965520603980  0.89539170206371521  0.90764451122979717
  0.91995652811164619  0.93210911607027191  0.94396618025338042  0.95516766633830597
  0.96529865403805892  0.97574376551470987  0.98712347122954180  1.00000000000000000
 -0.00341588862512440  0.01149855050034365  0.02583983726649064  0.03970769495027807
  0.05356235354975318  0.06729354812194735  0.08028500356907585  0.09204132308068125
  0.10322832432201297  0.11480931660306593  0.12577855042393571  0.13530417571343525
  0.14440228288630139  0.15327814917940810  0.16167335415010423  0.16996813864902299
  0.17843901865094830  0.18726806762132953  0.19685193925099140  0.20625197584963101
  0.21632038397386508  0.22615621765476521  0.23576167444180879  0.24519145882781204
  0.25486294134988741  0.26532892535216812  0.27528638396538785  0.28476697709239729
  0.29431587214554927  0.30549560445963231  0.31707231248879736  0.32870228365965332
  0.34175708499895319  0.35465563061324118  0.36635993833395919  0.37741951046074318
  0.38893919662270932  0.39979252263148279  0.41007772694716632  0.42069913193008424
  0.43185269921104003  0.44354557522545540  0.45515575059458707  0.46682131546020089
  0.47845681664213935  0.48928976275110225  0.49940423748446378  0.50892717678909238
  0.51818701257414890  0.52757649743212254  0.53696759304205954  0.54628309501689498
  0.55546026652801883  0.56485457967602926  0.57521609937123674  0.58572657611605783
  0.59602236976838519  0.60587678340528606  0.61494779672989575  0.62423799647823042
  0.63288443110825277  0.64231055099875101  0.65223455907389849  0.66240161562200817
  0.67257595903717471  0.68312086815890150  0.69461323758292881  0.70649548208276358
  0.71785561228374317  0.72878822388316866  0.73905608879788787  0.74897674040887996
  0.75907510105376685  0.76967037554623652  0.78047483768225556  0.79089230227877427
  0.80097373031199859  0.81087160270103087  0.82045735209496240  0.83053861121983108
  0.84003748533454259  0.84859783544271139  0.85721287081189401  0.86663398945783732
  0.87613176158612016  0.88645306961693371  0.89734340576774396  0.90880294296984709
  0.92054299287224317  0.93194395120943885  0.94368627302514829  0.95745167046352664
  0.96706452818989042  0.97771710296097158  0.98830562090885465  1.00000000000000000
 -0.00221735813439303  0.00905575721144813  0.01856547474377478  0.02873775046215332
  0.03952920598056696  0.05092097784746508  0.06195277263784816  0.07315114212128104
  0.08401473862162070  0.09500280904363555  0.10662021892929155  0.11822704364400585
  0.12965292135907516  0.14100276961134595  0.15286199536768647  0.16509243835662266
  0.17635972671501834  0.18678578287616096  0.19692832704732083  0.20693984112505534
  0.21653848769497952  0.22574862456270250  0.23505415016972520  0.24458928159046256
  0.25480375676373485  0.26493924442472455  0.27655664104888084  0.28899524422393663
  0.30124276796969596  0.31252412477094443  0.32319263371792040  0.33350167680695464
  0.34356732570757320  0.35382546758039829  0.36398573203599904  0.37469361471678281
  0.38640773353754937  0.39864352903119266  0.41071136152832244  0.42186611185210182
  0.43257615714754438  0.44225053470383352  0.45181137715473241  0.46080174683676928
  0.46996825725668379  0.47923837009101544  0.48871025960514336  0.49785183157582130
  0.50706142049340108  0.51688838177954788  0.52713389402613442  0.53747586920177615
  0.54802400151419206  0.55927332293376208  0.57238265478459616  0.58626489939075266
  0.59859603991674815  0.60973239479017194  0.62071798660488409  0.63206606598963899
  0.64353887599628112  0.65414610929707673  0.66432512888444006  0.67436363965851909
  0.68435851876134646  0.69444731941677318  0.70486069492794179  0.71558225661919528
  0.72642312037521173  0.73740770642421039  0.74850289562376515  0.75966982689514040
  0.77053931437204615  0.78100771042488115  0.79151617414678399  0.80196892206569537
  0.81260695793100068  0.82339301833997514  0.83376168262749162  0.84388711796684934
  0.85367112194839001  0.86315143433899755  0.87270440655224368  0.88260186460480827
  0.89249321722034791  0.90189911959386271  0.91083675188991209  0.91978885649602626
  0.92916030104837066  0.93865224300705419  0.94817914105731027  0.95691684164078816
  0.96711283836920880  0.97705912171516252  0.98853126239424127  1.00000000000000000
   2.9776810967842504E-016  -1.0000000000000000     
 F F F F F F F F F F F F F F F F F F F F F F F F F F F F F F F F F F F F F F F F F F F F F F F F F F F F F F F F F F F F F F F F F F F F F F F F F F F F F F F F F F F F F F F F F F F F F F F F F F F F F F F F F F F F F F F F F F F F F F F F F F F F F F F F
  <DiscreteSampler_grid>
  grouped_processes
  1 # 1 for a reference and 2 for a running grid.
  10 # Attribute 'min_bin_probing_points' of the grid.
  1 # Attribute 'grid_mode' of the grid. 1=='default',2=='initialization'
  0.0000000000000000 # Attribute 'small_contrib_threshold' of the grid.
  0.5000000000000000 # Attribute 'damping_power' of the grid.
 # binID   n_entries weight   weight_sqr   abs_weight
    25   10   4.643573683635372E-013   4.125210801412033E-025   4.643573683635372E-013
    28   10   2.280437983404743E-013   9.073615979382714E-026   2.280437983404743E-013
  </DiscreteSampler_grid>
