 -0.00000001174294726  0.00000560313478261  0.00004428666266070  0.00012262631591921
  0.00024417360260074  0.00038960258517666  0.00058201262553818  0.00079327865638512
  0.00100993878156739  0.00125303376519301  0.00154644312224921  0.00185584991880431
  0.00215698240792307  0.00248086456709234  0.00280791396441274  0.00315151465167318
  0.00350543493049642  0.00386000841404154  0.00423702154884032  0.00464274567693187
  0.00509035231422519  0.00556285678034342  0.00601930511021832  0.00647397760294758
  0.00693881032012143  0.00739566041364294  0.00783053397497937  0.00826545587043955
  0.00872061367624558  0.00919349595364656  0.00967351136143792  0.01015059975281790
  0.01060294414695336  0.01108979613227048  0.01161739891514171  0.01218385514908864
  0.01282428754065747  0.01369614144518296  0.01531893646696065  0.01736226397559835
  0.01893267756218880  0.02047173435327929  0.02187600801155874  0.02321708249217790
  0.02448325467128703  0.02572533207043758  0.02694004319906581  0.02811097411442348
  0.02924999318119942  0.03033748925462131  0.03139748049934368  0.03258020236308383
  0.03380991231883727  0.03513640410505944  0.03648155426934654  0.03785055157306239
  0.03914380582037264  0.04042963478532875  0.04175236387500073  0.04310804237893218
  0.04450954725536724  0.04593886140955861  0.04739103002035819  0.04878111988286978
  0.05015275562765957  0.05152449939763123  0.05297222601968078  0.05465160786834549
  0.05646471249895758  0.05840046337752280  0.06043620726112978  0.06259037120597807
  0.06491869276809335  0.06718975480517612  0.06943601420980611  0.07184845664361772
  0.07455084343977891  0.07728668663763351  0.07994250269991965  0.08260684421297203
  0.08534023445087048  0.08818815633118947  0.09134277674124076  0.09532408737981173
  0.09982349176808626  0.10449115557603525  0.10907583631194284  0.11390023905886880
  0.11945031530575734  0.12608368181674928  0.13443734017040582  0.14470083591106164
  0.15942959902743606  0.19267646887771414  0.32114474387977415  1.00000000000000000
  0.00921742025830692  0.01577052518467534  0.02630902221746060  0.03789076291471647
  0.04796833213326868  0.05778534896668388  0.06735897224400481  0.07645880202007882
  0.08579528605405051  0.09491329594411532  0.10541937847838506  0.11636367135702513
  0.12698095729786096  0.13685470792245391  0.14807235963537874  0.15984946267484565
  0.17053918483158037  0.17992357793238439  0.19017364765927045  0.20225106385648955
  0.21529169573543863  0.22959004406105851  0.24452564835493681  0.25848935865272260
  0.27129523637518677  0.28322090759509644  0.29421790315601415  0.30399043901117390
  0.31287640459930222  0.32183096354581570  0.33127471095210154  0.34107040504226749
  0.35096668761858157  0.36189250477277268  0.37247621816936832  0.38190409121566737
  0.39126997901061045  0.40075628747158382  0.41110493971175155  0.42167686279614874
  0.43207460250922636  0.44291078843527681  0.45433984728995852  0.46633281505784052
  0.47846928967982810  0.48908471239660506  0.49979707920309374  0.50924022552612769
  0.51886239077573748  0.52768477567697070  0.53637496181059274  0.54514767749007331
  0.55345555939701607  0.56247688381063266  0.57270778409347745  0.58488057026916596
  0.59736738171825199  0.60983471156021951  0.62106534359887422  0.63198063217010858
  0.64202012058593205  0.65214805456888936  0.66183382991848472  0.67200944778815808
  0.68222437727946339  0.69187466768048589  0.70327700323215814  0.71398440141478670
  0.72380454438510200  0.73361926282298373  0.74265361470615898  0.75189986218357585
  0.76145427046988179  0.77171327826871217  0.78281028044438750  0.79381871027625861
  0.80415012701827659  0.81393205761750176  0.82333892725939217  0.83290290709113313
  0.84295459462135247  0.85299879423120739  0.86341877654155141  0.87375580984833956
  0.88411324253567825  0.89450881844561525  0.90345705521955955  0.91169343947296633
  0.91997523866186370  0.92931460085576023  0.93989884714722804  0.95043614032986945
  0.95947896615193162  0.96956666087840859  0.97990426384585561  1.00000000000000000
 -0.00001898009464409  0.00023334066004362  0.00066736491616671  0.00130615523676279
  0.00228996568287718  0.00359247938309327  0.00519662797086213  0.00690825217951646
  0.00906180704246390  0.01145236831821297  0.01377966835909159  0.01614110710162386
  0.01923567406116710  0.02271182509015470  0.02580138440402485  0.02928469130737079
  0.03221525736376703  0.03556194910404917  0.03888602100983914  0.04246386854898948
  0.04642074579535327  0.05057921612298023  0.05482202972865863  0.05913946838617119
  0.06351274939222580  0.06794896756503774  0.07255446191264717  0.07741959934464393
  0.08253459689780826  0.08783339652080059  0.09307003878065188  0.09838924229341241
  0.10407268872665205  0.11023149974938400  0.11701599507417090  0.12462025239027492
  0.13316971548051901  0.14149588998964766  0.14906514294091727  0.15550430164730922
  0.16152053625519411  0.16795332805912669  0.17442969964909938  0.18115180602961592
  0.18831226923591315  0.19530029647248814  0.20257490751508236  0.21027176448798413
  0.21828305197967351  0.22639947525468557  0.23443968201239285  0.24364858487188673
  0.25152929686846320  0.25940018251573721  0.26700977668707160  0.27506989976614649
  0.28377451432938805  0.29242820597467090  0.30077863395401389  0.30925142025963781
  0.31799692900696835  0.32693507851625858  0.33596247573592897  0.34510984640900116
  0.35609148426855480  0.36692201064799973  0.37700977953540749  0.38805259788619245
  0.39913546953929285  0.41004811241023320  0.42106643083265505  0.43237349044781648
  0.44307617996665444  0.45399197101434347  0.46541452153467605  0.47754941001666634
  0.49036719583585481  0.50263152678245060  0.51464366409991202  0.52656401956532906
  0.53835279450406426  0.54972853439519631  0.56172661306772331  0.57391473049359087
  0.58586842622705593  0.59766750748713060  0.60977893288215346  0.62241850808899535
  0.63581748165560958  0.64863734385611793  0.66054907692985487  0.67129536818168389
  0.68177567150752427  0.69209661077397355  0.69977248565055938  1.00000000000000000
 -0.00334734505859932  0.01157575878527680  0.02487889169091036  0.03787551346902003
  0.05068328051579540  0.06347128833055324  0.07691547248582979  0.08855739078250692
  0.09893278590373729  0.11106966124113825  0.12445277289465255  0.13714408903308598
  0.14931036304006556  0.16233647375152435  0.17530448436724230  0.18654972461348746
  0.19711215753363848  0.20725578597123706  0.21684592649237647  0.22662318054452799
  0.23603366867385045  0.24589221530039274  0.25632135567940018  0.26621838213679555
  0.27566917323729573  0.28476226532744281  0.29420459705891466  0.30396759723302191
  0.31306116552232843  0.32112509122746469  0.32948554325145085  0.33898684188964118
  0.34875035676546329  0.35701161913803958  0.36527016461299855  0.37362552050397180
  0.38253283429010787  0.39136288224197602  0.40047730512380092  0.41016665059579632
  0.41964989689928772  0.42928911255674218  0.44019641736590059  0.45197437629403153
  0.46378880194800315  0.47513334054609141  0.48757438151885951  0.49896068562435508
  0.50849383327617281  0.51796144510277931  0.52809022521915094  0.53902641184378952
  0.55005058043943544  0.56146597562912892  0.57423707505614352  0.58761542412059453
  0.60062703243639692  0.61340876277403078  0.62594649920793954  0.63719093643789593
  0.64736678340702769  0.65698130584173764  0.66660245150558539  0.67537985835727687
  0.68371868722023343  0.69248981754113137  0.70392441910025128  0.71350388183429181
  0.72346607245368744  0.73300226617780628  0.74501290652635599  0.75515423144832827
  0.76465053168424502  0.77447049691059189  0.78476385818199956  0.79498635990154620
  0.80470138380890222  0.81481671218167162  0.82588960512697629  0.83728916967622724
  0.84872842820846406  0.86043511230830316  0.87139801230802683  0.88283375865396563
  0.89456292062178033  0.90676261984263562  0.91751065738821769  0.92693461600855964
  0.93630609992343727  0.94603451117016357  0.95488956623764454  0.96356466557215970
  0.97212453287769574  0.98085833071424766  0.99044812563682583  1.00000000000000000
 -0.00245497026451144  0.01204582423200334  0.02355149714126096  0.03454361714391706
  0.04413330593940817  0.05352358012107095  0.06308323532726183  0.07245211033935693
  0.08202607767043220  0.09078136740810404  0.09936044213032263  0.10823168329528807
  0.11650714105263205  0.12536894713704910  0.13474940348819547  0.14451892408157885
  0.15508088461308847  0.16622295916150248  0.17640545830270893  0.18732977275123028
  0.19801208102036233  0.20969358387616568  0.22191269511146303  0.23420425277652498
  0.24591525274681708  0.25745663010625730  0.26909381260925119  0.28068395480137831
  0.29218519353470779  0.30393476508154504  0.31604140952583409  0.32798289077831916
  0.34027730030454412  0.35365115309587136  0.36440776913498107  0.37590200910146782
  0.38657026264371019  0.39734391129765545  0.40842959854589805  0.42067012861411507
  0.43227039981122506  0.44325846103773719  0.45429488878409169  0.46444291771165208
  0.47440379723352366  0.48520698155432745  0.49681148366523381  0.50807217918325887
  0.51914240036079962  0.53004654409648666  0.54040882375617205  0.55012311456783536
  0.55924390118507106  0.56870776075467699  0.57860331054768421  0.58941733866314194
  0.60068452166759345  0.61156529427191697  0.62272892002736346  0.63448178230183705
  0.64627410931610874  0.65704535989587831  0.66704594883885859  0.67600465732915005
  0.68503257221401470  0.69430452239755069  0.70311879413772416  0.71170132674871656
  0.72073862692982860  0.73025279237781193  0.74027257891779652  0.75023744464599484
  0.76005684429642906  0.77089304282125282  0.78154121352097594  0.79160844393096319
  0.80112764493589772  0.81043365718935489  0.82080693233403790  0.83104957672725555
  0.84281987366356659  0.85453744309737312  0.86595482660196821  0.87639075902036656
  0.88534847809324546  0.89559356430558912  0.90686936414162655  0.91729814375827767
  0.92694871637482135  0.93609532273952356  0.94710789351813907  0.95838267809854738
  0.96821848955547840  0.97847009501795368  0.98889909665505993  1.00000000000000000
 -0.00287276568521177  0.01089386670882682  0.02201929508869075  0.03262144657707651
  0.04311934464851860  0.05328430305461816  0.06447413873110033  0.07744541570653507
  0.08780167926490524  0.09661179915863738  0.10491521873625916  0.11337796638670640
  0.12220268008143988  0.13103171741214628  0.13965286192221585  0.14804658832667647
  0.15582318444239421  0.16360116272301378  0.17209780671943972  0.18146441253544754
  0.19203326968503295  0.20432329108458788  0.21638954420053255  0.22824034045771621
  0.24069541453488674  0.25339534460567220  0.26382448823719185  0.27568456656525286
  0.28916070805397748  0.30208749122497391  0.31252049511978991  0.32240688502063852
  0.33259530991935715  0.34433495226928207  0.35706423997145187  0.36766487536363401
  0.37752199877418285  0.38717642246991019  0.39787815100743912  0.40852954408202385
  0.42069246597221854  0.43165921481326924  0.44353930768787103  0.45492425346461074
  0.46532347238685318  0.47504771242693333  0.48603347332892771  0.49687249246082466
  0.50780602813365827  0.51943130708724206  0.53328810184123598  0.54543602702741045
  0.55493492633097818  0.56321286694764328  0.57139074521586730  0.58004193962885031
  0.58908347509382408  0.59785636728594682  0.60724656335897798  0.61800981784417108
  0.62895185537178222  0.64043193376291907  0.65140036551875502  0.66250609819756223
  0.67411686668267790  0.68654872556021063  0.69924768489813438  0.71169157349646139
  0.72326916607580582  0.73364233229172171  0.74313215474589533  0.75204081796497135
  0.76096093431546663  0.76989707375666261  0.77841785655029738  0.78689742415566133
  0.79574383733832088  0.80497452094872446  0.81382338370971607  0.82279020442160877
  0.83176150303475138  0.84235540510252227  0.85349446055359257  0.86349462030073909
  0.87242359947739634  0.88130685876826764  0.89033626043570790  0.89953062084884083
  0.90874014718518326  0.91830984436043217  0.92929663906436655  0.94153258637824278
  0.95458290293355852  0.96845852765873974  0.98299546210055666  1.00000000000000000
 -0.00234595933924993  0.01070035848038975  0.02132968758288631  0.03320456897024181
  0.04524857686603240  0.05730444405857661  0.06920502986950627  0.08056132922629550
  0.09040958179787829  0.09967291531016699  0.10897312188875530  0.11796485453185968
  0.12632013325400679  0.13442537655867015  0.14252236033175325  0.15100046590917870
  0.15960407423315537  0.16855562274833744  0.17880314014074836  0.19010145395185896
  0.20137236518224652  0.21228122469636235  0.22265514154626151  0.23306637649994061
  0.24386312314679617  0.25503745266281508  0.26591631209749073  0.27687957039551692
  0.28741748527386585  0.29790406171818040  0.30723410762921871  0.31774112210435546
  0.32797468322552031  0.33904136235846144  0.35074080074139513  0.36299128769299344
  0.37615105103569818  0.38759905983681542  0.39871038597095865  0.41012363624057330
  0.42143087917506455  0.43336283533460912  0.44546769661418140  0.45726812852518645
  0.46859063123470485  0.47944551658084483  0.49029488008952943  0.50166987523320972
  0.51310806279593013  0.52468283394325199  0.53520945486424898  0.54512347188014121
  0.55446533077888738  0.56405935595990542  0.57442667503307698  0.58443892574622647
  0.59374885846371039  0.60216649892232710  0.61055884158220275  0.61929191616964896
  0.62831651073194217  0.63660624423082957  0.64552612468236625  0.65532786732300541
  0.66496467083493449  0.67459013554672265  0.68445160817312867  0.69601576963134304
  0.70861689031919173  0.72044544002134003  0.73110224347966568  0.74113750985504268
  0.75119345922700609  0.76159195380860367  0.77107674887924371  0.78164382614663652
  0.79083730932350571  0.80188180475904425  0.81230585209628858  0.82293977655182282
  0.83357197903513269  0.84275218045832800  0.85284228465971501  0.86341196328564096
  0.87465947878618011  0.88524955536158478  0.89610043996615474  0.90780168471047340
  0.91901485332380972  0.93029293534108337  0.94219011791409013  0.95660901157047962
  0.96829712975922144  0.97939980460656040  0.98931234870731632  1.00000000000000000
 -0.00214638760606138  0.00868689215517018  0.01915770540066283  0.02940568857306089
  0.04019436538514300  0.05311106144052672  0.06620227387690650  0.07950088733757410
  0.09346608710504914  0.10705278760341461  0.11996773966598349  0.13231207214262777
  0.14390740284669917  0.15501716938001925  0.16571720730585757  0.17621896013397914
  0.18661205794896976  0.19598349519923211  0.20481142908583014  0.21373983402768285
  0.22228396717506652  0.23108250981972156  0.24002977332955316  0.25038362115051521
  0.25996612187799989  0.26964476428579298  0.27864474818612561  0.28833403199991409
  0.29869096564980163  0.30971056622872545  0.32100846950704404  0.33266094744172015
  0.34508688942594734  0.35712749751050593  0.36737308652033851  0.37826393524330792
  0.38863776344299694  0.39846276125691826  0.40738501043974157  0.41705515607936133
  0.42784183082950056  0.43881515243363328  0.44919410523132514  0.45921828202490650
  0.47013382258103603  0.48217520830052196  0.49374082150611159  0.50458838912064197
  0.51458824874763498  0.52454724652487283  0.53417072507963481  0.54391810064088708
  0.55463908492184655  0.56571876851715686  0.57602904310142788  0.58513164499593728
  0.59366113516637653  0.60269630333939406  0.61171502866062955  0.62119705619122312
  0.63068322899825591  0.64026466361692291  0.64952672478874485  0.65852070020591180
  0.66708404199588878  0.67539410531266575  0.68334000286491903  0.69399361056977682
  0.70539477989201649  0.71547750489348438  0.72541657621914724  0.73435052498677744
  0.74502428174234747  0.75565208185137800  0.76540537136204845  0.77586312176801897
  0.78723551859394869  0.79969690110650515  0.81156953164569567  0.82412034127067690
  0.83717416346547835  0.85015389272791764  0.86193793642922312  0.87229397354450355
  0.88152889720422556  0.88996304966222939  0.89893391710412840  0.90758170573998764
  0.91596469915209555  0.92476966941828109  0.93433498485012423  0.94717788633010846
  0.96084837218448216  0.97392649522920194  0.98745489371084572  1.00000000000000000
   3.0531338871993468E-014  -1.0000000000000000     
 F F F F F F F F F F F F F F F F F F F F F F F F F F F F F F F F F F F F F F F F F F F F F F F F F F F F F F F F F F F F F F F F F F F F F F F F F F F F F F F F F F F F F F F F F F F F F F F F F F F F F F F F F F F F F F F F F F F F F F F F F F F F F F F F
  <DiscreteSampler_grid>
  grouped_processes
  1 # 1 for a reference and 2 for a running grid.
  10 # Attribute 'min_bin_probing_points' of the grid.
  1 # Attribute 'grid_mode' of the grid. 1=='default',2=='initialization'
  0.0000000000000000 # Attribute 'small_contrib_threshold' of the grid.
  0.5000000000000000 # Attribute 'damping_power' of the grid.
 # binID   n_entries weight   weight_sqr   abs_weight
    25   10   3.184363485157215E-010   2.876605571475876E-019   3.184363485157215E-010
    28   10   3.305281726902147E-010   3.732070221267576E-019   3.305281726902147E-010
  </DiscreteSampler_grid>
