 -0.00000000404696310  0.00000176802029210  0.00001153197431579  0.00003186300006343
  0.00005989515963393  0.00009828061856926  0.00014407785019026  0.00020465261977866
  0.00027433354652479  0.00034284812299609  0.00041776359169804  0.00049596418534493
  0.00057727826599716  0.00065929133361772  0.00074849190705609  0.00084653838555840
  0.00094492958982090  0.00105123571520898  0.00117227862209761  0.00129456647838129
  0.00142749335569131  0.00156936787063759  0.00170636007461582  0.00184299388902252
  0.00198256392801678  0.00212671944191775  0.00228426285570485  0.00244691092073811
  0.00260597299536029  0.00276099597926218  0.00291753176696157  0.00309048632982711
  0.00326206757751542  0.00343152819004895  0.00358057491342787  0.00372566133837200
  0.00386902022594865  0.00403079969164340  0.00420636276596603  0.00438980678949607
  0.00457260884807180  0.00475226814097150  0.00493133857853670  0.00512350054043417
  0.00532283349088604  0.00551586361710018  0.00570131615411898  0.00588210866022276
  0.00605799786103064  0.00624105818740692  0.00642124649897241  0.00661545927028359
  0.00681259978157998  0.00701529990638962  0.00722284316910083  0.00742459436474370
  0.00761706353971999  0.00780339430641829  0.00798628477250775  0.00816701032651317
  0.00834520440346661  0.00852638167277489  0.00871735360019689  0.00890330187361932
  0.00908685592734870  0.00926943873955946  0.00945150869001710  0.00964154901088797
  0.00982959704088763  0.01001852274671521  0.01021267995744015  0.01040009286333763
  0.01058361237947958  0.01076556565913902  0.01095044349436944  0.01115082124704746
  0.01135912645340776  0.01157403178687304  0.01179409883841938  0.01201895020575558
  0.01226630699208824  0.01252857887833421  0.01281510505961452  0.01314832985929919
  0.01353462573141761  0.01409336599344802  0.01518101063440904  0.01669769605979697
  0.01789871966358057  0.01906271495658783  0.02059697448592073  0.02248295501890651
  0.02516836501610555  0.03110168928674089  0.05073615692486758  1.00000000000000000
  0.00981543024130720  0.01520656373110575  0.02298163268246382  0.03207381480727219
  0.04171215442997510  0.05156124550866369  0.06240903711292954  0.07530322219476454
  0.08926163272814598  0.10027289221455878  0.11116944546367384  0.12132490272048478
  0.13178487162034422  0.14209165712749350  0.15291935977559265  0.16405962564247653
  0.17577977573445153  0.18808715518840863  0.20070859471993635  0.21337148985815449
  0.22450010044808555  0.23605591232926024  0.24757384628297283  0.26003615698106963
  0.27096912517255634  0.28206821658101178  0.29331155155878336  0.30571775715166033
  0.31774225219146435  0.33058899962413463  0.34261091400925997  0.35486915782340001
  0.36707098618538719  0.37874851454514952  0.39001355183392944  0.40005392310450505
  0.40937323948165727  0.41977822651881552  0.43200958096596975  0.44458324113479469
  0.45632148962897023  0.46894274620585336  0.47920827599968857  0.48938540682464005
  0.49977141042917028  0.50914214123117429  0.52114609680535828  0.53137254699420289
  0.54144806706476567  0.55100194408201364  0.56051097898908042  0.57037874309402892
  0.58034119063546574  0.59178106447455925  0.60341732131117620  0.61346115301305326
  0.62296090723448028  0.63318922002496836  0.64369184380851463  0.65187640031399474
  0.65922856147753039  0.66675577732759606  0.67583342922400602  0.68468983291402152
  0.69304732374905764  0.70090792059406470  0.70896866541441017  0.71967394615980607
  0.72994576548077106  0.73845678192883546  0.74661000964747493  0.75623253856352002
  0.76634571232848814  0.77531769268154671  0.78422819292814228  0.79287299023833990
  0.80054478720499300  0.80851529446219472  0.81679114548977616  0.82540436442850795
  0.83321282810761632  0.84097560484208311  0.84872331199743478  0.85817020712699676
  0.86907563284742284  0.87982022327650578  0.88942773826129384  0.89938816594241944
  0.90970078773826168  0.92078750156087008  0.93332423399634856  0.94555897189689120
  0.95692606662543667  0.96843330621277224  0.97992408612833659  1.00000000000000000
 -0.00002098241327329  0.00025728898963564  0.00069305889391301  0.00139945714628095
  0.00242511042416691  0.00354411312887145  0.00480815383063329  0.00648531265443689
  0.00821091708905314  0.01026757479207512  0.01267105731169623  0.01512183596802850
  0.01731358560045287  0.01951983178478291  0.02211057533396346  0.02512049168035349
  0.02880225094305464  0.03259183513725809  0.03602853286031975  0.03942718482290991
  0.04291086371741541  0.04703160393338660  0.05172334769035521  0.05653314828981541
  0.06164648074259332  0.06694566466546641  0.07231208153046524  0.07770810022656725
  0.08312369920138328  0.08844284924465982  0.09400370028712604  0.09984658775518288
  0.10576517940155705  0.11163794392226153  0.11761400155563326  0.12418066654076659
  0.13267262189986584  0.14083810431758492  0.14902642633586710  0.15746642414949275
  0.16617069194959169  0.17477988594017549  0.18290976998031155  0.19069891962608107
  0.19778036266126348  0.20830323046998622  0.21875271240120814  0.22762052812500136
  0.23544179050962916  0.24326307580516768  0.25108652147190674  0.25899408493817183
  0.26733997754304428  0.27608285022441004  0.28498927846993360  0.29380960234185366
  0.30249049507229020  0.31161625839952772  0.32184945124980080  0.33248685589816407
  0.34315833100592208  0.35469811428691578  0.36573456185487146  0.37706448367276379
  0.38861167988636386  0.39987410388408362  0.41135157709987807  0.42303319220125390
  0.43469702025617885  0.44618364172892205  0.45756884452436702  0.46950062197576969
  0.48300990693838936  0.49782325836102603  0.51178268620438183  0.52804941083239498
  0.54935334280115922  0.57145858526404580  0.59331368945650254  0.61622034510311641
  0.63918254859432089  0.66210306382570983  0.68492671497984181  0.70876915071892588
  0.73176932861131072  0.75345036899611406  0.77715153673829696  0.79864980664423857
  0.81953297344311660  0.84032028701210204  0.86135032787191057  0.88521368598360017
  0.90899643948987763  0.93350846697273415  0.95783828089370981  1.00000000000000000
 -0.00298186296610629  0.01397146898852237  0.02577360712050671  0.03729910198578336
  0.05014249081247031  0.06504309144317871  0.07689893846337151  0.08750381040561420
  0.09831675240587132  0.11048539028376361  0.12351401810505119  0.13710035523525138
  0.15093262186973522  0.16506038455269437  0.17887384866208425  0.19188018364640663
  0.20419724029951897  0.21499146396452576  0.22479135822459390  0.23521856665227242
  0.24690396607380091  0.26085854043619555  0.27366579875599711  0.28308970095401359
  0.29166283577640867  0.29986958051473761  0.30847840288194794  0.31833944365795247
  0.32799478282338662  0.33873686724429458  0.35117656049587936  0.36442776550160233
  0.37843087283079585  0.39234217154765511  0.40657695434479529  0.42032022473688369
  0.43275867995807771  0.44369918377217543  0.45358188042150205  0.46283422782837241
  0.47195004928089312  0.48142940004180518  0.49149494299085389  0.50237066189681512
  0.51419843856190683  0.52535784830518661  0.53557758367730912  0.54571850717321324
  0.55641524477671589  0.56848309751347581  0.58299334116037349  0.59676080235379636
  0.60798902907126595  0.61724543135899124  0.62599056971006439  0.63480396321987165
  0.64338743835261403  0.65183498080488156  0.65964129099466795  0.66725621237086252
  0.67505499935210633  0.68317861112551426  0.69270403587365093  0.70455648098389001
  0.71728425630211634  0.72922545266616412  0.74076740571193056  0.75194469026096455
  0.76287919721302389  0.77378894088264660  0.78470845295476344  0.79487826397195505
  0.80369943658737730  0.81277577547386759  0.82049577960660336  0.82766650017673016
  0.83438885180000399  0.84125697993927562  0.84813380565351348  0.85517345295218661
  0.86326409465710141  0.87224181370612497  0.88215289852560130  0.89274710205321373
  0.90279784645262739  0.91316283512723995  0.92257363521569835  0.93040825189710430
  0.93828960799106287  0.94747902774082504  0.95743898208199618  0.96673330087720455
  0.97522699530250623  0.98375767386696178  0.99180749063096407  1.00000000000000000
 -0.00231379140343939  0.00914371160505316  0.02046991695326988  0.03205994725643419
  0.04468549515845843  0.05678165069116042  0.06828956774711474  0.08005611737758644
  0.09200685309933035  0.10239747316298313  0.11343215151159496  0.12373638234233693
  0.13455521986927979  0.14504928024966696  0.15678690964314967  0.16998271227536743
  0.18337675843767900  0.19543954941561220  0.20656634855668710  0.21752022859800155
  0.22867063185390316  0.24008011457033432  0.25311665983232801  0.26469399947083838
  0.27653669825964067  0.28890080089877379  0.30092489288842517  0.31287247479407498
  0.32371464128273458  0.33364985691993110  0.34448568512948913  0.35408020677537533
  0.36149982368088657  0.36768242090436526  0.37450000167003278  0.38226504502817643
  0.39143573860084602  0.40031783966767559  0.40918066552163596  0.41853519462122224
  0.43019300219318213  0.44337570264777476  0.45479292947193678  0.46713296028775797
  0.47865403407528817  0.48907322267762465  0.49871028742848766  0.50856943104353425
  0.51856041309807510  0.52961520997139899  0.54057397207232549  0.55021314428191348
  0.55934342701078399  0.56868475869047741  0.57669316356770550  0.58416493570902495
  0.59176533702267986  0.60022552774169879  0.61157623852074350  0.62220756278134359
  0.63279221916180151  0.64355624891130936  0.65578225323823047  0.66551631417742141
  0.67761495708128472  0.68894175786106748  0.69982941983312330  0.71081737727757366
  0.72036275493144153  0.72975863916464168  0.74000638887185877  0.75050198128406209
  0.76019527085341143  0.76962673580382857  0.78149339959972686  0.79465844489917414
  0.80868638814373350  0.82295500860769288  0.83670143204213476  0.84946954037624400
  0.86125525366879507  0.87248114902254026  0.88296169898317867  0.89244992209442564
  0.90165696929900430  0.91084708343404208  0.92000920863267643  0.92892766406335325
  0.93677985533322194  0.94490637149435353  0.95332511689447486  0.96227511495247053
  0.97082331437440328  0.97920157632629568  0.98929741138879523  1.00000000000000000
 -0.00192591636030991  0.01062961583921602  0.01977379128482347  0.02820170812536823
  0.03607025613579845  0.04406261055726371  0.05268695695636279  0.06227029545373758
  0.07121431983819880  0.07932267114322858  0.08886173545575335  0.10039151681327015
  0.11272242357993884  0.12536335075413360  0.13960004632641035  0.15237987791064081
  0.16404753924603399  0.17934907436573586  0.19189343539200876  0.20241419812296524
  0.21250316403063066  0.22218638885836700  0.23235716572519904  0.24337482976008951
  0.25619298082892294  0.26991505417215583  0.28163491335412560  0.29225277191705540
  0.30335204780319619  0.31479902361953815  0.32610040743965146  0.33780659125446877
  0.35066132611695694  0.36435140201849409  0.37792096988368196  0.39038610635826348
  0.40135074082836275  0.41142109151542139  0.42206270410048102  0.43312527419723212
  0.44328966411402904  0.45314499493342614  0.46551616925373851  0.47760494821835736
  0.48806647696315042  0.49793454605412962  0.50877424092031431  0.51924685516644331
  0.52788237896321699  0.53644854979188961  0.54575038033179757  0.55510915095445057
  0.56372082775240562  0.57107360540113350  0.57786428668402767  0.58536956805437068
  0.59504553530759152  0.60461293128221494  0.61384319259538844  0.62292399155662581
  0.63334972575360393  0.64539304675968745  0.65341365972341703  0.66166116605574699
  0.67029037087773002  0.67991963664727872  0.68970544041267612  0.69863697823928583
  0.70782402795730248  0.71773183646947081  0.72997689967852519  0.74308184084977491
  0.75596677789506195  0.76803932118483609  0.77921881441525465  0.79169804374705588
  0.80475108334827228  0.81715347120592718  0.83148268727043573  0.84216769779050205
  0.85269097200292210  0.86187267125502764  0.87044775956022358  0.87931018211683432
  0.88850767267943298  0.89824222836646161  0.90750996288968455  0.91711363797832945
  0.92660002459588753  0.93687127332772480  0.94660168450028370  0.95631238155755027
  0.96660915059171970  0.97777565627343876  0.98910871984038617  1.00000000000000000
 -0.00141717973175818  0.00653558463386852  0.01386062854139739  0.02236975153887216
  0.03084320998431095  0.03903092870484134  0.04813958283399763  0.05843315598754631
  0.07048209585668887  0.08360832562643780  0.09813331492030730  0.11161661225505871
  0.12324249459223567  0.13452183554652536  0.14566879168047758  0.15657438404142746
  0.16811268971317250  0.17980030328309915  0.19141722421392349  0.20320589809024775
  0.21530581176467462  0.22753247096171847  0.23964938532770880  0.25133132116325635
  0.26166890863970194  0.27209442003709439  0.28221754052722636  0.29196432976168102
  0.30182000963457634  0.31325387094355583  0.32529604285023433  0.33767719898760090
  0.34913798140146368  0.35866168215269661  0.36735039852548046  0.37608257305192827
  0.38622765698216877  0.39641862962544189  0.40647737660711819  0.41733230156363016
  0.42998145452721537  0.44369620236517493  0.45578125372566325  0.46539655586766443
  0.47408407931286323  0.48316519541684860  0.49289833087427620  0.50292057248872679
  0.51194858058996251  0.52083541118861920  0.52984895486996797  0.53882065883027530
  0.54850978803411143  0.55906136390484007  0.56758913389372023  0.57478220298302840
  0.58164860421792641  0.58969915933885619  0.59823878218919924  0.60699560968036692
  0.61521535635705638  0.62361033442253944  0.63491105730929931  0.65051915414143624
  0.66216135857831659  0.67509993257250345  0.68627277889422100  0.69795404964255270
  0.71138622795767581  0.72446956640895877  0.73650700073959863  0.74782916225090168
  0.75965943330427455  0.77030333634416548  0.78002139393816472  0.79007488099566081
  0.80182773635772886  0.81391800394909519  0.82521443072811373  0.83533576486635830
  0.84486010736395345  0.85515783424051972  0.86611888669181392  0.87626680065865403
  0.88705178665482753  0.89720094010539730  0.90639327294535754  0.91626223267555384
  0.92657510128913467  0.93690972861957877  0.94707293107883583  0.95655398328191443
  0.96656629396834981  0.97777583831565407  0.98879528676833117  1.00000000000000000
 -0.00310862362178895  0.01097182021572943  0.02269283859037719  0.03401403561205407
  0.04549976987974053  0.05764947801479328  0.07048673789830776  0.08289966577865582
  0.09321015328636595  0.10135586664864031  0.10944885243031158  0.11809978525708277
  0.12803269783982066  0.13913469156993574  0.15029347798715953  0.16289705296899853
  0.17543742884488786  0.18865013276362497  0.20103371628162756  0.21357652753864509
  0.22668236998798996  0.23496360882094808  0.24221601807333648  0.25001593284411916
  0.25857360390721584  0.26891116267946730  0.27935937735381450  0.28861072996280873
  0.30015488590138761  0.31340274728566209  0.32745264843966676  0.33968368942619576
  0.35181069028158801  0.36496237152715699  0.37776601991481873  0.38788728041726361
  0.39718901126000455  0.40531803645068359  0.41389807319480443  0.42383231843769154
  0.43330200527003232  0.44272465368265845  0.45237050420616925  0.46352650298395004
  0.47696449698579135  0.49056689809423670  0.50212006443723423  0.51248772942461696
  0.52176249916207018  0.53009350105125341  0.53834505477369310  0.54733383274870484
  0.55707683284946141  0.56732007815649299  0.57824453917056362  0.58863563192709811
  0.60035190275069950  0.61218261292061216  0.62427376745446794  0.63526681030761412
  0.64530101975361620  0.65577349405856522  0.66613061217114955  0.67530566191571917
  0.68381062287436689  0.69311722390065622  0.70391969645980179  0.71522737111317003
  0.72673721283116055  0.73944535102441178  0.75293018441772663  0.76703795944660857
  0.78094359220211984  0.79321340126650053  0.80123070036283528  0.80933920914262714
  0.81748862276963097  0.82619866654916119  0.83401755947587941  0.84202160401187620
  0.84966382802944296  0.85887657661506278  0.86991023502088072  0.88059611766894486
  0.88986261703200253  0.89876517261232369  0.90732657346506662  0.91661160972792544
  0.92532870396058642  0.93351133677903175  0.94225983267695168  0.95176206446381173
  0.96223793479477793  0.97293494645603407  0.98561492967091502  1.00000000000000000
   1.3921057521141593E-012  -1.0000000000000000     
 F F F F F F F F F F F F F F F F F F F F F F F F F F F F F F F F F F F F F F F F F F F F F F F F F F F F F F F F F F F F F F F F F F F F F F F F F F F F F F F F F F F F F F F F F F F F F F F F F F F F F F F F F F F F F F F F F F F F F F F F F F F F F F F F
  <DiscreteSampler_grid>
  grouped_processes
  1 # 1 for a reference and 2 for a running grid.
  10 # Attribute 'min_bin_probing_points' of the grid.
  1 # Attribute 'grid_mode' of the grid. 1=='default',2=='initialization'
  0.0000000000000000 # Attribute 'small_contrib_threshold' of the grid.
  0.5000000000000000 # Attribute 'damping_power' of the grid.
 # binID   n_entries weight   weight_sqr   abs_weight
    19   10   1.199201294561435E-007   6.086706645168154E-014   1.199201294561435E-007
    22   10   1.671061290115608E-007   8.124858900623029E-014   1.671061290115608E-007
  </DiscreteSampler_grid>
