 -0.00000001491483935  0.00001532333316316  0.00011591179121403  0.00033584021801135
  0.00068629111740873  0.00117195446589676  0.00176310867727883  0.00245399498720720
  0.00324419290298476  0.00411272325189153  0.00512938483145512  0.00632575622088587
  0.00792867903866428  0.00998954677851232  0.01199532077273254  0.01298577351635490
  0.01369553508240075  0.01429583668405958  0.01482197727157497  0.01533953240516093
  0.01585255754982683  0.01636329059556805  0.01687934266065801  0.01740744501411886
  0.01794197425541229  0.01847034593699232  0.01905597222306045  0.01967405814107986
  0.02031684133174663  0.02097851306651956  0.02165569313690480  0.02234322420359984
  0.02302973293652118  0.02371398301386995  0.02441943843448626  0.02516107467342499
  0.02601305822864545  0.02685901364612622  0.02769779219575950  0.02854540908282954
  0.02940443285273051  0.03027138400708319  0.03113883656258713  0.03202855199923973
  0.03304615690510648  0.03407052155873191  0.03509834957946921  0.03613390618767631
  0.03717954732303402  0.03823091137250426  0.03928507385359777  0.04034364270551918
  0.04139519646851379  0.04264468565698431  0.04387091922712080  0.04510289060274002
  0.04634843582242788  0.04761207217591781  0.04890367065019843  0.05026409983569104
  0.05161373988778344  0.05292344929753980  0.05439941586041186  0.05601093247206060
  0.05765309524560882  0.05942682144513105  0.06122549804809843  0.06305270979577525
  0.06487549259604675  0.06665425988049779  0.06846403220210009  0.07027898663832055
  0.07227117772814165  0.07439183113783206  0.07657496023433238  0.07879908698778812
  0.08107799431690707  0.08342024141065109  0.08581558536275850  0.08825503126283889
  0.09084792295135664  0.09409679101957863  0.09753711866662299  0.10128494826803019
  0.10525509974990482  0.10940182793398352  0.11371103075790458  0.11825063688686012
  0.12446464774695688  0.13151213078847215  0.13944093643488356  0.14861023972479359
  0.16239767550655226  0.19414518355696692  0.32038456825896461  1.00000000000000000
  0.00962147908323581  0.01522173322416113  0.02412729735801258  0.03404518950226656
  0.04394008735565532  0.05371574562306201  0.06363970899074006  0.07396774118713087
  0.08462335950435902  0.09559965305854369  0.10681214273923816  0.11840798639390296
  0.12990041613532288  0.14090576387981196  0.15153929342299088  0.16181542546243366
  0.17193671099214361  0.18223648325217603  0.19298820834249136  0.20430339592370797
  0.21541273090700264  0.22636296185641294  0.23749670370165429  0.24886417120309215
  0.26013224864926993  0.27248524214974212  0.28584904624092855  0.29820778635500533
  0.30974320934379701  0.32043233085354128  0.33035334917213199  0.33981218979798605
  0.34920043484615465  0.35954658170813791  0.37038490927798878  0.38158096859353385
  0.39280024900857979  0.40328444588528928  0.41366494689754318  0.42456773838619705
  0.43520979685178801  0.44531332076435615  0.45542238732451218  0.46606316945838872
  0.47681089673316235  0.48724836052809362  0.49781467960263970  0.50860760711275332
  0.51906032211450803  0.52914171494734219  0.53936586928824748  0.55024972762666624
  0.56147298840147819  0.57296435128921475  0.58421775097011630  0.59466177119742158
  0.60472352011213748  0.61440333821168136  0.62412120149956873  0.63396217763294160
  0.64375886938464122  0.65366424530203282  0.66358475146051410  0.67363566640809214
  0.68379543450733948  0.69384053446033989  0.70410344726581386  0.71465451538311353
  0.72519155706544414  0.73604606200256484  0.74737701968446890  0.75909620322155080
  0.77075242896657836  0.78207232429033202  0.79276221542162884  0.80288747437607677
  0.81270004574370724  0.82226489374632072  0.83194081174381607  0.84198139799778604
  0.85214700671398813  0.86235829414970555  0.87259072439977947  0.88292920399958108
  0.89341796405632024  0.90371013913996068  0.91399007357737627  0.92430088866567772
  0.93434306043619586  0.94376628148327968  0.95278167560243687  0.96235350828051414
  0.97242951531390620  0.98282081251185383  0.99101403004438215  1.00000000000000000
 -0.00002151571096335  0.00024255955566009  0.00068038129686472  0.00137923263568174
  0.00231859912918409  0.00351749859494578  0.00485269733089281  0.00645718260628807
  0.00824324979585309  0.01034545839515131  0.01260861299738876  0.01493556742246012
  0.01736613515016257  0.01994237116083982  0.02283461370056784  0.02602176050213296
  0.02918712422865164  0.03234673445489501  0.03565447035835809  0.03936002304491731
  0.04327561462323056  0.04717400249136972  0.05102130847114605  0.05486454343913566
  0.05875908597462048  0.06296491455313774  0.06735623965817310  0.07203873909790012
  0.07698931877538358  0.08216877928891018  0.08744805173382156  0.09297916461691985
  0.09871262417233578  0.10455016274390395  0.11034081584301428  0.11614115656850721
  0.12215828112275029  0.12826435460971533  0.13435520339392934  0.14047501753747624
  0.14705994561895125  0.15393144581749724  0.16074716365618200  0.16747253888216229
  0.17400179927234030  0.18057093401409893  0.18735664762263943  0.19430632589507421
  0.20140432753478979  0.20881232277359749  0.21662667728905979  0.22450016317299953
  0.23257085100443567  0.24074860050733782  0.24915551343101186  0.25782561893079864
  0.26643990422296637  0.27496022445247076  0.28356501333015494  0.29239245286072441
  0.30158240427586946  0.31129340717531739  0.32106162861297677  0.33081859082096948
  0.34067630656483228  0.35097009316917172  0.36183078535112340  0.37279333526001762
  0.38381434362022837  0.39493357411873348  0.40599169421573028  0.41684217795466733
  0.42790505825245273  0.43971568955526152  0.45133520412752465  0.46302074031947965
  0.47476784413439260  0.48656737132017508  0.49831663193453718  0.50980494680802513
  0.52068545346777728  0.53241309481450416  0.54438834986271212  0.55643800179329017
  0.56858668188394879  0.58121343325489150  0.59414247992715996  0.60753640745332893
  0.62129964069848820  0.63527302129321561  0.64936625628088407  0.66337230623782162
  0.67775899877162882  0.69122955717794199  0.70005803231371866  1.00000000000000000
 -0.00352560278935686  0.01279305226307943  0.02702342633718340  0.03981016370974227
  0.05153356188321070  0.06253479132673280  0.07322690458026671  0.08385602322968870
  0.09428761012079905  0.10490514757711464  0.11588757143943974  0.12670758470530880
  0.13899822239423842  0.15072544157925302  0.16207298678881260  0.17366191019591692
  0.18560073846455646  0.19614482715896284  0.20692451298320363  0.21732234646855073
  0.22752217233309627  0.23754885751428034  0.24768763744364392  0.25800472292920706
  0.26877953950279743  0.27989181827363546  0.29144149403341763  0.30323464110365023
  0.31502245784280603  0.32663199116408043  0.33835246833774940  0.34999864417039783
  0.36164219355057342  0.37327171308880069  0.38456174176084124  0.39571951414508549
  0.40742675648897320  0.41961076979739820  0.43139179619413254  0.44318735312841717
  0.45498948715421439  0.46689330397941747  0.47874710672727649  0.49045964194474306
  0.50232330440130146  0.51387145361550068  0.52478596616121875  0.53446255787448205
  0.54392412840124216  0.55338570477906635  0.56298922200797596  0.57280469570946746
  0.58288102324908042  0.59307353720978429  0.60301611864047033  0.61213939253353988
  0.62121402877052800  0.63052419204753263  0.64012161186869543  0.64923389546812305
  0.65871543838887869  0.66818553353139376  0.67930157503251742  0.68979857270070866
  0.69946185254594917  0.70922206720110059  0.71850691648732734  0.72770323108878787
  0.73649942106984301  0.74535488383747439  0.75463106523377732  0.76488139368633323
  0.77509235095416540  0.78490075465526865  0.79498360571032045  0.80583298296226136
  0.81625222906651540  0.82713831617781830  0.83777735314145341  0.84852603057554898
  0.85803901368512281  0.86683545222091007  0.87576182154211968  0.88459921269006647
  0.89380670092199876  0.90324105528114218  0.91253233018561497  0.92154641624163947
  0.93084514655978967  0.94024883283032779  0.95063890225525416  0.96075193481823251
  0.97067691830088343  0.98053500195214505  0.99041724593370351  1.00000000000000000
 -0.00295343420142566  0.01026413314100480  0.02169776558353568  0.03276759515791393
  0.04350635786805752  0.05446395991642067  0.06507138497294718  0.07522689456871501
  0.08518688699517363  0.09512852869241310  0.10499258574533085  0.11506605781276780
  0.12535781196834966  0.13618107029734292  0.14720315659371461  0.15813025699930439
  0.16914599073490699  0.18008410325061061  0.19054289546086720  0.20085232254049973
  0.21079557291626436  0.22039859565564021  0.22998673994543384  0.23939264171929989
  0.24852901881103509  0.25826194439273487  0.26807655603803165  0.27962705709413993
  0.29168925161742104  0.30277832961115514  0.31378269807838011  0.32445649048898118
  0.33487400623292590  0.34422444900954685  0.35357326519972238  0.36393433814415421
  0.37445565571662598  0.38515447606719821  0.39564613625369743  0.40705015177936232
  0.41858882490831711  0.42939685760204943  0.44007957388398811  0.45038922079665156
  0.46070746368966725  0.47157400161756913  0.48223462337455109  0.49322846430088629
  0.50410316251679566  0.51473523314932468  0.52530056192450003  0.53599892901187540
  0.54697626042397218  0.55784816338469678  0.56757497500745890  0.57702470687230389
  0.58654438984394941  0.59615247669368077  0.60594091570387743  0.61572897971416651
  0.62557919313551558  0.63665138384313846  0.64833511006057698  0.65997839844002470
  0.67136461200018982  0.68233371386508801  0.69316027002627600  0.70368824442124212
  0.71411529809343821  0.72466699155169734  0.73554169899794464  0.74643371436952166
  0.75754045106888934  0.76882334657126927  0.78006663795732845  0.79143869515186782
  0.80318269124782948  0.81471763455708668  0.82530309811458258  0.83542187193034723
  0.84525159561518726  0.85514394224960533  0.86461441296339747  0.87421011103687829
  0.88444054148347107  0.89481031393020383  0.90587477143660289  0.91612425224342797
  0.92843611536106130  0.93955337305956677  0.95020139872074538  0.96056120708155512
  0.97078979916013719  0.98093268235747200  0.99051570178573400  1.00000000000000000
 -0.00265637577780346  0.01021371318980186  0.02091620160083939  0.03188868616098994
  0.04273511738551845  0.05292149647521989  0.06278832958210853  0.07259097973100735
  0.08203966808749560  0.09237255379146850  0.10291992662653210  0.11369630711588657
  0.12433910152795584  0.13416670030117506  0.14419795597725285  0.15416199052006330
  0.16394028640523531  0.17358070547547105  0.18324475925840120  0.19279874254692703
  0.20256659311705363  0.21229380390521435  0.22205693804045862  0.23219994773652194
  0.24262985573539439  0.25329347471357294  0.26417659280520522  0.27584463835209927
  0.28801454372427626  0.29934409642927956  0.31008532694018220  0.32067061843816919
  0.33111595286021911  0.34156591776370465  0.35215659743505862  0.36313382841145164
  0.37428983827834378  0.38541148237192091  0.39636216299663962  0.40690729951786181
  0.41749529470401064  0.42876473125297704  0.44035743134765343  0.45128822268851215
  0.46218268452346412  0.47311749832450384  0.48388714440556929  0.49450833569403618
  0.50506972465011502  0.51550789629483851  0.52569133792735312  0.53598141365404639
  0.54591676729826322  0.55556258666656511  0.56537600646014186  0.57620983569289719
  0.58664866540122429  0.59613529852969249  0.60560774260106565  0.61562421682286073
  0.62580254020687343  0.63630829911136388  0.64695413304240756  0.65823135366759489
  0.66951312723235923  0.67967855766047414  0.69022778098415383  0.70056459546388927
  0.71098360485100420  0.72118219174044618  0.73111036914470107  0.74113124234139982
  0.75135347881456038  0.76143682554682768  0.77151631343316729  0.78165095622384839
  0.79211907090359224  0.80275898400914858  0.81323997503198020  0.82369844772129475
  0.83455219881467169  0.84603844961039376  0.85771354116196352  0.86955712812798802
  0.88104214989825935  0.89267523220993339  0.90456670173891718  0.91668962248894625
  0.92840231472265689  0.93922001585778503  0.94955272561839199  0.95961814777563070
  0.96980699927139391  0.97979620351286578  0.98991075520283389  1.00000000000000000
 -0.00248386308556172  0.00930870841011765  0.01919891453968038  0.02997711536026167
  0.04063019764525735  0.05125818748859039  0.06188938713438113  0.07206872895601150
  0.08234242321623178  0.09249673959438844  0.10280028680072535  0.11267365747484134
  0.12203826849357992  0.13182247084503279  0.14196740233177263  0.15213618241999693
  0.16194353117009239  0.17295539683545091  0.18466562873328826  0.19612721661646595
  0.20728887903764351  0.21850657069696774  0.22958009747786282  0.24043582589331702
  0.25193555752689634  0.26387707958977369  0.27614416777288686  0.28827140912305382
  0.29999946025416824  0.31111920425389938  0.32186404246183853  0.33232399972211885
  0.34302220144382034  0.35414632042911470  0.36561003678832382  0.37682688661659386
  0.38746918312450424  0.39778628902555224  0.40784739304500167  0.41813714208370545
  0.42862071660825912  0.43943924672037266  0.45044054644723580  0.46177669503244073
  0.47325962375725689  0.48421524604462007  0.49470339330880025  0.50499219108769799
  0.51524122260845617  0.52552408589915922  0.53581477010878986  0.54596313520605921
  0.55565322468267453  0.56531287698996535  0.57513888652872336  0.58487463802034612
  0.59448413538454203  0.60433095722072694  0.61494882605580503  0.62534226525217518
  0.63518411107246575  0.64505022261434364  0.65540837277206376  0.66565093974712719
  0.67527541834785043  0.68483501698571680  0.69460650167088955  0.70432458461936120
  0.71406122452401721  0.72394768657034414  0.73448544008205585  0.74649487538362835
  0.75861574365349060  0.77065718462628097  0.78091746664117678  0.79098143561646073
  0.80092597833964729  0.81098821413183952  0.82102031024029287  0.83114558586570231
  0.84193102946853071  0.85327044684413833  0.86404988509439873  0.87449570849383373
  0.88527533642364797  0.89568942846497046  0.90594213179337535  0.91623838474531749
  0.92673778748277735  0.93745642355387493  0.94804878540826709  0.95886344176247318
  0.96935590237222524  0.97988204545023150  0.99000025272066661  1.00000000000000000
 -0.00255937067874112  0.00958095345987284  0.02091113177110045  0.03206216570908094
  0.04410326024207094  0.05627800887218169  0.06816051467575357  0.07993903424418601
  0.09165604843338759  0.10272282055922766  0.11298993010876468  0.12297708030611197
  0.13340657209259804  0.14428252288085899  0.15515927305864105  0.16605988666175775
  0.17684202733064666  0.18762230096741542  0.19828494348787867  0.20840743945568241
  0.21838255215741281  0.22816633681959375  0.23783076974384604  0.24731969052236108
  0.25680119911994820  0.26658240231036279  0.27668550253001839  0.28656534427816366
  0.29683307453844165  0.30736811918666601  0.31767048311956397  0.32796361650731609
  0.33827553237205155  0.34836447407329763  0.35841853603702589  0.36863495878279601
  0.37939459354477945  0.39063813666848418  0.40187096195025895  0.41275772484283491
  0.42339103764853053  0.43410488091134303  0.44596186730757187  0.45810664402470191
  0.46955098400866807  0.48057722949969739  0.49127497911425055  0.50181666807862479
  0.51201869299010749  0.52233589092803534  0.53264187844866084  0.54280921397934812
  0.55322215294614474  0.56364596133974598  0.57386231760006212  0.58394387743636700
  0.59404710843835784  0.60397764998653169  0.61334234584941305  0.62235404230916258
  0.63178324100186789  0.64144878393933358  0.65067559142308606  0.66007951959309519
  0.66976528994506435  0.67967466463043302  0.68907377208605192  0.69801663051361817
  0.70722635172045922  0.71737322773741208  0.72807797386089534  0.73883704038521991
  0.74963891019121554  0.76053862904605207  0.77182100356524552  0.78335597575418381
  0.79448332820138778  0.80492336394090358  0.81493487786992480  0.82478268821640321
  0.83475611999348465  0.84480264000465077  0.85511086823308724  0.86570194103465781
  0.87666999850492067  0.88812301173867814  0.89966177995952834  0.91095553159249831
  0.92223522778383915  0.93339325340349810  0.94458327008965171  0.95584953055165067
  0.96716855122099721  0.97803062382124706  0.98913825940318234  1.00000000000000000
   1.8718929494161591E-016  -1.0000000000000000     
 F F F F F F F F F F F F F F F F F F F F F F F F F F F F F F F F F F F F F F F F F F F F F F F F F F F F F F F F F F F F F F F F F F F F F F F F F F F F F F F F F F F F F F F F F F F F F F F F F F F F F F F F F F F F F F F F F F F F F F F F F F F F F F F F
  <DiscreteSampler_grid>
  grouped_processes
  1 # 1 for a reference and 2 for a running grid.
  10 # Attribute 'min_bin_probing_points' of the grid.
  1 # Attribute 'grid_mode' of the grid. 1=='default',2=='initialization'
  0.0000000000000000 # Attribute 'small_contrib_threshold' of the grid.
  0.5000000000000000 # Attribute 'damping_power' of the grid.
 # binID   n_entries weight   weight_sqr   abs_weight
    19   10   1.625816467655274E-013   8.039091800308330E-026   1.625816467655274E-013
    22   10   2.828630873802610E-013   3.528899929569866E-025   2.828630873802610E-013
  </DiscreteSampler_grid>
