 -0.00000000418094182  0.00000178375254202  0.00001122121271919  0.00003211859923191
  0.00006417288109647  0.00011319092150828  0.00017112583344929  0.00022919035948905
  0.00029497016187687  0.00037960138229810  0.00047882251232020  0.00058572419042900
  0.00070301342111501  0.00082378913582071  0.00093989253560907  0.00104913457050444
  0.00116300873566042  0.00127895201536861  0.00141225880066856  0.00154184391246789
  0.00167531601491655  0.00181189427331720  0.00195796135595782  0.00210155778453907
  0.00224564814582540  0.00240222916202269  0.00256881901645484  0.00273561282500388
  0.00289272702001320  0.00303750254472606  0.00317114268041518  0.00331089383357353
  0.00346209971443390  0.00360927972989587  0.00375706299042490  0.00391998405427458
  0.00409777150151256  0.00426770916678458  0.00441990329852940  0.00456994740386901
  0.00472435096497660  0.00487908320348385  0.00505649096885095  0.00522679626296808
  0.00539393489323933  0.00556118377665867  0.00572884050124326  0.00589438952437013
  0.00605522982381404  0.00622579779860700  0.00639717887547774  0.00657743638929770
  0.00677579334969898  0.00698509011521187  0.00718550079185394  0.00739089677982558
  0.00759861783341861  0.00780196348208564  0.00799772061732126  0.00819372141030006
  0.00839078228592855  0.00859621913176061  0.00880395548743305  0.00901186078655623
  0.00921444400013430  0.00940297193397139  0.00957802389116570  0.00975268476577843
  0.00992753954465518  0.01010161819192191  0.01027064988511680  0.01043472701597799
  0.01060217020231580  0.01077758339441292  0.01096113032241449  0.01113771912116311
  0.01133587238537515  0.01154607570012522  0.01176598398232456  0.01199276540042853
  0.01222152880297725  0.01245437042066233  0.01270050627910812  0.01298364486363257
  0.01330894954417253  0.01372062242391920  0.01439868990914720  0.01575548134415033
  0.01729221321360279  0.01849245879510508  0.01979465386782218  0.02184512816288587
  0.02462259605966272  0.03238128633322016  0.04994418976328841  1.00000000000000000
  0.00966227285593076  0.01563714647188037  0.02453349952110047  0.03381930225926862
  0.04323034019748669  0.05252639660056121  0.06114126355344759  0.06936731919397630
  0.07784394289210200  0.08789232894517768  0.10014731014775788  0.11262710488908471
  0.12436647256334525  0.13612454023244694  0.14891468583368009  0.16269831480914296
  0.17543265068315164  0.18614230971271239  0.19662128954696664  0.20638019019346848
  0.21586623357266690  0.22500125767649434  0.23504840914620972  0.24555652967301839
  0.25623297496938913  0.26678446326622807  0.27768529696359451  0.28926648013744571
  0.30035753279402183  0.31119408959916550  0.32189118692150381  0.33241990756376177
  0.34248911720699882  0.35340271436480930  0.36570293941545712  0.37767288063389631
  0.38841222382642077  0.39990344608400580  0.41217614458709073  0.42378283273615924
  0.43507942255782572  0.44517168965478721  0.45450684253955442  0.46354440060361501
  0.47350401818826282  0.48573655873412486  0.49885855483754438  0.50902354063279820
  0.51674427450124871  0.52464083939705497  0.53297229673118063  0.54158823695447733
  0.54983678595595653  0.55696333326813063  0.56760799942799312  0.58218680547392998
  0.59814256023734469  0.61208843435108939  0.62405985107690798  0.63534282730434111
  0.64561492540108867  0.65471493879122167  0.66354405800570460  0.67247824694917091
  0.68196738540127644  0.69180379806348813  0.70110749851894294  0.71001097815468783
  0.71962031129766668  0.72992946370345924  0.74100554506058192  0.75221018168300458
  0.76378337277306985  0.77475994151659133  0.78464775225442707  0.79515529814417563
  0.80698359986351254  0.81892038770618936  0.83073761768264098  0.84233899575696836
  0.85331332680306460  0.86406882726042189  0.87459404678171548  0.88430339777549360
  0.89257870053300958  0.90143114340803621  0.91093785376065117  0.92095056694955646
  0.93139012715898695  0.94217526208942914  0.95200262377876144  0.96084418391779347
  0.96896674952276929  0.97729207852028044  0.98733375609143814  1.00000000000000000
 -0.00002248153368265  0.00027831105942286  0.00077985198301356  0.00157291196294767
  0.00267941761329560  0.00440332865628221  0.00591282921478657  0.00767673809597255
  0.00994826884258844  0.01245964698631879  0.01459230947519460  0.01689744857531947
  0.01945570170626488  0.02199873794394715  0.02486990343025652  0.02807343346136006
  0.03147177811983322  0.03517796461540182  0.03932938240343190  0.04419725099737183
  0.04947373063515872  0.05486085934744094  0.06001833367561856  0.06498577357053972
  0.07002624438318852  0.07595090683508737  0.08177226617982800  0.08773518844695363
  0.09341704766021568  0.09897554394861680  0.10479809523602995  0.11094963288594947
  0.11768256172471731  0.12468429669745000  0.13170911782130235  0.13876938744061496
  0.14576934323142479  0.15291370030730073  0.16012246057008955  0.16696214792352385
  0.17269369434418946  0.17837605263085796  0.18442403031071469  0.19088925511424501
  0.19749696269752079  0.20459222951741246  0.21192434552452682  0.22002462210901619
  0.22894447221698300  0.23892067335116599  0.24881385468591630  0.25927752028185858
  0.26984762509893873  0.28032589446147360  0.29082043355807552  0.30145712334481528
  0.31225113609735800  0.32318371978289118  0.33385491582809723  0.34493873055415308
  0.35642855700319565  0.36826892997225252  0.38041150641936000  0.39233733291970035
  0.40408135907995379  0.41600012556093091  0.42860718249569918  0.44248665959968680
  0.45590861240832931  0.46902988441302362  0.48350141903719684  0.49979390766290227
  0.51611033976876164  0.53443882704037660  0.55518759256718320  0.57678361272986067
  0.59711411910890733  0.61712268941215598  0.63707974926586197  0.65724842796126526
  0.67768559224273028  0.69769779396861642  0.71784743802386508  0.73776068892749214
  0.75666155929326473  0.77519691726609719  0.79438744209108436  0.81462847881009559
  0.83590375394319749  0.85678460145786450  0.87892837492394060  0.90117248680319650
  0.92271717319714475  0.94199468863955271  0.95593153500985228  1.00000000000000000
 -0.00261551296876535  0.01050314583520346  0.02019796120386132  0.03147370249177131
  0.04300778620480945  0.05613812905519565  0.06872126523734094  0.08125648897051978
  0.09326588784675635  0.10488759160077493  0.11609146769977194  0.12710983444167939
  0.13773030074574424  0.14731627430900268  0.15651929900039921  0.16628779713647329
  0.17753145608899040  0.18906332603274414  0.20130971305219589  0.21308134937930032
  0.22411862066957725  0.23441006891382202  0.24387364451112184  0.25275865319818003
  0.26194122696431082  0.27131810133659801  0.28207778413908019  0.29334914283993341
  0.30557196471374826  0.31694716893969033  0.32832156578540339  0.34014421561155567
  0.35219943645659613  0.36277444006534809  0.37251089289244288  0.38193687813249733
  0.39107391726639706  0.40020006792622231  0.40879715154977547  0.41685966228701438
  0.42511308207064219  0.43355890044841161  0.44276854770402213  0.45286994576963052
  0.46334597765518509  0.47361203767619531  0.48333304222085460  0.49294584843492306
  0.50284923497631462  0.51291627307538656  0.52291283985023707  0.53253547727813522
  0.54236005659964981  0.55320200738505931  0.56520885408413024  0.57689632980137695
  0.58666062817107678  0.59498973666510713  0.60292350767045677  0.61168887783200010
  0.62133492940186763  0.63111597866039104  0.64082634131867611  0.65120549860840204
  0.66251458993654144  0.67375434487222419  0.68457800311846495  0.69569666134778529
  0.70743458637316181  0.72031059673722608  0.73223248848472222  0.74375187018127742
  0.75482787945885210  0.76653013200663889  0.77802294909140279  0.78873634200449994
  0.79989477097871153  0.81152469693862395  0.82280014734178220  0.83438912309125934
  0.84627840489882300  0.85742083790976853  0.86710446138973929  0.87676645852041057
  0.88749382557660339  0.89915312597442543  0.91108329138603061  0.92292082190912583
  0.93426338830054079  0.94453897963608280  0.95425352605710323  0.96396381124645525
  0.97299068727157867  0.98182883555282940  0.99057778620022152  1.00000000000000000
 -0.00265291234923776  0.00996114043630088  0.02128267886061872  0.03171297759884299
  0.04206921632814192  0.05175349535007415  0.06144324067221066  0.07123002680904057
  0.08116408411722223  0.09130393728572593  0.10189483466126723  0.11424121093043270
  0.12707183697431970  0.13833416126846534  0.14868549566770176  0.15925847415218261
  0.17071623893883137  0.18148081590908793  0.19235144309702393  0.20323318142298366
  0.21496633803325568  0.22641754614452164  0.23676759651914878  0.24710642316655404
  0.25754054067942944  0.26789003585306065  0.27755308063773304  0.28723247580546701
  0.29682938921373481  0.30702808042846924  0.31741917159748473  0.32935370245296419
  0.34007740442023465  0.35067118874301806  0.36013115338811702  0.37000676169500490
  0.37880622044581541  0.38787011176104152  0.39775005940863245  0.40843103448496793
  0.41843913384854858  0.42780643813413138  0.43708218502337853  0.44695923028389783
  0.45794178567303245  0.46883849414779288  0.47885012734816379  0.48870763508483223
  0.49856010986218408  0.50961204374391589  0.52118897934528463  0.53339246227751569
  0.54620442860967378  0.55912897126453742  0.57157960841510935  0.58307920417128145
  0.59363698569365375  0.60306638937599044  0.61186448753351064  0.62078250841458860
  0.62999694341185741  0.63949133616951293  0.64852757560246133  0.65803125099278459
  0.66707391643596947  0.67622890123731838  0.68539669947179183  0.69575200465211651
  0.70578728716601713  0.71685299422497373  0.72867498852138179  0.74048640590188886
  0.75227177397360523  0.76397796136287000  0.77569107228324896  0.78789898258960744
  0.80162659135302006  0.81678269296083506  0.83109566660560907  0.84445616906886556
  0.85664336039077105  0.86794107363480855  0.87942505649251212  0.88942338988262537
  0.89893863438022392  0.90731609009190128  0.91683320397699208  0.92667813137768729
  0.93708181177126770  0.94704145770401504  0.95651721465480188  0.96593905726421359
  0.97479332964963239  0.98335669408897652  0.99142146921103924  1.00000000000000000
 -0.00262216714130804  0.01057979426499089  0.02313473157340964  0.03492665531661762
  0.04733450866655464  0.05863612594845480  0.06925626566539644  0.07917579458463114
  0.08956066707857011  0.09899239877408998  0.10868290905253492  0.11900046019523834
  0.13098311807187718  0.14366879955262762  0.15563533862220943  0.16715795826901148
  0.17846175720068549  0.18859559601669995  0.19802189816788540  0.20675437605811559
  0.21579708286540619  0.22558579249724284  0.23570552400419098  0.24576694410064229
  0.25706877909062609  0.26912909615473968  0.28253956923360307  0.29566241084688144
  0.30740817519976710  0.31799404884468424  0.32807494838033407  0.33821962178445852
  0.34857162450636536  0.36158134374391182  0.37513089925038268  0.38641455167817612
  0.39664422064721505  0.40614874185143596  0.41544895135898074  0.42581353556657192
  0.43627192799984449  0.44651162309739423  0.45614870066902174  0.46491655341572324
  0.47292367318902273  0.48099913223540847  0.48924888669995598  0.49783872591436096
  0.50645366644618062  0.51559616178327350  0.52677511858234316  0.53943335207676035
  0.54888131110788696  0.55731462596303794  0.56552280481113781  0.57307733156183649
  0.58054023141991007  0.58813944962149878  0.59583316762164684  0.60381613785409438
  0.61373250436572135  0.62492072730383730  0.63615634282532429  0.64771600425135911
  0.65961439534966670  0.67209228246149677  0.68536474379113344  0.69819100826943292
  0.70950314144756543  0.72035374221163762  0.73072820316980414  0.73901101158296856
  0.74795843697629927  0.75693840910223897  0.76670766583975281  0.77673027800414030
  0.78482181505686166  0.79353511614129058  0.80531560309612793  0.81711176854349654
  0.82860269475507609  0.84011104458402552  0.85200404722031509  0.86289221445722630
  0.87352037653962200  0.88515810688691554  0.89770071194956780  0.91018142045830630
  0.92250750334451748  0.93445766134960351  0.94511524633836752  0.95519810814976458
  0.96654045535442545  0.97808155297322374  0.98901982564489810  1.00000000000000000
 -0.00362969053362689  0.01098082577578909  0.02332142863482868  0.03484956779419639
  0.04593285455028434  0.05635306874787765  0.06640719388886049  0.07640296208135167
  0.08701426958982655  0.09756650004204930  0.10775484340689107  0.11779888681450933
  0.12777803007677582  0.13771740137075000  0.14746179749333138  0.15641444880312588
  0.16595718698412468  0.17520697489178280  0.18436872426954887  0.19380887507986960
  0.20360280896426045  0.21397571988394473  0.22514935462307950  0.23657075461564378
  0.24737167261145424  0.25710067777341566  0.26582199638565640  0.27472418212589073
  0.28400513402152455  0.29308006823750166  0.30170493398717824  0.31063621680615539
  0.32096408240931129  0.33306771114651346  0.34552634528528336  0.35915835137376989
  0.37278096810581018  0.38556572118969851  0.39782435104259972  0.41034241706019120
  0.42355387874806094  0.43584847521802283  0.44692808882646295  0.45696856809604014
  0.46619353815952586  0.47514061618401038  0.48428104584141340  0.49372257731566016
  0.50333338937687877  0.51299785822117405  0.52384488358163706  0.53622144050568477
  0.54872290241083355  0.55977292758559982  0.57080061455335296  0.58105103504501021
  0.58971996483496525  0.59852220042945070  0.60600495109930752  0.61291865002759560
  0.61988176489512947  0.62852118767410270  0.63752221645197216  0.64639669837548108
  0.65806733672916851  0.67127648774631665  0.68607615361477670  0.70015988534464102
  0.71325642062353389  0.72489997638156012  0.73557586001174213  0.74598968571913238
  0.75658186417427276  0.76718325235989959  0.77758264151852907  0.78794543577393372
  0.79853350474501117  0.80957361077482848  0.81952233454822021  0.82847006430596681
  0.83747128047486730  0.84747768546714708  0.85737454654071377  0.86661676071389415
  0.87687156876893757  0.88864569335631260  0.89931015940148895  0.90922438212914480
  0.91928102442228643  0.92938899540643016  0.93835296859087858  0.94702772001015145
  0.95630064881737820  0.96963297066210430  0.98459900171913672  1.00000000000000000
 -0.00558768486510081  0.01794678494059862  0.03340472618783850  0.04640788000641990
  0.05871504700522991  0.06999915817835126  0.08046940820163329  0.08969316980355348
  0.09808462335598798  0.10755919309249028  0.11631573421076136  0.12505091584396996
  0.13374119528931813  0.14309828190337659  0.15391446558371166  0.16943407509865827
  0.17949194921834946  0.19050010403317433  0.20145852083857257  0.21247735189004358
  0.22342507680798965  0.23818630683609321  0.25443296193824727  0.26938938187093125
  0.28327526498642297  0.29483207389823329  0.30518398282014519  0.31557325127419655
  0.32553235107149392  0.33488665235667647  0.34376349118521277  0.35261282260011528
  0.36195045989842356  0.37150694384962180  0.38202324596381237  0.39218390477686127
  0.40425700381383539  0.41821533807320083  0.43169119494982372  0.44238888451466668
  0.45116524941160563  0.45965550843905917  0.46833701305271491  0.47717218401842337
  0.48691315873684149  0.49608890681895423  0.50567228371622142  0.51569407254274402
  0.52510212005112911  0.53422918057822721  0.54423463786909554  0.55426945456604648
  0.56390392782070498  0.57296206770062941  0.58227154669986780  0.59301964016074193
  0.60428001871886017  0.61470496797425966  0.62463499270664824  0.63407439603036020
  0.64346552066737439  0.65311171939355406  0.66205664535307351  0.67125444480431562
  0.68064096715600153  0.69043109690287019  0.69963025041744042  0.70949793146259532
  0.71920795366610613  0.73021859588967508  0.74069939557176645  0.75034154231423467
  0.76147002981311140  0.77289715518576996  0.78417147526105246  0.79613152700319345
  0.80850248829463744  0.81987437641024652  0.83074693978960645  0.84080630451108196
  0.85066309227897108  0.86160557599879151  0.87333593682412713  0.88503879452632550
  0.89623512958607854  0.90667372608852304  0.91662878102105472  0.92679041072775969
  0.93712239470765368  0.94697475264044317  0.95592633315398090  0.96438188513449796
  0.97283401161520988  0.98165127955548304  0.99039061959290731  1.00000000000000000
   1.3670165677950214E-012  -1.0000000000000000     
 F F F F F F F F F F F F F F F F F F F F F F F F F F F F F F F F F F F F F F F F F F F F F F F F F F F F F F F F F F F F F F F F F F F F F F F F F F F F F F F F F F F F F F F F F F F F F F F F F F F F F F F F F F F F F F F F F F F F F F F F F F F F F F F F
  <DiscreteSampler_grid>
  grouped_processes
  1 # 1 for a reference and 2 for a running grid.
  10 # Attribute 'min_bin_probing_points' of the grid.
  1 # Attribute 'grid_mode' of the grid. 1=='default',2=='initialization'
  0.0000000000000000 # Attribute 'small_contrib_threshold' of the grid.
  0.5000000000000000 # Attribute 'damping_power' of the grid.
 # binID   n_entries weight   weight_sqr   abs_weight
    25   10   7.876124221791458E-008   1.793962826311112E-014   7.876124221791458E-008
    28   10   1.527720863290926E-007   7.320417170516255E-014   1.527720863290926E-007
  </DiscreteSampler_grid>
