 -0.00000000608916826  0.00000271087169277  0.00002054926600761  0.00005652818260601
  0.00011118599800150  0.00018229850455372  0.00026673273982623  0.00036187340478685
  0.00046744732596352  0.00058905367957696  0.00071644633068546  0.00085166592260491
  0.00099476819711915  0.00114781326666711  0.00130509527490050  0.00147296295896786
  0.00164901846662793  0.00183883505027685  0.00204722432514328  0.00225361889161955
  0.00246724528182223  0.00268222768248463  0.00289661269590918  0.00311171439933800
  0.00333210439394996  0.00354735709284766  0.00376567695159375  0.00399411948683711
  0.00423257383307451  0.00446709672284186  0.00470489488357123  0.00495146079632168
  0.00520917916266674  0.00546495360270876  0.00571536037265041  0.00596276131978531
  0.00620681809094078  0.00644856842160273  0.00670182745527723  0.00695463073100996
  0.00720799210528472  0.00745854077472249  0.00770619279186355  0.00795068936866257
  0.00819000856711971  0.00842189581478144  0.00867820747250042  0.00893351342625887
  0.00918888850348061  0.00944205343583408  0.00969082400836652  0.00993500453598732
  0.01017520989441479  0.01040931010910537  0.01063693204753687  0.01087268949528165
  0.01112649867342897  0.01138391364010146  0.01166555640829946  0.01195770791860321
  0.01226028541886002  0.01258017094425744  0.01293754513375390  0.01334355488389330
  0.01389811496853605  0.01491198197566824  0.01655455618388851  0.01772719371230227
  0.01870130172730889  0.01968885367284420  0.02070285141872264  0.02167577511858443
  0.02261424635168840  0.02355193202542350  0.02452448762587958  0.02553669242830198
  0.02656075444526684  0.02756537046882207  0.02857454986780778  0.02959101870536903
  0.03060585667913135  0.03171942769676519  0.03296778728488094  0.03432874526791649
  0.03571288396859394  0.03714711118843746  0.03863323597215690  0.04032105754151893
  0.04233692619604350  0.04478084579766626  0.04773409788385397  0.05117032365778709
  0.05649964875619998  0.06880010575433701  0.11597265424924118  1.00000000000000000
  0.00929111637005257  0.01684058671479930  0.02664854531640534  0.03726770967605054
  0.04737478771350984  0.05787082044123565  0.06892908050647562  0.08075622745577148
  0.09142934936612822  0.10243425501750811  0.11282203070295353  0.12334436125760606
  0.13327752559240066  0.14251961996493415  0.15151971147187041  0.16045808242410231
  0.16970265731305822  0.17929791345895327  0.18886136153278063  0.19841403580855169
  0.20795646776530363  0.21696972025290992  0.22608574733907544  0.23507793702554733
  0.24439794163547426  0.25391246459041339  0.26387477548808291  0.27444331052185555
  0.28565273087572401  0.29609373271327499  0.30653484257180791  0.31741098315909311
  0.32994707798954526  0.34213812935683013  0.35396809351336289  0.36528311714784434
  0.37586737006733384  0.38597741882378195  0.39609719663501103  0.40626616619269207
  0.41654242804199393  0.42680384447749187  0.43656784215811512  0.44588961114148462
  0.45520743777961681  0.46512427983413224  0.47538938060870645  0.48575610861246760
  0.49601804627292750  0.50643432800630628  0.51702852165406210  0.52785855224741229
  0.53894212497228400  0.54946020032448584  0.55989041347585145  0.57104472085656921
  0.58271294943213892  0.59454509394664667  0.60665738966386096  0.61882485666257026
  0.63066846034654600  0.64209025729604752  0.65333135696062683  0.66454583972155679
  0.67556077645630042  0.68630168243833189  0.69650684780701455  0.70616617817338090
  0.71619527951105511  0.72641900888504241  0.73659443924503987  0.74671351041427247
  0.75717614887947249  0.76824111015286378  0.77920347414489766  0.78965893268259701
  0.79969809854492824  0.80957542323454890  0.81949886311977249  0.82960968239183108
  0.83976992885901958  0.84969913382617202  0.85972742353352083  0.86968293104279726
  0.87946326828305821  0.88935312021338986  0.89936414911406470  0.91011148328157776
  0.92079464922926069  0.93105084181881714  0.94165649011768793  0.95280543092152037
  0.96444822924975160  0.97619850518049478  0.98811686725700876  1.00000000000000000
 -0.00002171549909567  0.00025766082387902  0.00074380612517794  0.00151513586042805
  0.00253112488559855  0.00380469801588690  0.00530051284853021  0.00714554524176410
  0.00937249848470324  0.01176107923096827  0.01426157243972151  0.01695719710911532
  0.01986986034181828  0.02291698363448231  0.02611537828592758  0.02962841925590215
  0.03330936638469523  0.03721543412552925  0.04143005043803119  0.04557256993494709
  0.04975327795889843  0.05392878035172009  0.05830842699579031  0.06290588107374076
  0.06763728203531649  0.07262374863144426  0.07773536911167005  0.08276533297755419
  0.08804472562219195  0.09344159855149657  0.09903912132570149  0.10486493706175939
  0.11083980507977673  0.11697758160740118  0.12333485757746544  0.12988922668677516
  0.13660072583300631  0.14353316279369660  0.15066218634181336  0.15787486668326500
  0.16512884146200985  0.17251052531496344  0.17993031667577178  0.18788548205130948
  0.19603330025686375  0.20444659148761177  0.21304020756180023  0.22197046346887295
  0.23122007322345065  0.24066418606894893  0.25051944003418725  0.26105612252059945
  0.27181042356854812  0.28235670724213408  0.29253549731038353  0.30248337074100667
  0.31263693771034345  0.32333761474793926  0.33408968177327297  0.34498548781805033
  0.35622560360785094  0.36683733516239103  0.37794524862907647  0.38952099823861197
  0.40137734046538459  0.41369753227565248  0.42669503710633655  0.44050164039153311
  0.45449370121059551  0.46836212665434379  0.48282838891828272  0.49780482269382342
  0.51291616539626517  0.52834148546480642  0.54380328570334036  0.56004552203540037
  0.57666808525947155  0.59305906773335482  0.60944393515079798  0.62638166198987244
  0.64356748688596832  0.66158628651044393  0.68012235084632344  0.69782514073782120
  0.71525343267507757  0.73286872314407281  0.75110675115350989  0.77014106594649734
  0.78811267964668308  0.80636394579016213  0.82493534750134956  0.84353018335536001
  0.86243201751757648  0.88131631202640281  0.89589396037268010  1.00000000000000000
 -0.00300162754725687  0.01202881714876153  0.02361198363816436  0.03319476353987891
  0.04301601709124992  0.05328912010233434  0.06412669052881936  0.07469127775086866
  0.08531954706269880  0.09656850776163756  0.10784848696785128  0.11884278299255173
  0.12971588607509704  0.14016808209954501  0.15056260859581347  0.16101591531883661
  0.17167904875413600  0.18223655156710494  0.19325728340894968  0.20409462805207224
  0.21553451164949275  0.22765960218519296  0.24034927887476507  0.25345764061139248
  0.26645684151397503  0.27918399619263751  0.29161641081170181  0.30373654073302436
  0.31575219330853199  0.32797636219024495  0.33883480919988790  0.34861824123628848
  0.35785441258502976  0.36673247548503590  0.37563254499769672  0.38465182086526162
  0.39385559976493628  0.40358416778227069  0.41369281558307330  0.42460826288722636
  0.43607095974046317  0.44729040069622161  0.45819890822110720  0.46864039123631962
  0.47889478680122832  0.48918516233346665  0.49954882041622450  0.50990587027840273
  0.52035234068282776  0.53119270556350850  0.54185606729685720  0.55191147178813693
  0.56183107456902970  0.57173482444302559  0.58179806702656156  0.59225037681974024
  0.60287411968132487  0.61387799138245880  0.62458812564254096  0.63486151274346436
  0.64474295116949598  0.65450648201704065  0.66451659017817855  0.67492672853774227
  0.68505244628986295  0.69424509046320670  0.70300036477415462  0.71202702991577227
  0.72129595559734661  0.73070051533650304  0.74006162332013159  0.74953266823101072
  0.76014001329306569  0.77065902331327851  0.78058068451397478  0.79050093151701972
  0.80059042841093486  0.81053064942258002  0.82006777685889976  0.82961752890423324
  0.83948388752863867  0.84962687875987009  0.85955416285773256  0.86903804800496076
  0.87863178464759528  0.88878939987263372  0.89941251328438354  0.91032494825117394
  0.92118380695115887  0.93175029302521228  0.94277255661652648  0.95414003832551708
  0.96571740525051275  0.97704745188215880  0.98843234458111040  1.00000000000000000
 -0.00249778396753570  0.00988499861240143  0.01980497386580781  0.03036919483537374
  0.04059721151086043  0.05114778897168380  0.06132245354951462  0.07185786318056800
  0.08247953163217767  0.09328147617849876  0.10414861625454003  0.11456971320346289
  0.12560482314694926  0.13720636548510895  0.14904726136426449  0.16067294004873844
  0.17272320007490838  0.18477060848330676  0.19598210089926807  0.20630273308303843
  0.21627470525698422  0.22634834588205441  0.23662365371438565  0.24701937900343882
  0.25776790830280805  0.26900013065194395  0.28064136430695563  0.29223209537504097
  0.30324993527599964  0.31355449598273472  0.32314964861908241  0.33279696589423402
  0.34283700798472683  0.35294296769339090  0.36291775832784401  0.37291973479350032
  0.38334166529007691  0.39380782004278791  0.40407595398357266  0.41416144371072888
  0.42426399870820281  0.43439838288842686  0.44371128332150883  0.45289542424544854
  0.46194323929162678  0.47087925273920717  0.47989037559931019  0.48932669609939644
  0.49959934705340392  0.51079837286648289  0.52187434500533436  0.53289291941210870
  0.54410411248216872  0.55576771962713234  0.56746598721666808  0.57882406223425320
  0.59001324397817889  0.60080674955255864  0.61155070460307226  0.62190147040576260
  0.63220354228079989  0.64239375403030974  0.65270543637022904  0.66266615566544673
  0.67240796257713698  0.68221589810821226  0.69212439589762731  0.70182807879066333
  0.71126960586329069  0.72110728442535554  0.73114808764394668  0.74178986883908260
  0.75254756063946615  0.76331819587408312  0.77391250263205369  0.78430135830649861
  0.79463688317980552  0.80487675885145660  0.81523614875690509  0.82572543536688470
  0.83599412550463237  0.84597585406546960  0.85591497582768550  0.86605558628982904
  0.87625923667780425  0.88635658066995882  0.89666401405481733  0.90794813950437614
  0.91967701815218517  0.93170024114383942  0.94323402301539383  0.95628216100843333
  0.96719257220219435  0.97877735599685478  0.98956804979380297  1.00000000000000000
 -0.00258719174630061  0.00992111829178072  0.02059241768453583  0.03106239574764813
  0.04139369964860688  0.05121500708349201  0.06171172611594868  0.07192471378442662
  0.08189978765605567  0.09156352598366378  0.10112112875626852  0.11067989350191981
  0.12029898970312265  0.13032917076316408  0.14115465844000596  0.15280350228712619
  0.16476994181856178  0.17634892895993781  0.18759289176705216  0.19850575716578345
  0.20899003194318397  0.21907261266077147  0.22883188925099224  0.23871493004499372
  0.24861513050194822  0.25886965674265106  0.26932526270315144  0.27996716922442555
  0.29100455181239759  0.30233212330785098  0.31358458337429834  0.32554816670352588
  0.33658693285768215  0.34747353723116153  0.35828841321334215  0.36886818420926554
  0.37878053427958519  0.38776521236186057  0.39722302453925551  0.40740133928396915
  0.41769220075817204  0.42743704560823598  0.43737596514733906  0.44816732999154241
  0.45874784282920994  0.46916878581877763  0.47989240058141280  0.49157576435741368
  0.50373408916158402  0.51530307041623313  0.52636200424493684  0.53638710920883093
  0.54670949107518063  0.55714795711969178  0.56783659105630380  0.57784549147760711
  0.58765400198173290  0.59757847656356178  0.60783217899905706  0.61863550739356943
  0.62987381568731293  0.64125412178514163  0.65175291687974157  0.66109226780594088
  0.67040442483347285  0.67962415628895589  0.68913092193141334  0.69885027441406855
  0.70873604953810787  0.71924079002288699  0.73008991008900359  0.74086986012157197
  0.75153154797588662  0.76203683509374653  0.77252011883789184  0.78287043718097993
  0.79365430682591720  0.80527516475481642  0.81672357051404898  0.82813977352315760
  0.83888438983360336  0.84937846595271194  0.85991845027740621  0.87015866604878223
  0.87991816256174826  0.88956172348207485  0.89954713491726368  0.91154624510475912
  0.92335502110837420  0.93481364102991416  0.94554217820694386  0.95585904226403218
  0.96645975022843300  0.97737371168954978  0.98863165318250135  1.00000000000000000
 -0.00314453053977384  0.01159046964983104  0.02316482200190757  0.03317814906210332
  0.04328054045564509  0.05307674124840916  0.06254299742852973  0.07148692626848543
  0.08051086733903079  0.08988744204290702  0.09923056402440791  0.10849904603617574
  0.11795467284420680  0.12751723420188180  0.13760080498833924  0.14792586032883973
  0.15893488191503796  0.16934944702952046  0.17932515348917971  0.18974196395576384
  0.20055677366886171  0.21091200807978439  0.22031070648186263  0.22965346766107986
  0.23908211482094474  0.24869668754750276  0.25825385113830729  0.26772721263636406
  0.27803650551027109  0.28916139567649951  0.30071180437981437  0.31207456897258090
  0.32276834824912298  0.33319554202115864  0.34386123229527205  0.35459469131254712
  0.36507166346032804  0.37564525320162073  0.38684046865201777  0.39855384033575153
  0.41036468074398424  0.42163199490381409  0.43197368783583950  0.44159918291164635
  0.45091156340472427  0.46035986427835007  0.46995112153066043  0.47976743413389200
  0.49022860278237601  0.50117749720239735  0.51234599348433030  0.52352256183638879
  0.53458326843741422  0.54524140861107551  0.55535993859922439  0.56556706849207450
  0.57607903991794107  0.58719052535233163  0.59878227019031305  0.61009593886640900
  0.62094321309738520  0.63166247938076669  0.64260010314105953  0.65342867016020167
  0.66403832228693316  0.67478602823259026  0.68578822680565199  0.69656542099996632
  0.70718255543387587  0.71762469763909875  0.72808456560203616  0.73838665970921058
  0.74852031287324516  0.75922773580379521  0.77027218441185485  0.78172772898321041
  0.79371833796127778  0.80595678459971143  0.81775875925052199  0.82877055303875791
  0.83995915460684911  0.85222916862790499  0.86289871100762361  0.87398973393250656
  0.88515717675684646  0.89647394005638648  0.90655411773646855  0.91663784627460509
  0.92710003302072674  0.93764992386577684  0.94784680405750499  0.95850585015165868
  0.96926853549399916  0.97976959236207317  0.98966832330929788  1.00000000000000000
 -0.00241265540294046  0.00931523462829943  0.01874568203258075  0.02931732876248800
  0.03990344511154392  0.05039079925611375  0.06117813837524780  0.07232303989911311
  0.08375558627111972  0.09507461611111574  0.10607977049671662  0.11656811818114998
  0.12690319687063054  0.13752144708493924  0.14832783080651027  0.15907066998236438
  0.16975622241223043  0.18002497842091064  0.19003576144884646  0.20009809178806609
  0.21006037540871658  0.21950218101477451  0.22870734013431548  0.23800952052795898
  0.24795342739982215  0.25830857889237663  0.26952177280293410  0.28141571753423050
  0.29334366489550107  0.30347648349275669  0.31368260562968980  0.32396597614131223
  0.33434088152445435  0.34454081319022184  0.35473778991671001  0.36547323251718222
  0.37640549129433376  0.38690074149886572  0.39769398749339951  0.40806253152878652
  0.41901616181516282  0.42964893373017077  0.44006713588383778  0.44965335353858210
  0.45896288747689323  0.46837655734508266  0.47818998666987922  0.48851145759662751
  0.49910197381175264  0.50994139470113409  0.52081767594114592  0.53203947925698991
  0.54370852051770568  0.55589718749853045  0.56794973400330528  0.57960813499145425
  0.59096461468459993  0.60218092653250921  0.61337346640574830  0.62448621234577684
  0.63570228967079034  0.64687696675734463  0.65836539110686032  0.67001396331235341
  0.68162950470114669  0.69305496474436834  0.70457229075123418  0.71565131020896711
  0.72643853418543292  0.73673161580545665  0.74699943025871562  0.75674323343882777
  0.76627995545445404  0.77558486778362956  0.78498684327358281  0.79445801767114776
  0.80415230084164235  0.81393350353938054  0.82391919362270827  0.83363365433162262
  0.84310856679012380  0.85234296502836693  0.86195382320730174  0.87136828534609800
  0.88076479481388525  0.89024147656366803  0.90000317884208392  0.91038739858286077
  0.92104588484242489  0.93237670398088157  0.94360640443486210  0.95497844336945203
  0.96624588505923370  0.97758499289290091  0.98877333198912665  1.00000000000000000
   3.0361768062580268E-016  -1.0000000000000000     
 F F F F F F F F F F F F F F F F F F F F F F F F F F F F F F F F F F F F F F F F F F F F F F F F F F F F F F F F F F F F F F F F F F F F F F F F F F F F F F F F F F F F F F F F F F F F F F F F F F F F F F F F F F F F F F F F F F F F F F F F F F F F F F F F
  <DiscreteSampler_grid>
  grouped_processes
  1 # 1 for a reference and 2 for a running grid.
  10 # Attribute 'min_bin_probing_points' of the grid.
  1 # Attribute 'grid_mode' of the grid. 1=='default',2=='initialization'
  0.0000000000000000 # Attribute 'small_contrib_threshold' of the grid.
  0.5000000000000000 # Attribute 'damping_power' of the grid.
 # binID   n_entries weight   weight_sqr   abs_weight
    19   10   1.326264218456711E-012   4.247666085223512E-024   1.326264218456711E-012
    22   10   1.055455132062746E-012   2.164058694631698E-024   1.055455132062746E-012
  </DiscreteSampler_grid>
