 -0.00000133851820172  0.00004476835660131  0.00019058173749552  0.00039187238532226
  0.00062747112010484  0.00090139172416484  0.00121081775632656  0.00154271505503065
  0.00188993187119745  0.00224687638016915  0.00265195922931443  0.00306073010597202
  0.00346786214250111  0.00387974937770464  0.00431486349952547  0.00475517764709904
  0.00519608809090424  0.00564420738749039  0.00609880205433825  0.00655882600418462
  0.00701906744217952  0.00747658152519884  0.00792496822142041  0.00836925864560825
  0.00883879959046755  0.00932047115181282  0.00978884293348162  0.01023746240540582
  0.01068422934448562  0.01115769646163517  0.01165989803542451  0.01220829963272967
  0.01290120067585506  0.01398953833199641  0.01630023297442072  0.01867046566624391
  0.02034333475419144  0.02171991661640129  0.02294514275557487  0.02411856994136959
  0.02528149224556259  0.02643715882450086  0.02760294263156306  0.02879702597716992
  0.03000840179164833  0.03122647508318730  0.03247754051430743  0.03375550193335115
  0.03501839921506963  0.03626208277575867  0.03750138309717269  0.03872182209077288
  0.03990998475628094  0.04116654716660501  0.04244638570265290  0.04375888921363428
  0.04509612193847919  0.04645177214349268  0.04782851986456051  0.04924232014503920
  0.05070868339389110  0.05214355428900837  0.05363707016674957  0.05517527419312401
  0.05675706776397822  0.05835388992839275  0.05997016055233453  0.06162534075143729
  0.06330419880450561  0.06498122478399876  0.06666359089058996  0.06834037565570690
  0.07004007784581075  0.07197095812126832  0.07391521068534747  0.07593475978114056
  0.07805103898923398  0.08026279601408463  0.08253324654203759  0.08485380404375545
  0.08725394037129279  0.08975214232825257  0.09242855185376585  0.09549226017291353
  0.09901629559723429  0.10248897330912038  0.10616466111520240  0.11026283308816526
  0.11509247967245058  0.12078661882760378  0.12811266596125506  0.13815799269081902
  0.15285734419646160  0.18587603050687188  0.32522792839338355  1.00000000000000000
  0.00934370061655841  0.01642239933134169  0.02695418348485280  0.03851306063417560
  0.05041418674215327  0.06247245385208446  0.07396995071948954  0.08526954953807039
  0.09642553274577066  0.10731803650676537  0.11771674779374122  0.12830179514906817
  0.13941515638901442  0.15066509627548438  0.16201246844425923  0.17379554087505805
  0.18548939678162832  0.19619111151054799  0.20642590244722422  0.21662607002366266
  0.22670257802120619  0.23677511895957451  0.24671690742427874  0.25683684886618635
  0.26718292923276982  0.27798116412507445  0.28896125221355057  0.29962630989225603
  0.31028927900773051  0.32135395149468043  0.33223214171744636  0.34261201619963555
  0.35296005686396348  0.36355617701376980  0.37473054213060442  0.38604267726257291
  0.39698691049655876  0.40782900337831957  0.41839653238903141  0.42869656404169287
  0.43916290806726399  0.44982109090891431  0.46030066659855373  0.47100107054754481
  0.48265344632073415  0.49483217397193818  0.50641435852389205  0.51722625133555922
  0.52815527312722832  0.53909832702182914  0.54981178965899513  0.56024112716928498
  0.57009058292090786  0.57940065904628457  0.58859048873459530  0.59776730393782540
  0.60711483483125184  0.61623522967253508  0.62557265492122960  0.63607278253402288
  0.64667702207909250  0.65723902958175184  0.66796217039665429  0.67914320106685278
  0.68997774445708204  0.70003840357395242  0.70957301659968375  0.71911076879901525
  0.72867714460034505  0.73812552775452189  0.74751549773724624  0.75683947939700302
  0.76622173537091998  0.77545807462799876  0.78451770324682735  0.79309621662884444
  0.80160856437727579  0.81000033843081087  0.81988812090068997  0.83030798488950464
  0.84027994664505878  0.84992325535134738  0.85965934956985057  0.86980213024350361
  0.87959477346925175  0.88915596109555972  0.89904775644231405  0.90952956910230842
  0.91998679742093636  0.93028596569804400  0.94118508402333834  0.95304518117496750
  0.96454903067897979  0.97566324991772346  0.98714042110452727  1.00000000000000000
 -0.00005198232692367  0.00060899157605737  0.00183059058794245  0.00349369575680105
  0.00534008751873154  0.00770305439887334  0.01046583325716267  0.01338192350520682
  0.01631324812023883  0.01971015645834844  0.02318490688085702  0.02653111386782902
  0.03015406915189409  0.03426336011236250  0.03836513003135497  0.04222643457870461
  0.04611176504118408  0.05013742317051727  0.05431367015795755  0.05866985424756624
  0.06315843965166770  0.06774272182603844  0.07240679293155651  0.07698192127616425
  0.08136081743745059  0.08604688343538203  0.09118882650148660  0.09647965086348508
  0.10182305656121950  0.10719089393421272  0.11269318395920336  0.11832755522621255
  0.12407003010749358  0.13008768109318913  0.13630608929827326  0.14260295334171527
  0.14899160387642715  0.15553131042202781  0.16231619729897753  0.16951122653557057
  0.17701193616078639  0.18450726082351460  0.19220728761213846  0.19997003113178427
  0.20725739119341305  0.21449738764903339  0.22182779363213323  0.22925715835882843
  0.23678547248840789  0.24452400348125664  0.25256703308349882  0.26084994086985347
  0.26919122796395928  0.27751700838045573  0.28609147888929687  0.29447015884409261
  0.30284343828526977  0.31194952518448937  0.32129952221063124  0.33075971140519789
  0.34043429822255322  0.35047926076721292  0.36084531490106969  0.37123221319864291
  0.38147382604688540  0.39168384705902659  0.40207856760976290  0.41274166876286228
  0.42353964760550067  0.43439017431704646  0.44515768528578059  0.45564036130696500
  0.46604191511718740  0.47652221406769341  0.48684923432592919  0.49709336721523484
  0.50742208217869933  0.51806240353202360  0.52914934080567755  0.54048045718484794
  0.55166218365889708  0.56296905149795262  0.57414633083329714  0.58543724895863947
  0.59692533945030268  0.60858616031462875  0.62005056423231375  0.63107050560034028
  0.64192818196826940  0.65286199314258997  0.66391608534682289  0.67555688621805998
  0.68795030645770294  0.69707804744671620  0.69978689470987965  1.00000000000000000
 -0.00318004655856269  0.01113627513401185  0.02412544008027559  0.03626703952062629
  0.04769465330599016  0.05895057079618592  0.07026156719326804  0.08151721248969641
  0.09241568934683168  0.10292679067633904  0.11363887535434160  0.12405635451134746
  0.13413196788917989  0.14450322212988365  0.15618730778361117  0.16732187430848419
  0.17776236790525723  0.18893956166693587  0.20089569254183962  0.21138655348407998
  0.22087419616484083  0.23089001790131464  0.24228629813712904  0.25396349885865116
  0.26521323341983438  0.27719858187339758  0.28964408174159972  0.30184980153404672
  0.31332362520006174  0.32426595375613299  0.33479405064756856  0.34520460554003085
  0.35591242606632045  0.36704269666571288  0.37832469548383185  0.38999757320322903
  0.40203909535721005  0.41400851313934600  0.42516424844777906  0.43622092626130626
  0.44797252863932363  0.46024293566874097  0.47215320222685819  0.48357723533943120
  0.49456298123386433  0.50540020144071385  0.51572060497805217  0.52557554953465280
  0.53532717973821387  0.54532729207422781  0.55510447982172539  0.56450900297688178
  0.57371838012589804  0.58394227983229918  0.59525029181542699  0.60634752461096286
  0.61644357897158375  0.62633069750913517  0.63624386679613387  0.64612148461462571
  0.65557944226934484  0.66554379464737656  0.67594992723197389  0.68650486316300197
  0.69721218530069662  0.70782115847205640  0.71743994082402329  0.72650660187210425
  0.73561704280538653  0.74518554189258412  0.75518716434321653  0.76478917567858518
  0.77414710866252312  0.78359769356382203  0.79324958941283752  0.80327147812057464
  0.81318577371508161  0.82288392052393344  0.83240187537988863  0.84202576279679309
  0.85183608436542813  0.86199117282829363  0.87204826967229820  0.88199068541055570
  0.89177087472563088  0.90142035224545936  0.91143323258857989  0.92118329566306956
  0.93049137497826417  0.93936226512084553  0.94851420121576124  0.95803274301994923
  0.96811891847103082  0.97814476617449819  0.98891844342651403  1.00000000000000000
 -0.00332891112107959  0.01138450440803988  0.02342371179882550  0.03501836416531109
  0.04636361601668997  0.05715200880737709  0.06786774636577468  0.07837226440771951
  0.08846106571625729  0.09825593644055185  0.10784854284789959  0.11725077725945013
  0.12712963614531245  0.13668493106806986  0.14519956459905678  0.15702817544564368
  0.16812903071421684  0.17963173811116906  0.19010382756307861  0.19997900028086235
  0.20974088938712115  0.21909909463079702  0.22891227742512379  0.23901285810606554
  0.24989515328608974  0.26117035390396476  0.27225716111891873  0.28261365549907064
  0.29314926272703312  0.30398411937393727  0.31454919198829090  0.32431909485025745
  0.33393076709837682  0.34431563019437006  0.35534097733295406  0.36678010945795514
  0.37786919993287466  0.38838012877569456  0.39827005350380928  0.40797782499308571
  0.41803110340939176  0.42882078044481403  0.43988656499235451  0.45046015690186836
  0.46087506934872707  0.47141344344309721  0.48160583745697005  0.49130265316503441
  0.50131826385992706  0.51195080955143679  0.52240452992499364  0.53222235967176512
  0.54219666164060221  0.55329961402384653  0.56467788861961465  0.57596031979914120
  0.58711540734264955  0.59824273863626887  0.60941513471229125  0.62049140031042560
  0.63141677547398634  0.64212668292648434  0.65283528544097058  0.66351271868510897
  0.67415148001506153  0.68480052621903076  0.69614177917977171  0.70749693276655101
  0.71812066634795835  0.72869865251663890  0.73958351826105539  0.75062730966612368
  0.76196937508522189  0.77385356028877217  0.78381672580172868  0.79468230841890763
  0.80518873914896927  0.81563754166960101  0.82596754359333568  0.83639119292533892
  0.84647606682277021  0.85603247795035964  0.86559871841047620  0.87560203634962219
  0.88685000790171242  0.89771065555884944  0.90840832175287367  0.91874806615651738
  0.92920791450328688  0.93944789122697847  0.94874009085241695  0.95853972300613732
  0.96941289594016833  0.97975428767754202  0.98992079815054490  1.00000000000000000
 -0.00253167757856994  0.00983922345432366  0.02033016175435802  0.03091537934118673
  0.04160012444226432  0.05454478043363681  0.06593970792651971  0.07641808606226697
  0.08630473822526272  0.09611689833661760  0.10618054490683529  0.11665373669530228
  0.12707030564756339  0.13689435873173758  0.14681987333956523  0.15701583858688925
  0.16745765708155042  0.17738878421640283  0.18713717080715508  0.19834698584293414
  0.20974829669575468  0.22089345261916754  0.23167969727015220  0.24193145982526829
  0.25207228529614417  0.26191001827892774  0.27174479658453693  0.28184411072221616
  0.29226760451758815  0.30342921246802729  0.31468109024752078  0.32593164228890725
  0.33664751130035309  0.34724838555010312  0.35778585934115859  0.36844272978040021
  0.37903072223384898  0.39046301111001269  0.40123713473960865  0.41111145555426276
  0.42039055199168079  0.42939100148580933  0.43894434295623103  0.44909926385205107
  0.45959892775799877  0.47087182270826949  0.48185470146648818  0.49266235645376455
  0.50287881540136747  0.51373870981037983  0.52479448855411470  0.53649183110590681
  0.54852266789102977  0.56133094375648351  0.57328051298506855  0.58485541314235834
  0.59639789096648688  0.60763288218384770  0.61883520554431271  0.62941215004195783
  0.63996961259590990  0.65071961803175415  0.66152941922257513  0.67235173268853743
  0.68293125890763284  0.69392266352908338  0.70471073508996618  0.71474317469827231
  0.72445326799309240  0.73393078895378605  0.74344021469987553  0.75253862871278010
  0.76152893721425996  0.77080891923631423  0.78109480275740728  0.79123846942090903
  0.80096731142226596  0.81065405758944931  0.82036854784341329  0.83043423338040734
  0.84066699672060319  0.85149476972794136  0.86299910256585743  0.87425084937718456
  0.88531568609549882  0.89645230832060174  0.90795364813920532  0.91943806496452851
  0.93024101199039044  0.94059640415091994  0.94983149467100525  0.95936480445933980
  0.96835538275651045  0.97819551031436247  0.98870932002835221  1.00000000000000000
 -0.00218288887482260  0.00929871093066557  0.01930933515578161  0.03033358227823846
  0.04092795921001580  0.05220535273700816  0.06328073267192565  0.07470188700084018
  0.08589743905955839  0.09626054497568078  0.10698433610661741  0.11765790284335022
  0.12810866063689666  0.13827519017766751  0.14802352610719036  0.15749520083027255
  0.16702232456343008  0.17692638943007763  0.18697945908622918  0.19768257452910984
  0.20823819986250094  0.21904718166453549  0.22943661048276945  0.23998000324188026
  0.25005847417124089  0.25931212054735281  0.26805109118838399  0.27699523546960042
  0.28630440026945064  0.29591033621854212  0.30522695684322321  0.31526490358948467
  0.32626024531184811  0.33781272642907606  0.34900221142032095  0.36025125734793068
  0.37193668260877172  0.38344183992280045  0.39493829659567692  0.40488804746329921
  0.41531395306036556  0.42598767059834008  0.43655735095562503  0.44638709751013117
  0.45598472885204466  0.46617699591052875  0.47662366117735749  0.48677319718559220
  0.49715868578438371  0.50757621658074692  0.51882825067316563  0.52910830599937653
  0.54007643265307281  0.55037979760742795  0.56013721838596220  0.56966115467161849
  0.57927884732770463  0.58902939389511344  0.59872770435750522  0.60880432712691934
  0.61955977219903746  0.63050940571769931  0.64142794670707037  0.65253837940115478
  0.66398179268718704  0.67529462378121574  0.68644886292531881  0.69739162689371792
  0.70836467174421225  0.71964789026148157  0.73112493895170338  0.74243252329157461
  0.75324698115777211  0.76416880246209040  0.77529378312484620  0.78656839612895846
  0.79683781197644732  0.80617609081614694  0.81578636622141520  0.82583047867189996
  0.83634074860695362  0.84694217502977409  0.85765825318181477  0.86872127192535553
  0.87983254675598943  0.89069971100060186  0.90143696997057043  0.91198548489070408
  0.92262815526267505  0.93336153268521493  0.94445365720844376  0.95577369791294253
  0.96676238806389514  0.97788741334163998  0.98894178691576318  1.00000000000000000
 -0.00210356082844458  0.00883776153110949  0.01832778144921415  0.02848601186238085
  0.03844579689777215  0.04842576016095154  0.05846275462878046  0.06875987133697804
  0.07915593348545875  0.08927799777721047  0.09985853650324211  0.11186711568036722
  0.12454869471953309  0.13599731391248687  0.14660452799738646  0.15705313199533114
  0.16759604078005930  0.17828310534332356  0.18837742384287826  0.19818797370068353
  0.20826913477040335  0.21959820325256749  0.23146041564879793  0.24374517704327492
  0.25600229897334753  0.26767673182226775  0.27807419829340413  0.28781440171548256
  0.29729109248240471  0.30653002642628485  0.31576284670134586  0.32473028216585131
  0.33368293813283423  0.34266330132550327  0.35226384933073052  0.36256594379085055
  0.37250935837343474  0.38245208543893694  0.39401674590184876  0.40614429392634255
  0.41785937424260161  0.42903019227689682  0.43971748882531281  0.45012978429535927
  0.46013365197297301  0.46960399823069121  0.47918179787174320  0.48915900722775502
  0.49892596079498813  0.50851255163004183  0.51798135503897536  0.52853571280304534
  0.53945214675356090  0.55019064845364674  0.56088836417948440  0.57095867905889408
  0.58098454278828815  0.59111911751190360  0.60115609508481949  0.61104276692457538
  0.62109249780562392  0.63174654179323053  0.64273072567829870  0.65323182848384564
  0.66395097530523917  0.67549956105988984  0.68768740676733342  0.69945729850355887
  0.71082314141558500  0.72214656797986665  0.73315611014251714  0.74420482781430775
  0.75479541862002830  0.76638449025646527  0.77697735209415064  0.78806719789611335
  0.79917699537395992  0.81046014299848568  0.82062989682921617  0.83054418058994151
  0.84115223118610116  0.85173795827798571  0.86207208098664578  0.87202581719598782
  0.88289704611933240  0.89433762198971944  0.90457555839862336  0.91431905416290715
  0.92401619032916293  0.93406250902312504  0.94425087255620455  0.95388732925801267
  0.96454819519593626  0.97630906689533992  0.98765913289861684  1.00000000000000000
   3.7542289679546190E-015  -1.0000000000000000     
 F F F F F F F F F F F F F F F F F F F F F F F F F F F F F F F F F F F F F F F F F F F F F F F F F F F F F F F F F F F F F F F F F F F F F F F F F F F F F F F F F F F F F F F F F F F F F F F F F F F F F F F F F F F F F F F F F F F F F F F F F F F F F F F F
  <DiscreteSampler_grid>
  grouped_processes
  1 # 1 for a reference and 2 for a running grid.
  10 # Attribute 'min_bin_probing_points' of the grid.
  1 # Attribute 'grid_mode' of the grid. 1=='default',2=='initialization'
  0.0000000000000000 # Attribute 'small_contrib_threshold' of the grid.
  0.5000000000000000 # Attribute 'damping_power' of the grid.
 # binID   n_entries weight   weight_sqr   abs_weight
    25   10   1.584944759248599E-010   7.472499980419293E-020   1.584944759248599E-010
    28   10   3.691375074797658E-010   3.835909645277290E-019   3.691375074797658E-010
  </DiscreteSampler_grid>
