 -0.00000000280741002  0.00000132344020479  0.00000902982609413  0.00002582124963428
  0.00005028519051288  0.00008245262520553  0.00012111196975414  0.00016448116058545
  0.00021240916647271  0.00026616032268841  0.00032560441760879  0.00039134295802946
  0.00046154417403033  0.00053313931514217  0.00060653351437389  0.00068230484749140
  0.00075941783352403  0.00083848842872598  0.00092061993688889  0.00100321090511744
  0.00109060572944107  0.00117997265279964  0.00126648274982994  0.00135516614513749
  0.00144713347551272  0.00153912751841633  0.00163095282120462  0.00172293731520336
  0.00181539112678743  0.00190656709185846  0.00199777727672612  0.00208950843838799
  0.00218286893969325  0.00227896132568097  0.00237629109279788  0.00247369447681856
  0.00256949833955262  0.00266530845720954  0.00275999080764652  0.00285300276350924
  0.00294663989645992  0.00304439716371876  0.00314382183070608  0.00324329877366785
  0.00334276550517457  0.00344333255581783  0.00354596823628541  0.00364628976968250
  0.00374856260188549  0.00385118193162575  0.00395956282359510  0.00407066234965307
  0.00418027404633842  0.00428871091562990  0.00439540130173504  0.00450214505892519
  0.00460734154815327  0.00471421949914303  0.00482212788741789  0.00493150118099908
  0.00504564985979205  0.00516184813623208  0.00528348006572502  0.00540325657642686
  0.00552117098716303  0.00563838214587565  0.00575615049643377  0.00587460980630602
  0.00599536599521080  0.00611936257697997  0.00624479046224601  0.00636989867372993
  0.00649525566814767  0.00662955732735290  0.00677484091922040  0.00692000908867359
  0.00706529765420058  0.00721272086304831  0.00736322381274067  0.00751647252468361
  0.00767503763741985  0.00783486943789377  0.00799502778134883  0.00815772359283740
  0.00833181811757642  0.00851834053602325  0.00874800834790641  0.00900125395360673
  0.00926180910547971  0.00952987743514687  0.00983626297421955  0.01017887748457514
  0.01060048049761323  0.01124716997393107  0.01213920355931957  1.00000000000000000
  0.00935403490732185  0.01661153870333872  0.02657894240627269  0.03665572791144425
  0.04617180466281801  0.05534777582214077  0.06465487319062332  0.07434168870690797
  0.08544789109248203  0.09844979681078585  0.11159072221242065  0.12385539716359301
  0.13547104439167823  0.14639179886124160  0.15670390343729060  0.16692794056151727
  0.17682980041949037  0.18625618191210980  0.19524728126087226  0.20414019956768545
  0.21349055716377213  0.22302209716766197  0.23287528005516656  0.24324269716472011
  0.25408816056548761  0.26528914586176638  0.27625791030041835  0.28725775440096724
  0.29891163286399053  0.31057683049607765  0.32190133891262129  0.33309822778748271
  0.34437093869575541  0.35553870670655136  0.36647760134807922  0.37733103910158189
  0.38806351756947088  0.39852568212944656  0.40877359883310516  0.41920910647090581
  0.42979569878061324  0.44021295876566613  0.45040569499056837  0.46010582749967638
  0.46928239881454653  0.47840572568231443  0.48769711156715712  0.49715896343941057
  0.50692061411052824  0.51668828521320942  0.52718924638328080  0.53838265210812031
  0.54991567741117686  0.56143203445638667  0.57220779445877312  0.58236208450173443
  0.59250450756918105  0.60260176288847067  0.61238468639187049  0.62190860957892813
  0.63190407220508371  0.64242595061620344  0.65316597465192361  0.66403132074646876
  0.67474383778042901  0.68525341280050844  0.69531915893354501  0.70513120406870089
  0.71477113604581721  0.72448015628699747  0.73431322833330059  0.74419327474135388
  0.75419681407963213  0.76470405877271741  0.77530855025296885  0.78546554308497563
  0.79542135940085967  0.80549883337654260  0.81617547711660876  0.82766494657580625
  0.83927194683304840  0.85054419258727909  0.86146860089047450  0.87208506894161142
  0.88255534288319937  0.89302809990829368  0.90368404128153845  0.91458822612186719
  0.92561346877707507  0.93620849543246010  0.94677802390143839  0.95690329199894031
  0.96724201051078840  0.97773267352907201  0.98874553628745498  1.00000000000000000
 -0.00002085563454462  0.00026310435292921  0.00077449185614326  0.00156019631534681
  0.00264471690218686  0.00395709933525742  0.00558583288885810  0.00754625661311395
  0.00978173729116801  0.01223309459445854  0.01480092161388696  0.01744116864650564
  0.02038807800013251  0.02345072326203228  0.02653139528459526  0.02987134057458307
  0.03372682964258079  0.03779494499120857  0.04177842678667634  0.04579689889580765
  0.04997611543267411  0.05439967687410515  0.05904893409055027  0.06376238732983322
  0.06859950576513177  0.07369368074536864  0.07896674576270532  0.08427111602548777
  0.08950102966686597  0.09483375733474818  0.10034927953038661  0.10607511936855399
  0.11196062804459002  0.11786383839021637  0.12385900163873800  0.13014278226801138
  0.13685498239012364  0.14388765266037931  0.15105595358679108  0.15833751220377673
  0.16586045702561214  0.17411639338714893  0.18255707540930721  0.19103295407307205
  0.19940756717153693  0.20808361865062577  0.21706916121270006  0.22606360484561713
  0.23482852306794044  0.24341020987310286  0.25220702532850697  0.26094649154701399
  0.26991185027306980  0.27960270063794551  0.28966142997529953  0.29965652096295137
  0.31061967088662018  0.32186885826899758  0.33330142721508016  0.34527495811875331
  0.35795527795980908  0.37118196446588558  0.38422871100395317  0.39704742208387156
  0.40989957424056994  0.42304612779095979  0.43660045790166252  0.45047673694517376
  0.46496606462176149  0.47995048331872581  0.49521384405131769  0.51061879994697490
  0.52601766428056307  0.54151687034456608  0.55733407113848821  0.57314801669660298
  0.58938067211000300  0.60728160147342225  0.62584687458892097  0.64505085394400385
  0.66506923800526352  0.68568871025747957  0.70669440791532434  0.72793099292739438
  0.74840951730207783  0.76865234251804215  0.78910434583017686  0.81058891596849181
  0.83348913296351290  0.85672274998708997  0.87997208239364566  0.90295648038042198
  0.92677589668121640  0.95129793168776278  0.97576294404953345  1.00000000000000000
 -0.00294623699182202  0.01146107015978326  0.02290155755213533  0.03271798247297333
  0.04279764170349832  0.05362032590319987  0.06478404102344315  0.07626454726870689
  0.08762862842528374  0.09962227366704787  0.11187667614337071  0.12521980431757482
  0.13690612038591951  0.14796043533061720  0.15983048207698400  0.17165185401873054
  0.18395790594646930  0.19717835859448810  0.21049048958273420  0.22299050646975496
  0.23452875284626637  0.24485202484604898  0.25531435185108842  0.26609563296027422
  0.27774304503751557  0.29013125098816478  0.30105005618571645  0.31268124075872161
  0.32373721283494639  0.33499047005960303  0.34487750880399404  0.35462890173264444
  0.36424877063084626  0.37410799240180981  0.38408683195949045  0.39420747460617084
  0.40427740252104666  0.41410864943316134  0.42364612797433571  0.43320843727515079
  0.44287077876728315  0.45261598214180532  0.46258851576322868  0.47255980575999346
  0.48283761523936070  0.49315814175412248  0.50361273231380832  0.51447506958445632
  0.52558753577416395  0.53669156221763337  0.54728782693367284  0.55765666665549785
  0.56825137343419940  0.57858775302663523  0.58839619250004405  0.59798909863782346
  0.60782896090586913  0.61790726844284216  0.62781163526996420  0.63779286855060380
  0.64835329313142220  0.65947001569814490  0.67054964817806406  0.68124553314649705
  0.69160576529720086  0.70150723457346731  0.71133586740766619  0.72107738037523383
  0.73076935364686069  0.74086667682121843  0.75166299781772949  0.76410656271669275
  0.77617857387930844  0.78738088791132665  0.79827894087373030  0.80912244258924271
  0.82009961685519395  0.83101913314676434  0.84182310240979930  0.85276455711333365
  0.86279440954025188  0.87209087387230777  0.88097688563224030  0.88965774104812501
  0.89844111515609637  0.90667199419275379  0.91497326865131945  0.92319358268484686
  0.93164178653818563  0.94011851388788736  0.94940762510859056  0.95893838949157861
  0.96905605409820295  0.97920580835671522  0.98950498357789662  1.00000000000000000
 -0.00261874081894809  0.00998889415190337  0.02046723655828408  0.03185793227728424
  0.04257933191855683  0.05372521059215964  0.06496878633183635  0.07624417480987221
  0.08774784170393968  0.09914009617244429  0.11095697804287950  0.12303505371927420
  0.13511093962684270  0.14760376434404590  0.16031742671619756  0.17203003493287805
  0.18268570946908530  0.19294320822962646  0.20293666599153989  0.21254185672610953
  0.22185211655689410  0.23147716233226942  0.24174548697581166  0.25265411686271788
  0.26423085398738422  0.27608672905900616  0.28769893669457214  0.29890389694719571
  0.30962501425149108  0.31978979155596376  0.32967184518963111  0.33954133412912152
  0.34941016986315387  0.35899101718947740  0.36819084716376094  0.37763838449183823
  0.38775598121945726  0.39795991819134380  0.40759419739724351  0.41737825560200964
  0.42753046958359875  0.43786668669025963  0.44748079012451475  0.45720109241310264
  0.46701782227708977  0.47726711005925837  0.48747158787362671  0.49778682927586559
  0.50826966946882668  0.51862108356226200  0.52855946581967828  0.53835048487318904
  0.54855142504025689  0.55878842811207163  0.56882406893882942  0.57876822467344102
  0.58905933250779607  0.59951196714038990  0.60984354699569177  0.61985004873229199
  0.62997068757355268  0.64039816037238928  0.65037940513574732  0.65988592077614228
  0.66955513770535202  0.67928749224143214  0.68853502600736616  0.69710978843836324
  0.70600914487335387  0.71615401018055835  0.72696486254999026  0.73765791437893891
  0.74825564855317339  0.75976384895749449  0.77185731227137244  0.78395887233965555
  0.79553697766914033  0.80550740239543195  0.81599713624397729  0.82598102303795762
  0.83611986549990613  0.84621191360277126  0.85655409004312877  0.86719206273490634
  0.87754311924692352  0.88822248059870768  0.89937408139525676  0.91104393769874437
  0.92273594496576383  0.93415042391124103  0.94483166738145274  0.95490816483008423
  0.96566787143681576  0.97716845039389955  0.98822755485430014  1.00000000000000000
 -0.00313868199771183  0.01126181753382678  0.02352198156944639  0.03498844673114784
  0.04582228690435373  0.05663527443378466  0.06704589763047103  0.07736725345923186
  0.08679814219477719  0.09566388664832678  0.10500809310907756  0.11421933191962304
  0.12341855614879532  0.13277145817021357  0.14224493406990948  0.15203457008507559
  0.16239196637894970  0.17231608692330311  0.18210254884659122  0.19180325468122889
  0.20115507274022046  0.21111663142398590  0.22178364123032437  0.23241301015026930
  0.24308581797848722  0.25459063044446700  0.26756002148124552  0.27969370605209465
  0.29093343207986155  0.30180547669684765  0.31271693268517375  0.32342993500635125
  0.33389833900751914  0.34370754299334721  0.35299767350090078  0.36231845810638724
  0.37168039851722062  0.38150746767398896  0.39171375767005628  0.40250778080940469
  0.41399268759396490  0.42563141521872605  0.43707384252869397  0.44817173706878582
  0.45912112124398718  0.47049182858003319  0.48250733275215546  0.49453146896306655
  0.50607502082914424  0.51683309836983282  0.52740302084917690  0.53766202236349869
  0.54772894938026095  0.55766744326599782  0.56742476473514902  0.57749011206681666
  0.58771956194820951  0.59883217722130366  0.61041266612960643  0.62261512433431876
  0.63355874923486610  0.64399246018564416  0.65442824589893511  0.66430253867820244
  0.67435295725943933  0.68446261013845844  0.69514594174689837  0.70615494342781504
  0.71704202713113052  0.72784589491763807  0.73801770466410221  0.74774977288272337
  0.75820546263166855  0.76884083092088640  0.77983937868514364  0.79088907083992188
  0.80180911848921266  0.81252162495391422  0.82313461281287459  0.83352762008602144
  0.84369535545579655  0.85425857120153381  0.86535233783157983  0.87627751165543677
  0.88668123586720471  0.89727604762511604  0.90786719307324226  0.91871445495668114
  0.92992842028936396  0.94071717477690153  0.95072499862422200  0.96052962900069960
  0.97045911634203419  0.98041911022154904  0.99016507409304300  1.00000000000000000
 -0.00361833718251373  0.01241007051533269  0.02391085321958523  0.03462148718215739
  0.04473141167564802  0.05466146827499662  0.06420454532004165  0.07341383787593185
  0.08202937760279115  0.09126919065016743  0.10032297432835424  0.11070458041576228
  0.12117852844634272  0.13270320241601954  0.14312921581007587  0.15675707324790064
  0.17021632461643416  0.18285530275768150  0.19468986276688466  0.20579406008032047
  0.21622882220956896  0.22627795006778392  0.23620689908173423  0.24604487891376620
  0.25570721218562625  0.26513175769142577  0.27479596388612104  0.28530298767877915
  0.29561143026966819  0.30480916956560700  0.31373591038037407  0.32257499240082205
  0.33132596038145895  0.34052573155341553  0.35011719523837787  0.36127946581336662
  0.37258245177154203  0.38334740802731648  0.39411468593853066  0.40420294214771213
  0.41408974843041690  0.42376830747132410  0.43384696062180989  0.44399154115149958
  0.45426391581753195  0.46425918119011478  0.47423957872155537  0.48427957828451557
  0.49457685639787718  0.50557920670286549  0.51667470335399424  0.52767332852951820
  0.53883923029128000  0.54967954129281371  0.56035322454554226  0.57085497945834196
  0.58123765839495278  0.59164663415965724  0.60181345511167650  0.61182825903776983
  0.62154054112907642  0.63122697391549920  0.64111611657787981  0.65129369595025854
  0.66177958406805504  0.67252312259221714  0.68333951503213364  0.69424586988163439
  0.70490744394476801  0.71496692535083672  0.72487815719981696  0.73492446335016759
  0.74487607829770308  0.75463328315058775  0.76433214136884775  0.77502707592885933
  0.78685592771476609  0.79835200535679551  0.80927825189318314  0.82008801860812053
  0.83076576722125706  0.84114393456208458  0.85132355231110501  0.86227712655689137
  0.87397744225106233  0.88583911947037064  0.89758017572700100  0.91050840479262485
  0.92272220775561709  0.93586026272609579  0.94707014920920463  0.95875709381151919
  0.96946005154163772  0.98040213726542547  0.99008849571069657  1.00000000000000000
 -0.00291464914824752  0.01102971279101364  0.02218335677638580  0.03293256255288227
  0.04389892110014800  0.05533814917416723  0.06680614448804723  0.07827184981307178
  0.09028988152788525  0.10181372303354004  0.11191279529987620  0.12121771296880129
  0.13051432629069704  0.14000214255589608  0.14961866793334913  0.15948455843327869
  0.17010476564797183  0.18226300560151365  0.19381664247892802  0.20508328246035135
  0.21591246102001907  0.22670183395132323  0.23719854164029167  0.24785260842706672
  0.25851806691840690  0.26862117181732748  0.27913390597857918  0.28971371474526897
  0.29992511792350818  0.30960695510303549  0.31890752613356255  0.32842641253876015
  0.33860594565593455  0.34904862985277446  0.35929554402348968  0.37021294182508835
  0.38148364211489405  0.39322369082145958  0.40429050404042577  0.41469888977744079
  0.42446880582620156  0.43409758339523608  0.44374558039403533  0.45370035851229468
  0.46376319050283082  0.47405111770975161  0.48459331557383306  0.49563443605487822
  0.50651005078321987  0.51671705548375468  0.52673390107360085  0.53660269109749936
  0.54647573324991516  0.55656278348970767  0.56709104088131224  0.57791522832525954
  0.58842258450959950  0.59865465796820549  0.60873261005829415  0.61874467828658852
  0.62856549493746894  0.63792484073112954  0.64762466069216751  0.65731994383047943
  0.66696765389936019  0.67663243567411391  0.68649666630164830  0.69660460550244852
  0.70683140659230670  0.71705937891619553  0.72737577962139899  0.73770774507428583
  0.74800221629778796  0.75895411980464089  0.77017762117057376  0.78086761887245959
  0.79114092446414852  0.80107339518790110  0.81077713981219091  0.82046004234404857
  0.83050103890574856  0.84121937661488810  0.85214096148376550  0.86295636008202381
  0.87400076833726470  0.88557203658945338  0.89756017757447937  0.90948382158540220
  0.92126740167052912  0.93273552825174477  0.94427941542920946  0.95601736187378028
  0.96702661568301573  0.97764034846096326  0.98870070729048276  1.00000000000000000
   8.3867198586476429E-012  -1.0000000000000000     
 F F F F F F F F F F F F F F F F F F F F F F F F F F F F F F F F F F F F F F F F F F F F F F F F F F F F F F F F F F F F F F F F F F F F F F F F F F F F F F F F F F F F F F F F F F F F F F F F F F F F F F F F F F F F F F F F F F F F F F F F F F F F F F F F
  <DiscreteSampler_grid>
  grouped_processes
  1 # 1 for a reference and 2 for a running grid.
  10 # Attribute 'min_bin_probing_points' of the grid.
  1 # Attribute 'grid_mode' of the grid. 1=='default',2=='initialization'
  0.0000000000000000 # Attribute 'small_contrib_threshold' of the grid.
  0.5000000000000000 # Attribute 'damping_power' of the grid.
 # binID   n_entries weight   weight_sqr   abs_weight
    19   10   1.148669995786461E-004   2.714993440715746E-008   1.148923750859917E-004
    22   10   7.486081439747429E-005   1.828144093837363E-008   7.486081439747429E-005
  </DiscreteSampler_grid>
