 -0.00000000743811833  0.00000602080232734  0.00004402863924206  0.00013012733723068
  0.00025966235464742  0.00042398067994824  0.00062851708945472  0.00086431358105117
  0.00113875794755768  0.00146149704725670  0.00182118944978327  0.00220930093262870
  0.00264244681213013  0.00311260312301658  0.00361873685799179  0.00413679828492003
  0.00468135881956869  0.00526673441455682  0.00593552290483188  0.00665695837532297
  0.00751718743434557  0.00846598199684706  0.00954701182793922  0.01102572446404609
  0.01212355979152625  0.01276264778905761  0.01322846867283153  0.01360396189809612
  0.01392015063543660  0.01420746048031584  0.01447348940128156  0.01473182008686548
  0.01498779003508818  0.01523761242201455  0.01549210034603398  0.01575223116465585
  0.01601854379894822  0.01628778695793191  0.01655880108406512  0.01683138970056883
  0.01711002120765879  0.01739756078601971  0.01769333590341394  0.01799749275369306
  0.01831441984018314  0.01863569591731984  0.01896411146846941  0.01930169196778211
  0.01964991243635412  0.02000704653663306  0.02038027060103605  0.02075658058727944
  0.02113839881983660  0.02153391447960802  0.02192522690131881  0.02232993482042148
  0.02274797314491581  0.02317397042513690  0.02359674276175255  0.02399968891864105
  0.02442610547198202  0.02487149734137878  0.02535487973733562  0.02586431891315937
  0.02635948505001901  0.02685229887834861  0.02737864856270753  0.02792487754660896
  0.02847306891531188  0.02903069141937093  0.02959193462754783  0.03016304446100060
  0.03074761770267149  0.03131957437782115  0.03191211432772156  0.03267667230492147
  0.03343735498149274  0.03419083505396954  0.03497067801537335  0.03578222657262978
  0.03664116515226949  0.03756398603611599  0.03853405672819261  0.03952441220005787
  0.04054723301799869  0.04170560831767642  0.04316594806245042  0.04499545596231740
  0.04692547080921745  0.04910938285980552  0.05152701486368540  0.05489403019765016
  0.06007322969316866  0.07003069538399129  0.11531315463888642  1.00000000000000000
  0.00986294601644017  0.01430784024646576  0.02214787647685561  0.03076658587719786
  0.04001961757566545  0.04906143388015762  0.05781540216111495  0.06692720787057203
  0.07674864324411403  0.08775309126048221  0.09998792564978343  0.11246429431900332
  0.12472374449260581  0.13664861888402638  0.14855357971116290  0.16055502399919924
  0.17230208938103830  0.18372465576681851  0.19513205661897259  0.20593852367456233
  0.21750314749309657  0.22890403365964940  0.24058092079284299  0.25185802249290984
  0.26280068024705339  0.27332019066178664  0.28378382883391440  0.29337286154643971
  0.30262457016397737  0.31202278959864282  0.32121332768980337  0.33041091245681131
  0.33997466753461358  0.34951805119139012  0.35904697374032818  0.36916028920567723
  0.38005324110885513  0.39186091942358620  0.40396104954740181  0.41566859123941530
  0.42655837453861639  0.43638933406987462  0.44616777789444151  0.45584800519825452
  0.46599888200162021  0.47638208097340606  0.48802441989365586  0.50065529562178035
  0.51232648310977780  0.52376737244300586  0.53483166877344046  0.54586857654801046
  0.55739805992842628  0.56930435703186777  0.58086535963390895  0.59265046214198014
  0.60379541395650604  0.61474442916132277  0.62572278805631631  0.63706989320776319
  0.64865830364905919  0.66002094143795220  0.67112102397933882  0.68243433789532981
  0.69322836252324893  0.70282754443708872  0.71188718294766740  0.72053244931445382
  0.72937561960477104  0.73850208855616972  0.74735829051721692  0.75606020001745677
  0.76489432747142028  0.77373535352744072  0.78310858263724159  0.79246175377535544
  0.80118598123342966  0.80966684128096034  0.81839801433587545  0.82776364387520074
  0.83797489344485721  0.84943583154292190  0.86053957246255375  0.87166941460484382
  0.88236500970988008  0.89349745204021391  0.90487105114224953  0.91688090512083342
  0.92928067943759540  0.94111355928076290  0.95266599145784203  0.96312677164800353
  0.97322070733598320  0.98309311474772754  0.99104081982993009  1.00000000000000000
 -0.00002248805753075  0.00026811298272059  0.00080168836701762  0.00163792651392030
  0.00267982459900862  0.00416609175335105  0.00586163635713054  0.00771886512146549
  0.00970437743342154  0.01202973938748573  0.01485040865351527  0.01798792219345840
  0.02110856317691314  0.02429279745640811  0.02760783650388903  0.03122125878635154
  0.03500512775867631  0.03899438645574722  0.04335192347065411  0.04805289995517233
  0.05321942908737513  0.05840362578198179  0.06348918886248792  0.06877174651990936
  0.07425587107921079  0.08029728468767865  0.08663472651015040  0.09257106580845417
  0.09856630422677057  0.10448902736398814  0.11075058001753479  0.11704705443642113
  0.12370648904622940  0.13054169191766413  0.13746641941939758  0.14447796611326061
  0.15143285522738409  0.15818328244935259  0.16477887172840805  0.17148857954762797
  0.17848424318120137  0.18568228097599127  0.19294273074026119  0.20022841923505938
  0.20774732710065769  0.21588835230237896  0.22406944222282707  0.23213679102200524
  0.24022239129238132  0.24855017918913103  0.25731857465960695  0.26643684814024660
  0.27578738301420863  0.28533948736761516  0.29494234104472594  0.30460593081047727
  0.31504744814880792  0.32669044382982154  0.33788444091721381  0.35045390487857941
  0.36232858727365286  0.37459923290030273  0.38732628196849905  0.40097307031603013
  0.41509029487359472  0.42849916220956435  0.44151441299658789  0.45388525833165322
  0.46661184318571297  0.47951436325829061  0.49303731693503799  0.50677095788932358
  0.52051079456699811  0.53426797178992935  0.54784714169114535  0.56154765370610760
  0.57544879811456973  0.59085662023758301  0.60724677972484520  0.62360617960119014
  0.64011733199009302  0.65735701929403823  0.67468756087496506  0.69184658245035646
  0.70943486549072865  0.72764202211882067  0.74651326016332598  0.76598650829847093
  0.78580133241359074  0.80476928594017683  0.82408313397258459  0.84376118688504009
  0.86367448252501267  0.88247861454661258  0.89596266002986935  1.00000000000000000
 -0.00374446935418722  0.01364850979333593  0.02632167274898949  0.03882010860658147
  0.04935271975390612  0.05991814330617669  0.07110658843318536  0.08235476739105092
  0.09340699565243510  0.10444783722376608  0.11623341164331136  0.12843976778938831
  0.14011850431521691  0.15127093619064569  0.16227985808714948  0.17339155632094891
  0.18448594607678803  0.19567567497960636  0.20731079736023098  0.21845586733272127
  0.22871773132875362  0.23881771956494666  0.24914398889431424  0.25916388269809770
  0.26909213310685798  0.27915487234774733  0.28952714230302495  0.29951287491140022
  0.30975302708891933  0.32054157091457358  0.33104720612887972  0.34127632205531494
  0.35150498542823366  0.36284325238402654  0.37437852426557189  0.38529001629117088
  0.39592695983095594  0.40621069212574912  0.41639226384856476  0.42688066911558487
  0.43662025703447788  0.44960061906703996  0.46175625267218101  0.47301512699589759
  0.48417401632989443  0.49518954708250190  0.50640124576207191  0.51758600848549940
  0.52868896238589536  0.53943370470484675  0.54962163765583383  0.55985045755468099
  0.57055580146061680  0.58102794564433891  0.59164708078958783  0.60220556892253052
  0.61477718042996954  0.62820137298410439  0.64018186649163833  0.65155041703392480
  0.66202613528662146  0.67199195492494479  0.68203556229222184  0.69267460860161667
  0.70363029784294906  0.71559200605057172  0.72803142677501742  0.73948967300046220
  0.75055458158763610  0.76180475149772531  0.77319875150600581  0.78458894449620775
  0.79561877503378120  0.80658995187781091  0.81705497394293158  0.82715413616606814
  0.83660260096252836  0.84520381416391099  0.85368389730526140  0.86197649329181192
  0.87009161566488447  0.87777858393072561  0.88504229357212638  0.89240941075004931
  0.90053622268123834  0.90908076827031592  0.91741220326284290  0.92589664372482527
  0.93435493372445799  0.94384414407058692  0.95374008609268501  0.96328502063648713
  0.97279543877482955  0.98193548347086601  0.99109063786415552  1.00000000000000000
 -0.00284131278263401  0.01015600399733953  0.02170728952504920  0.03297059712157938
  0.04416899294612599  0.05548092887697347  0.06731056905251853  0.07941606152216885
  0.09112380977874561  0.10253102909799912  0.11401529848317866  0.12557910192426305
  0.13704286822107156  0.14793638027669004  0.15818908416868674  0.16800704621586529
  0.17778616262913702  0.18740466166692415  0.19672402320548296  0.20611010486437348
  0.21599831254282817  0.22645888077427923  0.23807614913577888  0.25107369741609475
  0.26449139223103690  0.27712723375009579  0.28855621192090847  0.29926665523608448
  0.31002345622587818  0.32105652973216453  0.33219629516186311  0.34364491752053145
  0.35549831725266212  0.36628519276531657  0.37710925658395394  0.38876246232437728
  0.40095243761173099  0.41319329518117187  0.42488209645450742  0.43584845430525598
  0.44576551585992780  0.45495494256198676  0.46392454766994040  0.47284965565848225
  0.48170026054829440  0.49020933758015467  0.49859163340896279  0.50761377774091432
  0.51665526324388844  0.52604581272069284  0.53503790449462774  0.54446045534158427
  0.55466474863064585  0.56469325508605694  0.57414008891776158  0.58375205165885913
  0.59346236278954223  0.60282369457088236  0.61127337042277352  0.61933720161801209
  0.62801219356668569  0.63702044046097817  0.64602986483232661  0.65545443278036342
  0.66624635348504480  0.67905941847640483  0.69230421568376588  0.70467246128730221
  0.71642718266141481  0.72807859481607373  0.74000205594804191  0.75194110524846580
  0.76183126054115791  0.77236850497851528  0.78277427012370948  0.79286344014827315
  0.80244564355985026  0.81271530291853555  0.82502338814212572  0.83888333542922056
  0.85023085605112614  0.86213602686183755  0.87353803392815899  0.88360952671624982
  0.89279889056994355  0.90210691509323848  0.91122661546753492  0.92025293409536790
  0.92897319434362657  0.93804931805501846  0.94764129276959708  0.95732958117815614
  0.96728599263473236  0.97762510999046082  0.98885052695564590  1.00000000000000000
 -0.00209333727650523  0.00864882515723193  0.01848032523343587  0.02875440393862397
  0.03915790252930056  0.04913110085797968  0.05900875165283226  0.06904724940322053
  0.07918113305388051  0.08924832723340714  0.09901019834753910  0.10875847542382400
  0.11905406030743194  0.12972072919266914  0.14079904236426663  0.15168301875346385
  0.16261363964096182  0.17341715491637080  0.18417003931765616  0.19487419733172953
  0.20558760286801112  0.21675110098098307  0.22845142602379889  0.24037153214087614
  0.25205378749523338  0.26340911308841319  0.27420213671604132  0.28571252403141240
  0.29727117597227448  0.31006434052207776  0.32167967968696176  0.33259327027260877
  0.34385330074936493  0.35537374712778869  0.36684555356740012  0.37734378238631744
  0.38631995689022280  0.39550961641962673  0.40490717231339041  0.41415686697067144
  0.42313552178948849  0.43184865885036772  0.44084261664530311  0.45011190813103796
  0.45944955192866210  0.46864585835882189  0.47798979121896018  0.48785043356526681
  0.49812800052829687  0.50945281450627344  0.52145626519004695  0.53354057417395229
  0.54550783609444553  0.55751187206409059  0.56931387832187985  0.58100003677893397
  0.59205083429849237  0.60226781378555272  0.61181482966341461  0.62072974779377699
  0.62993020796694921  0.63917087621454671  0.64918417926501704  0.65993570279810188
  0.67124808383933954  0.68293624641336703  0.69380479954190399  0.70377511994448283
  0.71422688542732871  0.72502292713454253  0.73543579012234772  0.74526953992271927
  0.75532611795058779  0.76583541449665093  0.77661786732685889  0.78790258266287527
  0.79917861635116838  0.81048136386387881  0.82075010409885429  0.83175233013679295
  0.84129591090963607  0.85108966571023870  0.86068430510421945  0.87020999045649050
  0.88012625743451256  0.89066097320953419  0.90110224056831589  0.91141746907204912
  0.92194488442702516  0.93245986888568200  0.94268782738062329  0.95259354983008593
  0.96338033118365463  0.97633003109122241  0.98822931841546302  1.00000000000000000
 -0.00285024716723093  0.01071448331139072  0.02249732031820674  0.03437694190215063
  0.04585053958165985  0.05702240579453404  0.06805867164085935  0.07907705964160638
  0.09024081314616515  0.10146187449504633  0.11181545223254361  0.12178880114776049
  0.13192731594360402  0.14227318298755612  0.15252040951357818  0.16301506048813907
  0.17349058739846104  0.18355603905247322  0.19311338457324709  0.20310017170424982
  0.21208587829404749  0.22046520598392583  0.22884049850476879  0.23709047225103022
  0.24525456054983943  0.25367628055932612  0.26214239822711327  0.27208658884519288
  0.28453526677081048  0.29775162588817716  0.31028475495765456  0.32181652126700017
  0.33252549579860552  0.34398931774219899  0.35614733145633082  0.36870452904185896
  0.38043121974978128  0.39130461103724656  0.40192530444914243  0.41281489212119554
  0.42353380522381473  0.43367768551931574  0.44430970530433839  0.45570121636166300
  0.46701709722390106  0.47856439902690556  0.49022680056956641  0.50135096819105573
  0.51218550920666250  0.52227226631956403  0.53190402510408274  0.54135256711035395
  0.55068466539815975  0.56038436331735719  0.57029341347702134  0.58014639954032199
  0.59018532624800091  0.60034177173457359  0.61047441923045420  0.62085210374841693
  0.63117322508734264  0.64158429711391840  0.65152033498887518  0.66096591312900255
  0.67099941736965540  0.68185745404520648  0.69250314289519055  0.70224466898118676
  0.71185931527565272  0.72178658394358097  0.73202485553127050  0.74240847671162358
  0.75374209028309735  0.76568067328024147  0.77652870034229571  0.78684455137710418
  0.79665366127427195  0.80712450092382637  0.81833375505295269  0.83093729471907318
  0.84373057891347014  0.85556909037501572  0.86560803615491444  0.87502901678267808
  0.88418486215015379  0.89316918232652409  0.90198889963018636  0.91099805407253875
  0.92051499228036993  0.93019901564212037  0.93999680857232726  0.95048387859277716
  0.96235579763484147  0.97539831997627713  0.98791729178503374  1.00000000000000000
 -0.00282027615508011  0.01088887100125857  0.02202089071542858  0.03467355961881863
  0.04644343808783669  0.05794030979623777  0.06926679773874321  0.08114631749629923
  0.09321057903194779  0.10568605164106794  0.11806012909695522  0.13009567824830298
  0.14170160818599972  0.15252993051368832  0.16320075003808601  0.17442740665588854
  0.18595295742694906  0.19633298058872845  0.20601924534179938  0.21609631199997512
  0.22633228102591937  0.23629903762172760  0.24707530530924554  0.26077950084745133
  0.27401935673490102  0.28524284088603247  0.29592492355614142  0.30680478501795205
  0.31789208814759717  0.32947870331508006  0.34081261165381554  0.35374533429291855
  0.36539329567210721  0.37754519418307497  0.38891553295197534  0.40016957710141265
  0.41071206136771499  0.42082708220758802  0.43088421008536298  0.44113462644277057
  0.45187462581127896  0.46391541684610715  0.47676776878354016  0.48762578902089654
  0.49786913535505778  0.50758164554146246  0.51659563283593446  0.52528158799027835
  0.53411945976440933  0.54297215429164503  0.55270704115488023  0.56182742885234305
  0.57304880151988824  0.58383623948664931  0.59404653331632973  0.60433231678685562
  0.61519622078229885  0.62573939544224066  0.63447860424780722  0.64263028120880694
  0.65051183635340626  0.65863745594912959  0.66699521052526245  0.67514486798119100
  0.68308663261898883  0.69141306200875596  0.70029666057363238  0.71031634496968954
  0.72250539563960048  0.73417864060118687  0.74463862064508568  0.75458136694692923
  0.76403974906472838  0.77399904113909257  0.78335643644439978  0.79255116216861388
  0.80136303321498181  0.81045993954307005  0.81990368505525213  0.82936519274270859
  0.83871788503158073  0.84814097840869140  0.85782746429775314  0.86784183786657709
  0.87759539649797225  0.88725498241797884  0.89714855291082829  0.90918084747032102
  0.92061792345554161  0.93152455135931822  0.94232845431843537  0.95333647749801209
  0.96439333168419528  0.97554982401786439  0.98747519983070475  1.00000000000000000
   2.9767354951206627E-016  -1.0000000000000000     
 F F F F F F F F F F F F F F F F F F F F F F F F F F F F F F F F F F F F F F F F F F F F F F F F F F F F F F F F F F F F F F F F F F F F F F F F F F F F F F F F F F F F F F F F F F F F F F F F F F F F F F F F F F F F F F F F F F F F F F F F F F F F F F F F
  <DiscreteSampler_grid>
  grouped_processes
  1 # 1 for a reference and 2 for a running grid.
  10 # Attribute 'min_bin_probing_points' of the grid.
  1 # Attribute 'grid_mode' of the grid. 1=='default',2=='initialization'
  0.0000000000000000 # Attribute 'small_contrib_threshold' of the grid.
  0.5000000000000000 # Attribute 'damping_power' of the grid.
 # binID   n_entries weight   weight_sqr   abs_weight
    25   10   5.080045553686826E-013   4.107172379031919E-025   5.080045553686826E-013
    28   10   2.258422217604315E-013   7.776404795848067E-026   2.258422217604315E-013
  </DiscreteSampler_grid>
