 -0.00000000753258751  0.00000585437487136  0.00004133660711322  0.00012074463010651
  0.00024661142745457  0.00040747465339586  0.00060307590394205  0.00083406443847877
  0.00109514215437013  0.00140405706408246  0.00174526694073341  0.00209988490336242
  0.00246865563011952  0.00286438789452374  0.00331254632993743  0.00378725249574244
  0.00429026027424093  0.00481925969382837  0.00540392329724185  0.00604731393863428
  0.00673298005921990  0.00751988355350527  0.00838888072764304  0.00935272906741791
  0.01081825299811775  0.01202090073209494  0.01267565134615681  0.01313059480507403
  0.01349930893130771  0.01381833136988683  0.01409806043858811  0.01436244990028443
  0.01462564434474181  0.01486530691845077  0.01510667227270107  0.01534624541570568
  0.01558096593843078  0.01582113092316636  0.01606837278748240  0.01632105093007729
  0.01657951739851073  0.01685038964720494  0.01713305321476080  0.01742007995425373
  0.01770611936295078  0.01798889239950625  0.01826864026124822  0.01854252903013057
  0.01884233029576036  0.01917097521296962  0.01952219425768779  0.01989128558041983
  0.02026098728313477  0.02063910451348806  0.02102850755752563  0.02142900861593934
  0.02185732654326814  0.02228880111865913  0.02272717144067472  0.02316754133396237
  0.02360418044570997  0.02403755845379568  0.02453241060213826  0.02501370298147476
  0.02551441562119353  0.02603975959263856  0.02657114249237091  0.02715115762772929
  0.02774933632654454  0.02835697681164686  0.02896997810396773  0.02958141201818353
  0.03018525096299630  0.03080370313674011  0.03146701763335581  0.03217466643297669
  0.03294694064342684  0.03382316810101427  0.03471115486990855  0.03560985223588337
  0.03655215139547438  0.03753891506962227  0.03858975566548636  0.03970739430413465
  0.04090592417251974  0.04232833366581476  0.04384407747296554  0.04558054630031950
  0.04736703396473856  0.04939165877444760  0.05165341732115169  0.05470785408316386
  0.06014359837739412  0.07018207568882820  0.11566587742981653  1.00000000000000000
  0.00970520052161068  0.01477206984054438  0.02277957556576747  0.03227816329954961
  0.04223554122868364  0.05286987388336930  0.06401777008735633  0.07533687607718784
  0.08638574437703725  0.09682956004130466  0.10678470465729629  0.11677064522388837
  0.12656838596940256  0.13643423653082645  0.14629213969826044  0.15687639224952049
  0.16745585436478044  0.17811454456724693  0.18868001261050543  0.20017840902058218
  0.21244107135068746  0.22482937634886468  0.23588076057990962  0.24589059365307583
  0.25577203583344416  0.26586945242255111  0.27616225462132610  0.28677370865986773
  0.29701264400597038  0.30705082153246871  0.31695153874272747  0.32654613599115578
  0.33580564306373145  0.34506016014834667  0.35451248408062058  0.36394385546058844
  0.37387815757048781  0.38480616640323345  0.39684411582032864  0.40864327244906101
  0.41987983094857356  0.43041846273274237  0.44061154283550957  0.45111337466893686
  0.46205263905990007  0.47298583641648267  0.48396603626264767  0.49502150231776532
  0.50593227805846974  0.51664153576141547  0.52765542694759449  0.53951454377889074
  0.55059330206877077  0.56208598135923749  0.57345527084478587  0.58449966419060728
  0.59545471624101642  0.60707571439530705  0.61967994605919996  0.63126662073628526
  0.64175759541806443  0.65170152234317502  0.66110226359840540  0.67009244073804164
  0.67890603749207934  0.68816774250068602  0.69711614006488498  0.70605200222723852
  0.71599567297604783  0.72769140880643457  0.74030443810777580  0.75245929213745533
  0.76483873298990557  0.77646439127412914  0.78797829373477413  0.79935779485872571
  0.81001155851163964  0.81970312742347395  0.82910895719782995  0.83838410434713895
  0.84840730619870863  0.85922887310539109  0.86969571977941484  0.87996557473394965
  0.88949779762338987  0.90102955301110743  0.91320557351377574  0.92484513053932627
  0.93601081146879317  0.94642757122519405  0.95623071890687394  0.96527233026783821
  0.97417178649179892  0.98352228144190756  0.99078138919576664  1.00000000000000000
 -0.00223947852233912  0.00756851066311049  0.01606145070688737  0.02482279936985796
  0.03371860074990542  0.04232027371217687  0.05029393981603733  0.05806650014209914
  0.06571672831217382  0.07375231941507047  0.08232180843918063  0.09183282827515234
  0.10216026199536277  0.11197056576242502  0.12107449822305028  0.12920759768504594
  0.13687305626090182  0.14498526889250973  0.15312455206328826  0.16106388589945864
  0.16845766974334184  0.17609311028516164  0.18377006016227257  0.19229114130797553
  0.20112962768278175  0.21012749840904749  0.21957494884642165  0.22947638571138271
  0.23898331949250495  0.24870436752915673  0.25719295099841954  0.26610358710790233
  0.27538145923898294  0.28443710000756484  0.29278102613425788  0.30181889171216697
  0.31089024301849044  0.32044830483215880  0.33074842996058312  0.34085940183936486
  0.35057147469708089  0.36014675283339181  0.36893514424658103  0.37807999207145027
  0.38791105933778808  0.39792554106615818  0.40721711429383889  0.41625030235782484
  0.42522655812145072  0.43443481286997393  0.44336483642127622  0.45245256653968507
  0.46204384815441130  0.47108684979293292  0.48016349207345049  0.48915769380472518
  0.49854429002072886  0.50901674212376258  0.52114840158103504  0.53444774296846154
  0.54772914985592325  0.56044297031130430  0.57261509849726000  0.58448139510273001
  0.59602886437287772  0.60737806565146446  0.61922852387839411  0.63146145387240882
  0.64383886821791347  0.65689409385521103  0.66977376978309466  0.68170292299476343
  0.69330929604788361  0.70439438275234589  0.71519410655399396  0.72662937887494083
  0.73983190347132510  0.75401139171288656  0.76815445432163221  0.78284010742874199
  0.79756950155079664  0.81166332449710188  0.82507903508266989  0.83831547580793153
  0.85224326047349153  0.86585863310419331  0.87958545224975904  0.89329625734883744
  0.90635211752967582  0.91945178721241128  0.93347818671433425  0.94721857633880147
  0.96050444217059139  0.97395618321228716  0.98684133948549979  1.00000000000000000
 -0.00240985581803443  0.00908201279598661  0.01820415548819101  0.02840747522615476
  0.03914665939782782  0.05029256934031199  0.06130598554553350  0.07241043494457330
  0.08385138000027451  0.09486487297923207  0.10578340200402311  0.11633981376595912
  0.12759949702560475  0.13942277942669010  0.15139195919220125  0.16261723900843295
  0.17405202614095427  0.18462648669353171  0.19410510864890992  0.20283937656115741
  0.21203394517069180  0.22184976157670849  0.23164465235855120  0.24154618812779297
  0.25222993926617487  0.26387807978154532  0.27557327242513974  0.28560689155753022
  0.29565921364696152  0.30524109020370938  0.31476726803386540  0.32409819110953964
  0.33369962964195038  0.34387312254273217  0.35386682140578368  0.36334270291658549
  0.37278026395056063  0.38224819321501063  0.39129990747690169  0.40076190613052298
  0.41142105280004004  0.42260180819981208  0.43367225208984522  0.44432568928975419
  0.45494707207098339  0.46532641739711617  0.47551949601968335  0.48660894407214944
  0.49811320706028756  0.50860977801804241  0.51824001553558641  0.52732948620611308
  0.53640440563210789  0.54606759222188539  0.55606126276990941  0.56640726488767101
  0.57629098851626748  0.58651260653698245  0.59758357783283567  0.60895974013313514
  0.62011181063170462  0.63199803513346076  0.64352765833719017  0.65377667054891131
  0.66350570108975893  0.67411490108449146  0.68532988391793626  0.69642048984991356
  0.70706936451282165  0.71823190119828129  0.72925274260651662  0.73969426722012799
  0.74936434785051642  0.75997789425570617  0.77165015796533398  0.78382434027977221
  0.79640282706113441  0.80850207579388234  0.81888390194972260  0.82855612537769996
  0.83871474765591780  0.84893936101986567  0.85888093436444435  0.86892706376052986
  0.87940210551316012  0.88995611048353085  0.90036113695941589  0.91073055663064983
  0.92108082653648382  0.93137765101199421  0.94232635290825961  0.95410523436455730
  0.96606604301959542  0.97772467651011219  0.98918348278235568  1.00000000000000000
 -0.00224978610610189  0.00927669812695334  0.01855624503687360  0.02894654187814023
  0.03937759737199555  0.05050275512599306  0.06128161907054534  0.07281534408860148
  0.08407544464412052  0.09511730252937327  0.10610112028090024  0.11523541673812311
  0.12499369926879964  0.13529317179411796  0.14571692724830035  0.15598172704775079
  0.16564766823387600  0.17645821998673167  0.18754534575407322  0.19934272571619288
  0.21074793642040338  0.22139005681039070  0.23258077579018119  0.24326407770230532
  0.25356578749921871  0.26340893891995165  0.27364444237655067  0.28597214428516216
  0.29892993482342617  0.31335449429553042  0.32423021247073619  0.33511471102477991
  0.34578998343817152  0.35680649456258212  0.36776688929318108  0.37811624293303370
  0.38885865748854515  0.39855167513820955  0.40818590715302483  0.41789910168518252
  0.42816092146869239  0.43919390133418446  0.45093681422201159  0.46245486208564401
  0.47346328357971995  0.48421695016219340  0.49501929114858606  0.50614988168034969
  0.51755250186477086  0.52865007349208415  0.53991833928035238  0.55141826124190074
  0.56295035125600257  0.57416704486379155  0.58516837300228575  0.59594300286008861
  0.60643459778165032  0.61656695934659878  0.62708255248649791  0.63793896100599645
  0.64812958355005312  0.65737073201952800  0.66643060786586739  0.67550560417837680
  0.68435515509738964  0.69311221402363854  0.70143575613986009  0.71065382611771721
  0.72125692027499444  0.73262825713680912  0.74378001963031193  0.75468193015287366
  0.76532180543296580  0.77570116323126659  0.78691334349316733  0.79720439018325473
  0.80724857038647724  0.81799022041780078  0.82833514098787531  0.83841343854154737
  0.84804081160249867  0.85798007942464383  0.86822634121183917  0.87881297456025942
  0.88952991462970132  0.90048382404880079  0.91082416761698692  0.92116393169955668
  0.93237058650098725  0.94277866495029039  0.95326505343930557  0.96295305356496386
  0.97236836371265722  0.98166261152454870  0.99069954857417009  1.00000000000000000
 -0.00392311836938362  0.01350453619928289  0.02563974291212656  0.03681205735787500
  0.04740972775097205  0.05774851267945252  0.06778689431788472  0.07720932341636777
  0.08734678235696224  0.09832677667341154  0.10966183669250011  0.12126165920359833
  0.13271480191436633  0.14346572844378366  0.15364241766920425  0.16388832136568762
  0.17414521351087703  0.18390399466033783  0.19279997582965183  0.20186622437365412
  0.21159045882893102  0.22072150275581023  0.22991951973745670  0.23837942625087116
  0.24725316896612556  0.25611716089993097  0.26528315403891822  0.27482863162457982
  0.28493470850018648  0.29552824824163970  0.30623615150870082  0.31649492281516972
  0.32710025382076463  0.33839664957898147  0.35018463630327878  0.36174858559216971
  0.37239447588717822  0.38285032238048156  0.39360493261491086  0.40535042592556109
  0.41745603339453075  0.42875975455038678  0.43983522924957857  0.45205905792091677
  0.46152571946929349  0.47036839380020939  0.47934253000901261  0.48858786669296550
  0.49776610568745361  0.50761544601820863  0.51700264717009492  0.52655072433363903
  0.53634672112054460  0.54576255531027895  0.55500078799236485  0.56408823111204909
  0.57304035766610284  0.58227367406280051  0.59201514275464684  0.60219442865413442
  0.61297917853754402  0.62420460145571377  0.63557276676763763  0.64790651504952645
  0.66096627326791324  0.67472706150943185  0.68858819605121713  0.70192197716931071
  0.71482872892270455  0.72772520488517156  0.74002673309194289  0.75130244777000288
  0.76270786401359925  0.77442046370499096  0.78637557076582421  0.79918974901205431
  0.81068774088861595  0.82074474875304626  0.82987302176912192  0.83903594921161495
  0.84796683926286032  0.85722436958877224  0.86697507836865118  0.87729430931061581
  0.88801517316017031  0.89811081842933671  0.90782349065558887  0.91758873639075067
  0.92746785283333999  0.93852202191118783  0.94957815243927313  0.96061088381960535
  0.97107565755297942  0.98082307552264392  0.99071062857042103  1.00000000000000000
 -0.00150497117982767  0.00486354702280169  0.01084379608550985  0.01687809580035704
  0.02235034779989301  0.02751197054771104  0.03271073161665809  0.03831395259625072
  0.04463882445479676  0.05098936425700318  0.05717569929909373  0.06339067925176674
  0.06999668446498263  0.07700223885152109  0.08430567741187406  0.09229772677637738
  0.10043403762706495  0.10764001809809877  0.11479997024125210  0.12196765678424087
  0.12954180897626411  0.13863721242683077  0.14709293460624290  0.15508504850077637
  0.16359483880681203  0.17287569140754996  0.18309594397150111  0.19291549914558964
  0.20251206984160358  0.21277888051261443  0.22257676629738951  0.23367562877970122
  0.24549041497424565  0.25797414218305331  0.27012863019192090  0.28200053480270360
  0.29413485715944687  0.30677028487267050  0.31945610553714421  0.33247952387707286
  0.34690591333399717  0.36313945165091194  0.38056295443600469  0.39817767664317716
  0.41596834654367576  0.43448365777098713  0.45408070951078450  0.47292551710207276
  0.49115235885831393  0.50963778034170515  0.52914304205846274  0.54899530457793044
  0.56786483328323245  0.58607761657069402  0.60376778866710290  0.62051705058421947
  0.63690360169605675  0.65251550436700645  0.66787772800211609  0.68183419099128229
  0.69535624702104271  0.70830757556477786  0.72073304602750010  0.73313970044357002
  0.74555874345495887  0.75759054519389712  0.76957102408798683  0.78164778502882459
  0.79353052087136644  0.80476625728359219  0.81527398217184133  0.82552787643887815
  0.83592039519076722  0.84617642458578013  0.85636185208030291  0.86493016450729232
  0.87336664520166585  0.88132210118265253  0.88889317574139826  0.89665966412285225
  0.90427304610500570  0.91216039624743317  0.91971889441547483  0.92686100467739507
  0.93371283809962036  0.94030833791116186  0.94685854207515086  0.95338252928954692
  0.95973155628148399  0.96597325802158396  0.97208959306297060  0.97798622288045556
  0.98343479378584786  0.98865752221453862  0.99418724554963478  1.00000000000000000
 -0.00294586518144670  0.01102740581001054  0.02228047584227464  0.03262650436433141
  0.04269496481253041  0.05294097578221252  0.06345208130979804  0.07348964062387350
  0.08328936087236320  0.09295689348953029  0.10269574076881670  0.11189758337224508
  0.12034781691336241  0.12880151441792717  0.13709928607803976  0.14550600481931614
  0.15429828757723316  0.16375839823005992  0.17419076924092958  0.18516641021412861
  0.19609753003610780  0.20701440593832737  0.21812077138017880  0.22920769584803805
  0.24059512199141272  0.25179411805628354  0.26246534400108978  0.27264467240194645
  0.28261200571806766  0.29235609403877794  0.30221027866193162  0.31286507415183318
  0.32478328620951941  0.33730994184105428  0.34965985533367006  0.36031807634510399
  0.36978670591712604  0.37977802686768541  0.38945265070779900  0.39889374755000839
  0.40832275124708950  0.41837558536107849  0.42881161164859638  0.43892700101400445
  0.44869345872109906  0.45877511272298360  0.46972497910274619  0.48167568721594733
  0.49423230506496851  0.50594557784232397  0.51650430520753898  0.52719162017893451
  0.53831435605516709  0.54988553430845899  0.56048912663339534  0.57082299336729747
  0.58123716792682079  0.59239590142939125  0.60352297537633515  0.61507001754308233
  0.62603822083805283  0.63731906081433931  0.64842919888958661  0.65931955215886551
  0.66997721617115968  0.68110545527516186  0.69295742125997561  0.70508818197911605
  0.71616063568390742  0.72587157964655091  0.73544012381570034  0.74545867499892449
  0.75595767944980841  0.76620799616992374  0.77725988442783012  0.78926392629970099
  0.80157749752544771  0.81349260733716855  0.82469548594428754  0.83491629474690821
  0.84447829071128877  0.85444066000379193  0.86358682550718924  0.87325630085227945
  0.88324874986079638  0.89347691049037137  0.90377238266558102  0.91419462849320321
  0.92583464523877135  0.93774375882430749  0.94858740605407610  0.95878144039799296
  0.96924509430432493  0.97993413480131464  0.98983564831663939  1.00000000000000000
   4.2433802663246179E-017  -1.0000000000000000     
 F F F F F F F F F F F F F F F F F F F F F F F F F F F F F F F F F F F F F F F F F F F F F F F F F F F F F F F F F F F F F F F F F F F F F F F F F F F F F F F F F F F F F F F F F F F F F F F F F F F F F F F F F F F F F F F F F F F F F F F F F F F F F F F F
  <DiscreteSampler_grid>
  grouped_processes
  1 # 1 for a reference and 2 for a running grid.
  10 # Attribute 'min_bin_probing_points' of the grid.
  1 # Attribute 'grid_mode' of the grid. 1=='default',2=='initialization'
  0.0000000000000000 # Attribute 'small_contrib_threshold' of the grid.
  0.5000000000000000 # Attribute 'damping_power' of the grid.
 # binID   n_entries weight   weight_sqr   abs_weight
    19   10   1.256102904139569E-014   8.596235300325025E-028   1.256102904139569E-014
    22   10   1.519567350931199E-014   1.165633267967746E-027   1.519567350931199E-014
    25   10   4.714557971516437E-014   1.450710176143929E-026   4.714557971516437E-014
    28   10   2.501952323895180E-014   2.040500200345976E-027   2.501952323895180E-014
  </DiscreteSampler_grid>
