 -0.00000037945321240  0.00001387649451368  0.00006142079340050  0.00012919088032941
  0.00021162287169218  0.00030134612063055  0.00039954529433098  0.00051061506622923
  0.00063376437201545  0.00076273817173829  0.00089676715478769  0.00103495177277905
  0.00117415795418563  0.00132066180893081  0.00147209122234326  0.00163273972511038
  0.00179948956142906  0.00195876374108914  0.00211409884312333  0.00227235559170975
  0.00243411163814206  0.00260269639026216  0.00278325099918719  0.00296646613281875
  0.00314114939947202  0.00330939781399427  0.00347933125403172  0.00365440513715387
  0.00383481156408074  0.00401447514218060  0.00419095719690601  0.00436910023297016
  0.00454735373316451  0.00472456702477455  0.00490883450894522  0.00509224587145687
  0.00527333067990464  0.00544917940375245  0.00562420623318756  0.00579814369514549
  0.00597468275031103  0.00615124417983351  0.00633228461085333  0.00651786386819212
  0.00670181740869472  0.00688371627560839  0.00706340436666734  0.00724138832392045
  0.00742011186708613  0.00759918569763861  0.00777846329670086  0.00795437094104174
  0.00812716319355852  0.00830010430976731  0.00847303127183237  0.00864264903748877
  0.00880388671994206  0.00896169995083841  0.00911998984947217  0.00927856819686464
  0.00943704020267327  0.00959035167126597  0.00974570558802301  0.00990140023719327
  0.01006024922089868  0.01022150122860160  0.01038324675024714  0.01054691287364362
  0.01071377137440477  0.01089549107119724  0.01107645843445091  0.01127502873964962
  0.01148790075798901  0.01170924728305163  0.01193867333212899  0.01217833931620714
  0.01242627295347045  0.01268814034303513  0.01296306299132342  0.01325139848666246
  0.01355275177702048  0.01387558562081995  0.01422244005893227  0.01460630752770462
  0.01504775574538757  0.01556238922722187  0.01614404079211267  0.01676007283793973
  0.01745246812976452  0.01824271680032024  0.01918564088212649  0.02070859916168512
  0.02312348945624819  0.02978380280977824  0.05155195740502246  1.00000000000000000
  0.00935823927605684  0.01671835080601660  0.02683521149911374  0.03813546134880359
  0.04891667783446128  0.05994057600789689  0.07089487884443565  0.08169759099070367
  0.09192277223019887  0.10187604101552365  0.11183419140558271  0.12158393000543913
  0.13115289906853297  0.14126267472602619  0.15172033218024797  0.16250872172789693
  0.17351254979143674  0.18478557572930729  0.19544046883586874  0.20546137855173266
  0.21542575219540408  0.22525289042387386  0.23503978601957104  0.24531687257497864
  0.25643421812389350  0.26807774872213658  0.27933086355009168  0.28961186959185775
  0.29987646612560703  0.30981441838227647  0.31996998614462890  0.33085672885770367
  0.34230456685764166  0.35302516676465617  0.36338494162896107  0.37338316865699661
  0.38359700224537724  0.39328448267261984  0.40268794527412671  0.41211736026220680
  0.42172087768064470  0.43112273315772764  0.44059468362754750  0.45029482087416722
  0.46021056206458666  0.47058173349118687  0.48118948939510037  0.49170147897454630
  0.50188301859442708  0.51213746829331563  0.52271426468921500  0.53348901510794977
  0.54486379739436064  0.55647925300053802  0.56731891631683939  0.57784501959126267
  0.58860758385672785  0.59936212250629894  0.60965730649376293  0.61971331946979091
  0.63014126513522295  0.64121814852969794  0.65233865065843000  0.66334348489880712
  0.67416758318023107  0.68476932076628461  0.69532149633526652  0.70624086420153642
  0.71779293613476547  0.72922285302204670  0.74007426846071900  0.75054783465933850
  0.76115171338090004  0.77194991182240658  0.78263150570101769  0.79281020305993555
  0.80260136522232384  0.81281207905663355  0.82327449785572726  0.83386480024008913
  0.84431784396179510  0.85476774612114770  0.86537060765483120  0.87627578307563825
  0.88733571507545195  0.89847077302945355  0.90898099286040224  0.91928284251755588
  0.92998260822937628  0.94050224682208450  0.95093635159697709  0.96115618851080886
  0.97135461626664399  0.98176919147943309  0.99144835380729535  1.00000000000000000
 -0.00217909091471397  0.00920746788218658  0.01839864939970032  0.02820499630463618
  0.03786947995704213  0.04756854568406335  0.05761640084091860  0.06798349923532508
  0.07921636787322711  0.09060990828015832  0.10190872835726097  0.11278764943872741
  0.12368571656368912  0.13359772001015666  0.14420756163539450  0.15522564277832629
  0.16671986957759652  0.17845958226728378  0.19066060505540794  0.20296280949978546
  0.21439757461939263  0.22489578722958653  0.23494621469863738  0.24485202512051391
  0.25499651974469317  0.26538762787540709  0.27581086102396046  0.28624330390502195
  0.29684314347171964  0.30808457948016588  0.31978689779801989  0.33109757169568910
  0.34228269119546539  0.35333399934232501  0.36407797352894106  0.37467475456481708
  0.38514107893068950  0.39575162487732157  0.40635982048236952  0.41692728389380446
  0.42719380027481269  0.43748696355991978  0.44778703252345442  0.45816874039631367
  0.46860876201262036  0.47924414551546801  0.49016157909884722  0.50144649139023068
  0.51261391466274231  0.52395750911362926  0.53519260007869218  0.54607116728816285
  0.55644823581525737  0.56667284746651148  0.57691321222142411  0.58743184586577202
  0.59802859120485630  0.60823008362627196  0.61797275673846463  0.62767214922431946
  0.63752865731043185  0.64727440777017731  0.65713384642980177  0.66730082403375057
  0.67768446110107838  0.68807652589369972  0.69859430009658929  0.70925521922751245
  0.71997360689982903  0.73065724014516598  0.74132011059074465  0.75235614505164239
  0.76404110962682803  0.77610224513292447  0.78769744546399301  0.79862316688842372
  0.80920256149717318  0.81943173225396493  0.82935313116046283  0.83935275599011616
  0.84966838263103761  0.86000944038216087  0.87019292332129761  0.88039339052756405
  0.89070635483676530  0.90092093813549678  0.91109537696580178  0.92143504692346490
  0.93157526421754711  0.94160369273762579  0.95143894691787123  0.96096529071926307
  0.97064546366790339  0.98002970839663961  0.99025561031468112  1.00000000000000000
 -0.00238836103703436  0.00922894852505275  0.01853551137782225  0.02923481108446082
  0.03930938651080577  0.05002399437747456  0.05963481183681266  0.07152711109240127
  0.08326305764059982  0.09496393625286433  0.10627839308916365  0.11743132560090269
  0.12888730929807657  0.14068924838407307  0.15226739996882918  0.16328190537174700
  0.17386346137932035  0.18421186565237238  0.19434747734597743  0.20448238862814838
  0.21517153907295880  0.22641828895178820  0.23703304212753401  0.24697074946752157
  0.25655040404383567  0.26638305304870208  0.27679591516763313  0.28755728724303836
  0.29854432890228383  0.30936623046398148  0.31993104956860852  0.33049319797756171
  0.34115334499591843  0.35207028660224532  0.36257885364782555  0.37254154952323121
  0.38239293351650117  0.39258348398731535  0.40230925273578222  0.41127552060518663
  0.42039633806094284  0.42999277004032821  0.43996094169497602  0.45034005434843871
  0.46130124503567732  0.47309708964699898  0.48496647144546234  0.49701188470115076
  0.50861821784320427  0.51964091584358296  0.53049575406241445  0.54136608346651660
  0.55255698272609910  0.56386566487161083  0.57503381058693603  0.58591072042983106
  0.59659090374118973  0.60711640058244720  0.61747108999184308  0.62773515793491108
  0.63857714532431165  0.64941215142776221  0.66040222280509042  0.67088043180281842
  0.68165322366147507  0.69230242635437045  0.70296086771803801  0.71327727748011083
  0.72354496635529852  0.73345341951975140  0.74333118636077489  0.75327341794892444
  0.76257720052541211  0.77223148006481590  0.78197390078981943  0.79230877367369035
  0.80264553584780651  0.81276583189405471  0.82315245192097963  0.83359788438817561
  0.84425369558402563  0.85473040204631678  0.86558572349209473  0.87590466652680155
  0.88601506573207189  0.89601106769807992  0.90596884849395742  0.91616685364032568
  0.92636772138856605  0.93645750419339668  0.94619805536639801  0.95623009523092550
  0.96645566045647879  0.97785435187212910  0.98878391693175194  1.00000000000000000
 -0.00262118076545771  0.00987967518838875  0.02046469433898208  0.03015123357441978
  0.03957477446691857  0.04863748129214363  0.05760748921653054  0.06654925192865183
  0.07526712848264468  0.08400916902375380  0.09328761496908179  0.10285057293740321
  0.11265193652537343  0.12234544574942360  0.13229432853372358  0.14257665418890761
  0.15331892569077732  0.16471785649624768  0.17612986173626080  0.18747853624978719
  0.19863934270874767  0.20958606832277085  0.22011152117477534  0.23059038398602055
  0.24118018708652100  0.25174443681497977  0.26240058389371423  0.27323036697724096
  0.28385019328737565  0.29441558664075990  0.30507645906192532  0.31555850858549767
  0.32595747060469926  0.33676343098278499  0.34805275783765194  0.35896114160692871
  0.36928716478277906  0.37959068749943164  0.38990361913834348  0.40026522408873927
  0.41074588872877910  0.42130217267907077  0.43180031883015374  0.44215574666004503
  0.45271141276088955  0.46333010779233086  0.47352912866087121  0.48331329360920250
  0.49307194467524024  0.50331246567539867  0.51415908984771796  0.52527867507404113
  0.53646824486164313  0.54763689300594542  0.55876689366188415  0.57003359965035805
  0.58117499973821685  0.59194051303741957  0.60261940576298145  0.61322685336496785
  0.62388205137024033  0.63399708585520875  0.64403876489519540  0.65418174776835236
  0.66425888391885202  0.67442451680767324  0.68482721637086053  0.69524656057905720
  0.70614914387756100  0.71758543636107519  0.72916539809924030  0.73998016781637577
  0.75055610087394342  0.76159925507113413  0.77255812852618544  0.78297655765867191
  0.79331046324764987  0.80416343347154584  0.81520727802291648  0.82590940733603602
  0.83630041508547415  0.84650235879987246  0.85711993699287214  0.86776864888676386
  0.87856640450825896  0.88975367165417862  0.90130107803891268  0.91286728154371966
  0.92530066965285462  0.93625132663288357  0.94731188896428220  0.95827972430733677
  0.96820593352080597  0.97901926794146155  0.98957630972492072  1.00000000000000000
 -0.00214504732338537  0.00877478251160414  0.01780603008910320  0.02790164825787582
  0.03756560202557638  0.04767191245941416  0.05762698945066115  0.06845294164946920
  0.07945135474416891  0.09035361734144809  0.10087709028388152  0.11180185868930251
  0.12221287634088898  0.13311349718169421  0.14389050212629295  0.15493615779147135
  0.16576766742120780  0.17682132492943314  0.18782985549159170  0.19852776538995273
  0.20945035863622408  0.22034755642419870  0.23178125542953998  0.24258675971930282
  0.25312998462264641  0.26367129082302043  0.27473181322377860  0.28663945016062436
  0.29770620406046733  0.30809961103924732  0.31805081149202680  0.32763296674774955
  0.33731238611663239  0.34713565263126045  0.35713008808492830  0.36733686301086133
  0.37810206701101012  0.38944556896860688  0.40084541008443736  0.41191613360200335
  0.42276672298090262  0.43330827160390506  0.44328077315989117  0.45301526409579129
  0.46290459540986717  0.47328062314890995  0.48438873637523372  0.49522630421297675
  0.50562023728576067  0.51588636307148883  0.52684175699942970  0.53776775733762328
  0.54815121431044456  0.55805337963269097  0.56809586856005900  0.57797733522199612
  0.58750375645204245  0.59690054733267894  0.60636377229564586  0.61555384676228986
  0.62482709533375802  0.63473546837719685  0.64495785600111200  0.65524493024944919
  0.66549716967273920  0.67541783581276393  0.68526127201871700  0.69536060429693969
  0.70604224428929463  0.71677311776824626  0.72712107681302851  0.73800376895576669
  0.74924949396671725  0.76102656994762274  0.77305532444901115  0.78424991548490552
  0.79567874336340505  0.80659620320651615  0.81751845298219861  0.82777948206147289
  0.83808279575379807  0.84850015257839240  0.85918881432606908  0.86954031675223487
  0.88007667481857421  0.89104720439865048  0.90209415587537178  0.91330041915792659
  0.92383034485727078  0.93423337660952110  0.94406596626051376  0.95443259058754593
  0.96582420840122496  0.97734140678224279  0.98884349225963819  1.00000000000000000
 -0.00144514820737730  0.00467288078981266  0.01060650054894354  0.01638709078282357
  0.02229570890759342  0.02826886509846438  0.03435298732778755  0.04057504620397861
  0.04701762313310130  0.05362237448983817  0.06019909844877568  0.06675806233295503
  0.07323187457340419  0.07976790638597758  0.08620774606021341  0.09288213174020568
  0.09962747935470878  0.10643247304730653  0.11299261784168937  0.11959057891710687
  0.12656935389278698  0.13421731966499864  0.14217375092998599  0.15061338723629034
  0.15921522963880477  0.16831017619909988  0.17788272491755103  0.18851121525088996
  0.19888691380039547  0.20946687822648435  0.22001828518184938  0.23052050062122825
  0.24133468712261399  0.25257511607766031  0.26452085919695612  0.27732712280674759
  0.29138304412396832  0.30661729181693642  0.32238014906407114  0.33897337789208382
  0.35613608993948909  0.37365914155653057  0.39140739202107161  0.40966695587140500
  0.42846498851294268  0.44876221935194160  0.46975542733625825  0.49017513537241120
  0.51059687620221150  0.53117722104904175  0.55279415341309324  0.57320268558032050
  0.59206138840669320  0.61013438788134755  0.62745919641542380  0.64454065848546405
  0.66140966816754243  0.67738701096128562  0.69212317617643337  0.70557358749512855
  0.71777433286386816  0.72963063861049227  0.74191554153803341  0.75357385988651060
  0.76466933927525071  0.77564368554626584  0.78744052069316717  0.79871475300405048
  0.80916553816436754  0.81834550021893215  0.82708986734401635  0.83554370691623381
  0.84375446058678805  0.85178810915052228  0.85949161796198525  0.86691422423232345
  0.87421871568817289  0.88141378027849160  0.88866802619246377  0.89565418683637787
  0.90273657373729876  0.90980250624547543  0.91659504403530079  0.92360857606407587
  0.93045320895210537  0.93725391468055297  0.94391236619234808  0.95064451250846271
  0.95733458991808651  0.96374272257900762  0.96985997951647573  0.97589827681976171
  0.98199592611792796  0.98807926565695647  0.99406319261241827  1.00000000000000000
 -0.00223406121535832  0.00939645877425357  0.01908296490787453  0.02876158396925658
  0.03794885653369943  0.04713441579148172  0.05678085181906324  0.06670203858610962
  0.07675976129309162  0.08687210203495158  0.09701669660117110  0.10717566390890432
  0.11733961377433651  0.12758360113179476  0.13815212886228517  0.14928469047332449
  0.16067869136688806  0.17162915158869252  0.18211675009301895  0.19250905428819512
  0.20285216370301584  0.21300067886624491  0.22319294854865221  0.23409124481881724
  0.24545018841160707  0.25620124197641353  0.26655785307753144  0.27719270126183249
  0.28803754994224623  0.29903505629202803  0.31014560576791211  0.32154743909716860
  0.33291524955152862  0.34408087116302505  0.35565256493230418  0.36691815726007304
  0.37821921156992966  0.38990426426222868  0.40175309813475418  0.41394602702742134
  0.42610330931194301  0.43784565085648491  0.44950140583102949  0.46079346107547797
  0.47148098831566421  0.48197909442687908  0.49224098699412028  0.50262053522568595
  0.51309847583369206  0.52417681414475714  0.53545620506268465  0.54635307881731232
  0.55672722534075603  0.56716623138444355  0.57763133213753803  0.58780008369060432
  0.59812984731378438  0.60827694198048954  0.61859247909219672  0.62924905307929324
  0.64022794987158216  0.65045621717461499  0.66038703793609166  0.67032606357866364
  0.68106442493499875  0.69161403168930846  0.70217750267603141  0.71239669019018625
  0.72212836541574776  0.73184544719416933  0.74174523564995232  0.75218218656660507
  0.76304707587310727  0.77381196577404587  0.78452003882436261  0.79537836311782206
  0.80645889690579498  0.81758548785802576  0.82803058558905662  0.83859536076557595
  0.84951033866538050  0.85946278308909552  0.86867999394394724  0.87869447635017150
  0.88888989190409728  0.89940822237523188  0.90921246904214548  0.91930088108689723
  0.92972293503830561  0.94006044534331290  0.95032061871032725  0.96072357673048758
  0.96991063352144380  0.97934651982210574  0.98921528586596597  1.00000000000000000
   1.5114480681581171E-013  -1.0000000000000000     
 F F F F F F F F F F F F F F F F F F F F F F F F F F F F F F F F F F F F F F F F F F F F F F F F F F F F F F F F F F F F F F F F F F F F F F F F F F F F F F F F F F F F F F F F F F F F F F F F F F F F F F F F F F F F F F F F F F F F F F F F F F F F F F F F
  <DiscreteSampler_grid>
  grouped_processes
  1 # 1 for a reference and 2 for a running grid.
  10 # Attribute 'min_bin_probing_points' of the grid.
  1 # Attribute 'grid_mode' of the grid. 1=='default',2=='initialization'
  0.0000000000000000 # Attribute 'small_contrib_threshold' of the grid.
  0.5000000000000000 # Attribute 'damping_power' of the grid.
 # binID   n_entries weight   weight_sqr   abs_weight
    19   10   7.774487630770521E-007   4.692775514366237E-012   7.775707584166527E-007
    25   10   1.087653363110401E-006   7.868517988712571E-012   1.087682471203766E-006
    37   10   2.181488382784475E-007   1.494652364489013E-013   2.188068128102399E-007
    43   10   2.684849773351024E-007   3.506202198794421E-013   2.684905808016351E-007
  </DiscreteSampler_grid>
