 -0.00001556507740802  0.00019560099904127  0.00056000398370728  0.00110982366420531
  0.00169811385886870  0.00229173209339862  0.00289651286069013  0.00352228496858451
  0.00417291574675095  0.00484129807025636  0.00551324717010104  0.00618850533336970
  0.00691911587903318  0.00767000736271894  0.00841861994716101  0.00920783268335627
  0.00999977620981897  0.01071429666026614  0.01143594829560927  0.01223257762059602
  0.01337446982124028  0.01564923864643602  0.01928077549871585  0.02181366694193445
  0.02373632324161416  0.02541333539562728  0.02696748447675645  0.02850959055614772
  0.03007621938448412  0.03166802969558501  0.03329338022874063  0.03497188772410979
  0.03660964271590452  0.03819971520624343  0.03982926465938221  0.04158398578753063
  0.04325754228004682  0.04493046222360842  0.04661916494012719  0.04837284647376744
  0.05010161064299275  0.05180533942032015  0.05357941127891866  0.05541808588945309
  0.05730794459712702  0.05921419719217699  0.06101289829578791  0.06275562970472094
  0.06452651499586379  0.06635928905762430  0.06820909696079493  0.07005233688244809
  0.07193843630782132  0.07394842886854697  0.07610198138676584  0.07828460364825880
  0.08037041746071361  0.08248124104207512  0.08467327917625647  0.08684897850923244
  0.08904682988117618  0.09135469799754344  0.09367606266065522  0.09603013855348684
  0.09845651599401881  0.10095854616014648  0.10351611130637711  0.10610372935536654
  0.10882124456568494  0.11171225653808696  0.11480044722009701  0.11804078022366593
  0.12141741904008882  0.12487370186712413  0.12847097102732222  0.13217000096100773
  0.13580565898342004  0.13942348440627922  0.14305916352361592  0.14673577076671879
  0.15046630054356194  0.15438169079220795  0.15865950350662378  0.16323741344669118
  0.16805588818927200  0.17333862250109369  0.17937070651155906  0.18622638997411831
  0.19400542291978273  0.20420268826702390  0.21830109111851170  0.23722106729157849
  0.26323848544411060  0.30411386393146089  0.40160996464426113  1.00000000000000000
  0.00928387189642831  0.01699885233896557  0.02757320798693213  0.03841099576921449
  0.04886541089100974  0.05907663082032754  0.06973126312204968  0.08051391287158020
  0.09163155432487397  0.10225670421770020  0.11264464374678751  0.12307002022359509
  0.13386751598515295  0.14470470987655207  0.15437900756775078  0.16342028111355988
  0.17206553432394175  0.18090000042660140  0.19070678544541272  0.20127384821193262
  0.21212696323744545  0.22294375819038270  0.23339910138581055  0.24409224436762619
  0.25520206834537396  0.26654208392909873  0.27841063411203526  0.29031148658634576
  0.30109050915838276  0.31149195894208592  0.32241741309917216  0.33362760565777455
  0.34461784017870251  0.35475855819894037  0.36497235335056927  0.37531657458051526
  0.38500767124245550  0.39453566038957855  0.40487981761507363  0.41533477567978894
  0.42538947788517617  0.43455895320779697  0.44413625996561895  0.45469903315054178
  0.46583063496822547  0.47703676187625826  0.48695156386723387  0.49582676283361710
  0.50462630004908704  0.51468847371825410  0.52513543480378955  0.53554092275558163
  0.54621776151080081  0.55646530407220718  0.56576327163794549  0.57520004180098661
  0.58486229227612818  0.59463828866830470  0.60446709018697820  0.61494922555087805
  0.62555237299648281  0.63633503366869582  0.64712520875454971  0.65813282590908895
  0.66935146642627463  0.68067284062924216  0.69176395204107477  0.70264272734699385
  0.71347028516215671  0.72462107739828163  0.73581778685003674  0.74700266426875905
  0.75779813875527102  0.76864629135736606  0.77934173458322287  0.79022191890236693
  0.80093303959569162  0.81157358306953009  0.82210847784636998  0.83307487743788666
  0.84458448233200745  0.85560016727617405  0.86537923396402150  0.87466965650110862
  0.88486732505079391  0.89559935979126337  0.90673222004366349  0.91818460682221947
  0.93005374161250520  0.94122445998235094  0.95050141818065570  0.96080098634990796
  0.97175688175479602  0.98315790538277070  0.99106272130771367  1.00000000000000000
 -0.00001822650008063  0.00010494818259626  0.00021925276279755  0.00035869392237239
  0.00051719802732583  0.00066940869142123  0.00082624666976719  0.00099286955257356
  0.00117951153609655  0.00137319988016751  0.00157401733203308  0.00177532232313943
  0.00198472645216736  0.00220061058432856  0.00244219682932589  0.00266085734471161
  0.00286525838554748  0.00306460141704241  0.00326914780153621  0.00348537622953686
  0.00370932279599871  0.00392923993768206  0.00414038570895468  0.00435347755182858
  0.00456969865974334  0.00479707977342840  0.00502955745347481  0.00527113473147131
  0.00553051234800881  0.00580172987092032  0.00607917796406308  0.00636350597772996
  0.00665690214381164  0.00695391603504659  0.00724148761242178  0.00751760975782196
  0.00779153824434976  0.00807071567812339  0.00834301382520832  0.00861387411513412
  0.00889287249646810  0.00918160720351285  0.00946241527841279  0.00973629328594629
  0.01001522379646681  0.01030254833836407  0.01059714458611625  0.01090505764552074
  0.01120339082072803  0.01149244048270376  0.01178125673637001  0.01208449384870831
  0.01239540919032321  0.01270862496477900  0.01302011042412216  0.01332878011165587
  0.01363120980881915  0.01392669617427167  0.01422388844784546  0.01452962465106641
  0.01483647366919337  0.01513447533068621  0.01542775425506230  0.01572080716904562
  0.01601550172460611  0.01631385205286481  0.01661489343589729  0.01692035050404949
  0.01722557405643927  0.01753261953670356  0.01783624622388736  0.01814243968895619
  0.01843863097832872  0.01874856502278196  0.01904779918878150  0.01936773643012367
  0.01970065085867356  0.02003803532845043  0.02037130066553788  0.02068674465172496
  0.02099421239850836  0.02130853188554748  0.02164354790309111  0.02198127096804985
  0.02233214107613815  0.02269486998114456  0.02308100242905902  0.02347454491444580
  0.02385763398347416  0.02422786611815334  0.02459259887162436  0.02495784645546482
  0.02531674480943907  0.02565401442695586  0.02595138210093574  1.00000000000000000
 -0.00242967622398624  0.00952784589869658  0.01995799613532868  0.03076577209112245
  0.04136253405003749  0.05333072314105260  0.06590108488811158  0.07857242065388449
  0.09094855199441435  0.10235143255088797  0.11532922839140394  0.12723030617866687
  0.13874251420676328  0.15008521590979187  0.16112466481142237  0.17285485189710698
  0.18506855467505454  0.19792896475259328  0.21094207432081680  0.22370296428449971
  0.23564596593189358  0.24757340273431117  0.25931045936344083  0.27100012796686634
  0.28275094146239832  0.29392060130457309  0.30457195366544443  0.31497703015309825
  0.32574777234808594  0.33683282354431798  0.34786270271271796  0.35899788918561104
  0.36972463702414615  0.38046306441427835  0.39096632839285395  0.40155248996335652
  0.41241761400610766  0.42313437526875103  0.43357005430237228  0.44357069016087203
  0.45368583703081455  0.46273097815266850  0.47173566772206338  0.48138399938262671
  0.49066592686235722  0.50013125677257730  0.50942056846576345  0.51867789326178937
  0.52827093339335829  0.53806853289512169  0.54753430247831680  0.55688326547911238
  0.56677647345633686  0.57675527007609106  0.58630858565136790  0.59577757930905173
  0.60496501874612707  0.61500729917643915  0.62540669450127306  0.63601617801598742
  0.64649673630054094  0.65816116657115242  0.67046049765104510  0.68241516253737566
  0.69365325781766107  0.70488850030109362  0.71573903192771415  0.72657733987996209
  0.73669941614116996  0.74625456921254707  0.75562031347110181  0.76506778142022325
  0.77510724034744072  0.78501699388258839  0.79513841081390646  0.80515237268802331
  0.81521864048370463  0.82533693973903854  0.83558904779422483  0.84571060261173703
  0.85515506638347139  0.86439820467374395  0.87396910131733818  0.88395159040184601
  0.89399792426001679  0.90407194765387000  0.91446855022010587  0.92505831274663008
  0.93576294249829273  0.94603181354518751  0.95596669953027902  0.96485359843170893
  0.97335670084603743  0.98177034081345815  0.99026875968551931  1.00000000000000000
 -0.00204346084226763  0.00806574853098797  0.01770397981024388  0.02774166466410052
  0.03951617282647245  0.05136752368797871  0.06263924574199077  0.07411173116591965
  0.08443083786380552  0.09323047553178132  0.10230757775596860  0.11129258411570568
  0.12025484195651599  0.12974223327997597  0.13887848053321469  0.14790472533221732
  0.15715567700903385  0.16669515379041833  0.17681615293435665  0.18725452970064110
  0.19756299369972355  0.20751384703916242  0.21788785728997093  0.22838777028959412
  0.23907659441893395  0.24986484626217911  0.26068020012872190  0.27182836959257245
  0.28345082389162130  0.29482958257118330  0.30580637360973262  0.31646359223802889
  0.32725188368212260  0.33752951047493512  0.34820991522479033  0.36007402014757572
  0.37256089175042933  0.38387244389520431  0.39479555504819580  0.40570050126761154
  0.41608129261553362  0.42644945601762585  0.43681545200441718  0.44751479306147890
  0.45722541643490405  0.46706874710108326  0.47712989870453176  0.48712116593439553
  0.49669133007379118  0.50639426168928670  0.51597628681976315  0.52540591342416798
  0.53468829358495817  0.54403920178941501  0.55400186399811624  0.56497623162207833
  0.57653763723753082  0.58786967614618402  0.59876959286198639  0.60959546284549326
  0.62068176664569286  0.63183887463141875  0.64268494089529227  0.65315113345785558
  0.66357945793422701  0.67435401588311250  0.68535122285207661  0.69626146317578497
  0.70698349490600831  0.71758127603532584  0.72803336391003515  0.73801961718930653
  0.74762352034584056  0.75758249892911289  0.76769437783987005  0.77829075927956026
  0.78923035381015649  0.80021372663183510  0.81119457240017279  0.82187477638438522
  0.83210167777334443  0.84206849997853939  0.85215556448154217  0.86220334660110209
  0.87224387580012119  0.88297660922040289  0.89453526302385922  0.90650997142781042
  0.91852816651410973  0.93049828039571214  0.94244474900104347  0.95414836796761160
  0.96546368051040554  0.97654303819055976  0.98760128688902682  1.00000000000000000
 -0.00217823714292914  0.00932387862711256  0.01966146859665320  0.02986340821693009
  0.04017344896281583  0.05079120809057205  0.06186684925603825  0.07313240043976839
  0.08447879983638772  0.09631685914455053  0.10761911253413137  0.11843904436023217
  0.12881844607454490  0.13892847232103375  0.14871089924938669  0.15808705632496475
  0.16755214825317932  0.17777855117086813  0.18787675115440519  0.19914294657893927
  0.21072539365935108  0.22181603831857877  0.23233568363884610  0.24293674831740195
  0.25396766317936226  0.26472849248893032  0.27504463746198438  0.28539100515842819
  0.29558535076060038  0.30657085351491531  0.31760454585122361  0.32877880166822882
  0.33938951166378850  0.34995256203522612  0.36047589213806136  0.37138706060338128
  0.38154526020717444  0.39141588879142780  0.40145854644314610  0.41196135688742525
  0.42215255010198172  0.43229817711387380  0.44245982530323491  0.45305876854841187
  0.46325383294416961  0.47271257202917061  0.48232330512953547  0.49221759568878259
  0.50249793745941351  0.51291520515550437  0.52335129500524935  0.53332658441923320
  0.54313597669675684  0.55318981129979128  0.56312401220728692  0.57251922767136088
  0.58186492639325293  0.59197136388424632  0.60308361670469912  0.61446845130088124
  0.62581062297230838  0.63731685215037970  0.64873440979283592  0.65983368720047297
  0.67088200775184348  0.68160202354359734  0.69202161512877924  0.70192846081916205
  0.71195942934601242  0.72152671010506941  0.73192914137644960  0.74267448328679586
  0.75326526949441586  0.76319363634249171  0.77317275804470664  0.78270712704574130
  0.79218908727533111  0.80209029774337470  0.81262280875429338  0.82393699096633266
  0.83583180184196348  0.84808831219834513  0.86003776396183140  0.87197551764157810
  0.88383220500235049  0.89593849572796858  0.90781145322191070  0.91932521539087464
  0.93053157333402359  0.94162834608964185  0.95093850995472495  0.96063951923689284
  0.96964114509434729  0.97968676192607962  0.98952986163696388  1.00000000000000000
 -0.00230828348290244  0.00908509517441173  0.01837089251946331  0.02710342038784668
  0.03589037326170916  0.04431663585444170  0.05308645382608679  0.06205845168403677
  0.07108192493913174  0.08039524671023907  0.09083114661383976  0.10227301456493573
  0.11339780464254814  0.12413977992114410  0.13453333304748591  0.14526055470146865
  0.15564671288489598  0.16665127039133418  0.17758490308004254  0.18921073392136212
  0.20108267922034928  0.21338155358153763  0.22521392988535846  0.23671681491117011
  0.24719010760796523  0.25775267960801573  0.26806336133169295  0.27845602814327375
  0.28849164944635836  0.29927144891094787  0.30954576205603634  0.31893406691599230
  0.32952949193904674  0.33927401895118658  0.34968105078904393  0.35979688493675066
  0.37046343475760890  0.38129207645751417  0.39165247188583957  0.40218859776324439
  0.41283557089082001  0.42317062097147612  0.43330803961815917  0.44307236258870325
  0.45341784462094353  0.46463548915244668  0.47606253437028057  0.48703017338080801
  0.49729805845444569  0.50828806442499941  0.51961788560981881  0.53115581553841951
  0.54264390606099888  0.55339220314942283  0.56360902549348091  0.57262942520864557
  0.58129521173337984  0.59083915706407342  0.60107976480369929  0.61213802657232264
  0.62359280543643170  0.63497619502121871  0.64613860620752284  0.65724370776780949
  0.66849524238065516  0.67980786058862364  0.69008500103894133  0.69935258699245284
  0.70852866585717944  0.71876737902832155  0.72992240386173812  0.74120153594523441
  0.75202034993476685  0.76258959092019740  0.77303006780889350  0.78308052632263270
  0.79300995051754153  0.80338545872657419  0.81431007674754052  0.82570956437471976
  0.83740325987344433  0.84891480265993724  0.86032575818848678  0.87106036844633417
  0.88174557050946611  0.89225832448846909  0.90299196872254928  0.91439844672867043
  0.92590794648821606  0.93732288876796199  0.94777703319704265  0.95806936282005872
  0.96841483004604989  0.97872377331494231  0.98954410397931725  1.00000000000000000
 -0.00255086400984899  0.00950338406660978  0.02075285397089746  0.03241753229975320
  0.04341078508743255  0.05415169699541255  0.06453146536052683  0.07530838362496703
  0.08564536209998461  0.09564501387341552  0.10517415996926369  0.11487640502222850
  0.12437631571060101  0.13351896082792974  0.14331193180607144  0.15380211405479186
  0.16397163749483118  0.17357921747937829  0.18337576686023238  0.19398826903738592
  0.20566633503851134  0.21811798380135247  0.23035954003810794  0.24161039135495954
  0.25228013455677079  0.26256325576745293  0.27364839439006555  0.28487974277069295
  0.29592777952338406  0.30688876564553730  0.31821768917705234  0.32990335369966295
  0.34098038957571603  0.35178873642496428  0.36191791282161195  0.37152460628002959
  0.38041262853199304  0.38984394407138145  0.39979995464796597  0.41004875820123765
  0.41951647051908758  0.42924794759880919  0.43910453238552893  0.44947674116172953
  0.46018065346743270  0.47169196104645433  0.48378233208804183  0.49395749733253974
  0.50396983110162108  0.51383903976404188  0.52423976705012487  0.53370650304343570
  0.54386982871630229  0.55431360840528376  0.56539256657435366  0.57706822356740595
  0.58941704669355843  0.60219055996582060  0.61487532606828366  0.62611751317214626
  0.63584398634168260  0.64519545066946804  0.65495536377585706  0.66518560347077804
  0.67554122553760543  0.68623857658108534  0.69763101752067946  0.70928119323660488
  0.72044074000344105  0.73099777522363152  0.74116559426313722  0.75153338652903345
  0.76238406788338964  0.77337727030735093  0.78396528172508617  0.79428223412973564
  0.80459160817978870  0.81483842435392451  0.82484550370912757  0.83496478520283413
  0.84549955267784560  0.85629066489488714  0.86693080468471340  0.87762992944268658
  0.88858576637910136  0.89953067603086556  0.90990741877436832  0.91968949606786254
  0.92944558072625039  0.93926190628014083  0.94912658872730571  0.95915335018191528
  0.96859414791425480  0.97861233849200246  0.98834083774738102  1.00000000000000000
   2.9622579629804946E-019  -1.0000000000000000     
 F F F F F F F F F F F F F F F F F F F F F F F F F F F F F F F F F F F F F F F F F F F F F F F F F F F F F F F F F F F F F F F F F F F F F F F F F F F F F F F F F F F F F F F F F F F F F F F F F F F F F F F F F F F F F F F F F F F F F F F F F F F F F F F F
  <DiscreteSampler_grid>
  grouped_processes
  1 # 1 for a reference and 2 for a running grid.
  10 # Attribute 'min_bin_probing_points' of the grid.
  1 # Attribute 'grid_mode' of the grid. 1=='default',2=='initialization'
  0.0000000000000000 # Attribute 'small_contrib_threshold' of the grid.
  0.5000000000000000 # Attribute 'damping_power' of the grid.
 # binID   n_entries weight   weight_sqr   abs_weight
    19   10   8.228414617556026E-012   3.863295026910816E-022   8.228414617556026E-012
    22   10   5.484689379592526E-012   2.563048481177114E-022   5.484689379592526E-012
  </DiscreteSampler_grid>
