 -0.00000001733681915  0.00000799049806231  0.00004344924923060  0.00015940251292463
  0.00037836471724225  0.00062170542639959  0.00081714258846539  0.00104085210625486
  0.00130605418333374  0.00159095609051160  0.00189277216739596  0.00219871231180015
  0.00252705259812492  0.00286132828572057  0.00320165389593840  0.00359059216444178
  0.00407884227823916  0.00473333325705384  0.00532795114545377  0.00583301395769402
  0.00634097732133252  0.00691673181753948  0.00766010882421083  0.00838613689170618
  0.00905452842081297  0.00964884548004734  0.01020382238320543  0.01081522255928646
  0.01148274570019229  0.01226078937269192  0.01349433138354281  0.01577120816795036
  0.01907104866630554  0.02207768695070817  0.02536760335354681  0.02862355274752845
  0.03137083056071776  0.03417430711075006  0.03691037391936908  0.03927433345181732
  0.04168099072920965  0.04400551695106188  0.04608825424184126  0.04814814954180174
  0.05014823579256770  0.05198769546823463  0.05409235381665972  0.05643002831903834
  0.05885182003775769  0.06112068586033310  0.06317328695599336  0.06522913233243192
  0.06728864225181552  0.06929192012492640  0.07151963199465709  0.07407657965069878
  0.07667259308222016  0.07902857271706031  0.08133388968468973  0.08388810636883359
  0.08691429349267701  0.08966385915617635  0.09243390211382024  0.09639798079192283
  0.10127215298327788  0.10686018429288925  0.11190041984687030  0.11628293679334156
  0.11971909393238458  0.12270120250006646  0.12542808815999368  0.12799734673296267
  0.13072576660515373  0.13333705577001298  0.13592807008178065  0.13859066652469537
  0.14136084523253603  0.14410822592238415  0.14668728692155644  0.14948461114815750
  0.15224287495876127  0.15650254145170525  0.16153011984470211  0.16889511341604294
  0.17692821528161662  0.18486763179940380  0.19292722982111718  0.20245921587836652
  0.21464669454009752  0.22871614161692316  0.24356714023588610  0.26042410942925320
  0.28974476238394731  0.34417934631675973  0.45420053178565711  1.00000000000000000
  0.00833489212821059  0.01664516031824480  0.02369657946421468  0.02912290041591864
  0.03683485927362862  0.04455777631444952  0.05384467515959805  0.06200591637451425
  0.06927309209652882  0.08060303865699836  0.09273430201013316  0.10353747050111191
  0.11372857511314795  0.12470267453110115  0.13799185970083894  0.14872976602661450
  0.15894730159654780  0.17016969744145125  0.18399681431359421  0.19658864671882897
  0.20745181677918662  0.21843850182360086  0.22819261589609457  0.23815483600502743
  0.24864334945645866  0.25973634396551704  0.27297662090987529  0.28609315909314142
  0.29928083437127240  0.31263153955827816  0.32542401561515100  0.33679984113242417
  0.34663832858286919  0.35533591069512943  0.36427888125450386  0.37446721155465140
  0.38799540306926522  0.40202599799637995  0.41482508486524089  0.42815061271607152
  0.44234315302631638  0.45589885895644083  0.46749467322287419  0.47702043183850662
  0.48529234080241312  0.49295070752002423  0.50111768203155738  0.51072772120941090
  0.51938986968641720  0.52708060122713019  0.53569892999804547  0.54497118591424298
  0.55510288196279090  0.56845138854238830  0.58194211377065874  0.59424241825915025
  0.60512393600347258  0.61534876612472911  0.62614445826419529  0.63566433438604186
  0.64229813060909868  0.64954410464823731  0.65667165588606735  0.66496633625156809
  0.67551816607052029  0.68474189763537496  0.69430725512850167  0.70305631989782280
  0.71280625979000289  0.72340614728885211  0.73542407442278812  0.75298421789653958
  0.76845537165498989  0.78292680381142310  0.79688008236133290  0.81045751987021786
  0.82539490834303775  0.84039921494268233  0.85286541071280775  0.86124188627631437
  0.86861979294756564  0.87648422289750805  0.88387645661561709  0.89148197050764044
  0.89820056224142319  0.90604975302357993  0.91596312052623163  0.92789943162934019
  0.93951767128018515  0.95066373503773449  0.95891248639415749  0.96654736130676877
  0.97577024631835985  0.98602815313810421  0.99128781751356598  1.00000000000000000
 -0.00000691532363009  0.00006627960345713  0.00011544502563650  0.00016410117300789
  0.00024270253895710  0.00030631950795748  0.00037870744727353  0.00046702519790282
  0.00059896315414719  0.00076561171878503  0.00091922220968738  0.00109298295687166
  0.00129067966123932  0.00148771377111674  0.00166531610581569  0.00184292727106162
  0.00204085800346692  0.00224533219797936  0.00245375415491236  0.00262067800416577
  0.00277194628736222  0.00290836627469284  0.00304649220539000  0.00319069533296076
  0.00334884834454986  0.00354216332039743  0.00378536821022256  0.00409996536959875
  0.00447329409115634  0.00482085899145126  0.00510113539409077  0.00535481118429596
  0.00562475217632503  0.00591786289638116  0.00625901287490303  0.00659427388450608
  0.00681102889894117  0.00703566701069405  0.00726247190744238  0.00748851269385036
  0.00770803219738229  0.00788976547754336  0.00810982572763252  0.00834494221211101
  0.00858765921054315  0.00883591548944183  0.00929045951863295  0.00974323715108735
  0.01019360919747762  0.01063869326035555  0.01093873870720610  0.01123264006777226
  0.01150926066764647  0.01176931412533986  0.01214040439502127  0.01245833025512415
  0.01275644685393752  0.01301068425476271  0.01325426320345780  0.01349914129159549
  0.01378357913247161  0.01415163631916718  0.01464156987831711  0.01498750073831237
  0.01530680420673463  0.01561183370504575  0.01588579309907406  0.01616232170079506
  0.01651803221954971  0.01686357921366375  0.01721193147740804  0.01763406047034472
  0.01793531618869630  0.01818391403123559  0.01845567032579226  0.01871313460695043
  0.01896494698139778  0.01922874923088846  0.01956053702329461  0.01991607052073804
  0.02026380934074447  0.02058803387087587  0.02095711679357554  0.02137378039228914
  0.02184054135080386  0.02230688992556098  0.02283035534498930  0.02346441884402123
  0.02399261988066563  0.02441672065301167  0.02478117108751267  0.02509317692154363
  0.02535955157417498  0.02566140371783763  0.02593189432644254  1.00000000000000000
 -0.00348718365215101  0.01173607372233195  0.02635075587835844  0.04422997419675715
  0.06007667615923924  0.07706962705832086  0.09412968225619817  0.11304138466474414
  0.13019744879155368  0.14661777146991120  0.16278518177600820  0.17827022325988234
  0.19041370614847150  0.20130316802056655  0.21218186676102407  0.22395196679157767
  0.23619115045123218  0.24711936377847663  0.26004579938430966  0.27100657446908000
  0.27954765245631341  0.28739883030144386  0.29734297387076541  0.30757761969867159
  0.31870681356429070  0.32777675668210021  0.33975338541960970  0.34961216487637320
  0.35633292906401337  0.36536546444326617  0.37301504030950777  0.37953609328621762
  0.38788872387546758  0.39826081084718795  0.40908501798418545  0.41904292813369554
  0.42745900381020474  0.43710219219905433  0.44749245144614425  0.46032655730964372
  0.47331414770048919  0.48499893798978666  0.49609626941658846  0.50877371198372523
  0.51747278488911852  0.52707886353725275  0.53692706120438771  0.54572942573677852
  0.55521018902653496  0.56454586988695798  0.57347784409621150  0.58451388435740415
  0.59524441509271564  0.60614381135065021  0.61630465440901028  0.62516728383658282
  0.63500060917379719  0.65048310572161272  0.66672050557353035  0.67589052689072915
  0.68402120019304546  0.69266668908341422  0.70102202235355282  0.70906056288472852
  0.71603180057648752  0.72194425440636478  0.72790543559129339  0.73697784896889384
  0.75047485856263818  0.76032857817289656  0.76703869639049005  0.77387680975458628
  0.78190399647796593  0.79231348118295153  0.80409934004539052  0.81432968863808330
  0.82344900103182017  0.83316912362322848  0.84551497419801469  0.85778081137721984
  0.87027483537282102  0.88238921563113415  0.89270451339690549  0.90088485818240460
  0.90873664180664304  0.91683633885768789  0.92576984093292014  0.93385410216895970
  0.94176523299182002  0.95031321549645509  0.95879733595377969  0.96695383057336437
  0.97447014053395098  0.98184911093842253  0.99060051239908542  1.00000000000000000
 -0.00217452921366345  0.00797004579396540  0.01660473353330250  0.02500362341352441
  0.03374448272008384  0.04325478486361967  0.05313425411839259  0.06285028841675105
  0.07246861850934941  0.08327455209882477  0.09701944018437504  0.11145272547996686
  0.12465936154602947  0.13792850088691880  0.14697735833315997  0.15355102207153434
  0.15961391746908959  0.16659838451278225  0.17343955934859914  0.17959895270199316
  0.18530311305013361  0.19187906314637151  0.19862529981625354  0.20413190356489913
  0.20957393370059785  0.21898248464525552  0.22766169718310095  0.23660798502849065
  0.24568260129208835  0.25422473511680294  0.26254842295255953  0.27179924495106911
  0.28571304886554227  0.30096659077054944  0.31239242934675793  0.32192712751817820
  0.32942984632042976  0.33467400669574138  0.34041038174523985  0.34634525675410083
  0.35348608631824163  0.36149841305057989  0.37022885874045902  0.38526634861932757
  0.40253689040685886  0.42060856339116670  0.43620426021776104  0.45093708796642423
  0.46512674431474965  0.48033867128201890  0.49428932109921725  0.50666460575544814
  0.52075974319536211  0.53451432533448973  0.54859456422080488  0.56329594462914934
  0.57607979979206803  0.58666550127391370  0.59583559867264235  0.60538225451935068
  0.61512245495473827  0.62558826936332823  0.63637252172364889  0.64589802103359439
  0.65513211817411232  0.66441534316372941  0.67483109556402687  0.68481548107381862
  0.69681529248495733  0.70830434382461305  0.72177893852435637  0.73473699788470848
  0.74700101388181039  0.75781836977183326  0.76578209894292937  0.77364426128130415
  0.78162361803878588  0.79002347433571662  0.80084555388330403  0.81044390194158267
  0.82251253174880146  0.83736643941991151  0.85227712456481142  0.86652365148904309
  0.88039195431886930  0.89463445761534965  0.90958452062429018  0.92430020674752433
  0.93707132376729774  0.94730990641742108  0.95704544907506117  0.96701789507377189
  0.97658411596156847  0.98501073220177982  0.99311533098840399  1.00000000000000000
 -0.00428675377905040  0.01256794017077765  0.02760565975008498  0.03824435137646894
  0.05089359784032879  0.06461864639316565  0.08048993067456031  0.09755338040685220
  0.11276198283575661  0.12614228668897265  0.14111995814375522  0.15522469052662127
  0.16791432165659215  0.17942893066665405  0.19041973884780761  0.19932929471361560
  0.20687562292315875  0.21418032891231728  0.22182032259068044  0.23025892399427572
  0.23990877371481253  0.24941846228963593  0.25929273220868332  0.27141119543137576
  0.28668974596760227  0.30135851093681570  0.31153772630401666  0.32090502055453429
  0.33138980851470906  0.34108997825852644  0.35088702368111047  0.36298113109274938
  0.37611395119539448  0.38566584371351631  0.39311953955846285  0.40008377068245654
  0.40709688807024791  0.41512411151401557  0.42308912520533665  0.43071022041524221
  0.43800533552327864  0.44724311026032448  0.45764742831524169  0.46755011843112615
  0.47747298895537182  0.49054879278879482  0.50333986619038296  0.51372277732382976
  0.52342025535379699  0.53216567585916241  0.54191781133053074  0.55363672348715021
  0.56334242786897404  0.57472135998857676  0.58809515562337566  0.60259400318168554
  0.61743537100087920  0.62730050725044340  0.63309957158479413  0.63917337656397566
  0.64722118010169472  0.65548462183053946  0.66257613965726125  0.66751000860903209
  0.67217064615431932  0.67781032471332203  0.68432099230371690  0.69258612596475999
  0.70337772750337368  0.71932124317876533  0.73596693777215461  0.75159135887443695
  0.76533465009212986  0.77529613196269642  0.78402104531754135  0.79141132899060440
  0.79865207056678300  0.80899384586537137  0.82084494593739377  0.83523943398931411
  0.84557122870909152  0.85577191237103667  0.86773281350749099  0.88026231682614120
  0.89095499541425172  0.90236299249198970  0.91034659451226640  0.91960795120346295
  0.93005285371685398  0.93928430627034609  0.94678768695102755  0.95292830810310802
  0.96031923500056771  0.96965604239711456  0.98265189217738802  1.00000000000000000
 -0.00233843834998787  0.00822713697615341  0.01856269993877681  0.03024242876645999
  0.04211189544484754  0.05194077071629366  0.06039155233857765  0.07192686716923243
  0.08568419346015252  0.10159301779422471  0.11774372951470521  0.13317920895089033
  0.14779985863142311  0.16171754737442853  0.17569723302423276  0.18982809590274985
  0.20286153296403298  0.21622379276875339  0.23052646804565813  0.24566645678539006
  0.25472085351920826  0.26066860333065101  0.26614369478269279  0.27092004677196024
  0.27585974197746949  0.28127605603024275  0.28757221622797785  0.29392109312296727
  0.30108692066301351  0.30823813118305105  0.32007072777933465  0.33638946098509087
  0.35244617439846160  0.36638506874713095  0.38170509131865649  0.39781293373288423
  0.41375012309981707  0.42325354853369590  0.43142469553030854  0.43906336403659796
  0.44795457812809220  0.45974525177707831  0.47281882841119371  0.48448962219574121
  0.49201030827402498  0.50063840482018307  0.50826447610356351  0.51603660513592298
  0.52500075091214027  0.53420895463228779  0.54459102541938587  0.55564855278533487
  0.56536182015516090  0.57334100457730308  0.58112568550303434  0.58940035826759629
  0.59741450144934027  0.60505802237578998  0.61404254690291937  0.62200972722789849
  0.63139275873403689  0.64054096560704277  0.64889048266823657  0.65631646787966591
  0.66367261279829848  0.67176585227068686  0.68052982600786682  0.69067523465199410
  0.70219639664033162  0.71113434098378048  0.72075356583787809  0.73205004519897621
  0.75232648873531094  0.77187241777663040  0.78703970075061613  0.79793560900150351
  0.80534979228052939  0.81134362628072365  0.81767362061897764  0.82393358685162732
  0.83130201770539847  0.83960798558524363  0.84747350045637448  0.85609740647864130
  0.86502991941846563  0.87371031408790067  0.88311931888570494  0.89344978380062412
  0.90611654569216482  0.91720852341847847  0.92765196629619495  0.94036926947737354
  0.95379772032539645  0.96535459794787870  0.97842876895279829  1.00000000000000000
 -0.00438676808894340  0.01999650966993167  0.03846269986684196  0.05064480566102567
  0.06292787498634263  0.07524535885218644  0.08603704933926483  0.09720110253844547
  0.10875874494002363  0.11733536457936679  0.12679453447521458  0.13679342302541392
  0.14720336895567820  0.15943630653451646  0.17104687972954838  0.18216454877932881
  0.19235102676470009  0.20168814047168696  0.21296493786512102  0.22331454033949746
  0.23115567072511409  0.23796935375692052  0.24508249894779388  0.25288741889758615
  0.26353936700869879  0.27351390719972984  0.28396757035689785  0.29608946848244388
  0.31100963410792060  0.32738822970285958  0.34437531329111354  0.36167063394903703
  0.37854863171224595  0.39304418412209607  0.40785297075549676  0.42027604606293434
  0.43144282763007108  0.44293073798983545  0.45519955709049853  0.46652685786571230
  0.47766499407572344  0.48801267579015928  0.49788066690096827  0.50666322868028424
  0.51536385598535817  0.52412764478864837  0.53339816476874446  0.54434710695442901
  0.55812241121045547  0.57044679222581951  0.57939751766226899  0.58882710946512062
  0.59840421881658989  0.60807792167427854  0.61746321787578085  0.62697399143735999
  0.63771623994296034  0.64961713930166609  0.66114925682398895  0.67090098887367000
  0.67889256197236225  0.68623620810745023  0.69438270165788696  0.70369697019620203
  0.71500357229995659  0.72753468652422171  0.73918412560826185  0.74911659380925666
  0.75809546049131071  0.76725771118316843  0.77663414063108949  0.78731639417720523
  0.79696886032820347  0.80643820394703414  0.81655574768864814  0.82666812046401639
  0.83621440228992239  0.84613386293457538  0.85751426985336188  0.87072856172559787
  0.88206662123544077  0.89048417784826261  0.89773406995215210  0.90347577730211204
  0.90935205964548682  0.91580433533411632  0.92326295385492330  0.93417904764174930
  0.94703142790524508  0.95881744121013979  0.96666954891595613  0.97432863395055980
  0.98174540655954368  0.98881849533065114  0.99433383800056097  1.00000000000000000
   1.1522392667592758E-017  -1.0000000000000000     
 F F F F F F F F F F F F F F F F F F F F F F F F F F F F F F F F F F F F F F F F F F F F F F F F F F F F F F F F F F F F F F F F F F F F F F F F F F F F F F F F F F F F F F F F F F F F F F F F F F F F F F F F F F F F F F F F F F F F F F F F F F F F F F F F
  <DiscreteSampler_grid>
  grouped_processes
  1 # 1 for a reference and 2 for a running grid.
  10 # Attribute 'min_bin_probing_points' of the grid.
  1 # Attribute 'grid_mode' of the grid. 1=='default',2=='initialization'
  0.0000000000000000 # Attribute 'small_contrib_threshold' of the grid.
  0.5000000000000000 # Attribute 'damping_power' of the grid.
 # binID   n_entries weight   weight_sqr   abs_weight
    25   10   2.060411327913244E-012   2.449771604177690E-023   2.060411327913244E-012
    28   10   1.326830596901222E-012   8.065741439324271E-024   1.326830596901222E-012
  </DiscreteSampler_grid>
