 -0.00000000454406221  0.00000273715297807  0.00001852087486634  0.00004881384231854
  0.00009477388498106  0.00015493117110969  0.00022837919003166  0.00032733647833833
  0.00045842129452095  0.00058856602086190  0.00071955939548856  0.00086200882201504
  0.00101607572436900  0.00118247733560997  0.00135976332033777  0.00155716635997535
  0.00175846602164282  0.00195007995472300  0.00213757850501766  0.00232159605299941
  0.00254529679880452  0.00277426685941336  0.00302937757904636  0.00328761130702215
  0.00353104716007228  0.00376675150133449  0.00401962757695714  0.00425658080848744
  0.00447517728601566  0.00469302266924215  0.00492834929269756  0.00517708093325393
  0.00545990614014156  0.00577241976921189  0.00610516502497491  0.00646155230707517
  0.00685108609843526  0.00734028746409220  0.00785617301317359  0.00844265098825248
  0.00910731843252671  0.00985522336753849  0.01075012302435676  0.01155831698327090
  0.01209762891009319  0.01247241141141777  0.01275318613549750  0.01298548291389763
  0.01319486208514377  0.01339337088521088  0.01357046222734546  0.01373671222456051
  0.01389502385181362  0.01404787111020006  0.01420271320725157  0.01435944572822620
  0.01451966614804449  0.01467609618908139  0.01482984304644123  0.01497815301745136
  0.01512370200209660  0.01526387665712125  0.01540718659218023  0.01555290780611220
  0.01569726087197866  0.01584337912523921  0.01600600473559065  0.01617171197358398
  0.01634088711602248  0.01652120587957531  0.01669905252935024  0.01687870108145373
  0.01706527988451599  0.01726165916599013  0.01747080523772766  0.01769108458487511
  0.01791206930335503  0.01816821976111543  0.01844027426811536  0.01872946589605453
  0.01904638562483899  0.01944860526252922  0.01987481980065351  0.02031043967589559
  0.02073994439266483  0.02119630900816799  0.02166770276134929  0.02217605604159442
  0.02278549718257811  0.02346803156720628  0.02436070545611465  0.02590479208030461
  0.02841541809398361  0.03384594612888746  0.04844242573987582  1.00000000000000000
  0.00867366118462011  0.01782568325159992  0.02847704336908724  0.03922961743619880
  0.04941324500456156  0.06019839341113427  0.07085779238540421  0.08163074597005779
  0.09087273015068485  0.09966896537249852  0.10827914585502883  0.11630068972483323
  0.12372598592112143  0.13161217331818051  0.13941603142303169  0.14822017807620333
  0.15855844972541722  0.17006349364807913  0.18173078695469841  0.19344744499341865
  0.20409412988492104  0.21473435231367130  0.22611971678460660  0.23840981123884608
  0.25200763179493113  0.26422387643899053  0.27591387002790108  0.28686672280302966
  0.29789243236680912  0.30840653821021224  0.31748299118846829  0.32570836394132141
  0.33411501862725901  0.34357330085823884  0.35441910610936717  0.36487546884736877
  0.37428025817998251  0.38540642272482750  0.39711098933597094  0.40804189418142850
  0.41942715306480205  0.43067622149773116  0.44180154892544432  0.45230371594866681
  0.46344113802345244  0.47520183492216317  0.48802994652872173  0.50223482505618089
  0.51593899753816397  0.52819972552485239  0.53795367523851001  0.54715044382202782
  0.55663096974801740  0.56577329346397220  0.57489159155066627  0.58531469802744007
  0.59679200871559623  0.60823933322793589  0.61991193974107117  0.63256198744394021
  0.64505814120239602  0.65706349083569060  0.66989419525175131  0.68359483979683333
  0.69690051453121749  0.70866239171008771  0.72093624971660386  0.73470237369995905
  0.74936872871120208  0.76127632599742190  0.77266672862727104  0.78469972693544410
  0.79731490859127030  0.80956732721290592  0.82170531782693568  0.83420275604381489
  0.84589107980489753  0.85467289614843267  0.86116625138272185  0.86776692978510861
  0.87419676253262013  0.88085229585038616  0.88851262635487638  0.89684850042216813
  0.90561659174371156  0.91521641061807690  0.92666973951557141  0.93886666618018966
  0.94862552812663548  0.95768184401081968  0.96657045657966179  0.97444891487670049
  0.98105265091376970  0.98705902031393911  0.98976863247783364  1.00000000000000000
 -0.00001734740124780  0.00021039970339406  0.00060156596106970  0.00124511288518808
  0.00212117154219629  0.00319959965945727  0.00453148136484607  0.00661535758255856
  0.00861481571587356  0.01026574882072071  0.01231704646986650  0.01430891889225690
  0.01631997775029889  0.01894134731823327  0.02192728495840086  0.02471905452608598
  0.02765421825020056  0.03103133106407186  0.03415324466795100  0.03709380989546828
  0.04033611656890991  0.04413773640484207  0.04911883582761465  0.05420419071729460
  0.05876212738022280  0.06343586662094348  0.06821965102446854  0.07342733688889531
  0.07845372747429104  0.08261652271643442  0.08678589194576254  0.09107280941739962
  0.09568631015807667  0.10088243917397102  0.10619461847092158  0.11156829465852983
  0.11690151463463380  0.12238340255401246  0.12814289971884962  0.13478207854983801
  0.14143771322818760  0.14794350807584367  0.15405290945856315  0.15997657537257334
  0.16609699658701668  0.17285960378901963  0.18097596722802128  0.18981002472861799
  0.19903751500537234  0.20953087255428141  0.22078919996355648  0.23192874530812965
  0.24236585312423478  0.25314045222318826  0.26480971412078230  0.27744180047035832
  0.29130619087866494  0.30645804482668548  0.32273032945764030  0.34128579200115183
  0.35750347509051894  0.37158646227959696  0.38564253435960688  0.39940907336584425
  0.41297730795105680  0.42639130306488526  0.44001291769885659  0.45426102659745926
  0.46835516104010649  0.48562330611348675  0.50356919413210255  0.52308965720622913
  0.54326768261961955  0.56263505957372362  0.58060327414067103  0.59430960240231712
  0.60684508323326547  0.61929541351427753  0.63184870650229008  0.64512433408114800
  0.65971235446690035  0.67522101807221535  0.69057725672681969  0.70549630347281966
  0.72128814218664539  0.73805868519166695  0.75545549032112258  0.77219901382333589
  0.78668492639602816  0.80080348908244869  0.82078064686592478  0.84227839487831424
  0.86847977317757730  0.90145104274595322  0.94493368295091695  1.00000000000000000
 -0.00235565076515159  0.01025821103303304  0.02094909197874936  0.03172311905503507
  0.03990512917824462  0.04894246435921072  0.05833115370408599  0.06622920116090456
  0.07440267265861164  0.08354071202885903  0.09524547837644236  0.10600375458213102
  0.11738300161258612  0.13114151653476755  0.14713627332421481  0.16138400725375499
  0.17373333707084818  0.18493125229923268  0.19572112177774775  0.20608374408445213
  0.22457538465869367  0.23484419409940324  0.24229884917598002  0.24983613607617422
  0.25694735862944762  0.26443059018728915  0.27148304981416926  0.27847479228094946
  0.28625767817543507  0.29450878715100864  0.30361998774392474  0.31182755440932164
  0.32138947886113800  0.33166104219877612  0.34148470510388673  0.35183245820577169
  0.36297950546025043  0.37281986278480256  0.38143531881358039  0.39046354193409982
  0.40123841197891480  0.41271513354390399  0.42432871972740482  0.43633222031143581
  0.44753574309191979  0.45794736104938988  0.46928625136561070  0.48100273179103165
  0.48981835923128236  0.49909697416787280  0.50899805305771906  0.51937820159467896
  0.52932904229205124  0.53916992925345153  0.54969222355554148  0.56158505498157585
  0.57257195574269837  0.58324638300836218  0.59394349317778172  0.60505447000996804
  0.61563586316054419  0.62889275937056499  0.64133294754879389  0.65363747855721088
  0.66443871928177578  0.67399714340000239  0.68271980515200237  0.69183219372308846
  0.70136379655096670  0.71381325802858786  0.72816387983429887  0.74231186695103490
  0.75586462455493375  0.76858162868312518  0.78040206077471241  0.79203452628501159
  0.80383372112191309  0.81482441465406275  0.82530462320957809  0.83604589802883122
  0.84762215349666603  0.85797510172402225  0.86676404134102736  0.87546733530505527
  0.88400043492191294  0.89351866593063811  0.90310830738334891  0.91311762444583233
  0.92287897423126841  0.93268520381979136  0.94295008536068625  0.95388772062262750
  0.96540413905261147  0.97709729695973668  0.98864871087692441  1.00000000000000000
 -0.00162228307589269  0.00704610851036496  0.01428375377461043  0.02189381936440429
  0.02975166765936934  0.03886328348582017  0.04719700428424048  0.05792532410065788
  0.06716585890553475  0.07747621742798719  0.08784956496159857  0.09844777385038855
  0.11117569576329987  0.12551729241904810  0.14074316841011852  0.15644438801626687
  0.17194547716548647  0.18713661065663648  0.20146525576084956  0.21408297225360906
  0.22522408110151751  0.23702022328506586  0.24873149688851362  0.25989846373363579
  0.27126758688580960  0.28039363882668278  0.28937313950510701  0.29871183425677866
  0.30882753656120027  0.31990320009249490  0.33116324039384082  0.33962150554531939
  0.34717274759561728  0.35492299103652442  0.36236811927978863  0.37001725526252038
  0.37778725017403658  0.38559488286344240  0.39239512952708644  0.40329357298102225
  0.41663180162395336  0.42869450417731597  0.44051672855777912  0.45239450224184241
  0.46226037681122728  0.47054382043078274  0.47868742779044715  0.48836596524302944
  0.49869076100262366  0.50765999270220141  0.51642362533351438  0.52641276086560063
  0.53644665592813923  0.54559649665687737  0.55454130009923597  0.56588374869188929
  0.58001007922708636  0.59353272234100918  0.60364360037875864  0.61239111741226981
  0.62063017184144098  0.62865013655702717  0.63585263101588418  0.64316830423170135
  0.65054009383155154  0.65840844383609354  0.66602534533171931  0.67313552613392458
  0.68067850599708379  0.68896599559691230  0.69776955662494800  0.70696650898135849
  0.71533277014416208  0.72502108641930019  0.73569466278954343  0.74900488769982743
  0.76398113655986233  0.77858513238251337  0.79274450976395494  0.80605011198434040
  0.81817341234834995  0.82901604088168357  0.83967802828958105  0.85043450239807872
  0.86207803201597288  0.87512327838687176  0.88697034443904088  0.89798878593203302
  0.90952276582619673  0.92081583542661161  0.93383197898455383  0.94724675885948950
  0.96024906560406986  0.97272794199768386  0.98506699344308490  1.00000000000000000
 -0.00202301740011547  0.00983305686949163  0.01898161954379103  0.02835026343545748
  0.03774501270673702  0.04784167440593070  0.05913895209551861  0.07189744832203727
  0.08463199057098152  0.09673836613199907  0.10811638597364237  0.11883119331604378
  0.12779754254878659  0.13589846216913568  0.14425847035411676  0.15182176007314405
  0.15878397103040029  0.16551371831955294  0.17359785239808950  0.18265731651253483
  0.19244891508486081  0.20905475889270766  0.22374849678463782  0.23381178782550679
  0.24115079276087054  0.24855821966010991  0.25709266495055311  0.26576355881424629
  0.27354286755532981  0.28060079995952980  0.28717160904097039  0.29565268613412127
  0.30738613029812151  0.31611771374449532  0.32442716493394125  0.33324355452886373
  0.34485921187976432  0.35631874941862185  0.36582732855383426  0.37485012203858842
  0.38393042801903787  0.39445444211621566  0.40590141701286608  0.41758378299929994
  0.42928281680372044  0.44221185336028263  0.45499678737794153  0.46684889637220583
  0.47767894207704925  0.48668302475149133  0.49488733203732710  0.50382141883548504
  0.51278559409808966  0.52137886054528226  0.52931207812490977  0.53730992811107470
  0.54663491113332963  0.55763779029022975  0.56972405481351718  0.58427581832782105
  0.60012668570976502  0.61176763524040645  0.62084573177720970  0.63031278127550550
  0.63964423153750771  0.64829349891858223  0.65628108268310514  0.66382481124146198
  0.67394097763699012  0.68610288793371332  0.69883575541882037  0.71151833406912002
  0.72384296616402755  0.73563704816129971  0.74859067789257583  0.76185679510146442
  0.77616832483256437  0.79004961373924720  0.80251876306703829  0.81349248494412818
  0.82384165106105023  0.83468419755346979  0.84834814452429164  0.86176330611094976
  0.87484538049137073  0.88868774322694211  0.90198935887690890  0.91192644343525608
  0.92276527849339229  0.93257416975297636  0.94305907173820336  0.95252720398858426
  0.96311933568486630  0.97517127409017035  0.98786757571262529  1.00000000000000000
 -0.00174544523890799  0.00978696921410439  0.02071202817424673  0.03238149778227883
  0.04450941138942215  0.05749213124686268  0.06886295275664614  0.07775907379934813
  0.08697671969165131  0.09655001160398491  0.10640299601488835  0.11660247390257888
  0.13025000561750508  0.14545116304172709  0.16001169078939620  0.17452344210657297
  0.18706853775858306  0.19846174539969882  0.20905957862302776  0.21964389535007436
  0.23107699549949762  0.24230001381746999  0.25419848675432255  0.26745277659813377
  0.28261797667833921  0.29538675640955908  0.30465723211607809  0.31261091367093141
  0.31998778875932316  0.32821666943902811  0.33728787436185326  0.34549031321362106
  0.35256882791333383  0.36399044590217416  0.37659003484746145  0.38739460151109545
  0.39660332877128945  0.40561807446866888  0.41422582125588148  0.42211883300240882
  0.43136015984638681  0.44193269530158097  0.45151675630902233  0.46091485014254663
  0.46912904045876697  0.47688379797439545  0.48596764870080900  0.49597793557427422
  0.50576871586597127  0.51563944152786223  0.52512359558492550  0.53466763938356621
  0.54480338121874217  0.55541005320856196  0.56641019266802328  0.57727579450301736
  0.58882911385061187  0.60207495240892106  0.61675780790277479  0.63484934750137667
  0.65002451000240546  0.65992501952646165  0.66925808729632275  0.67743563882640589
  0.68587872323052779  0.69414399906052027  0.70263488487616421  0.71196880794036099
  0.72255198676532739  0.73336272389965607  0.74387694198430721  0.75413289080001278
  0.76482979010993379  0.77738307312732569  0.78906159909000184  0.79769639442553852
  0.80437378520824443  0.81144387485779823  0.81870617622595165  0.82557223367319410
  0.83293096168337455  0.84018693292506641  0.84697843620730928  0.85455429552283202
  0.86614660272346422  0.87884883954759274  0.89074527226489331  0.90175908282692530
  0.91301010727489429  0.92388665781882717  0.93498021891920247  0.94703877436219563
  0.95959899594199771  0.97235897405068095  0.98573209056131905  1.00000000000000000
 -0.00288305158806423  0.01174314144025978  0.02357278975419675  0.03551529865437957
  0.04785885628941780  0.06017749937947600  0.07174655336188679  0.08196374459089821
  0.09079067717942732  0.10057682044432581  0.11002396974044444  0.11926150885966834
  0.13174187012517158  0.14174536596924164  0.15154061545829525  0.16179362286013124
  0.17176858953469987  0.18083405226200175  0.18991166948713190  0.19930849958641433
  0.21041614349657170  0.22179814501903095  0.23144469212221708  0.23781042271361219
  0.24444561615440213  0.25029607959685002  0.25572370835589253  0.26187003698445149
  0.26957438301372327  0.27720898081675188  0.28422266793414203  0.29156561819614935
  0.30402252347865388  0.31998033009755900  0.33570647127231645  0.35006068125187290
  0.36388059449260785  0.37774136057971658  0.38972284983424804  0.40184679249255062
  0.41382639806034560  0.42722885238179692  0.44022212711746300  0.45181215650950929
  0.46316669867091248  0.47578938063251919  0.48764795238350012  0.49848932044396355
  0.50884118578054560  0.51929249183698611  0.52929643852655972  0.53963521808612702
  0.55192110724505317  0.56555343543284797  0.57771044207682520  0.58726207803148966
  0.59611392419910081  0.60676110421717655  0.61633531211958037  0.62580001495281623
  0.63473224752231905  0.64325641499462460  0.65173626862749134  0.65950490465810496
  0.66671306209812353  0.67407798480571668  0.68173084068954382  0.69014855278901632
  0.69869618316840931  0.70692620292049357  0.71545100439152765  0.72444640995930543
  0.73637225643910020  0.75031876059487668  0.76277473913390204  0.77404668133622478
  0.78518091262871592  0.79521854464102071  0.80475660681220607  0.81508676606814157
  0.82755067712043207  0.83879153058862888  0.84903969710024052  0.86171287480431069
  0.87446170722898497  0.88532969946699314  0.89533448712618047  0.90580293597369177
  0.91585293467226969  0.92617386119837486  0.93451347247355676  0.94478554313263341
  0.95633919678694557  0.96872087691336572  0.98411395036615845  1.00000000000000000
   6.2790257067401937E-012  -1.0000000000000000     
 F F F F F F F F F F F F F F F F F F F F F F F F F F F F F F F F F F F F F F F F F F F F F F F F F F F F F F F F F F F F F F F F F F F F F F F F F F F F F F F F F F F F F F F F F F F F F F F F F F F F F F F F F F F F F F F F F F F F F F F F F F F F F F F F
  <DiscreteSampler_grid>
  grouped_processes
  1 # 1 for a reference and 2 for a running grid.
  10 # Attribute 'min_bin_probing_points' of the grid.
  1 # Attribute 'grid_mode' of the grid. 1=='default',2=='initialization'
  0.0000000000000000 # Attribute 'small_contrib_threshold' of the grid.
  0.5000000000000000 # Attribute 'damping_power' of the grid.
 # binID   n_entries weight   weight_sqr   abs_weight
    25   10   3.378310661358269E-006   2.306101420447037E-011   3.378310661358269E-006
    28   10   2.751730354165938E-006   1.958663882419030E-011   2.751730354165938E-006
  </DiscreteSampler_grid>
