 -0.00000002340078781  0.00002680919181411  0.00019686681058758  0.00056341386529711
  0.00111321049252269  0.00186809954065336  0.00278320718642213  0.00396750417982355
  0.00542447890961568  0.00728456444087111  0.00994243750736765  0.01225429622164262
  0.01347384870489841  0.01439744097130082  0.01520358890286528  0.01600646658511812
  0.01681921744409803  0.01765945218616582  0.01854020282311124  0.01947446402466100
  0.02047392084572317  0.02152224170304882  0.02259602576685819  0.02367950082831080
  0.02485046550692223  0.02606247135508980  0.02730580399266733  0.02856233854452345
  0.02984779860304290  0.03118792568248131  0.03260456731971389  0.03409664247330711
  0.03562900781819107  0.03719200822576916  0.03875807723748348  0.04032670427941217
  0.04197801112757137  0.04367807849575522  0.04537777780208114  0.04706604318316879
  0.04875561309757717  0.05045298034074993  0.05215743443515316  0.05389178588697933
  0.05572267582481970  0.05776507800637341  0.05981452283129689  0.06190689830953291
  0.06404852826848471  0.06622902244037913  0.06844644668563925  0.07070377937376847
  0.07292514875605441  0.07527765022280059  0.07763080165390239  0.08001481727809964
  0.08249118276615085  0.08505367179189162  0.08761806370395213  0.09017527569462824
  0.09289767519394358  0.09565428260945043  0.09859621166521455  0.10160322506783892
  0.10462066767353859  0.10766395445793771  0.11076479440391288  0.11386914848700715
  0.11711147703694080  0.12055426791096412  0.12416375787126861  0.12786677257951623
  0.13160176718823344  0.13549623430961447  0.13945961929567344  0.14347090685493832
  0.14764092165967502  0.15204725536835437  0.15669910107793555  0.16167645403779166
  0.16745399693748658  0.17327391569743589  0.17914660310376687  0.18539451075852320
  0.19186373522258068  0.19866352098923870  0.20677021678931071  0.21705481145144292
  0.22814305028790616  0.24019490953424674  0.25362530277865009  0.27019933122052603
  0.30236550647391086  0.35899458303443310  0.63302460249789361  1.00000000000000000
  0.00933458820000030  0.01681995221283486  0.02733588992790230  0.03911634556516105
  0.04998943632128715  0.06065258860909595  0.07120391252077114  0.08181422389368323
  0.09232854737467459  0.10323286119626146  0.11327487473798355  0.12324493341402640
  0.13276738884827016  0.14229929235257974  0.15230472616639254  0.16244784667109124
  0.17289298055572341  0.18286882820933345  0.19266448716963297  0.20165693451573147
  0.21062131310973425  0.21982784747899786  0.22975260414410525  0.24054811829323011
  0.25089425910747615  0.26037245025508465  0.26976042210912049  0.27924968070677164
  0.28893868648881010  0.29906676940496069  0.30954958091954121  0.32081674969925900
  0.33235075253094465  0.34298863055522744  0.35321658919953119  0.36356973628772554
  0.37412893650356849  0.38429448411335171  0.39412733144519047  0.40424134368850712
  0.41447790953980296  0.42452046559218254  0.43472206965715865  0.44563264800449914
  0.45674310228165310  0.46746263226187879  0.47796069817382353  0.48847648000192245
  0.49918944472026139  0.50996262578820528  0.52112082419551109  0.53326979538773767
  0.54439533428679299  0.55436200044109185  0.56393402845251783  0.57337172828703631
  0.58272941570853498  0.59194245126343858  0.60137871670076082  0.61129702393623941
  0.62157181039279130  0.63164555635971298  0.64151561722421879  0.65130716652824105
  0.66093280546959088  0.67072567991288601  0.68052755425810807  0.69050998281146403
  0.70103491706593735  0.71223022879710773  0.72416028611779315  0.73677157423245687
  0.74963959189942275  0.76215699753526855  0.77478948569413586  0.78735294756174434
  0.79919037273919302  0.81063686268511703  0.82198793496130751  0.83288963063491306
  0.84349790096924449  0.85405719049264561  0.86487738429468575  0.87585783329441891
  0.88636626902476090  0.89715009874557727  0.90844991131768049  0.91991707411964474
  0.93110768346240291  0.94179443043297140  0.95168858878453710  0.96166968870026182
  0.97143542003331940  0.98197591722854616  0.99115928104055762  1.00000000000000000
 -0.00001719708547428  0.00019709624568249  0.00052970309942561  0.00107688219114829
  0.00172033258339499  0.00254284120576057  0.00355291378040745  0.00471026687919951
  0.00590716203186082  0.00720949234984952  0.00870497689870467  0.01028450042657688
  0.01194906828238418  0.01372073034876831  0.01565165743064043  0.01780416637569947
  0.02004286345149251  0.02233604623969233  0.02464856711692817  0.02705647394989600
  0.02936372402293605  0.03186141740733543  0.03454540954828909  0.03745807955703818
  0.04049060570768541  0.04351866293704498  0.04647945628134283  0.04937513077891923
  0.05234211413267367  0.05545680224198119  0.05871027775021053  0.06200247871695132
  0.06523986909005000  0.06855619985875408  0.07199862278627747  0.07541985316625112
  0.07894562719141007  0.08259104776057474  0.08649012410367830  0.09063553241973403
  0.09496475024266604  0.09948084760032475  0.10393025555256244  0.10890408918191538
  0.11415716156505268  0.11877245641158551  0.12323193189651482  0.12767594150512776
  0.13214917270625212  0.13657019397920450  0.14088700350551939  0.14519106180810304
  0.14956860867981289  0.15394338223069270  0.15841226123149363  0.16296917094613589
  0.16800278436977048  0.17306212753760367  0.17824091296173900  0.18361691340996525
  0.18912081985135887  0.19466780591093485  0.20028831356941340  0.20606721555559698
  0.21198615301843035  0.21793705453072479  0.22389893686976434  0.22982378349583826
  0.23566453755989308  0.24141964785286674  0.24703506312713183  0.25314935271410971
  0.25942834231362677  0.26563973904212174  0.27177080121593633  0.27833586574970892
  0.28507143000501589  0.29185100041997281  0.29865791155871624  0.30552409872342268
  0.31253378005606319  0.31958963259767359  0.32666625637559643  0.33391115005535610
  0.34131057887237726  0.34871086001821833  0.35619746181486683  0.36362879834188638
  0.37092663730149444  0.37808728741012210  0.38570194185379397  0.39356366864874459
  0.40091732537906416  0.40725459729226182  0.41210717537156161  1.00000000000000000
 -0.00305696593947359  0.01227212949124226  0.02478278418121940  0.03565116838656507
  0.04675029869869365  0.05719904781859788  0.06830721782495128  0.07999460995866350
  0.09330607229187694  0.10669811043509424  0.11893764459199278  0.13032326055161303
  0.14061432835147883  0.15033709413704205  0.15961012770372843  0.16902310914142529
  0.17905918214273317  0.18979298713001150  0.20010242373892095  0.20967635289804190
  0.21903410523933947  0.22920613936839127  0.23986263707733402  0.25073882447025997
  0.26184792843515164  0.27258271105251447  0.28317713006513023  0.29360628776308756
  0.30478246893066008  0.31588676763815038  0.32712917090559485  0.33890272110927067
  0.35069572108427977  0.36224927822189124  0.37327147797680660  0.38449717610382739
  0.39602906648739683  0.40585455863860648  0.41583269454072946  0.42525206444238112
  0.43457996285746658  0.44389091330537322  0.45296143321186016  0.46246679279056468
  0.47278564541022117  0.48407515063113010  0.49610300851133687  0.50752556540888250
  0.51821197510927530  0.52821658907780678  0.53776981623366404  0.54691324583685141
  0.55577316607202898  0.56532409876444611  0.57586832525489495  0.58621424954656254
  0.59625392919858300  0.60662376438562637  0.61781292974979374  0.62907028918336205
  0.64002348906854123  0.65068809831097285  0.66080895941684636  0.67105128099009859
  0.68172949667986893  0.69274475409685166  0.70394362209675265  0.71510315077736086
  0.72607113070389018  0.73655921956636394  0.74665566545686146  0.75656672772455880
  0.76613039511726877  0.77579527795340586  0.78530547396155248  0.79497828749969135
  0.80476610310400054  0.81468225024799112  0.82489901007702371  0.83510436688945489
  0.84524936624176383  0.85549878779411159  0.86590472968207877  0.87624865993626766
  0.88638907843862857  0.89625677768203937  0.90572427115038023  0.91503908270382206
  0.92445969725415600  0.93389991243724635  0.94342437354358089  0.95301390544926801
  0.96328381747966785  0.97484310571049260  0.98685850151481114  1.00000000000000000
 -0.00349847068944117  0.01227566634731733  0.02536750507606114  0.03829377962704310
  0.05021561248043536  0.06107648597749958  0.07101019790877743  0.08077305196465440
  0.09020279183113467  0.09932367476970787  0.10851471789799885  0.11783488669180678
  0.12710303709333576  0.13704477778411908  0.14719947543538303  0.15663987896705706
  0.16597439447315318  0.17506089322243812  0.18455500741963829  0.19404847232817038
  0.20386193034317268  0.21411702783816713  0.22463058884245518  0.23522335867288735
  0.24608625876011270  0.25754594986112600  0.26955853679631753  0.28174423301991303
  0.29355412806053049  0.30439364788264833  0.31458802313877099  0.32433652892632564
  0.33385181183863194  0.34334331441957949  0.35281859781112035  0.36245546212659324
  0.37213992757155401  0.38271747392587274  0.39413460663324412  0.40563466446985019
  0.41692892020225514  0.42745361177961394  0.43775973307571664  0.44807469380928966
  0.45801656095915300  0.46770501417120047  0.47718364920440831  0.48690832948320351
  0.49685758485634329  0.50689734065054404  0.51715746640443894  0.52800403497536585
  0.53919269675601311  0.54989902020304515  0.56022397998510065  0.57058097329106416
  0.58111616340366334  0.59167806895592201  0.60229235744497189  0.61309504286768912
  0.62447966773635855  0.63599740468113375  0.64751660111438747  0.65825858195752041
  0.66885099610175158  0.68007514261608559  0.69091491937447269  0.70113848101903797
  0.71142838387651552  0.72238924557917128  0.73343023512430661  0.74428277235160301
  0.75468436903663916  0.76513036718174343  0.77551207974606784  0.78635029133101986
  0.79726300009692053  0.80896758438314542  0.82114866621500204  0.83334411027818500
  0.84491605857210805  0.85558170378692699  0.86567061796071343  0.87581777209290435
  0.88622967558922983  0.89712115145779958  0.90849252603853503  0.91958442284585473
  0.92996748649596350  0.93991511023032048  0.94913898296429000  0.95911685192762819
  0.96913030267414402  0.97933361692537735  0.98957823279758417  1.00000000000000000
 -0.00215773774514230  0.00855786931640019  0.01725939253915507  0.02734241212895373
  0.03710303234873229  0.04882875685060187  0.06175128052626731  0.07525372454242926
  0.08779124803544025  0.09974516716658290  0.11087078225899120  0.12164748944961065
  0.13274025523105157  0.14419270481421900  0.15559023526712190  0.16711842466718438
  0.17904016583419405  0.19091029763876410  0.20267342490310575  0.21404668849013023
  0.22477934053045029  0.23525199370560385  0.24523563138652535  0.25508530347227315
  0.26502482284243506  0.27563442283168743  0.28651336142258704  0.29736903482510602
  0.30863965163705354  0.31976080018288583  0.33089646191276340  0.34153819851310313
  0.35203598287693788  0.36198417577585718  0.37185588519897916  0.38230474103725015
  0.39295312689803125  0.40305410017748022  0.41290291120165062  0.42284605776388484
  0.43294340617653004  0.44271695270207601  0.45212023916583999  0.46200434190406797
  0.47257301374961835  0.48334880803462227  0.49411336908798648  0.50498258909466875
  0.51626900745027282  0.52719190348558109  0.53768403012777788  0.54805301531586115
  0.55837085327060065  0.56996011974963878  0.58191576076083340  0.59358092755139757
  0.60516079857771365  0.61649437753577707  0.62727340944057541  0.63689414063246363
  0.64635305331649107  0.65618899126762853  0.66610511143743656  0.67558250779247309
  0.68494015880625259  0.69446659231145935  0.70425493810382922  0.71432902414419652
  0.72438797439310842  0.73483891567446058  0.74551259898093936  0.75643446046847929
  0.76770603878375632  0.77954284372955751  0.79118063719529197  0.80235943738176851
  0.81300288740066606  0.82332269345605835  0.83314885082617973  0.84234292455800341
  0.85115134069474718  0.85985189768288861  0.86843361136336072  0.87717946606827857
  0.88603048769429893  0.89509902645449779  0.90535655705758167  0.91559278903190189
  0.92653267837856235  0.93750102934864876  0.94827663505185211  0.95918280402328926
  0.96948616646047237  0.98012774643613554  0.99008873118960095  1.00000000000000000
 -0.00223061816931920  0.00836991002848337  0.01729075071042290  0.02760441928164700
  0.03856245039500861  0.04912191626890915  0.05955353673922435  0.06987412111223539
  0.08008452665435704  0.09010257729642294  0.10023120555325826  0.11041043918526071
  0.12040022035930428  0.13076997572313701  0.14164336380542297  0.15219361275654991
  0.16286769282539659  0.17371021292630057  0.18519019052782268  0.19607598646170682
  0.20758479206196997  0.21762107433165684  0.22741128071164315  0.23650234086727862
  0.24532687413639179  0.25426672201195094  0.26379428715653536  0.27349660945916032
  0.28326472068787573  0.29308788060945756  0.30334594511468399  0.31374034477972279
  0.32325880664554862  0.33344443576781230  0.34433752024527142  0.35489603758691035
  0.36521674915026719  0.37615894847520048  0.38848141507256467  0.40021201014450847
  0.40935744912436234  0.41902231540612184  0.42863091241215795  0.43806205130601017
  0.44704205681202069  0.45620299666968867  0.46617427162059510  0.47629236719238777
  0.48640026436300743  0.49651170001307943  0.50669894257585779  0.51694692335930992
  0.52721723927454445  0.53776065487126556  0.54854616120925315  0.55949974507095979
  0.57071567665421064  0.58237318220356138  0.59421940253955596  0.60552951695422075
  0.61628795070844933  0.62695786819022392  0.63774742253467953  0.64854838872245768
  0.65898924954753813  0.66927394299247578  0.67965572266345486  0.69014317617761933
  0.70053345671812839  0.71078441640118117  0.72122364691678731  0.73169666231063191
  0.74223894422070402  0.75333322870582464  0.76526321827943156  0.77797779458552385
  0.79071984779920967  0.80225135253941615  0.81376908702131412  0.82490291067135224
  0.83624148980851531  0.84764301467635694  0.85891072629058407  0.87016473667644079
  0.88147223699397625  0.89254386992371237  0.90325868267025367  0.91374385951559778
  0.92480006840035944  0.93744507941316269  0.94790136844188622  0.95877481263539666
  0.96941667872135651  0.97963138915264669  0.98984063277757328  1.00000000000000000
 -0.00247593726567496  0.01040993214467059  0.02022935645657911  0.03055504027638999
  0.04075868720375382  0.05182636733315779  0.06343757244748106  0.07641653018500794
  0.08855573819227756  0.09993103262482170  0.10930691059088374  0.11798681968517936
  0.12717095851052412  0.13631390913086383  0.14539234030865655  0.15382505867001975
  0.16208112926657048  0.17067249846029245  0.17976088535083176  0.18873652364827387
  0.19735145004005988  0.20579839706166592  0.21542393213081151  0.22598700512735889
  0.23681414239488793  0.24778916906880416  0.25936977001029649  0.27103059200834201
  0.28234199467336735  0.29376226403383265  0.30584780637705905  0.31847014228806636
  0.33129641840640589  0.34488466703424137  0.35821673144703237  0.37028336609021056
  0.38198639553561042  0.39387354123030149  0.40555542222556618  0.41699603458751866
  0.42814122423562379  0.43904778825597474  0.44991818919525473  0.46049519179287413
  0.47131247664946163  0.48224367447177469  0.49361950282309591  0.50533614701325236
  0.51737954320999446  0.52875637264578601  0.53983872683750733  0.55060355114999515
  0.56099550824492728  0.57049029488445080  0.57941026545154373  0.58818063676006938
  0.59738512798670107  0.60723437358175947  0.61766656289488753  0.62801776938014098
  0.63860961419112983  0.64873153179670906  0.65874070527415585  0.66871142163867903
  0.67895785813664145  0.68888876754281592  0.69949487912690600  0.70996592673615189
  0.71963713586861022  0.72923811515002546  0.73902865573756937  0.74926665743803156
  0.75969987779577886  0.77019381550527710  0.78108833716890569  0.79184349202286830
  0.80285792870988937  0.81407159400485674  0.82479102266640369  0.83540325996884879
  0.84430960050183057  0.85420983295915387  0.86442994743247625  0.87530491732707838
  0.88621396433668265  0.89731196514031830  0.90936014088808148  0.91998918987937195
  0.93010923992876693  0.93998707020925520  0.94999324310634614  0.95962845043651601
  0.96921855558594616  0.97832714370826823  0.98907434887330836  1.00000000000000000
   1.5907206460904671E-016  -1.0000000000000000     
 F F F F F F F F F F F F F F F F F F F F F F F F F F F F F F F F F F F F F F F F F F F F F F F F F F F F F F F F F F F F F F F F F F F F F F F F F F F F F F F F F F F F F F F F F F F F F F F F F F F F F F F F F F F F F F F F F F F F F F F F F F F F F F F F
  <DiscreteSampler_grid>
  grouped_processes
  1 # 1 for a reference and 2 for a running grid.
  10 # Attribute 'min_bin_probing_points' of the grid.
  1 # Attribute 'grid_mode' of the grid. 1=='default',2=='initialization'
  0.0000000000000000 # Attribute 'small_contrib_threshold' of the grid.
  0.5000000000000000 # Attribute 'damping_power' of the grid.
 # binID   n_entries weight   weight_sqr   abs_weight
    19   10   5.918667472853798E-013   5.591434651529021E-025   5.918667472853798E-013
    22   10   4.114528793880992E-013   3.768459000800096E-025   4.114528793880992E-013
  </DiscreteSampler_grid>
