 -0.00000000292797989  0.00000178595577005  0.00001338138429284  0.00003882056729252
  0.00007853962969693  0.00012682016340502  0.00018138774541830  0.00024253385851095
  0.00031524052769235  0.00039882572032493  0.00048957000446118  0.00059597080001838
  0.00070961783472610  0.00082864459794551  0.00094970516186288  0.00107103449721119
  0.00119626456381383  0.00133655428769649  0.00147689792657041  0.00162165366386195
  0.00177223835517580  0.00192010719131624  0.00207198137306287  0.00223412099325099
  0.00239974193586591  0.00255549606691264  0.00271612756402331  0.00288098974690118
  0.00304744064629652  0.00321478226157684  0.00337719392236552  0.00354100596929760
  0.00371913104024245  0.00390826263386578  0.00410464140461665  0.00430491846131710
  0.00449940140395132  0.00468887975579156  0.00488889556214113  0.00509611878240176
  0.00530578495541414  0.00551278229198058  0.00571967445418104  0.00592759632958356
  0.00613529511828001  0.00634317227078538  0.00654642392393906  0.00674675145362438
  0.00694040872990580  0.00712860360903344  0.00731386051814408  0.00749704660959209
  0.00768340803628219  0.00787062872211234  0.00805593578194097  0.00824293293342110
  0.00843603725974765  0.00863327088467757  0.00883320450156795  0.00903130820353880
  0.00922277495446346  0.00940554743382765  0.00958639822908167  0.00976876198635660
  0.00995361978010466  0.01014173036188468  0.01033408556139924  0.01053793951875385
  0.01074879290295353  0.01096860109524645  0.01119829288241599  0.01142929983458097
  0.01167989862230013  0.01193924907833897  0.01220463084398339  0.01247662198784554
  0.01275882935938141  0.01304879696211503  0.01335499810132074  0.01367479239591842
  0.01399726429036151  0.01432619787583264  0.01469419217560812  0.01514896483534432
  0.01570465931677946  0.01629451788878089  0.01692406695549712  0.01760311636900589
  0.01833818986552637  0.01922511538877076  0.02052835003371273  0.02243637811231265
  0.02501518153124534  0.03358545360794340  0.05020731506035097  1.00000000000000000
  0.00987335781151080  0.01505464538527242  0.02312765968475408  0.03233622451010845
  0.04173616238564014  0.05171613258915957  0.06240300740178205  0.07377118218896737
  0.08535645166122123  0.09666532974051782  0.10754617658674147  0.11790769382051616
  0.12789811248980673  0.13747537520062539  0.14695338844090935  0.15687901623054251
  0.16716707295560246  0.17751397526225515  0.18851332406461566  0.20022975930730369
  0.21247447247371826  0.22422385581608634  0.23634772846445731  0.24953089971620829
  0.26297592392250863  0.27538053048164518  0.28702534815848552  0.29833651437563830
  0.30990259744252019  0.32168120476119799  0.33416373988660492  0.34699670891393125
  0.35916961341130244  0.37003824021655107  0.37987635917133528  0.38928345995449604
  0.39818502772186370  0.40678188238105095  0.41473111058865503  0.42248165639354351
  0.43052279730742954  0.43937692735359712  0.44854748765917363  0.45721604423025891
  0.46697477788793923  0.47731508901633740  0.48717138943698857  0.49680800258434382
  0.50629951252958194  0.51521780366148628  0.52381895978094284  0.53227987868053250
  0.54046952249090086  0.54882650083543938  0.55724498163147629  0.56715290057607282
  0.57808910074507480  0.58867153256702465  0.59867855702072659  0.60873955101520560
  0.61830979526725338  0.62847553984084192  0.63887541245469104  0.64919678526647184
  0.65952103939263618  0.66977155461051496  0.68075673405787840  0.69270486392185793
  0.70502742507589611  0.71648279789092617  0.72670630586439089  0.73777677404928377
  0.74911583920769154  0.76006319512660780  0.77118346568856488  0.78278959045579166
  0.79422957012470485  0.80536554504794711  0.81621829426312109  0.82731289875284375
  0.83868681761051034  0.84983443747143672  0.86091771509551107  0.87244146668832434
  0.88485584767212255  0.89796232368849571  0.91092554885537846  0.92300728935561149
  0.93357205244798269  0.94305577145008568  0.95185127546868753  0.96135028457400251
  0.97133078164988573  0.98138847308712041  0.99137708549056958  1.00000000000000000
 -0.00002006218435469  0.00024261368707613  0.00068864343790005  0.00139463894774048
  0.00241067860514504  0.00367872444669733  0.00510148456222274  0.00678362361619382
  0.00858739625128298  0.01049973535658867  0.01267178081353420  0.01508377872009765
  0.01766842725501279  0.02056050694850694  0.02379692273501123  0.02756210589131212
  0.03155027047991261  0.03544369850777425  0.03920829950339320  0.04299369610761405
  0.04695203970268493  0.05124624624052190  0.05572987096934855  0.06001348146650790
  0.06431015685469839  0.06864613800857196  0.07320917058795431  0.07825282470511739
  0.08366547400915988  0.08959042560154716  0.09541945389392742  0.10116464066802303
  0.10703080312505152  0.11301370923247329  0.11951279445240884  0.12661217985955472
  0.13374096387975545  0.14108115001991622  0.14836355594112183  0.15488380500117427
  0.16166664440058526  0.16878961690068342  0.17609497506212285  0.18354391537182707
  0.19112331391989898  0.19891825105797037  0.20699121648855448  0.21529662933192859
  0.22377216597017197  0.23250274624615022  0.24183436258030730  0.25136934228238156
  0.26164695764785728  0.27201431976457929  0.28219644896971102  0.29235678203298204
  0.30268500001581605  0.31306533661797498  0.32404196414993397  0.33544865313910804
  0.34724464811110339  0.36022498533802672  0.37373460719172336  0.38745457722263249
  0.40126236272846727  0.41503311341721089  0.42896738528648748  0.44402045244498001
  0.45993495218090757  0.47590988476933116  0.49171682161393165  0.50719200650192009
  0.52374178126212279  0.54115650638608492  0.55927166529312289  0.57801757342262350
  0.59705289799372752  0.61684906388730798  0.63722837414211075  0.65790177115251136
  0.67885573807178656  0.70276207239334498  0.72590322675137631  0.74829030881820247
  0.77007677999353141  0.79246035618851851  0.81396290745591704  0.83332495026243014
  0.85200097519135731  0.87156956450880196  0.89071480234135869  0.90961030858946745
  0.92856310540650422  0.94981905374417153  0.95324158686015392  1.00000000000000000
 -0.00195524912669195  0.00815252485030902  0.01666003680085386  0.02632771627208921
  0.03586000122606676  0.04616945797480116  0.05738959139923919  0.06876599164593207
  0.07958832506021139  0.09049110591902357  0.10085757491467978  0.11090063650461675
  0.12083896801484414  0.13136981898155564  0.14270341251768084  0.15366356297745176
  0.16477578702088455  0.17650319905438216  0.18823210082560482  0.19984675655370532
  0.21134487306336333  0.22233258151836635  0.23308504531059587  0.24342980553873339
  0.25350240578958250  0.26317810830077354  0.27268000167897810  0.28242250951442271
  0.29229492682560188  0.30140018560616150  0.31007244862455019  0.31892442726278614
  0.32830712790361755  0.33813751963844457  0.34846701197734609  0.35986865223067943
  0.37201012404266481  0.38389994951611123  0.39516689122760901  0.40619154751374775
  0.41732491825273382  0.42869638469694693  0.44034006624514654  0.45165161858113395
  0.46315922030377338  0.47466331044079735  0.48553629501447504  0.49643959833860418
  0.50678591369108184  0.51753742206343523  0.52734239907628422  0.53719524234583138
  0.54703313875752835  0.55740671188423996  0.56832729961731165  0.57966702495539302
  0.59070642250623906  0.60141061048973299  0.61239548580032854  0.62349267211217752
  0.63475541228131094  0.64562300759068336  0.65673460868193012  0.66752846701905699
  0.67811151073170473  0.68896446172056991  0.70003075084282029  0.71128157744076059
  0.72239127078801679  0.73315851490486961  0.74312739099695468  0.75347868319886824
  0.76435789413621968  0.77471403721843757  0.78417517479798238  0.79361281041133891
  0.80307300370438384  0.81231375934894456  0.82173749574777677  0.83130283202561273
  0.84096585840141413  0.84994919441547290  0.85924220250477767  0.86813191960407865
  0.87730817335637590  0.88683520045459696  0.89760748236257737  0.90954153969152940
  0.92140023808654303  0.93207243216360758  0.94322218715622663  0.95488208066074609
  0.96640203235059907  0.97743662934347220  0.98874160435416758  1.00000000000000000
 -0.00292616588981254  0.01069949742220500  0.02287210982167622  0.03470791914374530
  0.04650587732475398  0.05832274654437615  0.07033777698023287  0.08285956728674064
  0.09564206280370947  0.10755252158687040  0.11850717110495161  0.12939808093439545
  0.14045305290304277  0.15169575163027252  0.16231553029720380  0.17251001312357289
  0.18255595677662845  0.19277493160338519  0.20309415277269710  0.21210719549479268
  0.21998970231877230  0.22755597128514393  0.23736357080064768  0.24656651010830727
  0.25525239007033756  0.26353348505286028  0.27241313890465307  0.28275078891482364
  0.29416839751256696  0.30618147768021797  0.31775349399375402  0.32790643581932460
  0.33848553767446132  0.34935972070417370  0.36033975667549106  0.37102800227180627
  0.38306646227386792  0.39447679848224154  0.40498057578859481  0.41496609001147772
  0.42531774206356865  0.43612949118914690  0.44694815499735185  0.45797155748099122
  0.46952285669772797  0.48115821280723892  0.49263728854790984  0.50391756721106040
  0.51489212876082191  0.52518215456646034  0.53476626400776706  0.54410231377896845
  0.55361521857735674  0.56341806818931384  0.57331400510720265  0.58305457272653660
  0.59283660648960312  0.60312343292618031  0.61404581076511067  0.62512078387630932
  0.63568213201167167  0.64665343875782888  0.65853710785888908  0.67046240924493883
  0.68189529697195561  0.69279880896488766  0.70339711284558359  0.71405755472313370
  0.72507486369975260  0.73639830324225031  0.74765271264652233  0.75849287175254199
  0.76907034141409325  0.77925168770504538  0.78926821361044175  0.79962413340174376
  0.81008072394325537  0.82066743435666212  0.83185425284022951  0.84432915066124825
  0.85730425484110229  0.86948500574489851  0.88029619048237828  0.89007066620794228
  0.89968553088105185  0.90847758552774471  0.91724939586932430  0.92585995038350388
  0.93444727721355203  0.94301879397592747  0.95174645015980186  0.96089478693228059
  0.97082433295106607  0.98045879841327022  0.99024032954256458  1.00000000000000000
 -0.00181907212577354  0.00700465444464907  0.01571981500034383  0.02497142918891572
  0.03519490473063668  0.04538872310012726  0.05559620514241478  0.06678237680457923
  0.07921957539617193  0.09227748508080257  0.10492138403836213  0.11713208465070801
  0.12925003874011948  0.14123872658457914  0.15208459554102191  0.16308831907042975
  0.17422420827629437  0.18576771925118640  0.19576356198582764  0.20562558786819873
  0.21614911339913814  0.22752092632351933  0.23947813545422411  0.25271528163872270
  0.26664588998349803  0.27930854430660973  0.29068760255200382  0.30129252774448040
  0.31165989466418809  0.32185672901071627  0.33197748796145188  0.34421612374782778
  0.35619505716387340  0.36773962469260690  0.37902189300175243  0.39062497309083938
  0.40115661312392598  0.41192514414938236  0.42264971414788910  0.43415954658724809
  0.44501487789844069  0.45524191307639877  0.46425033440911584  0.47289491170014281
  0.48169761236205455  0.49052341563463447  0.49880408407391347  0.50704470471334973
  0.51536509067821912  0.52458205264851021  0.53594440183176517  0.54665097971272636
  0.55793945629262165  0.56973326441920924  0.58104332705757100  0.59150090212728601
  0.60127975425709590  0.61080717190205225  0.62014926056843234  0.62946589558231913
  0.63931063658237663  0.64989960318728923  0.66058219938854934  0.67177855375295104
  0.68381993724089685  0.69529301596311277  0.70627955213805915  0.71777001248137762
  0.72996118590868608  0.74171522688083880  0.75325134156130780  0.76271674131998424
  0.77270418672732089  0.78257204789043033  0.79237645364551679  0.80201995607793708
  0.81163542014833434  0.82168401425520232  0.83197264058321774  0.84163457284409293
  0.85144942449826344  0.86141510049829950  0.87106124407444507  0.88091848752039559
  0.89056586982818908  0.90042700345450444  0.91024272350366064  0.91996761850760300
  0.92968384267496129  0.93981095241027879  0.94945056800630889  0.95894437151831580
  0.96974413202952492  0.98000327508876806  0.99035101628830147  1.00000000000000000
 -0.00235797079942807  0.00943574449218197  0.01950902175316592  0.03031694962792826
  0.04091716898596227  0.05085726375318455  0.06136901561056854  0.07348914473453075
  0.08592549905083047  0.09711615240673031  0.10804976187704689  0.11930983201029717
  0.13058068176511742  0.14223811341573231  0.15436564641634273  0.16605404662417919
  0.17682239864285329  0.18711986128881003  0.19734244310654250  0.20749678936577087
  0.21749325869978020  0.22747871080229579  0.23723492564004856  0.24701259674464843
  0.25684438077750704  0.26657530326889550  0.27629470506113818  0.28619339286515139
  0.29700497778864232  0.30881080853852383  0.31944163727719382  0.32952504875364808
  0.33944590128807811  0.34956398861205235  0.35990718721481246  0.37021513615867313
  0.38101357677560838  0.39209556273856550  0.40285217957838831  0.41375152033898377
  0.42477292987080528  0.43582949538400428  0.44735767234319695  0.45879018158246648
  0.46929281172398468  0.47889126252554565  0.48786035122849025  0.49698456167489585
  0.50629794513549886  0.51551566293754814  0.52532093687524573  0.53659719707922182
  0.54689850907472581  0.55639512977297445  0.56548325232317620  0.57488884990627898
  0.58418913190146071  0.59338448385548848  0.60258227930158814  0.61429421607199297
  0.62675933223719382  0.63809785400028762  0.64857451801525334  0.65968497079836297
  0.67046967782264655  0.68163125398382296  0.69322004646703117  0.70508181400952530
  0.71711359428644583  0.72906594759285503  0.74000110760907511  0.75104244760746752
  0.76193016364099486  0.77244705511846268  0.78134179816426497  0.79044654757450439
  0.80057906757917996  0.81102752045199644  0.82141918948022419  0.83232512446844698
  0.84526899894943941  0.85846507884223799  0.87029165711251089  0.88176949119310133
  0.89362369737882652  0.90592440214444536  0.91745624557348138  0.92712407687291476
  0.93584305311501104  0.94433525155032483  0.95270910442065448  0.96156392180150518
  0.97063217497045451  0.97981113678591092  0.98977958528386012  1.00000000000000000
 -0.00259304113043749  0.01057492978386131  0.02127120263682944  0.03014185443688280
  0.03941751737791838  0.04930517837676291  0.05911526590135419  0.06852755525891147
  0.07813915636888501  0.08855102987299450  0.09975174314429905  0.11065549941505873
  0.12184333544463710  0.13367574906133264  0.14572173226452506  0.15787295642076707
  0.16957246022809530  0.18043238698282105  0.19164453597576042  0.20294837997198109
  0.21394342739777339  0.22438556788697600  0.23451492147228900  0.24487904076401246
  0.25560331835412620  0.26667615788371590  0.27798506358758485  0.28954607778826380
  0.30127787789529742  0.31320697034523920  0.32520000654384945  0.33694995839311259
  0.34867081779240222  0.36048863815807308  0.37143836236164091  0.38179947256391694
  0.39114409001181966  0.40063364038723953  0.41053025272508953  0.42094777097969532
  0.43117046215814425  0.44147254370536881  0.45143887245894465  0.46157722863439254
  0.47196174850970574  0.48301501905537980  0.49468994140971378  0.50598290736658291
  0.51669524065652339  0.52717141126603029  0.53697511000830511  0.54609303396419950
  0.55455328746949761  0.56275386697912011  0.57189067554613537  0.58134459579191944
  0.59120387042894218  0.60104785930207638  0.61223769749721724  0.62483606511399448
  0.63712977315959374  0.64814886636461022  0.65651715765473817  0.66484418231996267
  0.67378137750591638  0.68316002133366915  0.69187459527281292  0.69953846794178343
  0.70751409565678525  0.71707632798049703  0.72735853838288844  0.73674414532934762
  0.74489461665853962  0.75376093813275402  0.76379228351900008  0.77447905561356178
  0.78519920669271770  0.79681713578048086  0.80944193244600882  0.82170280629656989
  0.83391882137309292  0.84600942224254128  0.85785176576915867  0.86935363820841116
  0.88027461798203444  0.89095503795391673  0.90165583414219763  0.91212433361796885
  0.92205549439367696  0.93154222381935947  0.94153323952502166  0.95291811519303471
  0.96407185063197609  0.97485497849992075  0.98704655991586421  1.00000000000000000
   2.7720852267625836E-012  -1.0000000000000000     
 F F F F F F F F F F F F F F F F F F F F F F F F F F F F F F F F F F F F F F F F F F F F F F F F F F F F F F F F F F F F F F F F F F F F F F F F F F F F F F F F F F F F F F F F F F F F F F F F F F F F F F F F F F F F F F F F F F F F F F F F F F F F F F F F
  <DiscreteSampler_grid>
  grouped_processes
  1 # 1 for a reference and 2 for a running grid.
  10 # Attribute 'min_bin_probing_points' of the grid.
  1 # Attribute 'grid_mode' of the grid. 1=='default',2=='initialization'
  0.0000000000000000 # Attribute 'small_contrib_threshold' of the grid.
  0.5000000000000000 # Attribute 'damping_power' of the grid.
 # binID   n_entries weight   weight_sqr   abs_weight
    19   10   1.058341482980833E-005   3.252652561820453E-010   1.058341482980833E-005
    37   10   1.232148716255881E-005   2.852362223537372E-010   1.232148716255881E-005
  </DiscreteSampler_grid>
