 -0.00000001236188897  0.00000583192156463  0.00004515980048296  0.00012141207032480
  0.00023859379602288  0.00040242628405709  0.00059002199430875  0.00079909046032295
  0.00104344213359389  0.00131189538360305  0.00160048028683964  0.00192268705978139
  0.00226945611911913  0.00263468437881730  0.00300722799170670  0.00339657246091659
  0.00380941276533105  0.00422730017614974  0.00463524217648193  0.00503976044174259
  0.00547255992308430  0.00591253788027402  0.00635138890581641  0.00682206876123803
  0.00731714574563537  0.00779420703470824  0.00826324252585572  0.00879474264604909
  0.00934433846429763  0.00988647216190007  0.01039406985114965  0.01090782084649024
  0.01148079754050948  0.01212250544700050  0.01289552938068737  0.01393253487841224
  0.01576581726815784  0.01801916358237433  0.01975443231304393  0.02125676554972407
  0.02263119970002803  0.02389863886864196  0.02513050204381430  0.02639213059433258
  0.02762164796946990  0.02886135595320503  0.03012501034961047  0.03131190394951401
  0.03258235740087803  0.03387014649496083  0.03513730640194779  0.03641619245833622
  0.03773367193619059  0.03905168535978266  0.04036320881816323  0.04170284779325922
  0.04318671318599940  0.04469118141260361  0.04617313045744999  0.04764009550992795
  0.04912722070873248  0.05062078271272125  0.05212707538173346  0.05370649869459170
  0.05535162909824161  0.05702161403945036  0.05871287635944497  0.06048040468034997
  0.06226714835320316  0.06405516010901563  0.06586440638559155  0.06773326803688755
  0.06963908057782801  0.07166016374303327  0.07394715413722155  0.07632038824926940
  0.07865773613619460  0.08098507605241188  0.08331339688030841  0.08570078770640172
  0.08816983162409496  0.09099810218569948  0.09420740787119226  0.09762069310678456
  0.10130499644682754  0.10510029766292285  0.10909559165789631  0.11335778063510513
  0.11871317241540923  0.12560828370585247  0.13399778272462304  0.14412407046050096
  0.15911601642063622  0.19243529642319676  0.32205142910431483  1.00000000000000000
  0.00980530847151536  0.01473738555588647  0.02336191061116047  0.03312294359537796
  0.04269523449365943  0.05269579331803902  0.06331331546855368  0.07438843502876770
  0.08632415658250375  0.09923753737359334  0.11202334509338674  0.12365809342098388
  0.13495130562169985  0.14615529954663087  0.15729195438738044  0.16890426492186270
  0.17810973868931571  0.18793458157093826  0.19743233968826757  0.20694773814030523
  0.21547265709117563  0.22382879041596737  0.23261033787700838  0.24226418705577424
  0.25169505097258993  0.26100765905486673  0.27028862818370691  0.27990656698831179
  0.28953035272857824  0.29931146466237479  0.30964918661248636  0.32088152477301701
  0.33230393179466072  0.34347157559881197  0.35471103514073604  0.36609470775863573
  0.37755445437283752  0.38926283483502333  0.40006815356789521  0.40978367924026227
  0.41954389103572176  0.42964250907376411  0.43999092628731606  0.44960808188082380
  0.45980235618154364  0.47116896781905804  0.48250162151743647  0.49339108253333003
  0.50429021225322546  0.51590762624264586  0.52821691225439760  0.54061784970714843
  0.55212598020785264  0.56300919315022258  0.57418419109560048  0.58514766487174363
  0.59618136999627169  0.60783325034673241  0.62011274748183143  0.63129607013149303
  0.64175338345221855  0.65177539891888392  0.66147753624764827  0.67113458424222538
  0.68061948129617034  0.68993737108146425  0.69921514193359213  0.70838383130885685
  0.71744380542753039  0.72666907814929527  0.73621882492173785  0.74628486810322747
  0.75577477438064000  0.76475180733608661  0.77396441228403523  0.78374023110652324
  0.79389870924468753  0.80482619150148427  0.81574233317696587  0.82574340630149956
  0.83556546825245337  0.84496357401152355  0.85482709862860118  0.86476849315626747
  0.87517691477153292  0.88625184797757672  0.89698217620668952  0.90720390519335503
  0.91748189983014683  0.92839107527872511  0.93946832751887466  0.95009678245994522
  0.96084294271576043  0.97280198344645785  0.98595438400179058  1.00000000000000000
 -0.00001984059529048  0.00022433476197121  0.00065799522921692  0.00135740013684038
  0.00228388332978706  0.00339332665670111  0.00480223258157761  0.00656655336857823
  0.00855389303716271  0.01075856527145943  0.01322289950406423  0.01591524354849077
  0.01872686588501240  0.02164423458418671  0.02453434442723213  0.02756523340681687
  0.03086221337987939  0.03439392084119987  0.03789207250720247  0.04145908726535660
  0.04510510089215517  0.04892152172121860  0.05296562931385868  0.05715301030089071
  0.06146500378892601  0.06651338246105616  0.07173936000972482  0.07699349482250763
  0.08240104692718017  0.08781516016764625  0.09330986457342365  0.09865623801811566
  0.10409710460762622  0.10989111629679681  0.11598594968551175  0.12230855270379765
  0.12868815026940911  0.13506248833980833  0.14156849601503835  0.14825967419389174
  0.15528944354066584  0.16235015230811944  0.16945061515097781  0.17658261855222232
  0.18391047762622861  0.19134683954905771  0.19867395587031950  0.20634282298279066
  0.21445093749552882  0.22280849644753226  0.23124432827133565  0.24000823960853193
  0.24958090950840464  0.25973586180065283  0.27031287071862509  0.28108065009682637
  0.29174524114175748  0.30246130346871358  0.31293537714237946  0.32315067199580688
  0.33313042771345353  0.34303050470558411  0.35273942481508896  0.36192761701507209
  0.37148859644008692  0.38124775947180278  0.39120415589071866  0.40154604902818225
  0.41163061756053509  0.42157803210713118  0.43172055311089957  0.44201682981465090
  0.45220660624480663  0.46217992932770974  0.47190568307859665  0.48373439010489799
  0.49607235116809589  0.50874321237370546  0.52170530899571954  0.53435785823544435
  0.54556071260141947  0.55662799098108684  0.56749613377500652  0.57826799129207473
  0.58993162305245250  0.60201046397397506  0.61392843765920879  0.62565881871132500
  0.63708858124578405  0.64827586968456397  0.65910484270287184  0.66976133951721917
  0.68055547993887999  0.69154362462641206  0.70170890073320491  1.00000000000000000
 -0.00235423855333671  0.00933538531141489  0.01848475514901424  0.02805702222592143
  0.03747650380871284  0.04792364872463646  0.05988534841140511  0.07109659806983462
  0.08118407751527351  0.09138270082602946  0.10131269914096458  0.11070978660276483
  0.12000946387625801  0.13025364705811682  0.14155855395960695  0.15307106528060213
  0.16487499139464895  0.17727725185817172  0.19003690910162405  0.20301767665991952
  0.21609872386075690  0.22907133324184126  0.24162456928693588  0.25360349256845943
  0.26508988672050016  0.27687967892296061  0.28796701693866189  0.29936599285318105
  0.31108503959885403  0.32122325867514434  0.33084666694952647  0.34008579038622216
  0.34943225123393706  0.35888225304026278  0.36861670056846491  0.37879191975792648
  0.39097642533453003  0.40368789579943148  0.41543628604805982  0.42690741565060386
  0.43768783875941603  0.44835592009598230  0.45919516386396786  0.47027703662702419
  0.48153932018887030  0.49311356061737321  0.50480226430352337  0.51691709932541507
  0.52800176897972584  0.53885531647809770  0.54905368869169735  0.55877809848662829
  0.56879082581053164  0.57993657830258749  0.58977057010905520  0.59899964654392901
  0.60814068581778447  0.61721004663858492  0.62594633989521398  0.63454018837882531
  0.64369004042527533  0.65401684593562215  0.66502850496488441  0.67527848450362737
  0.68524669809003946  0.69534088624442825  0.70543854645364590  0.71535891148568664
  0.72545398685154294  0.73599867064402014  0.74672024184266872  0.75744357251691496
  0.76811619307169410  0.77876259047984298  0.78919551957343914  0.79932382700879101
  0.80953478425780712  0.82020592703085438  0.83134133786960429  0.84242184611075632
  0.85289860891207636  0.86280413120255706  0.87241796601883903  0.88211002750476919
  0.89176873091234199  0.90115028324371682  0.91029527016164480  0.91990565484593789
  0.93006830827455444  0.94038536502136871  0.95006115097897825  0.95971788229982180
  0.97024700639838335  0.98031747666074320  0.99016214400342106  1.00000000000000000
 -0.00294568158791881  0.01111678254947202  0.02326640176040915  0.03475795298927454
  0.04607404429597942  0.05715594357431315  0.06864087255500496  0.08020347165439012
  0.09088279751024553  0.10063017390330448  0.10991012445427487  0.11895713196634627
  0.12823376862466657  0.13713948335349901  0.14625058836439955  0.15621274771941154
  0.16702956735728247  0.17911580433070232  0.19101390391354145  0.20111320028103347
  0.21102897334519105  0.22112987691035182  0.23159638340940436  0.24186635986525865
  0.25253457201286794  0.26426462601210760  0.27597645935817955  0.28697634443934517
  0.29967591737291938  0.31323071695649801  0.32613167854017622  0.33886079600784219
  0.35087402292548631  0.36102257149538863  0.37062441829009551  0.37977433465716820
  0.38915334125535861  0.39912374564995629  0.40910876018317022  0.41862355912783322
  0.42844261415595625  0.43816288131983822  0.44726329548096350  0.45686891121937734
  0.46687850138680476  0.47694110359935354  0.48667106305013541  0.49622367691689717
  0.50606146616727987  0.51635245832041765  0.52668079278497337  0.53698940385883609
  0.54719470806661119  0.55726313554400431  0.56716618432488053  0.57753723175768490
  0.58885506491791728  0.60110208950132771  0.61336689361683794  0.62509580029342060
  0.63679670567499413  0.64860863940242275  0.66022510975129534  0.67147425816479978
  0.68265907505599011  0.69389848752866878  0.70497152834990306  0.71576124025339727
  0.72584546246962744  0.73712945918070782  0.74815250996979343  0.75815447568765859
  0.76791375313088595  0.77771551383337323  0.78753549293611702  0.79678811118631809
  0.80603977734171905  0.81630330131785600  0.82711260444186141  0.83707490956295982
  0.84603222877016415  0.85483383274293956  0.86414122936685067  0.87409998513235732
  0.88459063596580001  0.89458917405922045  0.90482365484361837  0.91472729737559433
  0.92412120663386177  0.93337239679166695  0.94269457687582303  0.95165968123701761
  0.96083339537025103  0.97227207916701486  0.98499996077768859  1.00000000000000000
 -0.00215813848372842  0.00902345918105452  0.01907412765307307  0.02955593358850779
  0.04080461650606738  0.05185892023429796  0.06356534440729211  0.07528754268308567
  0.08637731017488195  0.09729255930207696  0.10769442574059267  0.11771674450087186
  0.12715808665572817  0.13601963567214231  0.14452647585568759  0.15297585167418162
  0.16154662256887992  0.17060066014199229  0.17950461030012138  0.18916598997358178
  0.20009604231530295  0.21197239374344093  0.22382994468098100  0.23517119392079394
  0.24623422975191925  0.25814792114202839  0.27072183751731793  0.28208823023042701
  0.29284098913959061  0.30322232176095748  0.31324437756164486  0.32314365575317905
  0.33321593028208824  0.34311535725043574  0.35278373001558888  0.36284357265615430
  0.37337793892358329  0.38394310367999024  0.39449029086034365  0.40554756945797604
  0.41706433912823776  0.42831523397245491  0.43893086962844791  0.44890742977411358
  0.45881605449759738  0.47057283349658785  0.48222082830090712  0.49303163470360911
  0.50328834520168497  0.51336905342630723  0.52326901766479583  0.53281719507734260
  0.54290929775343832  0.55485589801087853  0.56648069337273399  0.57677053587599436
  0.58674160370199946  0.59624857380719387  0.60592655025722864  0.61553790797388874
  0.62567286092670793  0.63619082064285737  0.64703965780591122  0.65816777366191670
  0.66903202972058018  0.68036783609532747  0.69216422793978472  0.70480318754553584
  0.71656666998780616  0.72785288021793038  0.73929443863886890  0.75010711189075496
  0.76119759973816004  0.77192207015806358  0.78268958698601165  0.79364694376058909
  0.80426547945255877  0.81466704655695521  0.82505031768488979  0.83668148929621877
  0.84912584546856262  0.86119285740748863  0.87242737223038169  0.88320170081958516
  0.89348501852722517  0.90286836707169393  0.91218486467129611  0.92174354203201381
  0.93087389347075511  0.93947559543872672  0.94801897409777502  0.95645431540483095
  0.96677277770653169  0.97819302990727475  0.98917990406208200  1.00000000000000000
 -0.00259346789389849  0.00957664502325315  0.02070583780041058  0.03224042935858829
  0.04456482256162274  0.05707610360867794  0.06912624758603300  0.08123426451162809
  0.09268390168335951  0.10380610639486453  0.11492054880675556  0.12562805304549121
  0.13553130795141691  0.14486459561220769  0.15399433577102162  0.16349006520268586
  0.17332352506654841  0.18287192323558032  0.19193707919204966  0.20101296442103861
  0.21050656103169382  0.22052149706886082  0.23083317234018771  0.24074136679772176
  0.25109755065041706  0.26000492465841196  0.26904089913316975  0.27795385492740715
  0.28757830708548393  0.29899008103941094  0.31197258747820600  0.32464344459566635
  0.33758408415477542  0.35034932407669656  0.36296710117704117  0.37504348284235467
  0.38651699267898254  0.39750412299707955  0.40855878524913575  0.41972766971468450
  0.43060479431042087  0.44162291450311963  0.45301894492350431  0.46430469309543704
  0.47675532714988428  0.48696185442337048  0.49732097977176315  0.50764992112151996
  0.51764561449935553  0.52686942658806257  0.53555018287973744  0.54408203971324010
  0.55238115017075062  0.56109425602800167  0.56985180574538208  0.57865938158283492
  0.58788061111559875  0.59725779729790718  0.60621020572344131  0.61835528895021130
  0.63054725309976400  0.64337476168939445  0.65604458299769297  0.66816003203562013
  0.67988544057169442  0.69094209611924340  0.70151710578003867  0.71216517233510346
  0.72292681245328383  0.73383540913808065  0.74470795503242981  0.75559726866762389
  0.76683403870612155  0.77857794289848337  0.79003880266155380  0.80068599550727482
  0.81094445285838812  0.82129500325775517  0.83185887691882487  0.84202260959095943
  0.85149929483582976  0.86044502532324185  0.86921406097166465  0.87812950635753817
  0.88730953837836735  0.89642614349180050  0.90611040408054633  0.91563650143937692
  0.92660331111402749  0.93758200375627432  0.94835760886276377  0.95898437548372928
  0.96940514945560452  0.97966002238010019  0.98991131434475221  1.00000000000000000
 -0.00252279360468347  0.00968805205791977  0.02020451886783385  0.03147072297814892
  0.04236034513929137  0.05282057877016706  0.06285380791357491  0.07286776808514961
  0.08315957946012233  0.09367079429900707  0.10502671565285426  0.11690280806236314
  0.12860189643730721  0.13911422838268586  0.14928041224982294  0.15917213588264847
  0.16908017517824980  0.17864372325781072  0.18766634443889291  0.19874549022102386
  0.20976988178393413  0.21934657389328910  0.22925796998506762  0.23877389263653218
  0.24808502219390452  0.25756957481734494  0.26753543149602538  0.27851128895901145
  0.28954471690353062  0.29979474985186821  0.30957735951125975  0.31972311403222414
  0.32928775968718038  0.33943542104320007  0.34975549981954601  0.36205503419742258
  0.37439614731531307  0.38434517988798361  0.39407836102393484  0.40435004021777110
  0.41467919089742505  0.42450199988116150  0.43443569134633181  0.44541562107047772
  0.45668138367607619  0.46754709996990873  0.47839849359632547  0.48928492710668148
  0.49986395489118590  0.50881324663619998  0.51774219315342007  0.52694833424358378
  0.53595644695872768  0.54498889614038126  0.55409129370399879  0.56368170546267260
  0.57402149449358053  0.58467407178826891  0.59565821957767184  0.60735035620065170
  0.61954943145999253  0.63140095021544551  0.64312917247294044  0.65518112762763314
  0.66742628298188433  0.67933268781759393  0.69134464789273675  0.70396364647225007
  0.71628602539697728  0.72754189334535257  0.73810194049805644  0.74776289874166013
  0.75726422262983495  0.76634312170970220  0.77578940582735734  0.78548075682921348
  0.79590417852211537  0.80759658858865924  0.81860162326353381  0.82973012681403935
  0.84078362142264917  0.85257503433071768  0.86395866701726720  0.87512812743512414
  0.88657895309797297  0.89765447481600058  0.90811709165410770  0.91860596744922884
  0.92870882991509152  0.93862447997041187  0.94884118173245913  0.95852866690492977
  0.96831849855510566  0.97820450201027132  0.98915891080810214  1.00000000000000000
   6.9574641163492418E-015  -1.0000000000000000     
 F F F F F F F F F F F F F F F F F F F F F F F F F F F F F F F F F F F F F F F F F F F F F F F F F F F F F F F F F F F F F F F F F F F F F F F F F F F F F F F F F F F F F F F F F F F F F F F F F F F F F F F F F F F F F F F F F F F F F F F F F F F F F F F F
  <DiscreteSampler_grid>
  grouped_processes
  1 # 1 for a reference and 2 for a running grid.
  10 # Attribute 'min_bin_probing_points' of the grid.
  1 # Attribute 'grid_mode' of the grid. 1=='default',2=='initialization'
  0.0000000000000000 # Attribute 'small_contrib_threshold' of the grid.
  0.5000000000000000 # Attribute 'damping_power' of the grid.
 # binID   n_entries weight   weight_sqr   abs_weight
    19   10   4.087732343261992E-010   4.227425157041424E-019   4.087732343261992E-010
    22   10   3.780587494612961E-010   2.339829946539803E-019   3.780587494612961E-010
  </DiscreteSampler_grid>
