 -0.00000110720215565  0.00004442323722466  0.00020054376665749  0.00041065196073533
  0.00067037954258806  0.00095457064028573  0.00126987675171056  0.00161130605810055
  0.00197962019595950  0.00238254624946230  0.00281033194839128  0.00323052687901787
  0.00364253109233908  0.00407133541575671  0.00452236552078271  0.00497099469384313
  0.00541661418921001  0.00584744198734277  0.00625357588116310  0.00669325392053782
  0.00716326963746128  0.00763877601122274  0.00810735269202672  0.00855336713820248
  0.00898002609033876  0.00939854854198995  0.00981743448325492  0.01023485619352182
  0.01064207280291545  0.01105247761775182  0.01149762365502661  0.01198991099063050
  0.01255178493581268  0.01329831351420761  0.01473522655898726  0.01707460583187101
  0.01897247047694074  0.02058313849206302  0.02205785984942086  0.02339953218819258
  0.02465859508610947  0.02586521144060146  0.02704917112444619  0.02822504322915679
  0.02939422479851425  0.03056715790822527  0.03176419050861681  0.03299438166797272
  0.03426640606704379  0.03558426507960675  0.03691568061257667  0.03829767675965238
  0.03968141979300693  0.04102097464729351  0.04237210819045857  0.04374923999324641
  0.04516094834254680  0.04659413298993458  0.04803731434895116  0.04949119064200561
  0.05095880513132578  0.05244397188107131  0.05396537073300245  0.05547101443245966
  0.05710330472901096  0.05868477238726286  0.06027041736849395  0.06192001381608533
  0.06364269615833983  0.06540296711267249  0.06716000338085268  0.06890116146735809
  0.07070121219384154  0.07270271814492872  0.07475278572174571  0.07679485502598228
  0.07887804757172458  0.08105587214124135  0.08328964207761790  0.08562366104055369
  0.08812481448910763  0.09081083452908006  0.09374623190846434  0.09705532993526861
  0.10090903591346488  0.10488957494827740  0.10888056166979584  0.11303418463341383
  0.11763700856083829  0.12313351931440444  0.12988722639262143  0.13815904939208673
  0.15028045746436017  0.18000830227861644  0.32716458164652823  1.00000000000000000
  0.00973577940882838  0.01575293636801153  0.02560951255597441  0.03593138894087445
  0.04595131186214031  0.05589138042874391  0.06615709178019644  0.07694124292902323
  0.08823351310301905  0.09981069082187867  0.11116470332888743  0.12217831209986997
  0.13229302260294687  0.14186504401550068  0.15141050667439640  0.16103657989688547
  0.17057029913618604  0.18029432586979144  0.19030523260243298  0.20064236989837406
  0.21106941067562957  0.22148370530522096  0.23173196997501641  0.24157833459950465
  0.25149096579601043  0.26182281712255162  0.27250738385398537  0.28360743277207989
  0.29528854559997791  0.30696920311567655  0.31817336805161051  0.32884563351338553
  0.33922593733301415  0.34970493862488683  0.36064155650253488  0.37188478787362533
  0.38311713077435228  0.39432922048763269  0.40529316509018165  0.41584155012837193
  0.42555180768116507  0.43554424921805945  0.44570726130400629  0.45609343416386289
  0.46604638647285013  0.47558849687569921  0.48469110397507637  0.49416488636130312
  0.50414387907981451  0.51501618594658760  0.52621589190595564  0.53736102939935171
  0.54813010952502361  0.55915660302553860  0.57148620194386368  0.58472721931678950
  0.59796231618674289  0.61071925673514993  0.62268867173429809  0.63360072208332774
  0.64419329928098135  0.65516496515408462  0.66626775226992951  0.67699028261135419
  0.68738496874144084  0.69764703251757654  0.70776277958023215  0.71781746794748946
  0.72810386883823575  0.73907306985083066  0.74962186768599393  0.75929346069531845
  0.76904876824544610  0.77841453887106160  0.78697511440931744  0.79521639254735477
  0.80374155991441942  0.81264899511759214  0.82325307495205735  0.83387430855896738
  0.84458872454322975  0.85482145770503559  0.86462928052435506  0.87430916714234697
  0.88423148261107620  0.89464106900146156  0.90646346538440969  0.91789531923545009
  0.92874636772133479  0.93921298270398745  0.94998049402677720  0.96095323918612607
  0.97145432831166889  0.98215057638655356  0.99126891696540087  1.00000000000000000
 -0.00005402940025686  0.00065094897319903  0.00195618112439893  0.00373672774536280
  0.00584959659031066  0.00827517928962342  0.01086031645083653  0.01355873889687591
  0.01647117747436195  0.01953741308319990  0.02278658828944553  0.02634351277496774
  0.02995038150189651  0.03348014349210020  0.03727827306486128  0.04159369481532130
  0.04660170244241479  0.05128890715021279  0.05559224022880011  0.05983745575749604
  0.06424456120465968  0.06875538119886583  0.07354925885193851  0.07873013417330368
  0.08420696625104777  0.08989825049265208  0.09561442759939988  0.10103834170289049
  0.10626465256244047  0.11148473799190986  0.11674994161618976  0.12203517028617906
  0.12759626921355147  0.13327332067067124  0.13914538857659875  0.14517390819830353
  0.15152624950103966  0.15846779704118363  0.16544578983700933  0.17234526991327526
  0.17921996346293700  0.18613397221509759  0.19330722466201444  0.20076195841314429
  0.20827062559014814  0.21574964621954598  0.22359851827261065  0.23178915172453907
  0.24006733681175957  0.24836242247018597  0.25660571536250909  0.26486369892703049
  0.27320998163015614  0.28157362427720711  0.29017179606150717  0.29913779664719925
  0.30817266858804748  0.31718644215442765  0.32628010779082162  0.33544895134293123
  0.34458917999568384  0.35399530949747054  0.36367263228627023  0.37325447413101781
  0.38275402119414365  0.39233608426032135  0.40186033817074662  0.41137880213700639
  0.42129513905273575  0.43179588628456195  0.44256887901426684  0.45291380863813852
  0.46278998099208252  0.47264184135629012  0.48271778606357579  0.49295967495638571
  0.50321310397027885  0.51401089908542363  0.52527279831978146  0.53660732432860736
  0.54784583654781005  0.55902146717205781  0.57028071381317325  0.58141002933328212
  0.59248680380239760  0.60372855445792006  0.61494509455966428  0.62641531707395692
  0.63800245376838705  0.64942433713221470  0.66058490284712124  0.67168459307697714
  0.68289102998173379  0.69368068610539613  0.70071545403794078  1.00000000000000000
 -0.00274719789056668  0.01117035683558245  0.02274520285440742  0.03483116127250557
  0.04693213624592339  0.05879613905975464  0.07140294697332031  0.08466172435389975
  0.09752214523958033  0.11051384904127717  0.12262689253300522  0.13336178597416753
  0.14368130957035286  0.15427797900508858  0.16455956081443782  0.17484225794605426
  0.18536349363672552  0.19718837791219873  0.20937514951223440  0.22109828830912007
  0.23287428884743583  0.24472868811688578  0.25678904938881641  0.26924042201395965
  0.28191531548820103  0.29426703088467421  0.30559030104150309  0.31644038793494100
  0.32762461267559040  0.33909286132297056  0.35014296538141004  0.36081354303367996
  0.37049999609641743  0.38032678809812576  0.38976914431281057  0.39916732089946916
  0.40862569087758660  0.41834459017655373  0.43081857816134039  0.44094857378768343
  0.44988898082436657  0.45883800395857394  0.46766832835654987  0.47659994146336460
  0.48559406527208304  0.49482259764728742  0.50402234315969319  0.51333797169672768
  0.52341326773771690  0.53410876044872380  0.54475519584238374  0.55514000077319403
  0.56545726822909081  0.57588966120265628  0.58656243445470813  0.59749358608389391
  0.60851301404655700  0.61931521513804200  0.62946413086480646  0.63892006740809593
  0.64833386919213498  0.65812466850363749  0.66814677586705495  0.67771097285993909
  0.68708390012071363  0.69705527925632960  0.70727865240548582  0.71742950392710969
  0.72757489546787535  0.73775411664077450  0.74802536457728086  0.75847359879135168
  0.76924225994184414  0.77994114251476609  0.79071039442065527  0.80092997094192475
  0.81068105099018350  0.82004691455600032  0.82950310256651472  0.83961131042714032
  0.85044223813139452  0.86167913931079521  0.87291292322885938  0.88348819848848470
  0.89324285081867960  0.90234474288547328  0.91160018887980065  0.92103059984496283
  0.93033131653743883  0.93939591409486578  0.94888369951091722  0.95816936451261003
  0.96778160281511427  0.97762004247582823  0.98810109256655765  1.00000000000000000
 -0.00244495658884235  0.00955117779460671  0.02039389747541753  0.03067683415973550
  0.04099981848627161  0.05067670728037028  0.06043733430419628  0.07072836063876031
  0.08114805006507959  0.09222444698832924  0.10372951542124398  0.11443500724648833
  0.12515850436014425  0.13514433659845013  0.14520004178804316  0.15508547162043373
  0.16473124480278342  0.17527403828717089  0.18615660629776379  0.19666892289711954
  0.20736190225859064  0.21896803294610701  0.22982681904234437  0.23919702432242224
  0.24856255964766291  0.25818179471077030  0.26847337134080163  0.27855203912252102
  0.28823377586948529  0.29866008369964442  0.30982281079909391  0.32074929399797325
  0.33136160151026273  0.34262824363950128  0.35391663802358075  0.36464997925473014
  0.37533171223563644  0.38608727298357004  0.39652810152784701  0.40611310800698136
  0.41575311864603393  0.42584964845872231  0.43597507658331436  0.44594348868698808
  0.45606435871562273  0.46687810901427668  0.47779783652184665  0.48835983043901293
  0.49870664588340397  0.50879907412417047  0.51877603998708199  0.52836137365381597
  0.53817053590787700  0.54858595941293786  0.55935479438893376  0.57042926862391208
  0.58117187267239245  0.59209512776303896  0.60319598749775039  0.61446779392736905
  0.62631038546715467  0.63823198597804842  0.64953675827779900  0.66011744677292139
  0.67040868593349845  0.68071985760510267  0.69072470092782878  0.70050217618438237
  0.71008685343006650  0.71963142098203092  0.72944730309674422  0.73990887863159827
  0.75096131832350532  0.76189276848895993  0.77259476295071849  0.78399450125969905
  0.79532577199397814  0.80636826455037824  0.81743561302455869  0.82864040041633968
  0.84022227869234356  0.85185719070589261  0.86269649104016422  0.87255039643967325
  0.88269430705511842  0.89313430171502051  0.90343996064407972  0.91373072777951991
  0.92407395883325383  0.93480817325358390  0.94551807235007568  0.95593483289646297
  0.96629901585963729  0.97665328573140719  0.98776993406323410  1.00000000000000000
 -0.00278076499983524  0.00989079142723904  0.02051480952786671  0.03083705314803236
  0.04143498562071809  0.05300151814937765  0.06387862408533874  0.07430086024472932
  0.08467844822415523  0.09523685898313936  0.10557658762716216  0.11538626530369245
  0.12515153279938185  0.13547963135847355  0.14673508385574408  0.15854425764614799
  0.17045818754591133  0.18266990559331084  0.19548882109334956  0.20824397925606070
  0.21987838539736104  0.23051651613590116  0.24076703895738516  0.25144973996309716
  0.26265601707487329  0.27409130275985716  0.28563912628599042  0.29741743173810065
  0.30928375407050684  0.32129028988205521  0.33298368301184367  0.34321079737592070
  0.35282978105762886  0.36279358791550215  0.37306175938934788  0.38348438363027515
  0.39431576920955630  0.40568482912767800  0.41701500111270989  0.42750842560099350
  0.43771460512749699  0.44797289180029720  0.45817535385427849  0.46893722331028609
  0.48037472091058131  0.49264718803623442  0.50433202623823747  0.51451508950519753
  0.52513010803121207  0.53571440250797231  0.54571803241227235  0.55534049013535347
  0.56581333987110161  0.57795422669871299  0.58995823252321200  0.60069923517944268
  0.61183696810808541  0.62294524876623114  0.63413115094873096  0.64537378129448575
  0.65677223258723494  0.66759016312553998  0.67841385211978378  0.68879866936468881
  0.69909376162697545  0.70932708171038594  0.71938179836798299  0.72948111338737165
  0.73869683668877129  0.74837155498685226  0.75762132528450954  0.76694264571406290
  0.77641051633766045  0.78543077115208992  0.79432133083397838  0.80365632238335150
  0.81377247493976612  0.82430161587232320  0.83489645204440155  0.84546882229734754
  0.85635907541194312  0.86760326213755146  0.87858960208280146  0.88918885075118370
  0.90002586675060336  0.91066192910332799  0.92016028208130229  0.92922313519631483
  0.93827220755274898  0.94732942706540568  0.95643877291554047  0.96540508527344815
  0.97420985843854491  0.98304504223252875  0.99177286674689369  1.00000000000000000
 -0.00240358045058471  0.00913638469620023  0.01900212750259184  0.02966762533510823
  0.04055950511284880  0.05170648892328395  0.06225351196926263  0.07260390589551119
  0.08309712589428628  0.09462875267137005  0.10628995075253928  0.11786601385143224
  0.12849687781013663  0.13858688548280984  0.14929552598628115  0.16002574495372371
  0.17035480300734990  0.18031077218432973  0.19024573900055200  0.20079235422466118
  0.21151194102768706  0.22249612355003165  0.23365222270593378  0.24510969269261482
  0.25702694423861916  0.26893422521250726  0.28047887697045493  0.29155826117637534
  0.30206665986775477  0.31195947358912884  0.32161141809693367  0.33183358267866947
  0.34277039345610538  0.35378234339422354  0.36432681237938924  0.37469868372553039
  0.38528541560366725  0.39614296173426483  0.40721359153825087  0.41780248755014610
  0.42788903572429821  0.43816148977153346  0.44865608071065444  0.45916155462110247
  0.46958627590715712  0.47985254466607302  0.48997452935373664  0.50017346280607744
  0.51053131295706411  0.52084986190390847  0.53073071981058617  0.54060706167625761
  0.55137522196525568  0.56215195463555001  0.57260712924652912  0.58240935176486253
  0.59141740594135062  0.60035773183713226  0.60927452166532581  0.61815196901908176
  0.62712651168576050  0.63593210956186474  0.64493528807012213  0.65518191656101610
  0.66619136462496509  0.67699379911507807  0.68797117506923966  0.69914169732981557
  0.71076723539646713  0.72236656117546261  0.73387322483624651  0.74468274259181266
  0.75488512285019149  0.76565362579512330  0.77615372108597569  0.78766187967509793
  0.79858318152615670  0.80917530265105353  0.81984158682722874  0.83011511145064165
  0.84051083602710075  0.85042683001886765  0.86060729721046991  0.87162763251014108
  0.88270725891291568  0.89361620262192432  0.90533182949566582  0.91638906867563985
  0.92728704212949953  0.93754796639915639  0.94779123767649687  0.95817081210218358
  0.96923234290364402  0.97950612174568874  0.98984350589926595  1.00000000000000000
 -0.00317275251353402  0.01103451711740874  0.02213536882854458  0.03240898503846588
  0.04293893817553197  0.05330855638677005  0.06354090483357604  0.07353642268124309
  0.08304000213607511  0.09267609843338910  0.10259342724055144  0.11305718274004965
  0.12364111809779882  0.13370789414609138  0.14348071015661384  0.15324874482243359
  0.16318367822139426  0.17317035096942160  0.18459063931874037  0.19664723489696606
  0.20917436456330690  0.22213188081466115  0.23403911237626901  0.24542741050668615
  0.25666141260442699  0.26828800062028446  0.27973888262892799  0.29095989844337539
  0.30196698638371888  0.31289805751615052  0.32383275362780434  0.33468364329965761
  0.34525378637556714  0.35499430235711271  0.36367297474763016  0.37288250935132916
  0.38270453226451612  0.39232502399193869  0.40186793976518154  0.41146761501647194
  0.42203523631620743  0.43387116818816207  0.44487715800097960  0.45524732686071434
  0.46603118079775202  0.47694134430405788  0.48832678929866880  0.50039598770557081
  0.51208837487677650  0.52347056935684388  0.53462127583429098  0.54546669875958820
  0.55607525160941029  0.56665937223270280  0.57725723747662805  0.58802052239538916
  0.59886692403034669  0.61068163301684197  0.62301294364931359  0.63542832267722416
  0.64742293681973861  0.65828871811758349  0.66885429155000675  0.67897186733656067
  0.68924601929877893  0.69988772670532440  0.71078669514789927  0.72164037806576842
  0.73181000169465193  0.74135696390358907  0.75082930714003504  0.76049124543895252
  0.77032812169215115  0.78016028299383233  0.78972596051834298  0.79924800796668527
  0.80872138832407714  0.81853674525210696  0.82868475063902081  0.83890447347911845
  0.84865150612901397  0.85822569225721568  0.86806082080655955  0.87837867056558505
  0.88838172457046571  0.89778795096199626  0.90672253799671365  0.91624681185048573
  0.92616852941528083  0.93545300647014851  0.94504621089358676  0.95494089456628761
  0.96574898823981481  0.97734162996774443  0.98872633390940123  1.00000000000000000
   1.9197394012184043E-016  -1.0000000000000000     
 F F F F F F F F F F F F F F F F F F F F F F F F F F F F F F F F F F F F F F F F F F F F F F F F F F F F F F F F F F F F F F F F F F F F F F F F F F F F F F F F F F F F F F F F F F F F F F F F F F F F F F F F F F F F F F F F F F F F F F F F F F F F F F F F
  <DiscreteSampler_grid>
  grouped_processes
  1 # 1 for a reference and 2 for a running grid.
  10 # Attribute 'min_bin_probing_points' of the grid.
  1 # Attribute 'grid_mode' of the grid. 1=='default',2=='initialization'
  0.0000000000000000 # Attribute 'small_contrib_threshold' of the grid.
  0.5000000000000000 # Attribute 'damping_power' of the grid.
 # binID   n_entries weight   weight_sqr   abs_weight
    19   10   4.750273307726147E-013   4.730176013562004E-025   4.750273307726147E-013
    22   10   1.540191739982078E-012   4.492762665177433E-024   1.540191739982078E-012
  </DiscreteSampler_grid>
