 -0.00000001654218462  0.00002454832398971  0.00018729168672686  0.00054312642282230
  0.00110143595938602  0.00182727538778313  0.00268521176727594  0.00369269764196558
  0.00479154901804596  0.00601090261502745  0.00736264495500062  0.00881993166204325
  0.01043372231833443  0.01211579995541873  0.01382549220787857  0.01556381472734172
  0.01733195394957154  0.01904535790518646  0.02088405910431475  0.02276259786331135
  0.02458074971841454  0.02638505756909375  0.02828819109305115  0.03015510510590423
  0.03201128154289854  0.03391676525259389  0.03593102922883951  0.03797541723007490
  0.04003776076311913  0.04209107492293118  0.04416146340848708  0.04633024101367133
  0.04856571319048459  0.05079405896588997  0.05299598475236380  0.05517107007619110
  0.05731117715660276  0.05948114717315438  0.06171183612340737  0.06412060819060501
  0.06655887885053756  0.06898995613838664  0.07140534435841056  0.07377687879048064
  0.07607700074438156  0.07834582698935172  0.08079628733107889  0.08326545545731706
  0.08577049952649390  0.08832751706688441  0.09093124470051037  0.09357156091968420
  0.09629428522652815  0.09900187206424742  0.10172098942504212  0.10446314619343264
  0.10726037521591530  0.11014004787263555  0.11309424848104950  0.11602025504981842
  0.11896614467499414  0.12192093403250119  0.12491214608197702  0.12799512012142628
  0.13105149302914149  0.13396567106341323  0.13698414520188051  0.14007750063153893
  0.14331137272533512  0.14690247524830385  0.15053759662333913  0.15432291697376713
  0.15815265828843042  0.16200276129287108  0.16587393835585207  0.16978831024887461
  0.17388083952370945  0.17798799006393923  0.18246559773205404  0.18727933219194970
  0.19257989351832541  0.19858392053032650  0.20465172750837901  0.21077764965451740
  0.21720131289347061  0.22403422260173439  0.23128450236123149  0.23924509144976500
  0.24914066846018229  0.26256381872348344  0.27850161158009151  0.29700844029049817
  0.32356048870976195  0.39342632525356841  0.61227812890219613  1.00000000000000000
  0.00962219717423360  0.01515246910953951  0.02393231495786239  0.03547578559124726
  0.04655977891729901  0.05831002795951168  0.06992133196354704  0.08183605371629989
  0.09240385341714362  0.10293219500637561  0.11311900492996128  0.12299334054732967
  0.13266556921100248  0.14239900229366734  0.15230388655118146  0.16225375816870657
  0.17243526712644627  0.18343581319088825  0.19469890969917053  0.20639975480171899
  0.21755791057150969  0.22839354602931078  0.23915851873325994  0.24993998320898519
  0.26093233230565260  0.27240397140699774  0.28459353540984889  0.29659624651286320
  0.30829616000414439  0.32013448017014751  0.33203189038209596  0.34313907756016948
  0.35413382264009585  0.36546672636187144  0.37661832782513888  0.38759054772536855
  0.39886003901177747  0.41052543060793417  0.42102741636999963  0.43047645504282500
  0.43983355149238246  0.44905525798860069  0.45812086996779783  0.46699290914241792
  0.47546295751408807  0.48487378540754744  0.49501223271884592  0.50508884844757640
  0.51526153297377741  0.52544081833498713  0.53590462969465869  0.54606437836652510
  0.55653132514528492  0.56714114945454830  0.57812747717563329  0.58895409584007019
  0.59920387584712176  0.60930359927236100  0.61899654345857158  0.62919167489631966
  0.63948120982304835  0.65007934224161845  0.66096182669714065  0.67238403823965809
  0.68388190667420889  0.69446734114324149  0.70431829730230233  0.71418548142551785
  0.72408119135042970  0.73368089824431759  0.74305441771633263  0.75285806065105920
  0.76362302492291023  0.77463228743520385  0.78540192480592907  0.79593338233792121
  0.80633664377790970  0.81678724641804090  0.82738139707998115  0.83786989813954438
  0.84816521165646774  0.85822626895396625  0.86902573748047385  0.87940609976668993
  0.88907135753634237  0.89923145047861774  0.90954741487480628  0.91937654595764606
  0.92887657420498271  0.93857492014234434  0.95023978189292524  0.96160797025937927
  0.97133767984785147  0.98168550755437378  0.99136257372672731  1.00000000000000000
 -0.00001819954223358  0.00019497075607586  0.00052140865493763  0.00101239819926458
  0.00163265285702214  0.00242338873005854  0.00333381887304704  0.00449193085390634
  0.00588472216638876  0.00736606950149095  0.00888246632807047  0.01053214375676386
  0.01230098369691031  0.01415003862353838  0.01612595919926420  0.01819465674783417
  0.02031878600535615  0.02253226349227805  0.02482621658126856  0.02721424112454585
  0.02976797611425627  0.03248145403265244  0.03516785511139998  0.03783374702912382
  0.04068617721791282  0.04373070906992945  0.04684225988813841  0.04995616838483393
  0.05310832432410518  0.05626161681750835  0.05946257157333631  0.06256088929331707
  0.06558972516425739  0.06871535214039678  0.07206276527605052  0.07551122116629549
  0.07909951857627996  0.08269091269354617  0.08645778336560955  0.09060243086354139
  0.09484875637366681  0.09931643194048675  0.10389057559340142  0.10865186324099702
  0.11339164880546915  0.11835261454822459  0.12352214962861520  0.12872672958977616
  0.13375224360928653  0.13849699207930730  0.14335845869105160  0.14841021783888181
  0.15342979686574396  0.15849975768439961  0.16362565661131639  0.16875118085059854
  0.17385024737176524  0.17902058152230194  0.18445236268837356  0.18985492456292227
  0.19529006284934200  0.20082489316552582  0.20651148143243014  0.21228647805669068
  0.21800792357565879  0.22365069496903597  0.22963827222332261  0.23555441208533437
  0.24142510925015931  0.24722026311580114  0.25292816349976799  0.25857766860081577
  0.26423950951048442  0.26998925635561760  0.27571795727650733  0.28156477805989810
  0.28744365440914188  0.29348323340088611  0.29968118962705537  0.30602221146687197
  0.31261549902669944  0.31966049675964342  0.32639990333735713  0.33314413756366995
  0.33974671008640900  0.34665948983934625  0.35450787896303021  0.36200939778000113
  0.36926399411143235  0.37655602489005868  0.38442556721704474  0.39257191354176452
  0.40008833279860673  0.40675086459760873  0.41220416835397627  1.00000000000000000
 -0.00232766649717412  0.00923416312381999  0.01888605328626919  0.02868327382556713
  0.03841542064278257  0.04830599774079145  0.05845924744840172  0.06914497056713721
  0.07989888753921984  0.09094839502418048  0.10174679329219291  0.11361580456313349
  0.12535158647653016  0.13671316005602971  0.14799226181298017  0.15923719204324424
  0.16973406508835512  0.17952472897075300  0.18901533595291894  0.19810354302498057
  0.20736545321841168  0.21699038167924328  0.22730066754054229  0.23835416823642655
  0.24931189817547744  0.25955871670611386  0.26981160431681411  0.28011667066021756
  0.29068294798206284  0.30104185049530502  0.31134294647171429  0.32286862297301239
  0.33384508882782482  0.34473597047134813  0.35530205592330838  0.36590551719156628
  0.37610589189279320  0.38526473484938029  0.39429253275677956  0.40344826227522934
  0.41252747597782291  0.42186026439273272  0.43185164497933226  0.44173828046655439
  0.45175264078931171  0.46194386314472685  0.47217842671474564  0.48243577463033688
  0.49268975250290942  0.50338803341000016  0.51487411990812793  0.52655978074794318
  0.53803914589173352  0.54918789163856718  0.55997501715675835  0.57081009362489765
  0.58185657462567875  0.59349391494205761  0.60528976773491050  0.61635254547557738
  0.62793535107891274  0.64027386985519874  0.65202560912108498  0.66310820492048539
  0.67397179074058322  0.68461064951492445  0.69515530765110056  0.70573835701714360
  0.71636758085429786  0.72733548743694820  0.73884111112625739  0.75048984650438733
  0.76161962601779276  0.77236263289095652  0.78285965013723868  0.79318120196748854
  0.80308985222556151  0.81310195542847929  0.82391877706868732  0.83513700336103780
  0.84652368052187577  0.85754589566282224  0.86790089744413845  0.87794563743032350
  0.88746344433771296  0.89731981528507754  0.90741696930640570  0.91759855914532029
  0.92808537370869149  0.93877303413208468  0.95032296015144280  0.96095711203875456
  0.97106225067661245  0.98101038122764050  0.99046839962456767  1.00000000000000000
 -0.00186451969004126  0.00762157909290701  0.01588930501323851  0.02500804549301519
  0.03479357651809654  0.04450181772027554  0.05459612113785179  0.06525403169954941
  0.07740674193583701  0.08872440654890786  0.09957942744441954  0.11030231850365074
  0.12117042875581888  0.13201311809127067  0.14217283839021175  0.15288203893846788
  0.16338011334366620  0.17351358335944972  0.18323249706365499  0.19373039839002898
  0.20474206915911811  0.21560853918632705  0.22653593912635039  0.23902605851323447
  0.25257494381130063  0.26493827865032082  0.27697340592300279  0.28865250196922115
  0.29966211582793489  0.31052258212698647  0.32133811452156169  0.33205223477280643
  0.34223890863107576  0.35228077491212739  0.36222220384574116  0.37209641821672218
  0.38206783229198982  0.39169996960193210  0.40158513543402757  0.41140595776424360
  0.42131355410361832  0.43134458131133613  0.44213525351587407  0.45338699594859250
  0.46444527330666047  0.47487441563560978  0.48537401798790902  0.49625219642805174
  0.50668504376352208  0.51645355105244306  0.52607746674085121  0.53618732552358639
  0.54683976293434688  0.55785051921754436  0.56869266062568602  0.57894856786295412
  0.58899573870772104  0.59889179947592741  0.60916603073857167  0.61950992470168820
  0.63061608727038143  0.64216883710324479  0.65393352984292130  0.66603958278549680
  0.67772520588588447  0.68943515951926626  0.70097407964307346  0.71230235630556871
  0.72356740155914023  0.73400499699131638  0.74390270001245817  0.75393071503204823
  0.76344324517429085  0.77266206967975748  0.78136328861651927  0.79020239281299010
  0.79943392142213021  0.80907005781675667  0.81868767480825255  0.82841295724359576
  0.83818555704916842  0.84851703963511105  0.85911654684650740  0.86998955071436912
  0.88052405882945084  0.89063569048806546  0.90067182548114300  0.91067497888136850
  0.92070808089756839  0.93115504545278083  0.94197012916099576  0.95423097594148332
  0.96542913106788719  0.97650049425468843  0.98810207077439727  1.00000000000000000
 -0.00280410910470043  0.01017589398669480  0.02117303675862366  0.03184872053110405
  0.04233204837950484  0.05252415695705648  0.06259021265441804  0.07294685736952711
  0.08371019704455852  0.09485991505833137  0.10616360657260554  0.11743218642827484
  0.12859076637666375  0.13987042595592936  0.15059304326096351  0.16139517458853020
  0.17263085546825890  0.18408017246448649  0.19518780757273874  0.20598379408290912
  0.21659656243796802  0.22692696011827437  0.23656296251706804  0.24593784841742294
  0.25565026780136263  0.26548928010030876  0.27585605268477242  0.28621249999138398
  0.29642453878429181  0.30711437918494561  0.31750623891940988  0.32757366350874201
  0.33734016431055847  0.34690639825788233  0.35658064875349410  0.36615543941701012
  0.37584948565565679  0.38553906729369386  0.39510250205365866  0.40484163671857126
  0.41480938992408145  0.42455972092077993  0.43413821699096017  0.44377344304581207
  0.45351466268336543  0.46334907509109458  0.47294688452959444  0.48313735591375939
  0.49408357000493197  0.50500484080779395  0.51594983955653673  0.52658707390732395
  0.53699559496680416  0.54741492504446365  0.55803347826260885  0.56911835633779617
  0.58035651383677500  0.59171996869009358  0.60297497288565216  0.61410657299571536
  0.62502459566250301  0.63519642946335386  0.64537511271058756  0.65573953053587486
  0.66605542005942775  0.67579185340036296  0.68527645989189800  0.69511084601500994
  0.70504043860811272  0.71487546866242513  0.72484743648822969  0.73570469085529699
  0.74769873147866872  0.75933957969195975  0.77067346019848770  0.78092794561344181
  0.79110622278599585  0.80136201534645590  0.81173728505381149  0.82232439240144950
  0.83316374179745833  0.84433794128275563  0.85547207982792883  0.86651994335121774
  0.87744969430760644  0.88833821917947153  0.89940386322518040  0.91124397416864711
  0.92336599854166634  0.93551599382033634  0.94687857670402420  0.95781185924790957
  0.96869832121032973  0.97934450966073472  0.98967430408421175  1.00000000000000000
 -0.00290170455913610  0.01020301891459569  0.02214010104419079  0.03404967375020072
  0.04561868750417490  0.05663213371251705  0.06763073632949110  0.07830268767964702
  0.08855356658399266  0.09835746389091328  0.10806228504879048  0.11804179359706830
  0.12796161847884682  0.13756617836576965  0.14691266821062443  0.15633800125967359
  0.16556283166513849  0.17504694374263807  0.18480868651823243  0.19503094601757298
  0.20578738958764037  0.21626755898827071  0.22660696340583270  0.23700910785653057
  0.24778869653834876  0.25917415304886537  0.27096267621748982  0.28282579296149946
  0.29476543779533509  0.30638764532959450  0.31732468379517353  0.32841473215279643
  0.33953715683126889  0.35079577458814692  0.36159633232714233  0.37191803287739261
  0.38221950680974071  0.39264410771460062  0.40316897137249547  0.41385746400944184
  0.42370471762357098  0.43353850637520230  0.44348214948000497  0.45300658685729672
  0.46220015121082708  0.47116935834384022  0.48028803754206295  0.48987256220256736
  0.49989837793226793  0.51063141300231030  0.52125056146405935  0.53175928383254589
  0.54226423680033509  0.55338421225559009  0.56431272659479548  0.57501073355938481
  0.58581364276190406  0.59727355362885459  0.60819819441756384  0.61888005446152805
  0.62879558012741343  0.63865507884497652  0.64851927516217278  0.65831606116191355
  0.66860024249243200  0.67937486931597146  0.69008822748046383  0.70097119297260335
  0.71194564786230075  0.72346665460715764  0.73482960665547226  0.74542613260099999
  0.75572469723864488  0.76581977652183630  0.77618281967879921  0.78644590754997767
  0.79680595189541636  0.80742821413837040  0.81743087606339737  0.82725649323594541
  0.83714052911085868  0.84684462768672997  0.85603772114495102  0.86493953728376249
  0.87414030994740000  0.88446644055071266  0.89521589144177049  0.90559178408911234
  0.91608577781852785  0.92685742011977035  0.93822694692475861  0.95041847953589143
  0.96296235113038176  0.97544722076282731  0.98779850523355217  1.00000000000000000
 -0.00287188846485507  0.01080269155612258  0.02178954857905660  0.03251575555922398
  0.04332836449154150  0.05449614743500615  0.06535808362691169  0.07626028019945505
  0.08756486906333008  0.09917600372279037  0.11061205312079668  0.12187774783869870
  0.13254375734363036  0.14287913446083675  0.15270788738854232  0.16216508320651407
  0.17126679943426512  0.18022949235464056  0.18949975019355067  0.19890566394796258
  0.20837899131101439  0.21771956579206123  0.22745887160125625  0.23738767697351498
  0.24689502680904210  0.25654212073886024  0.26668019766386308  0.27733000552311776
  0.28796810993795829  0.29867709478175419  0.30890585206590032  0.31890827794739623
  0.32908931630804977  0.34059026322998881  0.35288498308931404  0.36416212625458438
  0.37504912870286577  0.38557717854408152  0.39611052160117938  0.40668087476882769
  0.41743321681778339  0.42823106976830733  0.43941253339200309  0.45115689586839647
  0.46355940652013733  0.47556265360669403  0.48647886910949367  0.49665544327112032
  0.50681019125474736  0.51705450371952200  0.52677153643675523  0.53628161147282705
  0.54609058906174712  0.55599097782582096  0.56582241223449370  0.57566317894266861
  0.58573288212549179  0.59596998624584507  0.60569120568960955  0.61482487942449615
  0.62392441848424252  0.63332714793017797  0.64289911447659798  0.65230051753468810
  0.66137470289330269  0.67067712358044074  0.68057353564767797  0.69091069859205601
  0.70179556102225349  0.71231716573378001  0.72236825309941932  0.73245302887624020
  0.74289497999190179  0.75319090031335878  0.76308810526660953  0.77338534946501325
  0.78505530169754389  0.79644276115026802  0.80741295764243415  0.81857507570593513
  0.83009561369011076  0.84164014988299929  0.85304525980767065  0.86517577945433266
  0.87718961163790909  0.88895834940440233  0.90022696025340387  0.91141356999242495
  0.92216036913820876  0.93301645230463193  0.94366641509217464  0.95422753712151520
  0.96476350759109897  0.97587155652597224  0.98774480487141714  1.00000000000000000
   7.5313439649813853E-017  -1.0000000000000000     
 F F F F F F F F F F F F F F F F F F F F F F F F F F F F F F F F F F F F F F F F F F F F F F F F F F F F F F F F F F F F F F F F F F F F F F F F F F F F F F F F F F F F F F F F F F F F F F F F F F F F F F F F F F F F F F F F F F F F F F F F F F F F F F F F
  <DiscreteSampler_grid>
  grouped_processes
  1 # 1 for a reference and 2 for a running grid.
  10 # Attribute 'min_bin_probing_points' of the grid.
  1 # Attribute 'grid_mode' of the grid. 1=='default',2=='initialization'
  0.0000000000000000 # Attribute 'small_contrib_threshold' of the grid.
  0.5000000000000000 # Attribute 'damping_power' of the grid.
 # binID   n_entries weight   weight_sqr   abs_weight
    19   10   2.528569932213964E-013   1.567133546748975E-025   2.528569932213964E-013
    37   10   2.735430109262534E-013   1.056244745824676E-025   2.735430109262534E-013
  </DiscreteSampler_grid>
