 -0.00000000204907138  0.00000097306625420  0.00000823887148914  0.00002542595227766
  0.00005012669460990  0.00008163911052651  0.00011598486003455  0.00015615635455803
  0.00020526631553788  0.00026995234291799  0.00034026902848739  0.00040959390510755
  0.00047025092479243  0.00053069860829175  0.00059420077421129  0.00065986761211807
  0.00072706665809061  0.00079383055697372  0.00086109752955762  0.00094313804486891
  0.00103519723215705  0.00112616014161004  0.00121021633970680  0.00131916258048017
  0.00141908763717954  0.00151290701995380  0.00161691984688974  0.00171988556499516
  0.00182329448268196  0.00192952048233631  0.00204788861788883  0.00216784557730774
  0.00228592560470350  0.00240143407862466  0.00251626691471370  0.00262721707554159
  0.00273546864624006  0.00283365478985426  0.00292455569417663  0.00301601673251346
  0.00309188871077148  0.00316708666301682  0.00324710951848976  0.00333193858580463
  0.00342101727719891  0.00351218036074651  0.00360108893384147  0.00369575114594701
  0.00379000457877649  0.00388063629584130  0.00396913519283079  0.00406217765863712
  0.00416199081036347  0.00425645883899744  0.00435043955490774  0.00444162408081750
  0.00453368144008185  0.00462679680179548  0.00472517598261047  0.00483399806497005
  0.00494963948357396  0.00506244186249546  0.00516993115179544  0.00527434206240333
  0.00537839683228607  0.00548551873353238  0.00559210802135412  0.00570693501196736
  0.00582326758031477  0.00593985590369730  0.00605601190739296  0.00616695884251006
  0.00626930602671403  0.00636839381949423  0.00650320630420665  0.00665350533382331
  0.00681132759744427  0.00697390370360683  0.00713867572704078  0.00730450912438161
  0.00746907834085294  0.00763052005751330  0.00778773951218328  0.00793959063638521
  0.00809970893724794  0.00827732924266471  0.00847830641076348  0.00870660600824181
  0.00897145527492583  0.00925810197493607  0.00959021028066644  0.00998591654874608
  0.01043938350992107  0.01118303592666036  0.01204607859139991  1.00000000000000000
  0.00839350389663234  0.01915342830402082  0.03155954807503936  0.04393471865583264
  0.05750802128497436  0.07042922054877443  0.08308826891606605  0.09740071377844552
  0.11153343817181717  0.12570604052626794  0.13913521434446510  0.15188041342420297
  0.16525141531952003  0.17600563380433895  0.18529746325958235  0.19441299070786541
  0.20302995415437178  0.21321096526372885  0.22328514300152935  0.23350615742281158
  0.24379735876051062  0.25413195590678461  0.26430861094270447  0.27415506409295809
  0.28315724508542189  0.29181602654634453  0.29994531067549152  0.30839817356883981
  0.31767509514762660  0.32642219971058972  0.33516461007934811  0.34487827807342519
  0.35494776039440989  0.36398748225209610  0.37238102781211152  0.38045972331397721
  0.38872777269162267  0.39641244273329751  0.40328164791917287  0.40972028214138412
  0.41793588235073248  0.42766331975444827  0.43750501329191782  0.44543029686157148
  0.45342530955711446  0.46088614441111037  0.46808288040457102  0.47518133406854846
  0.48146042485185192  0.48761768196869254  0.49472217396415730  0.50404918778844443
  0.51504036564917499  0.52571364108921559  0.53631037617716881  0.54998060191194542
  0.56353881507692949  0.57535114178661284  0.58621449520302460  0.59536070554534648
  0.60375119940012190  0.61355555948465612  0.62376296868367587  0.63378522916075775
  0.64372080093971595  0.65410884292109350  0.66449527619379622  0.67411301013196634
  0.68325461518991559  0.69322290562302569  0.70476193280492905  0.71566407497370965
  0.72514992810041490  0.73377839690120694  0.74232222275159032  0.75110592484376770
  0.75978591062921230  0.76904250708988009  0.78082606717401182  0.79498274573956251
  0.81173555544022002  0.82887734347326403  0.84484895568764462  0.86026886396553137
  0.87540522779821195  0.88861477224694818  0.90208383901785694  0.91509824043630550
  0.92781029456373854  0.93953861604214350  0.94937919440007623  0.95967604661177675
  0.97050960949162712  0.98160948616501154  0.99115792091831445  1.00000000000000000
 -0.00327082446904403  0.01195064569170735  0.02454921738301885  0.03796940362264742
  0.05222145580881990  0.06358777587047906  0.07136549196397425  0.07848895226578956
  0.08642835573019753  0.09569568889991660  0.10477662810668341  0.11376963208626997
  0.12145179722770594  0.13275072457698395  0.14547166421407004  0.15863833006923983
  0.17186353555072181  0.18552366028216902  0.20039987318000690  0.21251031038712057
  0.22297696873380485  0.23338645195509555  0.24451182559995510  0.25616215327240599
  0.26919163832399240  0.28425413975440361  0.29784539426061074  0.30968554761912104
  0.31988062950153989  0.32992211729700033  0.33852787245738092  0.34615825014374096
  0.35368220909567444  0.36208651529743430  0.37278394113849567  0.38509542163891020
  0.39706674829283461  0.40992537982005200  0.42379310053206126  0.43721430542859274
  0.44975221871930066  0.46282327777023846  0.47504747687834903  0.48705699023788751
  0.49892278411736229  0.51260854934954170  0.52498221822704860  0.53389494502942869
  0.54396500340486531  0.55486731916858278  0.56592838265499423  0.57718124601976206
  0.58857913736319456  0.59965234663200850  0.61005882970549774  0.61983766324314660
  0.62984484062606350  0.63824267342939156  0.64710508357439689  0.65455254046855449
  0.66333893030311930  0.67311133280256641  0.68349965382844691  0.69328931254412107
  0.70253627124407969  0.71359637287626576  0.72667398471095646  0.73873137974101799
  0.74880375975430313  0.75932789899498077  0.77007178952688315  0.78097729148311934
  0.79098038143179139  0.80041634840684162  0.80945216218478711  0.81836058035445181
  0.82748839892473125  0.83709570414144552  0.84701133993266631  0.85714784682900824
  0.86700139515100660  0.87575211119546736  0.88328264637594744  0.89203964473577102
  0.90257199719391656  0.91246342248656309  0.92108309850456638  0.92914604448560778
  0.93657460231939849  0.94469027408795203  0.95339390950474667  0.96237587391971746
  0.97212298470393432  0.98123159542430893  0.99043897692011373  1.00000000000000000
 -0.00299965088457042  0.00949591154488567  0.01988191747253240  0.03025047800343066
  0.04085491602984397  0.05100954334628894  0.06143112785596008  0.07239407134929007
  0.08402152300824460  0.09497806691287007  0.10581150085550098  0.11617145197589866
  0.12548859387510178  0.13545454898882225  0.14522750028937043  0.15683529968722407
  0.17100530366206579  0.18639641685150846  0.20076454904017313  0.21409466124730464
  0.22742782627026698  0.23819530076725698  0.24783627993464152  0.25976439277704866
  0.27143616648793450  0.28267709801712565  0.29567778196317313  0.30959293726160786
  0.32406309937110062  0.33568905654764719  0.34405000453113971  0.35227072679939453
  0.36035479469990800  0.36877513975986559  0.37776800144718647  0.38645949323026541
  0.39595572256320533  0.40740477321055307  0.42111523644445026  0.43485902533980730
  0.44622301935166919  0.45528915452903074  0.46395442232597900  0.47341539530246202
  0.48337221505240913  0.49339698869921028  0.50332416974765803  0.51459640988969579
  0.52562320058740664  0.53528073050532088  0.54378668580231615  0.55162629859398371
  0.55959410432833445  0.56790329472255885  0.57771465587176229  0.58940789841384844
  0.60100031900815087  0.61024570610395290  0.61826314903045487  0.62737000130056608
  0.63471602714012809  0.64245697850255967  0.64997327108719682  0.65744898625823478
  0.66545495114224662  0.67417551839884693  0.68331945606492939  0.69287477400837427
  0.70288625337173904  0.71305641831418043  0.72376063350475839  0.73501763809674114
  0.74518282595175533  0.75579134641982493  0.76673458536544026  0.77877090799836479
  0.78978543949892910  0.80046491859142488  0.81094476029476215  0.82117030964009508
  0.83246447203562324  0.84424482961720271  0.85556987484715219  0.86687156632946183
  0.87803041492743761  0.88870326993713922  0.90096680441946975  0.91393059288443002
  0.92493201372820888  0.93506259989086482  0.94444377910049016  0.95376627237023059
  0.96335023901461414  0.97519387050674344  0.98711710020911492  1.00000000000000000
 -0.00116382489334951  0.00670659961929805  0.01458288951285786  0.02396905024759076
  0.03419203384194511  0.04303230623944786  0.05496780452312293  0.06982614185154375
  0.08532028749136276  0.10018579933919913  0.11392678099771475  0.12590852004292913
  0.13614713582491636  0.14465450387899464  0.15362980531750747  0.16236740366569341
  0.17231177831216010  0.18221038153622462  0.19328137743320054  0.20588981914527110
  0.21846860842329122  0.23166191597974317  0.24503353386940807  0.25793232618689649
  0.27148800906213938  0.28382598154529670  0.29468172003678517  0.30661109225255634
  0.31960047691537891  0.33219458631407950  0.34353501478614334  0.35472386306823084
  0.36565595990197364  0.37612332849920732  0.38571085798756732  0.39536665986607389
  0.40587435772668368  0.41761953908518928  0.43028007349115810  0.44297484723315345
  0.45421971916037435  0.46597827165756284  0.47723854295816381  0.48936200454267842
  0.50234452739120772  0.51393359823931239  0.52582518862256966  0.53782741794687328
  0.55102851157529009  0.56533244249481140  0.57937958525832001  0.59255183306731274
  0.60455581003118919  0.61510691166070941  0.62468042320167638  0.63270857086021415
  0.64025876439777696  0.64889790090508248  0.65811165987064757  0.66761504611292266
  0.67765557362557860  0.68666154601946350  0.69496360722480921  0.70252170707325601
  0.71064620839800385  0.71908483243868337  0.72814964605642618  0.73848203713017591
  0.74830988453849157  0.75741356327859222  0.76666639989525409  0.77703244885059608
  0.78721456203289153  0.79715538282101450  0.80662977492997157  0.81580452458027719
  0.82377760746263873  0.83186369779040170  0.83997156251661120  0.84794002481844322
  0.85587932752314322  0.86410649399699824  0.87228617295578337  0.88217889355867418
  0.89317866804451729  0.90441712190126855  0.91606768829608476  0.92709222621890708
  0.93648181247038809  0.94523940351158930  0.95378284257974211  0.96278066927330963
  0.97210995645103437  0.98151192430857048  0.99036392623077774  1.00000000000000000
 -0.00108472054453957  0.00577452646843361  0.01329776207134692  0.02309149761417304
  0.03339926253443200  0.04345972374391763  0.05240359321941701  0.06108472495769134
  0.07038046846883678  0.08062136190387878  0.09252936416456004  0.10635802849888575
  0.12001297943117953  0.13366299191977082  0.14644875174838926  0.15718022839329115
  0.16786162244519270  0.17768433540517040  0.18999638147207440  0.20208306133026122
  0.21311843699493563  0.22373372546585138  0.23414038664735726  0.24489136843859483
  0.25735910148813979  0.27113102572188930  0.28526836201153388  0.29862610344805746
  0.31055138417709405  0.31933596116248408  0.32667278333002020  0.33379954809593942
  0.34163257821491333  0.35080499715448982  0.35977686620142041  0.36839480081444909
  0.37667819202634623  0.38888365297580191  0.40057893203532591  0.41239345630270252
  0.42230807321202513  0.43053660642782160  0.43894318447736685  0.44819760088903854
  0.45832512401080816  0.46817285419659888  0.47848428750279626  0.49042942829245828
  0.50214862866551202  0.51228184775586638  0.52225616809535602  0.53277177737842452
  0.54302154552270288  0.55248118596209117  0.56175199805846976  0.57075236379389638
  0.58008930285604199  0.59048630366420363  0.60228801786696318  0.61440775286075155
  0.62678369784394328  0.63962080394361465  0.65028637685947521  0.66062825992047192
  0.67113134982882428  0.68141685092415549  0.69137446900020083  0.70062069336542276
  0.71123442403435932  0.72130649809396719  0.73113226763480510  0.74491305914902717
  0.75564100026922731  0.76348074262986099  0.77243184251227270  0.78138549660282031
  0.79004433205005220  0.79842627726700555  0.80647953787107418  0.81521585123358553
  0.82448329567405254  0.83604788058818302  0.84657217524711592  0.85628939155783623
  0.86698680361087133  0.87726237949259334  0.88703245191347768  0.89743854223531461
  0.91064912924334174  0.92661896184493719  0.94032328749089400  0.95338511497224221
  0.96530385291088938  0.97730558107068743  0.98913091055130953  1.00000000000000000
 -0.00110754438534357  0.00444425759597402  0.01056287858464726  0.01645656444156345
  0.02256947098247614  0.02868839945503457  0.03509438838587264  0.04107691367686676
  0.04715102432664351  0.05339106340777684  0.05941971454309165  0.06527413920114143
  0.07161375929593873  0.07828254423254064  0.08448976204430356  0.09320560260831269
  0.10208317497754711  0.11137126993299169  0.12044316407830460  0.12831979528568463
  0.13577419917822606  0.14309392653776565  0.15064574777121426  0.15936415157051487
  0.16864732854963907  0.17837984239090798  0.18827490460865554  0.19721536018621047
  0.20677729183537796  0.21590911863529197  0.22645951039937598  0.23806167252404625
  0.25110711496423971  0.26472258462272913  0.27860359479905750  0.29238435088020853
  0.30581545484625322  0.31968927832362221  0.33431988977062665  0.34871901258031324
  0.36366882016826474  0.37953796546364144  0.39552242113517172  0.41524744731678165
  0.43314414781039023  0.45100751269673028  0.46971379703220861  0.49012248837172506
  0.51038136321355532  0.53005445857301281  0.54962141900873596  0.56979878081550062
  0.59044329911553040  0.60958592242876264  0.62635067224038266  0.64116205594636622
  0.65732636813310907  0.67508918619980141  0.69324411843975120  0.71100249283116235
  0.72577448881062867  0.73705513202138284  0.74777451194001321  0.75920681097930209
  0.77070750923476450  0.78122691700430280  0.79010291240812380  0.79754065837243016
  0.80432239268547945  0.81222928068747835  0.81916799596297984  0.82548329353390271
  0.83229192215796566  0.83960407872949683  0.84684401857489189  0.85422270957120106
  0.86356104521878230  0.87245522337857540  0.88046954564790292  0.88862594588123378
  0.89720980085029445  0.90472669220200397  0.91154141033534752  0.91770249850487873
  0.92467428581986288  0.93206823919716664  0.93928343121893865  0.94635830947113497
  0.95326307126410792  0.95985510585767053  0.96657464461802256  0.97274148158199569
  0.97920453979722089  0.98586508021786579  0.99273742570454526  1.00000000000000000
 -0.00356625206127225  0.01259281843768911  0.02443297626388472  0.03522360062233475
  0.04722692132504718  0.05878783701626188  0.06965821189604383  0.08030912155625226
  0.09089889413150903  0.10227952999005538  0.11292609161291649  0.12421223704937219
  0.13695754498252211  0.14945362366185327  0.15841514900759682  0.16727275448402498
  0.17587146848518156  0.18438991633937454  0.19303492064020225  0.20213168317207608
  0.21170905214790262  0.22145692070923573  0.23177124842533783  0.24295408442977132
  0.25279796162964224  0.26130006505225650  0.26959029250410521  0.28119112227966470
  0.29260889155726677  0.30184571758254602  0.31048880878903490  0.31783673790393324
  0.32472440648237949  0.33201505660142844  0.33989297010274960  0.34752765209131403
  0.35458512544507231  0.36371600886731181  0.37381967832147917  0.38483883214285602
  0.39635897254082603  0.40640041881058436  0.41539311815095942  0.42509581665194074
  0.43572286853205555  0.44723233885716412  0.46020076767162971  0.47645952151509535
  0.49261809519258049  0.50380329050862716  0.51161785688633532  0.51982773421339823
  0.52903082365699949  0.53850978214939638  0.54786105969146670  0.55688328876257853
  0.56682681256157230  0.58004203022060430  0.59419178735825262  0.60740511192664948
  0.62147620484223320  0.63514393891181076  0.65012245044669581  0.66563363762245698
  0.68073206646299300  0.69402829556667311  0.70592904489734654  0.71706483067880811
  0.72713853691947195  0.73707455770478592  0.74720307977449696  0.75770770114588226
  0.76788374935426273  0.77722577910235502  0.78653486014244167  0.79562220590076804
  0.80539129619181993  0.81822345694221832  0.83164123383943811  0.84339656297672794
  0.85317515526611132  0.86213448888486099  0.87068605212857497  0.88013946266083143
  0.89082866522154192  0.90271380776292542  0.91563881677137648  0.92598666276399932
  0.93481428776427589  0.94259523948935242  0.95041282573844499  0.95986587860395889
  0.97055028297943768  0.97907662990580679  0.98963073007559355  1.00000000000000000
   2.4392610473556616E-011  -1.0000000000000000     
 F F F F F F F F F F F F F F F F F F F F F F F F F F F F F F F F F F F F F F F F F F F F F F F F F F F F F F F F F F F F F F F F F F F F F F F F F F F F F F F F F F F F F F F F F F F F F F F F F F F F F F F F F F F F F F F F F F F F F F F F F F F F F F F F
  <DiscreteSampler_grid>
  grouped_processes
  1 # 1 for a reference and 2 for a running grid.
  10 # Attribute 'min_bin_probing_points' of the grid.
  1 # Attribute 'grid_mode' of the grid. 1=='default',2=='initialization'
  0.0000000000000000 # Attribute 'small_contrib_threshold' of the grid.
  0.5000000000000000 # Attribute 'damping_power' of the grid.
 # binID   n_entries weight   weight_sqr   abs_weight
    19   10   1.379996336125489E-005   7.990674125049192E-010   1.379996336125489E-005
    25   10   1.634010244476932E-005   1.069861044226406E-009   1.634010244476932E-005
    37   10   1.309367487151546E-005   5.493867993312827E-010   1.309367487151546E-005
    43   10   2.321040053793503E-006   1.453907340219704E-011   2.321040053793503E-006
  </DiscreteSampler_grid>
