 -0.00000593262765859  0.00021671097425730  0.00100450711741743  0.00213463626309094
  0.00357585318167476  0.00527936838112505  0.00760434634046636  0.01108075981095319
  0.01311682226123301  0.01418022460227760  0.01501551767280002  0.01580643578048578
  0.01657838802598300  0.01734810855033334  0.01813710462130482  0.01900519392870217
  0.01994092765901239  0.02087913181945709  0.02185711205196118  0.02285096224668580
  0.02386374405332685  0.02499043572939750  0.02624227572452409  0.02753062463951987
  0.02878766517866615  0.02999679385473512  0.03122343911616602  0.03253879887096320
  0.03397000107465611  0.03548837759439485  0.03697294568048689  0.03834801746397378
  0.03974320125032371  0.04118168949088533  0.04260072260648689  0.04404222535576718
  0.04553304428701233  0.04706873317689589  0.04872974440056731  0.05036753045585150
  0.05203692229058424  0.05374029478644017  0.05547969219094020  0.05727032262574324
  0.05895435305843382  0.06061634857873374  0.06236537541957155  0.06418688605390288
  0.06609797745035741  0.06806839651977603  0.07008573452047884  0.07213348882780302
  0.07418121666326033  0.07625156116087788  0.07836977033000078  0.08050234185479063
  0.08269246146018139  0.08491388527710822  0.08717604743186788  0.08944664306033759
  0.09172772110378073  0.09407676549771721  0.09655214736036527  0.09903193344183664
  0.10144144994984657  0.10389668992768297  0.10629239494495685  0.10868574810911691
  0.11114444905822905  0.11370881579517775  0.11635445421754637  0.11909302856404116
  0.12202166165292687  0.12511513614920317  0.12837261629603358  0.13178544906494366
  0.13522458744052673  0.13863027560610439  0.14206210529155328  0.14565293960813880
  0.14953945209036579  0.15403449905709979  0.15888010262967120  0.16409689648954665
  0.16986101764252304  0.17614120743655573  0.18275886138645869  0.19032963479040163
  0.19891778713424232  0.21189831173129181  0.22862376079212829  0.24941475961751031
  0.27829441738252042  0.32414092598325495  0.42327144583452075  1.00000000000000000
  0.00997367613179746  0.01516407137204897  0.02465918339823848  0.03450080527781196
  0.04364073752299127  0.05249626753724083  0.06105083572690698  0.07239990301706074
  0.08400571526167126  0.09480825556938233  0.10537127345162924  0.11562630910580002
  0.12573484771414489  0.13579835156437450  0.14642479158461080  0.15714384551043609
  0.16779135502223133  0.17795376269655924  0.18924252342019293  0.20127856616626078
  0.21310582915021081  0.22461870487119154  0.23600557133645697  0.24708727399422076
  0.25778210739442109  0.26826962626163081  0.27859050141468689  0.28848809895146743
  0.29769734826476874  0.30660115036514662  0.31593937820218809  0.32578214308154563
  0.33594595572551128  0.34675781051603011  0.35783528067596426  0.36971439694816616
  0.38173383347234607  0.39310653649734045  0.40502975820764980  0.41660575815975298
  0.42852868625103541  0.44040383660307064  0.45239194782777120  0.46355293798729397
  0.47424661970790571  0.48416043169118861  0.49298724453072662  0.50146489246272907
  0.50989505155698545  0.51912031140901826  0.52916519339581825  0.53956081036645098
  0.54995428921393696  0.56036439069748656  0.57090553397506216  0.58160497634878916
  0.59194741768959869  0.60203436984117176  0.61237686205404285  0.62279580688032232
  0.63267113675927966  0.64299516945888369  0.65498273096237192  0.66627098648449101
  0.67555500793221246  0.68487657050476436  0.69563900422564939  0.70755477950650159
  0.71896541330951658  0.72995089024133619  0.74028604108200002  0.75033112510116906
  0.76058533084554247  0.77191230749137552  0.78419484528762218  0.79738358253845332
  0.81023360970868707  0.82269763557658315  0.83489158468311042  0.84638038542124117
  0.85715454677273661  0.86755443323361225  0.87770230269784633  0.88751500747211920
  0.89728670320454018  0.90713149190508768  0.91696758147163393  0.92737874250029251
  0.93775090286619789  0.94747826510706890  0.95576131087936100  0.96432400767845505
  0.97256502192916727  0.98171512896264146  0.99129811200480478  1.00000000000000000
 -0.00001242891531097  0.00007835050939367  0.00015005509523406  0.00022686802154047
  0.00032766805906863  0.00045095319500569  0.00057062492652837  0.00069537871816125
  0.00084197664452941  0.00100857077129054  0.00116920558972621  0.00132217382161856
  0.00147178719418064  0.00164265626798849  0.00182860116989709  0.00203291060710228
  0.00223720755822561  0.00242488277139323  0.00261898622210201  0.00281828402883602
  0.00303504204702937  0.00323808824947359  0.00344651153356213  0.00365932223513942
  0.00387285279901084  0.00409218487975077  0.00431653376094948  0.00454705755411934
  0.00479355279008465  0.00505683220283300  0.00533414466643422  0.00561170669764071
  0.00589178446580669  0.00616217090922428  0.00641487507139686  0.00668688287862414
  0.00695564319391399  0.00721368409389038  0.00747720709767478  0.00773192622189884
  0.00799943174149645  0.00829133511729671  0.00858476885318417  0.00886948243663434
  0.00915228411512754  0.00944687342770601  0.00978412637594889  0.01009333326721133
  0.01040546943828538  0.01071783725942084  0.01103229166429383  0.01133654090107654
  0.01162835106463714  0.01191173607419329  0.01219945955383093  0.01248395865951947
  0.01276794144187476  0.01305939757260662  0.01335610865506223  0.01366120308931174
  0.01396729551338449  0.01427121404783477  0.01459377025897477  0.01489465385563544
  0.01519912734564658  0.01550471713070604  0.01581648478925540  0.01612909705159928
  0.01643668859751544  0.01673743488919104  0.01704910958141236  0.01739934882082739
  0.01773691028413668  0.01807486155988217  0.01839888998305789  0.01870850763536351
  0.01903868708962700  0.01940415904449510  0.01977469102066528  0.02012376003357544
  0.02048620337163509  0.02085952519338401  0.02125514659905879  0.02165912005310557
  0.02206698891715693  0.02248424322240307  0.02291954459076529  0.02333361554165757
  0.02373838059741429  0.02413556039206329  0.02453227574724041  0.02492757404335809
  0.02530678438024539  0.02564886256130136  0.02597476753808342  1.00000000000000000
 -0.00272446738360157  0.00915265828069478  0.02062716452374187  0.03209921675996460
  0.04340795497996778  0.05465204351281525  0.06514306824328663  0.07631231320476403
  0.08897056475628370  0.10236074558161820  0.11569307847772980  0.12903401755955399
  0.14214344589929886  0.15450561762255835  0.16629136262414504  0.17836750804135365
  0.19106031968584705  0.20372696084240702  0.21600905370622275  0.22878426048915923
  0.24120608317120704  0.25255004276426024  0.26329668077333135  0.27390911114119937
  0.28421825414230878  0.29387005428543411  0.30365211158105226  0.31450552549505650
  0.32722357922877088  0.34113905037858600  0.35511429591330507  0.36848803119500817
  0.38005206701978406  0.38949177563159887  0.39945307607827879  0.40951206110492072
  0.41929689794398695  0.42907368413585956  0.43955895372434661  0.45050676871837836
  0.46151470240938081  0.47167967949834055  0.48214452391605511  0.49249986152038822
  0.50377127583119796  0.51496722665972783  0.52595248144809925  0.53470171154404511
  0.54362229674139284  0.55195826167294326  0.56054359436202272  0.56958306187996421
  0.57879636321063099  0.58965922368383861  0.60123661184902144  0.61132417256291482
  0.62076020662293752  0.63091493679416277  0.64100043856334932  0.65013501684097941
  0.65881482862538088  0.66785782057641641  0.67824086951084106  0.68888546457836586
  0.69858645148195009  0.70822473043418099  0.71864370745891637  0.72975930932117872
  0.74015844808392439  0.75059705549611133  0.76069451913769537  0.77036478420819354
  0.77973170191597996  0.78899679855946625  0.79828609529840178  0.80739532554327920
  0.81602818015311585  0.82470668594248731  0.83349603040191000  0.84259381172534331
  0.85224168470220418  0.86226216879079587  0.87263274118044876  0.88285550908795529
  0.89264349394343845  0.90212817472452644  0.91163493818324748  0.92166008003800726
  0.93213921122666976  0.94255399864415146  0.95244507321605543  0.96183327415849273
  0.97114281068682506  0.98033714019229923  0.99017923823511156  1.00000000000000000
 -0.00311387021643385  0.01139798381455289  0.02264848194564408  0.03380173638273921
  0.04466453249763420  0.05590565360950409  0.06738970265770175  0.07935104797876064
  0.09120015040626042  0.10238651804634870  0.11308719411367010  0.12279712612174591
  0.13125515836743007  0.14040365574943467  0.15014479359807645  0.15954961915707350
  0.16858336449561648  0.17735886671110609  0.18562448566323667  0.19362903233171799
  0.20163760865031816  0.21035782811090750  0.21949295108811229  0.22865520406686426
  0.23828666949885821  0.24835649013061623  0.25853197528148358  0.26869917425637502
  0.27845818921717630  0.28837434893570302  0.29932224534018165  0.31142107273714548
  0.32363020187113700  0.33575258741801217  0.34792449134385445  0.35999516130680209
  0.37140124973054517  0.38168936949796817  0.39113594753784564  0.40074521925356787
  0.41074473248977650  0.42096857135112298  0.43099717322868686  0.44169463910820328
  0.45255655067201778  0.46263837523524975  0.47300583515501582  0.48422292329568345
  0.49628788697295356  0.50947586011138934  0.52221084489029923  0.53416711252253946
  0.54571617923976712  0.55721458020750392  0.56880900900582743  0.58057813666137770
  0.59246510425072685  0.60416614396821122  0.61568418752601839  0.62733068591106100
  0.63916314431538324  0.65128651064937548  0.66386581935216116  0.67556233084019701
  0.68723461464599334  0.69739486738289391  0.70791166706478492  0.71867045170007582
  0.72953884328330587  0.73852708809651235  0.74716496579259828  0.75610137294334467
  0.76583259778186696  0.77570596845026862  0.78502581144050088  0.79457764224265959
  0.80420938638812078  0.81337480382743110  0.82203642038817726  0.83086480645851046
  0.84000831954054889  0.84918704814053292  0.85909721699813646  0.87003184126962285
  0.88151277035241982  0.89378753443686809  0.90620280673953268  0.91819978955954384
  0.92875405024077506  0.93910001852305802  0.94935915476749333  0.95961262147288062
  0.96946083496209645  0.97922991575628404  0.98953896106813188  1.00000000000000000
 -0.00290678039692754  0.01119955843730596  0.02140714558977753  0.03166466653132548
  0.04149261180711730  0.05222520610477787  0.06468727392094868  0.07739583006818479
  0.08925945337233002  0.10010094363637302  0.11055140107035157  0.12086984315661646
  0.13047771042499628  0.13969373612541625  0.14910322520829836  0.15847782947399064
  0.16755198598266863  0.17694689132499750  0.18726223055765392  0.19866145996919110
  0.21003451626185754  0.22031894669835569  0.22989833783248967  0.23934206620301918
  0.24873370217953675  0.25775246074920455  0.26653744652285738  0.27675259349608350
  0.28719322293027699  0.29810652265581872  0.31063729471862234  0.32229703292894862
  0.33394769710092176  0.34571386428154699  0.35637033606516771  0.36702173681155642
  0.37779560508794924  0.38890588804731624  0.40023074311365198  0.41194358979055001
  0.42379399825736630  0.43572801641786263  0.44785011654121759  0.45912392455280460
  0.47011108023133452  0.48152539389703058  0.49433413098875434  0.50703217155357827
  0.51890908949549686  0.52991234139295207  0.54108687003160949  0.55256077953399085
  0.56329695128067614  0.57239107577113835  0.58167302613085570  0.59128324092344575
  0.60109972515204058  0.61060317681150333  0.61982606316050992  0.62946377080784954
  0.63974379591742203  0.65004443217253638  0.66028083647378022  0.67051294095774772
  0.68034926559386244  0.69011920925438341  0.69995130234084812  0.70968219408609456
  0.71867451443239394  0.72777626741257628  0.73805929434269590  0.74982135710257769
  0.76222355117226004  0.77389684073312748  0.78464390125445282  0.79440184952324044
  0.80364626097608083  0.81372645879641636  0.82500661411149145  0.83644382679152041
  0.84741293080176461  0.85742669064486332  0.86711880526016860  0.87651010197671386
  0.88602000115135338  0.89626669019363436  0.90657549045848762  0.91709075354683145
  0.92749751306581119  0.93790396224064776  0.94749051811143492  0.95703044675796822
  0.96707528577982105  0.97822682643093783  0.98930102397856579  1.00000000000000000
 -0.00215075917566430  0.00932956475102822  0.01974145124110360  0.02979933992576229
  0.04036307098021536  0.05193094640699505  0.06471859758262564  0.07769745475498767
  0.08993594946142058  0.10215113702175586  0.11446902665036839  0.12632492147294466
  0.13729108853777436  0.14776464768312997  0.15793040366019157  0.16813998520338164
  0.17872395153108003  0.18987393559290575  0.20182858186813454  0.21411737309543422
  0.22592749901219772  0.23778959646841943  0.24970907717068375  0.26061108961899188
  0.27035380747521254  0.27930071319578059  0.28758484065652362  0.29652918537176526
  0.30531969242351231  0.31426324881641587  0.32308727095178025  0.33220623335131172
  0.34211269389334331  0.35235564788126622  0.36261576607820856  0.37330657689741670
  0.38421117997927229  0.39569410756455470  0.40797327742973555  0.41978875227897383
  0.43015463921523889  0.44039396671361819  0.45061929042353327  0.46051992537340236
  0.47015083286056025  0.47998483024326399  0.49075825936555795  0.50184459344436938
  0.51180509295565735  0.52100257119865301  0.53083452268163223  0.54170429381354446
  0.55241653145772507  0.56262829971699857  0.57336040844503677  0.58421381597886435
  0.59461530360706560  0.60465707745039943  0.61447007441836987  0.62464491326353289
  0.63552423311473472  0.64711281989201552  0.65922164023435625  0.67139515823360851
  0.68305264311877834  0.69363862282221767  0.70329838917394383  0.71392124559939885
  0.72464803805281541  0.73500763741224606  0.74478430719950961  0.75510064895407270
  0.76596968237948360  0.77642158018593532  0.78640570677177890  0.79709859630372581
  0.80900057995018670  0.82073032918485145  0.83146859274497797  0.84105281028740564
  0.85041572727171855  0.85923453407565964  0.86732744281470042  0.87559687559762300
  0.88411739639999576  0.89192984982188328  0.90011852535250059  0.90923216104145821
  0.91940314740262041  0.93127860509662985  0.94360010606151012  0.95556891702062929
  0.96682589145348785  0.97738693189648096  0.98848136249473362  1.00000000000000000
 -0.00268673521196603  0.01056871022533055  0.02228071857071802  0.03375527483966152
  0.04463377206594930  0.05537847851120177  0.06562449069272003  0.07642611327041758
  0.08770154523489972  0.10012465289004396  0.11069535780041005  0.12015561237971988
  0.12968375643959865  0.13922243912011636  0.14921776254630370  0.15890779173175967
  0.16901296799354026  0.17971130369551677  0.19043909691892660  0.20075953133622462
  0.21076627445660442  0.22140807449560304  0.23262192786611355  0.24460279799172904
  0.25684066258041610  0.26838040751940612  0.27853760395528032  0.28753620218782061
  0.29635922941993836  0.30544211737743504  0.31493943193796553  0.32445252692744919
  0.33372311293460344  0.34351108121481133  0.35391654848538306  0.36421878529031848
  0.37436602406763508  0.38482185276859365  0.39533883338200065  0.40671548925362944
  0.41839103376747128  0.42918567985027184  0.44058235082629538  0.45237628081094516
  0.46334012056051727  0.47303352066794879  0.48262411368541375  0.49233593866479725
  0.50245786501419798  0.51308641311640291  0.52395511790608962  0.53517730761454629
  0.54577670060599071  0.55678676946092021  0.56786603310376871  0.57765907589758314
  0.58765016590731756  0.59769647330186448  0.60811577728368460  0.61893176871621525
  0.63041193625588399  0.64205036203094434  0.65295512339584161  0.66337227570313850
  0.67338100905560527  0.68345691836718903  0.69343613072734189  0.70302535188275184
  0.71249459799056869  0.72176552875494349  0.73187236273240797  0.74174934163615835
  0.75154044370736484  0.76117701368729218  0.77089516110871936  0.78072781684029435
  0.79088381068523272  0.80141037285515937  0.81306897156322622  0.82454152060722186
  0.83713082860971177  0.85012266907056133  0.86190322585404044  0.87272946822282138
  0.88247703258037835  0.89182476777006647  0.90061558590256219  0.90917873433005114
  0.91855476862919372  0.92964599235202272  0.94113566619278766  0.95224057809287888
  0.96383558145592685  0.97602105710244502  0.98778458776467482  1.00000000000000000
   6.0758231828065062E-019  -1.0000000000000000     
 F F F F F F F F F F F F F F F F F F F F F F F F F F F F F F F F F F F F F F F F F F F F F F F F F F F F F F F F F F F F F F F F F F F F F F F F F F F F F F F F F F F F F F F F F F F F F F F F F F F F F F F F F F F F F F F F F F F F F F F F F F F F F F F F
  <DiscreteSampler_grid>
  grouped_processes
  1 # 1 for a reference and 2 for a running grid.
  10 # Attribute 'min_bin_probing_points' of the grid.
  1 # Attribute 'grid_mode' of the grid. 1=='default',2=='initialization'
  0.0000000000000000 # Attribute 'small_contrib_threshold' of the grid.
  0.5000000000000000 # Attribute 'damping_power' of the grid.
 # binID   n_entries weight   weight_sqr   abs_weight
    25   10   4.337044483417908E-013   3.748259979191500E-025   4.337044483417908E-013
    28   10   2.714885870497696E-013   4.596002817986294E-025   2.714885870497696E-013
  </DiscreteSampler_grid>
