 -0.00000000620845259  0.00000273050027179  0.00001983013456184  0.00005564598265439
  0.00010909508126476  0.00017787798142908  0.00026187612744452  0.00035718119549366
  0.00047015108868437  0.00059211589193161  0.00072838439771261  0.00087305502001109
  0.00102729123614451  0.00119090447781073  0.00136421884424996  0.00154383637858226
  0.00172417576793033  0.00190705575008401  0.00208973106629430  0.00227770098056625
  0.00247630785176966  0.00267823661498025  0.00287896013123854  0.00308663329167377
  0.00329783964487277  0.00350594613090832  0.00371436051375753  0.00393212868293126
  0.00416841020861369  0.00440193785630376  0.00463699456417865  0.00487594369407872
  0.00512277640570214  0.00537269391865389  0.00561908892535434  0.00585903620160292
  0.00609378447241894  0.00633451220240598  0.00658215286092024  0.00684004845962651
  0.00709921598867684  0.00735181574030527  0.00759933826412336  0.00784687295824691
  0.00809707912219665  0.00834756333839591  0.00860127471002754  0.00888328251515098
  0.00915340555713972  0.00941432308811215  0.00966761364126687  0.00991514136852383
  0.01016194902618751  0.01040628057246358  0.01064742823247577  0.01088210162115899
  0.01111616000465447  0.01141682387873344  0.01171656045181653  0.01202486168530546
  0.01234958692857519  0.01271150283681364  0.01313118834079417  0.01367425129283774
  0.01458700034540582  0.01626078329821323  0.01762065987756829  0.01865883770902209
  0.01965422547266425  0.02062447164175164  0.02155219408150827  0.02246420952080884
  0.02334288394944219  0.02422297581819140  0.02514485943951254  0.02612146193510030
  0.02712493789173419  0.02813358794525706  0.02918345139118443  0.03024108706102675
  0.03130239882932548  0.03246937574108614  0.03381955405629425  0.03513129153114301
  0.03647927749547967  0.03794069326261615  0.03956743207705759  0.04135734728992912
  0.04352747294629607  0.04619847385731245  0.04900721666508489  0.05225718961356154
  0.05720224428781345  0.06808212169204168  0.11651620070132472  1.00000000000000000
  0.00943860582571129  0.01607690951281254  0.02582865106263738  0.03738030905378455
  0.04825163774336787  0.05940121793749938  0.06955814534948554  0.07969684672155161
  0.08993793744112208  0.10006001601618146  0.11001223303732753  0.12006580388293059
  0.13038497769192922  0.14137466554889994  0.15232308515295731  0.16363696962636223
  0.17572939327124051  0.18764283299034798  0.19890710118386862  0.20927689920576545
  0.21938613668457080  0.22941819063497015  0.23969142749742614  0.25000761046080244
  0.26004430043801779  0.26941830350057333  0.27909909711946357  0.28881935476698045
  0.29880707016196667  0.30896383446975978  0.31963495106053197  0.33111299268252248
  0.34248296747702756  0.35388982098028271  0.36498279702429376  0.37650329635475921
  0.38895092634036882  0.40056829555313350  0.41163378138198192  0.42262722088026722
  0.43353339219230630  0.44364255262452096  0.45337486549016837  0.46263070191426736
  0.47160927455017276  0.48106966965381359  0.49082257945879015  0.50034680940453968
  0.50980793143676506  0.51965309352303424  0.53014462053594513  0.54101489493143362
  0.55113143801450781  0.56131344735593025  0.57141940731194119  0.58157749969361661
  0.59154414620493079  0.60127817305113040  0.61132287025236054  0.62172125627941577
  0.63261374704371998  0.64374238140829854  0.65493437119008657  0.66562905000615746
  0.67585702638387490  0.68546600620454978  0.69441845027586935  0.70313566197009325
  0.71252762674070680  0.72234819687626939  0.73237942850619930  0.74325525539038595
  0.75506241598534196  0.76813200614301680  0.78149218679670607  0.79379164426003601
  0.80510316220095568  0.81611385508642709  0.82650895610647312  0.83651266544157854
  0.84563141699435695  0.85494367400405880  0.86460790823604461  0.87422785838333394
  0.88399068212374488  0.89390748216016336  0.90428001625832155  0.91497643178546395
  0.92484401960219420  0.93532366530979005  0.94584288278313955  0.95615805267090070
  0.96605805978591519  0.97610299962921265  0.98753303371397583  1.00000000000000000
 -0.00002175426041993  0.00025830858099875  0.00073266049504891  0.00150545343145080
  0.00255818537992262  0.00388882694426652  0.00550995862614793  0.00746061525969098
  0.00959479149783658  0.01189754290640603  0.01440415219859250  0.01714183013508523
  0.02019628325681865  0.02340020649993109  0.02677987787710153  0.03009192752171626
  0.03357579307020098  0.03709616138834839  0.04078960021611621  0.04478023409233971
  0.04893738793448135  0.05315912246319764  0.05754792141537881  0.06213112314706017
  0.06692590706047066  0.07208700383485513  0.07759029125432346  0.08311904538940078
  0.08848468599799422  0.09379579504787165  0.09933362267045034  0.10503967320789975
  0.11085164570107692  0.11682385137596239  0.12304962238493375  0.12923600713974595
  0.13561231223673537  0.14217501864372631  0.14887431570490339  0.15574617429371793
  0.16303928524710112  0.17099460340549227  0.17934075186346787  0.18796609438020928
  0.19705776070852635  0.20609964622501381  0.21526690361528525  0.22420967095054942
  0.23296050002939506  0.24161317580498545  0.25021312548184604  0.25893424442321072
  0.26782614562609675  0.27671536550529530  0.28600070969798608  0.29523887838318258
  0.30459207553760576  0.31491331021850544  0.32579178280093679  0.33702913434196352
  0.34857576232533494  0.36034867314318697  0.37230369294731547  0.38467373864096510
  0.39751849472416712  0.41054681131004878  0.42383611698979123  0.43695747669157120
  0.44994412210187729  0.46310196703194600  0.47667456098845262  0.49172874141176415
  0.50668810864236069  0.52161088724871507  0.53656389296767659  0.55175169564787796
  0.56750537615286334  0.58407743817621072  0.60180893427292981  0.61963447449265951
  0.63710990066124673  0.65423329353162785  0.67130487538475037  0.68872245768247886
  0.70691606005715613  0.72601619425004460  0.74589135544579332  0.76576724223049220
  0.78526939871682200  0.80491299020518325  0.82456174930577997  0.84413466827064321
  0.86360636052481210  0.88190123181143742  0.89621021474392371  1.00000000000000000
 -0.00349912070246202  0.01237127442128507  0.02530018336952163  0.03777810119227514
  0.05024611075187919  0.06260263858890112  0.07335127187290351  0.08394258447790566
  0.09405617531241096  0.10446057990990036  0.11513412724270153  0.12616017092366419
  0.13742654416400313  0.14846343113865268  0.15994764667144379  0.17102323997019458
  0.18175305675307860  0.19299710125356265  0.20474811426269265  0.21586180945302672
  0.22616516996003630  0.23626202899971088  0.24624421629325396  0.25639102413121762
  0.26661600910529348  0.27735685706274754  0.28790460591653994  0.30015549840225836
  0.31237509445272560  0.32394947153324982  0.33513726891353085  0.34623007319713461
  0.35733799507383007  0.36864825161952813  0.38057113383494506  0.39287083073929996
  0.40516788596422970  0.41716754636017550  0.42854861023697716  0.43935117658594081
  0.44966064363453984  0.45967066753622721  0.46925017549889725  0.47857830821756658
  0.48817410609245016  0.49818581859623778  0.50836439188547400  0.51833767746630011
  0.52850784892746916  0.53882016584238901  0.54865620922093306  0.55810328853853308
  0.56757868215533869  0.57698902935378260  0.58659895127381123  0.59639680110619109
  0.60643232415551462  0.61703830163214091  0.62816025126082786  0.63973945889902339
  0.65115407047216012  0.66200194010838620  0.67253290733031956  0.68309776782860010
  0.69370158692755812  0.70433457407264533  0.71474580901646789  0.72486995323713177
  0.73482932865682604  0.74455930814712101  0.75444196246389827  0.76462411560907917
  0.77529341773903415  0.78619557599478318  0.79719656508882020  0.80805379016520540
  0.81877545381088035  0.82893385835521927  0.83894951169644671  0.84889170735875508
  0.85900955069162244  0.86932388478600708  0.87976764368288130  0.89017272889032906
  0.90031605194648190  0.91049374222118340  0.92035282613894542  0.92979006068820247
  0.93907202021115688  0.94817441757689780  0.95747218626793973  0.96626666805348693
  0.97485467699455786  0.98324221008117485  0.99163464764205733  1.00000000000000000
 -0.00274029631118946  0.01048880153551540  0.02185497046029574  0.03263700818110569
  0.04389450349740358  0.05527506388309239  0.06681065278794839  0.07798244469648420
  0.08872358920745244  0.09940340694760151  0.10988670768010501  0.11997837116917741
  0.12985997268231236  0.13951728301110700  0.14982967197317359  0.16017196847282009
  0.17028068462986823  0.17994827336257008  0.18991524722834857  0.19986456513652637
  0.21014118405852322  0.22020961425756361  0.23049861286059739  0.24141375129686740
  0.25288819470085283  0.26494058044911362  0.27685152603838442  0.28887115881779002
  0.30066819704162134  0.31214183935255513  0.32292759892332845  0.33366085295951792
  0.34482140604192124  0.35574564890980320  0.36699060192719918  0.37841078982130549
  0.39016516596259160  0.40105643878119684  0.41085586538636149  0.42013712310653256
  0.42905857018964649  0.43846922658038034  0.44819473352491279  0.45810245428524599
  0.46870540221909635  0.47949679311379645  0.49068641819640235  0.50175396454629995
  0.51273342233334651  0.52326314543904495  0.53337537137007396  0.54336830469943465
  0.55350413518662933  0.56408366111961206  0.57472140303464925  0.58506665349588038
  0.59502083133153527  0.60516869726889877  0.61595915213980912  0.62651010481471914
  0.63626730113554752  0.64599622008732027  0.65607674804029681  0.66622997958038532
  0.67578815088702437  0.68551117952752716  0.69738343495513888  0.70948522488340182
  0.72161443777277445  0.73375432356608605  0.74604262649472097  0.75813995526535205
  0.76976641033723048  0.78106467436564375  0.79218994453576042  0.80344921066944341
  0.81446730577074777  0.82503335413027801  0.83530613827264422  0.84516437748810302
  0.85511737808944221  0.86481142500999963  0.87417760349115947  0.88296652484858951
  0.89180586835749509  0.90093540521799320  0.91024478861631020  0.91925510533544452
  0.92812567615294339  0.93702042064749025  0.94842961647539326  0.95958945025206899
  0.96933464916975509  0.97940542519136908  0.98952865305297188  1.00000000000000000
 -0.00265800180410308  0.01053115651667680  0.02114739959346179  0.03095702597075667
  0.04050938510918820  0.04970279540968828  0.05896021481787576  0.06824449273480417
  0.07741300018851990  0.08673642985831928  0.09634131385070356  0.10600876173571439
  0.11607105363357416  0.12654896921508765  0.13735262417460278  0.14795399378382942
  0.15825092162480275  0.16837172787381116  0.17836363241042189  0.18835057059974405
  0.19829593269487580  0.20820801247803472  0.21828074589221610  0.22838574941169543
  0.23850171478162829  0.24874498424569830  0.25940046621388563  0.27024247129657403
  0.28086889572630969  0.29151614551470356  0.30234021145849405  0.31262871981341311
  0.32187778353562607  0.33090213966495802  0.34008578315395482  0.34935259704020455
  0.35861451095123037  0.36787400249008073  0.37777886852544434  0.38866354946303261
  0.39929237302746912  0.40942463668852408  0.41975244596886518  0.43022691967477428
  0.44070550747016257  0.45128109688694168  0.46174099011440362  0.47212670734154732
  0.48279606581049139  0.49362131037394619  0.50447443366708999  0.51522252698247817
  0.52621873457714197  0.53761786388759447  0.54899389687776601  0.56028531885320509
  0.57145323844203399  0.58254786140021819  0.59356087908041344  0.60449237126492572
  0.61540579182304178  0.62629529771259140  0.63725532033717902  0.64826844259037431
  0.65900271383055575  0.66943134444019392  0.67984770293913666  0.69053120071209773
  0.70146574780546622  0.71210076368233965  0.72240612760030143  0.73247303902640482
  0.74245003003374799  0.75240643859597822  0.76244436670332316  0.77228624062863305
  0.78192515153602660  0.79177344816697737  0.80235332572154716  0.81320867627969906
  0.82422855709149012  0.83562060832462703  0.84770048981781565  0.85973426230133443
  0.87150161304664719  0.88336542387251271  0.89574923229313630  0.90860007777684826
  0.92135628081122622  0.93406141130337050  0.94555715589609823  0.95618984073513758
  0.96706608396510951  0.97822745102416631  0.98887616118686095  1.00000000000000000
 -0.00224228585027570  0.00925397667773392  0.01948098475164529  0.03056322962634036
  0.04178226999301197  0.05276962573249121  0.06308359685992498  0.07281003180531473
  0.08234312762920641  0.09187463334706150  0.10144294310950466  0.11101667562112548
  0.12063229461327023  0.13034324351362564  0.14032612022233645  0.15051374011823992
  0.16031737034359889  0.17008884725601689  0.18033792831587081  0.19056393029855795
  0.20039114186816584  0.21028024410560220  0.22027265765258150  0.23027602092538210
  0.24023653071496467  0.25049010798167648  0.26107906908826700  0.27160672007006048
  0.28208974534856912  0.29254907818189985  0.30321634952152421  0.31336639487831575
  0.32233523018556681  0.33102617080810620  0.34012440472680561  0.34969721958018829
  0.35954463076742232  0.36929974525676712  0.38019635761053616  0.39208037042110389
  0.40372813118405154  0.41499914594536169  0.42605853252046266  0.43696419999578345
  0.44743946758453224  0.45759255351142003  0.46770647525009595  0.47808192596478755
  0.48886557269608150  0.49963253424465859  0.51025011219651661  0.52091885930857107
  0.53161423423321896  0.54243488502882686  0.55336809460422420  0.56505632229736702
  0.57752042056420494  0.59028002979700722  0.60281538493251341  0.61472507735063053
  0.62578308073066302  0.63606121842329000  0.64582513053578072  0.65523704491766954
  0.66438585596791222  0.67370020568839994  0.68320363030212317  0.69320843170403745
  0.70374699517806583  0.71443168759194953  0.72493603804497231  0.73494490384272304
  0.74486962848980154  0.75524955575678854  0.76607839211430995  0.77702855027811890
  0.78814176878078901  0.79994893424486713  0.81222199650869009  0.82398511095726701
  0.83543068852661373  0.84694945964815360  0.85849069993714711  0.87010560119277058
  0.88178435958507473  0.89371704989456724  0.90513466978873769  0.91658757725528350
  0.92734596777839229  0.93799305099454333  0.94951817159335883  0.96017402097901361
  0.97034029298345192  0.98066519470489588  0.99062800096212733  1.00000000000000000
 -0.00241581723100710  0.00869562869643462  0.01788020597178222  0.02730782753096863
  0.03693214122711652  0.04747993129122083  0.05924724883962471  0.07119948643432816
  0.08340755017828494  0.09584389553035674  0.10746671142687622  0.11793026265342652
  0.12848444482908045  0.13929624769979632  0.15036795625229823  0.16096043599411611
  0.17234992347254791  0.18445369109890361  0.19684487822692370  0.20887046091872960
  0.21991073591272581  0.23060541426532549  0.24147202600267978  0.25216949037926012
  0.26232890823349164  0.27259619925348577  0.28335959288111906  0.29413137201506767
  0.30489902032035954  0.31577505759941366  0.32709370871274557  0.33829864814467353
  0.34905185420596907  0.35962196883570596  0.37008251115589602  0.38060300089418708
  0.39131126146829892  0.40217458035517040  0.41300769463301873  0.42365742717031107
  0.43422435049516583  0.44484777473992765  0.45541327145620086  0.46570182525961984
  0.47565931664345656  0.48554550743770242  0.49554935000747546  0.50559716281192779
  0.51579908146824105  0.52593748795244577  0.53588803925633477  0.54574515275415147
  0.55574247106287233  0.56594109379058188  0.57604727520164944  0.58598175698265420
  0.59572561287539605  0.60557908299475183  0.61561865285769468  0.62545588980469158
  0.63527262791378381  0.64531052415573642  0.65556985561399994  0.66598921062017569
  0.67606807104614119  0.68654345831788555  0.69717049142693599  0.70742110375330702
  0.71796077494977395  0.72817622283156214  0.73863555566996741  0.74918273958723280
  0.75963638714142745  0.77062789642000884  0.78173091160920782  0.79274760989514848
  0.80373177373376126  0.81465883573130882  0.82621437678692300  0.83756816344780194
  0.84837932620766165  0.85903783153653779  0.86928969938700551  0.87957692622730688
  0.88993048986704681  0.90042715392798400  0.91103558097719539  0.92152187097240956
  0.93175765007174394  0.94125145418572198  0.95014616079578196  0.95944300454265552
  0.96957537334101462  0.98005145873996158  0.99021164450342902  1.00000000000000000
   3.3251101715194270E-016  -1.0000000000000000     
 F F F F F F F F F F F F F F F F F F F F F F F F F F F F F F F F F F F F F F F F F F F F F F F F F F F F F F F F F F F F F F F F F F F F F F F F F F F F F F F F F F F F F F F F F F F F F F F F F F F F F F F F F F F F F F F F F F F F F F F F F F F F F F F F
  <DiscreteSampler_grid>
  grouped_processes
  1 # 1 for a reference and 2 for a running grid.
  10 # Attribute 'min_bin_probing_points' of the grid.
  1 # Attribute 'grid_mode' of the grid. 1=='default',2=='initialization'
  0.0000000000000000 # Attribute 'small_contrib_threshold' of the grid.
  0.5000000000000000 # Attribute 'damping_power' of the grid.
 # binID   n_entries weight   weight_sqr   abs_weight
    25   10   6.654247529454165E-013   1.413381943518752E-024   6.654247529454165E-013
    28   10   6.933984869980025E-013   8.334952122191084E-025   6.933984869980025E-013
  </DiscreteSampler_grid>
