 -0.00000001132719416  0.00000612935918286  0.00004309648728828  0.00012250380659275
  0.00024324097886770  0.00039961550317889  0.00059115007701372  0.00082349609727108
  0.00107427079861143  0.00133707910689747  0.00163322872738097  0.00195416949884106
  0.00228961922815378  0.00267467236874442  0.00307402101162680  0.00348618583409128
  0.00390858184126424  0.00433446763905961  0.00474531084221021  0.00516136946657565
  0.00559968636296775  0.00603381738318567  0.00645660899820328  0.00691020469366887
  0.00738351608792275  0.00784747459071774  0.00832237965841448  0.00879939772821851
  0.00928243933570433  0.00976667366579108  0.01025092403604538  0.01075193340388030
  0.01125386095828756  0.01187400561334790  0.01256852752283107  0.01342222831372247
  0.01484067045835048  0.01706624713974364  0.01886406685714490  0.02046025077469728
  0.02198760240630796  0.02341230889206957  0.02479689660540739  0.02613875784808542
  0.02743788599154664  0.02872971475062705  0.02997051051106030  0.03118148306349274
  0.03239439105963304  0.03362253756147194  0.03489611504672408  0.03616309506237578
  0.03742175302888533  0.03868671150504729  0.03995075645906746  0.04123869717642562
  0.04259109765112835  0.04401474575138162  0.04542433425284449  0.04676469563249551
  0.04817693930595555  0.04961846295653035  0.05110676925809397  0.05264583249348401
  0.05424416466653218  0.05603477175334035  0.05784041795982466  0.05959927799024174
  0.06135178284742915  0.06311672286284956  0.06491659505650660  0.06674175743320147
  0.06850771551905342  0.07033133644969537  0.07259569089735336  0.07491993758230441
  0.07721037098321655  0.07949200066988872  0.08180040865908282  0.08414744197583067
  0.08652650114292605  0.08911852169363971  0.09192407983070194  0.09525641037757153
  0.09887330359784323  0.10271131249069408  0.10680398701507923  0.11132722083197558
  0.11663689152949529  0.12317367363089979  0.13191221439038930  0.14334387750962849
  0.15895923846026788  0.18950108948678385  0.32257247575089926  1.00000000000000000
  0.00941752069869041  0.01616592722841974  0.02712113859209594  0.03878406472236240
  0.05068096455564394  0.06272561063000288  0.07530192848362657  0.08709526611399017
  0.09782025885964640  0.10772065601381409  0.11762879429329148  0.12809000526722783
  0.13828357006260433  0.14819753555505072  0.15823340502230201  0.16866517776108964
  0.17946709254195592  0.19022201938804500  0.20081084215898601  0.21125675322816095
  0.22119661540302002  0.23081962662493094  0.24045115129069947  0.25038645344312488
  0.26059995527947871  0.27094865457173334  0.28153595151794686  0.29212971495784124
  0.30305794301172989  0.31520872614865764  0.32851510756050806  0.34124547080982476
  0.35245542653345752  0.36301221540480277  0.37306542667520087  0.38278164111665441
  0.39227696906966003  0.40132693579474726  0.41000265809824743  0.41880648574259993
  0.42816631040954028  0.43792766697240515  0.44751232169429267  0.45712866118800116
  0.46731682962532056  0.47768350167839729  0.48767870631005072  0.49731052721827335
  0.50682111045738243  0.51641662082235074  0.52610612136057522  0.53567110041683286
  0.54540063550940265  0.55539440915866767  0.56568271426002714  0.57631259044656680
  0.58737371529101501  0.59899429946326233  0.61005863219366407  0.62010860175971916
  0.63026265204916587  0.64056832131361907  0.65132548924665989  0.66243755871116350
  0.67379492234118332  0.68529683259274465  0.69532041541671052  0.70443236170882029
  0.71360626558225160  0.72306563959586023  0.73296739912158482  0.74285481207396742
  0.75272080491251137  0.76303696237200036  0.77355425530170840  0.78417194606008478
  0.79499414367813459  0.80561310442056222  0.81567585063345216  0.82524871934872812
  0.83461817137018202  0.84464752769915863  0.85511340800904700  0.86609092042791880
  0.87714751866486218  0.88718609776694835  0.89704647428893758  0.90667153496376063
  0.91655814401283342  0.92628941695010958  0.93643241626749041  0.94742621248826153
  0.95952424492939448  0.97058072578505938  0.98122038434141801  1.00000000000000000
 -0.00002096751477081  0.00024169458856197  0.00068986723212887  0.00139884817498396
  0.00240292922006856  0.00362289770295697  0.00514781493724369  0.00690591751095244
  0.00879525464988372  0.01072619199080539  0.01315781244249781  0.01570945375067290
  0.01822781072239390  0.02088609222043343  0.02377797262484314  0.02703383766954011
  0.03068534740464734  0.03460178338345326  0.03881023013824069  0.04286474220852848
  0.04671791476341135  0.05044426545405274  0.05447652766693090  0.05860351511030600
  0.06315045548887883  0.06836805214900599  0.07368497079345407  0.07891297047452456
  0.08404056826887961  0.08900268871871057  0.09399495377804007  0.09896754758623860
  0.10394282389002461  0.10893924097861618  0.11389689129104062  0.11897732462477520
  0.12433830515999982  0.12981167358717055  0.13561954502004372  0.14158135845727479
  0.14790351807757549  0.15455487891511585  0.16140332403682373  0.16780881157159344
  0.17426277856354583  0.18077029653551088  0.18746272343484841  0.19433710716496494
  0.20147259150619359  0.20877041907337451  0.21590917275664295  0.22325160610415973
  0.23140547922267451  0.24001385742626918  0.24884441843362087  0.25818369274503566
  0.26781815241595980  0.27743917839587001  0.28696543734415259  0.29656043882001021
  0.30646232857393813  0.31587881839201493  0.32513522838548348  0.33441707963453138
  0.34411916893056776  0.35422991561311407  0.36437540701182169  0.37429388608656983
  0.38408638017201235  0.39440793360258686  0.40467052957142924  0.41520153319861969
  0.42612438958389121  0.43751605279574385  0.44989269009146593  0.46194900906149389
  0.47417356591536231  0.48678808236216331  0.49977766932024920  0.51274571082877674
  0.52597583434571016  0.53910052483987825  0.55228666371095814  0.56562915460814034
  0.57874235937695628  0.59198728289827018  0.60500896976867002  0.61781578219572675
  0.63050582554482704  0.64335896456812369  0.65547341392501324  0.66738689555588526
  0.68003867350536606  0.69222749761530433  0.69984349910764232  1.00000000000000000
 -0.00241367080858961  0.00945561303448402  0.01963251529321614  0.03209668708356175
  0.04385982059148924  0.05727762337580084  0.06947427414652108  0.08220041495005288
  0.09456486832255663  0.10701003314404427  0.11940386338153075  0.13289329861186769
  0.14628233547047845  0.15844851816676611  0.17009431001853920  0.18153567558188036
  0.19291439030318613  0.20445985501213196  0.21696229673940903  0.22955221093066297
  0.24129948122231498  0.25255914123576334  0.26374412288987648  0.27483757018479871
  0.28583482485560352  0.29652076246450820  0.30680401585572009  0.31678211981907733
  0.32693470005719039  0.33780353401159008  0.34933675843885970  0.36109707915527517
  0.37260807405208368  0.38396380532586188  0.39528098545798807  0.40651564512393018
  0.41718262384514132  0.42729366695055343  0.43764256083209296  0.44894575935069225
  0.46025214857456187  0.47065929299659892  0.48074382140409955  0.49098524507635416
  0.50126475607432097  0.51168926902641398  0.52281368040567011  0.53487966296730194
  0.54709893973728230  0.55859983248245981  0.56895776890656025  0.57867970953678705
  0.58855515709856876  0.59858004659391872  0.60830373379256542  0.61757767678382203
  0.62695226292314077  0.63651984847440835  0.64594073160663201  0.65529394346396508
  0.66568702040960515  0.67665533761806984  0.68738658579057144  0.69734387663569997
  0.70790544733364602  0.71919912546533371  0.73032128917477801  0.73976840272717692
  0.74884561426324203  0.75744645850643910  0.76646301352752766  0.77533927126175273
  0.78397051586816446  0.79217265799396308  0.80046303560033294  0.80953798829361112
  0.81934254566406828  0.82957017196497962  0.83889451852656038  0.84803785725098535
  0.85722567160096796  0.86675576865063253  0.87668179671038005  0.88592859422728487
  0.89534591033815991  0.90432945129462261  0.91334927975287361  0.92249141885641250
  0.93159663585227492  0.94083425075310501  0.95049162436588186  0.96036088701842914
  0.97025868423630035  0.97995855899461071  0.99007254193180083  1.00000000000000000
 -0.00202867470386700  0.00853521779244148  0.01722471073166176  0.02624331629605613
  0.03555285862310248  0.04501984622688578  0.05481778578933166  0.06485294262213863
  0.07602953898620975  0.08744697866392992  0.09947972388830476  0.11213925210246493
  0.12484852605434069  0.13822244240737341  0.15145204002395088  0.16374152288972613
  0.17527177948261130  0.18635732230775909  0.19768010978049275  0.20900721655517290
  0.21945957453904294  0.22954708586994549  0.23963141769151797  0.25017150381111636
  0.26087891243133798  0.27210424627377250  0.28450857255380702  0.29666043906821615
  0.30797141084163115  0.31843718873469373  0.32861330668746003  0.33928684597130782
  0.35010369558234905  0.36097869437874536  0.37143491736841255  0.38140867548331897
  0.39099405660990222  0.40096729795628638  0.41093625435611397  0.42064710241826453
  0.42942764961602692  0.43826137905319856  0.44782074351147727  0.45793895315062150
  0.46867498088155629  0.48003572176555948  0.49206024403000098  0.50391162136780510
  0.51520026907031169  0.52642299254774749  0.53767547207277744  0.54822655915415719
  0.55877178125778071  0.56968388796161606  0.58085201326442926  0.59125917553348017
  0.60141857164793533  0.61156119616000459  0.62218453977663557  0.63213218009431638
  0.64184146333005632  0.65153482568774190  0.66175405381238350  0.67159158613510317
  0.68147361015211760  0.69171581317653619  0.70232179967489894  0.71304649804496079
  0.72383292882888794  0.73495064978840940  0.74636163490782204  0.75750954950276905
  0.76820064898836560  0.77881608676019176  0.78958644808320078  0.80102050429118299
  0.81324400126060736  0.82567685548189895  0.83755926554129911  0.84770118624325774
  0.85736940695163355  0.86580354161842310  0.87518333616633803  0.88379034580372384
  0.89233816850752756  0.90094316004961361  0.90936908598006838  0.91796771616619366
  0.92717746842517568  0.93690492705724560  0.94728710173644048  0.95771189610849550
  0.96880235777165791  0.97930912672855652  0.98959021889746257  1.00000000000000000
 -0.00206511559812087  0.00871870623575047  0.01795167160444170  0.02778132983728693
  0.03790362594229293  0.04804583834659288  0.05878469966150988  0.07008189907606935
  0.08207099903924267  0.09299810602370877  0.10382761148480545  0.11420664957428893
  0.12485908796190620  0.13583640699516752  0.14623851939761495  0.15745357043802466
  0.16837641601282066  0.18040864196330289  0.19168638015741743  0.20242513116345762
  0.21323586912460271  0.22451382232020728  0.23527637432104531  0.24570841577910771
  0.25575470821452723  0.26580397146764279  0.27550217331318477  0.28513324245457949
  0.29458342856815017  0.30406173184951746  0.31352249390352316  0.32409267392185465
  0.33390190198375869  0.34339324758360434  0.35243403050962557  0.36160782666380659
  0.37091952500995484  0.37983458516042007  0.38837731642621315  0.39738718843562437
  0.40712703860870492  0.41787348492048132  0.42932594260711326  0.44136934996822325
  0.45315718366459040  0.46398302743130981  0.47441406163027261  0.48499243400677949
  0.49556247204661669  0.50602066461751849  0.51692230478075774  0.52772744995234910
  0.53823577552130564  0.54874044289723212  0.55914096139608138  0.56875316402720666
  0.57835255781921702  0.58844153052627990  0.59936141122089981  0.61025800441214273
  0.62198313995451748  0.63433512694448202  0.64542411530792143  0.65620579324084927
  0.66685128603661259  0.67817889856444946  0.68928886122457278  0.69999852802001028
  0.71041210266756605  0.72083110194624034  0.73082910546928714  0.74089844097046731
  0.75077034352356997  0.76123470612967237  0.77337015215318483  0.78640089329577056
  0.79846308914232755  0.80918591139658669  0.81930204192865530  0.82950007707045037
  0.83944428281812788  0.84897173081854049  0.85902503132038432  0.86919195362649049
  0.88067714734598035  0.89242930006495291  0.90298575875810416  0.91292816283936895
  0.92344430954940737  0.93416229677960605  0.94499035687020472  0.95610973172284841
  0.96778047014011392  0.97951826667480701  0.98996679223879314  1.00000000000000000
 -0.00201135879261369  0.00818398858774704  0.01789242526285453  0.02816590097925285
  0.03892072357901830  0.05034924000471327  0.06198440819670369  0.07322189494138841
  0.08401417689039933  0.09474160918451870  0.10510619783330089  0.11445678205174165
  0.12390915214910543  0.13370059645969076  0.14398481055033072  0.15429253172969987
  0.16420846772532094  0.17479185030864752  0.18594733841994285  0.19689476819049959
  0.20796767795141005  0.21897369046972015  0.22968872669207083  0.24007583389068551
  0.25027648092983512  0.26056304732308783  0.27075161208771209  0.28086793313241365
  0.29133583976937866  0.30275091928536396  0.31460351964409111  0.32590553454310273
  0.33729000630770922  0.34965236014126816  0.36134594199609493  0.37221038251644434
  0.38301077768818675  0.39338459432723938  0.40288969746951298  0.41194281915084530
  0.42127656002968122  0.43126674711577007  0.44108138910285194  0.45078294318671341
  0.46043477879320799  0.47013937796966693  0.47993186552254613  0.48939486727273951
  0.49889181376007175  0.50922420817665282  0.52020766461287726  0.53108900212469390
  0.54232815551968083  0.55434591785350773  0.56638989361703795  0.57783196732107855
  0.58895389603621284  0.60029647035252731  0.61158287477181439  0.62279292610892079
  0.63451475067184693  0.64611022917899652  0.65700040488563038  0.66799980342985721
  0.67896353209144389  0.68925449724288834  0.69880911974373028  0.70845868153532987
  0.71948080282697635  0.73143379913817697  0.74341476314100419  0.75521146234546277
  0.76608711115369321  0.77751875799326475  0.78830444035700020  0.79920004909581910
  0.80987140847269812  0.82056364039592566  0.83130351715034756  0.84167506638537359
  0.85152267834905959  0.86103032132055335  0.87067509902310036  0.88136108521039669
  0.89228123355411959  0.90270879742559518  0.91315973316708132  0.92316726628130596
  0.93298436276451158  0.94154035984065187  0.94984182306142351  0.95806379732743496
  0.96852219252146576  0.97834902631065657  0.98911880541135122  1.00000000000000000
 -0.00277910523439967  0.01064347415259628  0.02102445312318515  0.03143448181929264
  0.04211898555773363  0.05274377892945472  0.06319350609432541  0.07348994194775503
  0.08377150321680561  0.09348591786001638  0.10327612986032424  0.11344252407806882
  0.12360754297736530  0.13307702509376348  0.14234102034756094  0.15252344197376452
  0.16267031132086840  0.17317009672718497  0.18317304188009964  0.19338953922398749
  0.20370051088242599  0.21374289059874704  0.22371594932960789  0.23388887134727654
  0.24439787795621237  0.25539028242387030  0.26719074467198300  0.27854583052774667
  0.28976860177395303  0.30040535607321006  0.31031819288528578  0.31956096526933653
  0.32869209811932376  0.33779558362128792  0.34693134871578835  0.35580594025803630
  0.36431340034591486  0.37328733593093932  0.38281254231403017  0.39286160767240308
  0.40289556274687377  0.41212437453577239  0.42204037720940824  0.43231393114380140
  0.44356570801627299  0.45473945292264922  0.46556940317105422  0.47607843992374638
  0.48765779690793259  0.49988448450085271  0.51099119719366981  0.52164177336681539
  0.53227772979886101  0.54307851114657568  0.55435730972923480  0.56642541011437320
  0.57869465572641809  0.59107139170792677  0.60301105342423844  0.61424278014867195
  0.62609429442151421  0.63918597036863067  0.65233637614601392  0.66493411528850477
  0.67574690044976260  0.68613768317888779  0.69628292589744778  0.70640268445502208
  0.71683424027542719  0.72768299487466848  0.73807217457446961  0.74934094020497777
  0.76020470233408655  0.77079896249733137  0.78079330847241657  0.79093150168867710
  0.80122760510569957  0.81170035647108663  0.82173127068209006  0.83174995100436333
  0.84264774454418279  0.85353363433825491  0.86251775804374275  0.87138151644676887
  0.88078728622100322  0.89124290780132220  0.90099680550416894  0.91050205885968782
  0.92079479562366673  0.93237054403094721  0.94411193833463980  0.95560081061706803
  0.96664576634967270  0.97737036426285662  0.98863046052104764  1.00000000000000000
   7.4374636941443298E-015  -1.0000000000000000     
 F F F F F F F F F F F F F F F F F F F F F F F F F F F F F F F F F F F F F F F F F F F F F F F F F F F F F F F F F F F F F F F F F F F F F F F F F F F F F F F F F F F F F F F F F F F F F F F F F F F F F F F F F F F F F F F F F F F F F F F F F F F F F F F F
  <DiscreteSampler_grid>
  grouped_processes
  1 # 1 for a reference and 2 for a running grid.
  10 # Attribute 'min_bin_probing_points' of the grid.
  1 # Attribute 'grid_mode' of the grid. 1=='default',2=='initialization'
  0.0000000000000000 # Attribute 'small_contrib_threshold' of the grid.
  0.5000000000000000 # Attribute 'damping_power' of the grid.
 # binID   n_entries weight   weight_sqr   abs_weight
    25   10   5.857349861853905E-010   7.797486359511207E-019   5.857349861853905E-010
    28   10   6.453052674714607E-010   7.723741854233419E-019   6.453052674714607E-010
  </DiscreteSampler_grid>
