 -0.00000000994643186  0.00001046014095729  0.00007898350065198  0.00021985988421214
  0.00043996043103998  0.00075166868132557  0.00111266768920508  0.00153700557664801
  0.00204614939652993  0.00262204488943784  0.00328505584979237  0.00398762143067030
  0.00467577833798527  0.00539537085332428  0.00615657276410997  0.00694435638784936
  0.00769492141394508  0.00841983826605020  0.00919170997534983  0.00998778191529702
  0.01076418100725699  0.01158336052417187  0.01242165322758968  0.01326768937594651
  0.01408802132332120  0.01500709788917264  0.01604444534148231  0.01705408691762287
  0.01799174388062523  0.01891800293931007  0.01984433953119895  0.02074703304173582
  0.02161835597004556  0.02259830108435784  0.02357633039819341  0.02458527136891471
  0.02559845030314582  0.02656723734898288  0.02759521432464602  0.02867491655196579
  0.02972484867989452  0.03074367303863347  0.03174977687462446  0.03273385573669968
  0.03375417540337551  0.03484628370912177  0.03589659450586016  0.03689292840005645
  0.03789020549299379  0.03889511309468753  0.03994278065111505  0.04099978372859938
  0.04205114062225850  0.04313168775221948  0.04425461616493234  0.04541077273254138
  0.04664110547349367  0.04795944986922253  0.04918827877844704  0.05037015758104926
  0.05160947199348276  0.05288515901469250  0.05418710505882753  0.05557171963702234
  0.05696384399058305  0.05831002161824625  0.05977705336388423  0.06136985452478059
  0.06304949257086780  0.06479061594662104  0.06659026103496217  0.06839669518507038
  0.07012088985009660  0.07188913122743017  0.07369712161843812  0.07551009818175057
  0.07726299005715699  0.07911033545367058  0.08138389678109408  0.08383078094549588
  0.08651195274254604  0.08928834463644438  0.09203127177970749  0.09470006488326591
  0.09735700320250244  0.10031325938940185  0.10397756843431229  0.10857758662763023
  0.11439350943664188  0.12159259644612062  0.12920745212457027  0.13695654020072054
  0.15247050612381277  0.18402154131291465  0.32007929150388698  1.00000000000000000
  0.00959827891594429  0.01623173053405817  0.02551704656244008  0.03423384453417257
  0.04212577063217746  0.05017841361702731  0.05815793866397540  0.06655476810450010
  0.07521798111181356  0.08244274275926214  0.09692879752622272  0.11315811837605945
  0.12942486994977664  0.14474201810399784  0.15818550522378425  0.16993570146284231
  0.18010152248144057  0.18940974134368824  0.19764929967370409  0.20526972406195651
  0.21303544406943395  0.22135565634807253  0.22939753439688082  0.23701818367808758
  0.24425511053594498  0.25152671710902241  0.26027899768382373  0.26855041930216833
  0.27689205570556219  0.28590794932992841  0.29641511114511104  0.30891820817951982
  0.32167575870128684  0.33359793114810998  0.34414847178666014  0.35431658471198640
  0.36503875899454064  0.37538372059098313  0.38570902926172690  0.39660685012763081
  0.40887386855672930  0.42226651609619525  0.43244421923139081  0.44445716422866255
  0.45538090277635684  0.46567216133896333  0.47549103217176064  0.48566060144240281
  0.49765798209170420  0.50926783248229834  0.52063460460175226  0.53214546662930950
  0.54315041317842883  0.55390444042121456  0.56467642935470597  0.57571771877769617
  0.58529183825443931  0.59398653049131389  0.60279211611624062  0.61201370306553671
  0.62250395592345575  0.63319634720423545  0.64457364813515472  0.65682154066267395
  0.66858682873386721  0.68008083357072013  0.69103539086092580  0.70160004356401451
  0.71208118930406261  0.72174273882585760  0.73231347100563615  0.74293556616017675
  0.75247550294626497  0.76226630048944710  0.77158526755321122  0.78291153808320524
  0.79413731171671553  0.80617786505538092  0.81651790787634682  0.82520334268209650
  0.83386186056765932  0.84330424315148078  0.85298376533323195  0.86259342534551942
  0.87178656810086164  0.88396198128834780  0.89702948803783678  0.91069598288931020
  0.92340819781184391  0.93435519227575936  0.94452634034646321  0.95451988370247964
  0.96630715452338767  0.97783509736096230  0.98877866709487328  1.00000000000000000
 -0.00001720791287653  0.00023905769885953  0.00066909402153466  0.00134808932064646
  0.00230301371711592  0.00366018558387447  0.00518579353906624  0.00687208455388387
  0.00881313812265161  0.01097774395730204  0.01339906977396190  0.01594648423889418
  0.01869823285555046  0.02155128441099775  0.02435652183651626  0.02709977055965315
  0.03026488244809407  0.03387536438069362  0.03752200500603188  0.04125521272611753
  0.04526882209720334  0.05009210666830469  0.05513177612755391  0.06002942391480518
  0.06477504656416831  0.06948406912369913  0.07440429698859836  0.07965401742649868
  0.08520190650059906  0.09069794867458007  0.09576355506245424  0.10032366204889648
  0.10475276953743314  0.10947429772705447  0.11457920938629840  0.12007509586115260
  0.12571058982405584  0.13148102152220192  0.13743723926919985  0.14312353239143155
  0.14878994561256934  0.15440994588005214  0.15987475795779946  0.16521503964991213
  0.17034639107764055  0.17539576261936773  0.18102818576494051  0.18772432330559666
  0.19469796089857541  0.20211753270919236  0.20953771965544815  0.21657161565574637
  0.22346868965264213  0.23061419275934100  0.23802222070880813  0.24523549289764796
  0.25241144992521725  0.25981162114247547  0.26776849611508263  0.27624809298125341
  0.28576267521825610  0.29510102271422028  0.30466909971662248  0.31530885694714650
  0.32714859211621766  0.33870847508682417  0.35314151643533437  0.36953926100470019
  0.38650770819548608  0.40128742724584981  0.41550366303992459  0.42944324377281334
  0.44238194710616213  0.45351002363247983  0.46507884117990422  0.47619846215054773
  0.48704535004219485  0.49847727718907531  0.51019569919078112  0.52200224743695578
  0.53392753838744156  0.54683959050218967  0.56021302007189500  0.57343890372939343
  0.58653108995531122  0.59979526223657575  0.61289116423109247  0.62518279913869867
  0.63669674992554504  0.64823250831320167  0.65950716173733104  0.67055831800738186
  0.68209898182450701  0.69480565173464859  0.70051608465874171  1.00000000000000000
 -0.00516904574826004  0.01682851515812511  0.02870639741954477  0.03753987361582854
  0.04736021376665941  0.05706473036345033  0.06650049558422416  0.07556399707745037
  0.08517131641296360  0.09569931643875802  0.10593017685591277  0.11533514331319623
  0.12474872050979073  0.13469409358644246  0.14486653049001477  0.15560770135082969
  0.16636738159230102  0.17821243567414144  0.18925146320318953  0.19787210777876199
  0.20634225644476503  0.21537011783437623  0.22482829061164702  0.23383620565342877
  0.24291693313284599  0.25347397094713270  0.26795974449991361  0.28169593954888122
  0.29549527301632894  0.30855101863496431  0.31848589843786496  0.32636515824003259
  0.33433183899146030  0.34222445492292097  0.35028761497924427  0.35888107767159017
  0.36772058046829115  0.37394513399829193  0.38819533677500945  0.40265912974632412
  0.41567889276810877  0.42744215125981555  0.43704809704604058  0.44788022295547214
  0.45900880366322183  0.47003558627172376  0.48168682239255217  0.49371661190818489
  0.50556539222685104  0.51661728259824391  0.52640981430719191  0.53547799968083287
  0.54470556609537213  0.55411691703499921  0.56261068426466276  0.57096838854678866
  0.57970840865285289  0.59088712925887044  0.60390757537338191  0.61583491464246243
  0.62785157243524015  0.64110355044591383  0.65330336936913336  0.66446748656402477
  0.67417051106316017  0.68348735776279068  0.69365438490630993  0.70395093220947613
  0.71345627028912928  0.72187919070350892  0.72980080759755772  0.74035254741124312
  0.75195519554233303  0.76342195907339294  0.77504961595557154  0.78756124941306405
  0.80134457307383566  0.81576494887123119  0.83175652159630942  0.84544290906305730
  0.85743442133212100  0.86840508234624780  0.87756633888684199  0.88639151442409914
  0.89558351245643586  0.90554452953711329  0.91544365669048355  0.92442438150303263
  0.93309324521089876  0.94148690597990392  0.95011792496097736  0.95903161341750709
  0.96850796848779408  0.97870619983713436  0.98929831430185311  1.00000000000000000
 -0.00273277061787755  0.01111622582257017  0.02392056592548274  0.03663201988632506
  0.04784570036135491  0.05836879458319937  0.06967846482451129  0.08011561816928706
  0.08862416953903753  0.09638087059227984  0.10400916517425512  0.11269217011990888
  0.12158708054968037  0.13069537471920217  0.13913236360768202  0.14898142406606729
  0.16129373297367861  0.17370840449831204  0.18457162593460888  0.19372063283857907
  0.20246078378517257  0.21194684558079765  0.22136257120785399  0.23081395572650551
  0.23959373072303586  0.24831524314230874  0.25778157126097928  0.26783504510350370
  0.27711659352154000  0.28608442809144863  0.29538635861450174  0.30531616832123504
  0.31457577877721776  0.32304038642605148  0.33140524021561690  0.34042398030517501
  0.34951772822229904  0.35822106442238433  0.36654738265608727  0.37488870796869722
  0.38390165306438506  0.39173751339386470  0.39911240313747942  0.40593331468079313
  0.41368087810005200  0.42189181023599021  0.43118669110569863  0.44088659700214594
  0.45183133840763551  0.46266553103054936  0.47375772469825400  0.48654890434980619
  0.50049782683745547  0.51408872108344827  0.52717484185600028  0.53931254092974412
  0.55149855015572513  0.56388939954552675  0.57613661883723488  0.58848079450728097
  0.60098923091935919  0.61254377068909749  0.62375845446380285  0.63380534257911647
  0.64286562932139046  0.65250666671501212  0.66223160751217591  0.67274591508149861
  0.68348922930862566  0.69533171025256713  0.70788779214839026  0.72034748408081251
  0.73238980861034964  0.74392139010470304  0.75645470737903808  0.76908273769113089
  0.78073839280796842  0.79270788442204143  0.80785671065888576  0.82364653344193894
  0.83816645857315453  0.85284993770840378  0.86762554319307961  0.88167189257971756
  0.89507096682106801  0.90875881720753648  0.91906591121650938  0.92653807451544556
  0.93412081796159063  0.94237735709204440  0.95083293587303575  0.95965814394918703
  0.96867179039296580  0.97807021749458223  0.98896197432222788  1.00000000000000000
 -0.00238981003165299  0.00892769557743372  0.01868664703275511  0.02889994654110000
  0.03958367742284549  0.05003487076594561  0.05972612200573095  0.06921370851262758
  0.07935699480493083  0.09047972092471095  0.10172552933924052  0.11248566103881918
  0.12287058538200984  0.13744183655012018  0.15204267508273644  0.16242438560370015
  0.17339311568262275  0.18386790233078515  0.19314085247994336  0.20321974668767356
  0.21309328746323516  0.22369846746641872  0.23370197739462989  0.24375350335055021
  0.25408606092431196  0.26575320997622237  0.27652201999169529  0.28654551106968190
  0.29642932603945582  0.30622010398054372  0.31715057420579990  0.32870510831666205
  0.34279053923143682  0.35540360320615177  0.36647056444469978  0.37678718593120469
  0.38708593646802486  0.39708660385254951  0.40678147396965170  0.41663272174163085
  0.42742569539097330  0.43941454678613873  0.45114729658742103  0.46309588901106169
  0.47453997169701617  0.48499482309921077  0.49488754162778581  0.50512630969767713
  0.51642320031457856  0.52745633822532967  0.53767218490912727  0.54702361301877866
  0.55690397641256484  0.56518948983529427  0.57284335160568345  0.58037856091264650
  0.58863165022864938  0.59714808328054614  0.60602551373009639  0.61570350550781927
  0.62551655528698791  0.63556094655361095  0.64580127438172819  0.65727422992160589
  0.66945724775564031  0.67738937090871865  0.68550431885294161  0.69416160800921856
  0.70275808935218076  0.71122966872626203  0.71939624224728549  0.72795343762989873
  0.73668592083567819  0.74582731320881046  0.75432307415905031  0.76278330432184882
  0.77147828032396659  0.78140431244815090  0.79143766429761364  0.80327947940385491
  0.81832130831776329  0.82903619959091934  0.83929201799750808  0.84983905860541131
  0.86031851038098472  0.87022306576032060  0.87989111575101386  0.89041673401436749
  0.90268422031341999  0.91674891268347658  0.93176425204667934  0.94667918672505780
  0.96130938680457967  0.97419921103662599  0.98694195339952495  1.00000000000000000
 -0.00174347158162068  0.00807052514915266  0.01632331599849207  0.02584698018717718
  0.03680289094114596  0.04770496642200819  0.05797610049918660  0.06737112900494477
  0.07641246098657209  0.08532640295204118  0.09454343675407549  0.10421121515051621
  0.11401634516121112  0.12347492205805648  0.13277363245726653  0.14184294523876328
  0.15019544016075531  0.15803117449162721  0.16565155597669115  0.17373931908486903
  0.18154670630206549  0.18916853330240549  0.19720567370671943  0.20461526664140048
  0.21496004544832184  0.22824156154599334  0.24305310341331954  0.25893514043808574
  0.27357266016878090  0.28575353872716575  0.29735924734786928  0.30657685718142547
  0.31557996599416122  0.32504428629137311  0.33513031577672159  0.34626259776089607
  0.35648241709694367  0.37022877770627782  0.38187786431134119  0.39262906203086262
  0.40223764210749968  0.41188773907466564  0.42155931191637491  0.43177275647924013
  0.44223505769054156  0.45310725421761727  0.46239998494509221  0.47195246553592879
  0.48153527550245900  0.49204525496607571  0.50249038643220700  0.51344964886946565
  0.52582303300976740  0.53973015703048965  0.55275569015637949  0.56422330037680901
  0.57626313573062338  0.58731390141513939  0.59571688879209095  0.60422269753184865
  0.61218890356383271  0.61999759703007240  0.62764482926778631  0.63510127918889359
  0.64255580382978073  0.65113077503112404  0.66189578851516173  0.67314429741516635
  0.68485331056072196  0.69541918695316218  0.70538522352332955  0.71546055129208141
  0.72513982159195078  0.73454420272887921  0.74363301227595080  0.75243470057741357
  0.76352085814132586  0.77568060440978381  0.78850056919469047  0.80155840343260842
  0.81400293234519305  0.82603530423656302  0.83910951501856990  0.85152176854986783
  0.86335472465343410  0.87536039456713288  0.88791418521230381  0.90128318125645224
  0.91531510285613848  0.92789625722906921  0.93968239211803772  0.95073082372782514
  0.96166646302971692  0.97304729506366339  0.98522583699692923  1.00000000000000000
 -0.00158467133710932  0.00814533112939078  0.01649657022023663  0.02597428626649436
  0.03579309790098040  0.04596897768210199  0.05643187595669359  0.06677019388227108
  0.07701000798364147  0.08673042247588612  0.09645610308653768  0.10658137834808723
  0.11700792863099249  0.12841298458813996  0.14166814439626352  0.15420546742786925
  0.16515942437379230  0.17626569908183018  0.18741962590628475  0.19835197518890318
  0.20881752920195862  0.21644546937733120  0.22398710378629882  0.23207304429225961
  0.24012947495108453  0.24818420450687018  0.25624775834008684  0.26419828334248530
  0.27232264820685320  0.28200356950090427  0.29295421382096121  0.30513844481867924
  0.31597142058439265  0.32576711744248260  0.33582017940078673  0.34625794213843580
  0.35571201586897144  0.36475203480263918  0.37372173922958013  0.38383983774127634
  0.39358793041705864  0.40598111957983063  0.41936224345112394  0.43277218903042908
  0.44382377166114145  0.45284936132362213  0.46136433282741368  0.46971242288014303
  0.47901662187800770  0.48886406723657061  0.49920121630712228  0.50874679341385154
  0.51816286871147232  0.52749244912050164  0.53861537534503134  0.54918503158113408
  0.55937501390247812  0.56909906793190113  0.57850403128360894  0.59200635221675146
  0.60677814873997837  0.61789640932889589  0.62817097394073296  0.63800861587888891
  0.64806418567938562  0.65862126197690185  0.67000306588919623  0.68279570875644180
  0.69572788664242036  0.70775151183198715  0.72018540162645139  0.73218317495699148
  0.74272690773821881  0.75253197588531595  0.76139598499271477  0.77027271994795776
  0.77811601159420418  0.78735113157971526  0.79598654371671496  0.80525718559976323
  0.81356507135978273  0.82303642619129991  0.83262115354261745  0.84552363491520255
  0.86118588108346228  0.87665389636168933  0.88956927491581850  0.90153053808730232
  0.91392637609572691  0.92572341809913772  0.93951115335641810  0.95361952137986417
  0.96641423114055558  0.97813455908721847  0.98916103117843790  1.00000000000000000
   3.3343561187848067E-014  -1.0000000000000000     
 F F F F F F F F F F F F F F F F F F F F F F F F F F F F F F F F F F F F F F F F F F F F F F F F F F F F F F F F F F F F F F F F F F F F F F F F F F F F F F F F F F F F F F F F F F F F F F F F F F F F F F F F F F F F F F F F F F F F F F F F F F F F F F F F
  <DiscreteSampler_grid>
  grouped_processes
  1 # 1 for a reference and 2 for a running grid.
  10 # Attribute 'min_bin_probing_points' of the grid.
  1 # Attribute 'grid_mode' of the grid. 1=='default',2=='initialization'
  0.0000000000000000 # Attribute 'small_contrib_threshold' of the grid.
  0.5000000000000000 # Attribute 'damping_power' of the grid.
 # binID   n_entries weight   weight_sqr   abs_weight
    25   10   2.429712927337110E-010   9.238327866496626E-020   2.429712927337110E-010
    43   10   2.728129451326215E-010   1.138196076328466E-019   2.728129451326215E-010
  </DiscreteSampler_grid>
