 -0.00000001174294726  0.00000560313478349  0.00004428666265570  0.00012262631591872
  0.00024417360262473  0.00038960258522336  0.00058201262563348  0.00079327865649967
  0.00100993878166242  0.00125303376525992  0.00154644312228225  0.00185584991882955
  0.00215698240794500  0.00248086456708794  0.00280791396444626  0.00315151465174356
  0.00350543493057863  0.00386000841421187  0.00423702154927801  0.00464274567764457
  0.00509035231515669  0.00556285678136647  0.00601930511122829  0.00647397760388570
  0.00693881032097124  0.00739566041434315  0.00783053397552755  0.00826545587088439
  0.00872061367659367  0.00919349595392421  0.00967351136171589  0.01015059975312075
  0.01060294414725370  0.01108979613250095  0.01161739891531356  0.01218385514921455
  0.01282428754083098  0.01369614144579329  0.01531893646875051  0.01736226397723774
  0.01893267756314906  0.02047173435386577  0.02187600801181525  0.02321708249218377
  0.02448325467109591  0.02572533206999962  0.02694004319840842  0.02811097411379805
  0.02924999318082180  0.03033748925465771  0.03139748049964600  0.03258020236343812
  0.03380991231898968  0.03513640410491555  0.03648155426888590  0.03785055157225405
  0.03914380581948936  0.04042963478425054  0.04175236387374560  0.04310804237742566
  0.04450954725364321  0.04593886140765115  0.04739103001848528  0.04878111988105346
  0.05015275562572254  0.05152449939551968  0.05297222601668916  0.05465160786479016
  0.05646471249513171  0.05840046337376397  0.06043620725779755  0.06259037120328170
  0.06491869276632987  0.06718975480331110  0.06943601420884306  0.07184845664392864
  0.07455084344149469  0.07728668664096830  0.07994250270299398  0.08260684421534992
  0.08534023445253000  0.08818815633218988  0.09134277674146683  0.09532408737904229
  0.09982349176597122  0.10449115557264312  0.10907583630720674  0.11390023905241110
  0.11945031529638550  0.12608368180345747  0.13443734015383149  0.14470083589202731
  0.15942959898828762  0.19267646881227135  0.32114474387962788  1.00000000000000000
  0.00921742025834415  0.01577052518375275  0.02630902221450854  0.03789076290948409
  0.04796833212701399  0.05778534895872355  0.06735897223478915  0.07645880201013210
  0.08579528604226888  0.09491329593141053  0.10541937846109223  0.11636367133697272
  0.12698095727649458  0.13685470790032334  0.14807235960853501  0.15984946264546926
  0.17053918480459201  0.17992357790693725  0.19017364762721400  0.20225106381706556
  0.21529169569129292  0.22959004400912297  0.24452564829858425  0.25848935860059952
  0.27129523632510427  0.28322090754688689  0.29421790311014584  0.30399043896998545
  0.31287640455629523  0.32183096350073370  0.33127471090204308  0.34107040499014091
  0.35096668756491861  0.36189250471045625  0.37247621811008952  0.38190409116172536
  0.39126997895416926  0.40075628741312991  0.41110493964566097  0.42167686272874161
  0.43207460244219748  0.44291078836088166  0.45433984721014992  0.46633281497012125
  0.47846928960384538  0.48908471231786427  0.49979707912295418  0.50924022545372538
  0.51886239070598639  0.52768477560686378  0.53637496173807397  0.54514767742058412
  0.55345555932120782  0.56247688372500793  0.57270778398427702  0.58488057015290107
  0.59736738159841063  0.60983471145124912  0.62106534348843168  0.63198063206150590
  0.64202012048416690  0.65214805446473278  0.66183382981745220  0.67200944768031179
  0.68222437717566886  0.69187466757399529  0.70327700310441021  0.71398440129512863
  0.72380454427506513  0.73361926270887934  0.74265361460348445  0.75189986207306092
  0.76145427035587043  0.77171327814073953  0.78281028030649180  0.79381871014961047
  0.80415012689237675  0.81393205750313224  0.82333892713634349  0.83290290697023028
  0.84295459448462495  0.85299879410199586  0.86341877639697373  0.87375580971050537
  0.88411324239100575  0.89450881830123541  0.90345705510143326  0.91169343935675629
  0.91997523854300167  0.92931460071892369  0.93989884699101989  0.95043614019881906
  0.95947896600148741  0.96956666073299469  0.97990426367682792  1.00000000000000000
 -0.00001898009464403  0.00023334066000636  0.00066736491605726  0.00130615523672829
  0.00228996568326479  0.00359247938404498  0.00519662797160608  0.00690825218013927
  0.00906180704268393  0.01145236831798259  0.01377966835872882  0.01614110710093523
  0.01923567405948476  0.02271182508885286  0.02580138440369749  0.02928469130833549
  0.03221525736538634  0.03556194910832135  0.03888602101648195  0.04246386855744393
  0.04642074580343943  0.05057921613040964  0.05482202973586453  0.05913946839357646
  0.06351274939972042  0.06794896757213241  0.07255446191938870  0.07741959935171212
  0.08253459690696030  0.08783339653226692  0.09307003879615405  0.09838924231745105
  0.10407268875981540  0.11023149979194823  0.11701599511975679  0.12462025243514446
  0.13316971553051063  0.14149589003590046  0.14906514297963872  0.15550430167691137
  0.16152053628698715  0.16795332808985033  0.17442969967922670  0.18115180605777845
  0.18831226926436426  0.19530029649891323  0.20257490754344912  0.21027176451836310
  0.21828305201125803  0.22639947528701779  0.23443968204952376  0.24364858490929744
  0.25152929689825138  0.25940018254322333  0.26700977671132126  0.27506989979012586
  0.28377451435296375  0.29242820599551800  0.30077863397374083  0.30925142028107500
  0.31799692902973647  0.32693507853942494  0.33596247575630006  0.34510984643120096
  0.35609148428913395  0.36692201066660263  0.37700977955255638  0.38805259790417118
  0.39913546955603024  0.41004811242646072  0.42106643084934753  0.43237349046214435
  0.44307617997854354  0.45399197102365640  0.46541452154152047  0.47754941002235168
  0.49036719584219601  0.50263152678976375  0.51464366410715934  0.52656401957102084
  0.53835279450684048  0.54972853439536973  0.56172661306507565  0.57391473048752006
  0.58586842621790547  0.59766750747451980  0.60977893286664120  0.62241850807317145
  0.63581748163885454  0.64863734384030836  0.66054907691548592  0.67129536817089941
  0.68177567149939089  0.69209661077111606  0.69977248565053496  1.00000000000000000
 -0.00334734505863666  0.01157575878220534  0.02487889169095167  0.03787551347319803
  0.05068328053148274  0.06347128835517653  0.07691547251896376  0.08855739081184281
  0.09893278592769605  0.11106966126766787  0.12445277292077567  0.13714408905405004
  0.14931036305770198  0.16233647376835070  0.17530448438144164  0.18654972462476518
  0.19711215754348274  0.20725578597976244  0.21684592649893791  0.22662318055029623
  0.23603366868092734  0.24589221531311378  0.25632135569565134  0.26621838215138061
  0.27566917324921880  0.28476226533655358  0.29420459706622937  0.30396759723843342
  0.31306116552606711  0.32112509122990035  0.32948554325258467  0.33898684188868955
  0.34875035676276434  0.35701161913409291  0.36527016460817968  0.37362552049829706
  0.38253283428258494  0.39136288223335414  0.40047730511179713  0.41016665058288931
  0.41964989688739646  0.42928911254738239  0.44019641736346377  0.45197437630106307
  0.46378880196383465  0.47513334056295992  0.48757438153257165  0.49896068563563434
  0.50849383328332121  0.51796144510964637  0.52809022522771087  0.53902641185362921
  0.55005058045215360  0.56146597564476597  0.57423707507411925  0.58761542413698908
  0.60062703245063997  0.61340876278652812  0.62594649922011736  0.63719093645006408
  0.64736678342181209  0.65698130586015335  0.66660245152754871  0.67537985837849157
  0.68371868724003504  0.69248981756727124  0.70392441912196879  0.71350388185904179
  0.72346607247849848  0.73300226620925391  0.74501290655569885  0.75515423147154792
  0.76465053170607322  0.77447049693341785  0.78476385820673367  0.79498635992568922
  0.80470138383088619  0.81481671220571861  0.82588960515262666  0.83728916970105993
  0.84872842823353345  0.86043511232923142  0.87139801232717373  0.88283375867093317
  0.89456292063582843  0.90676261985466888  0.91751065739702664  0.92693461601470228
  0.93630609992800118  0.94603451117255544  0.95488956623870069  0.96356466557263998
  0.97212453287828171  0.98085833071544015  0.99044812563779472  1.00000000000000000
 -0.00245497026461809  0.01204582423361012  0.02355149714242407  0.03454361714723331
  0.04413330594262980  0.05352358012449204  0.06308323532834724  0.07245211034073530
  0.08202607767298165  0.09078136741095753  0.09936044213129555  0.10823168329501498
  0.11650714105217513  0.12536894713601546  0.13474940348615236  0.14451892407788244
  0.15508088460712063  0.16622295915145138  0.17640545828692561  0.18732977272990800
  0.19801208099680892  0.20969358384924230  0.22191269508487077  0.23420425275300760
  0.24591525272627418  0.25745663008585473  0.26909381258681137  0.28068395477638386
  0.29218519350747346  0.30393476505108047  0.31604140949336129  0.32798289074576875
  0.34027730026600828  0.35365115306496375  0.36440776910418604  0.37590200906984833
  0.38657026261242328  0.39734391126559465  0.40842959850927241  0.42067012857646263
  0.43227039977940473  0.44325846100801963  0.45429488876662349  0.46444291770193208
  0.47440379723123532  0.48520698155206721  0.49681148366019151  0.50807217917646985
  0.51914240035114134  0.53004654408649488  0.54040882374568111  0.55012311455718599
  0.55924390117194267  0.56870776073911100  0.57860331053097824  0.58941733864648227
  0.60068452165346897  0.61156529425915074  0.62272892001403068  0.63448178228725316
  0.64627410930147455  0.65704535988385504  0.66704594883029866  0.67600465732605275
  0.68503257221340663  0.69430452240256968  0.70311879414457179  0.71170132675899311
  0.72073862694007429  0.73025279238738483  0.74027257892632115  0.75023744465410913
  0.76005684430397447  0.77089304282937099  0.78154121352676653  0.79160844393474961
  0.80112764493788113  0.81043365718926741  0.82080693233267199  0.83104957672307356
  0.84281987365745403  0.85453744309302426  0.86595482659949552  0.87639075902041719
  0.88534847809236683  0.89559356430228587  0.90686936414016461  0.91729814376066432
  0.92694871638041143  0.93609532274735896  0.94710789352492597  0.95838267810431710
  0.96821848955863177  0.97847009501973470  0.98889909665563269  1.00000000000000000
 -0.00287276568529006  0.01089386670535161  0.02201929508375799  0.03262144657207360
  0.04311934464324236  0.05328430304928383  0.06447413872353149  0.07744541570253088
  0.08780167926045820  0.09661179915784243  0.10491521873904901  0.11337796639299036
  0.12220268008823112  0.13103171741884426  0.13965286192896745  0.14804658833228140
  0.15582318444664983  0.16360116272712019  0.17209780672387565  0.18146441253964490
  0.19203326968798640  0.20432329108606997  0.21638954419958856  0.22824034045440722
  0.24069541452975363  0.25339534459942220  0.26382448823273386  0.27568456656367524
  0.28916070805567856  0.30208749123128570  0.31252049512907187  0.32240688503438647
  0.33259530993373154  0.34433495228415822  0.35706423998379300  0.36766487537050890
  0.37752199877725007  0.38717642246972150  0.39787815100506424  0.40852954408113579
  0.42069246597199672  0.43165921481296410  0.44353930768545363  0.45492425346035403
  0.46532347238071381  0.47504771241964788  0.48603347331866487  0.49687249245431142
  0.50780602813069142  0.51943130709132035  0.53328810184621744  0.54543602703176075
  0.55493492633402830  0.56321286694904182  0.57139074521554467  0.58004193962694717
  0.58908347509100289  0.59785636728409386  0.60724656335849014  0.61800981784447595
  0.62895185537029530  0.64043193376039664  0.65140036551507685  0.66250609819252837
  0.67411686667491511  0.68654872554830715  0.69924768488410982  0.71169157348015033
  0.72326916605948866  0.73364233227408926  0.74313215472777883  0.75204081794526068
  0.76096093429361633  0.76989707373724214  0.77841785653532258  0.78689742414267794
  0.79574383732375675  0.80497452093159305  0.81382338369189244  0.82279020440215533
  0.83176150300979357  0.84235540507350581  0.85349446052545586  0.86349462027603341
  0.87242359945709846  0.88130685875040127  0.89033626041886738  0.89953062082981206
  0.90874014716685347  0.91830984433962015  0.92929663903989990  0.94153258635100900
  0.95458290290504211  0.96845852763262019  0.98299546208485145  1.00000000000000000
 -0.00234595933922575  0.01070035847810653  0.02132968757843066  0.03320456896232483
  0.04524857685575860  0.05730444404635485  0.06920502985604762  0.08056132921372221
  0.09040958178841187  0.09967291530118286  0.10897312187890956  0.11796485452066660
  0.12632013324191568  0.13442537654521852  0.14252236031670543  0.15100046590545479
  0.15960407423936993  0.16855562276530800  0.17880314016123142  0.19010145397374326
  0.20137236520403209  0.21228122471407851  0.22265514156193933  0.23306637651356232
  0.24386312315956921  0.25503745267415173  0.26591631211214706  0.27687957041536021
  0.28741748529922306  0.29790406174244222  0.30723410765529385  0.31774112212896011
  0.32797468325043594  0.33904136238722599  0.35074080077351749  0.36299128772561562
  0.37615105106901336  0.38759905986105730  0.39871038599731290  0.41012363626438625
  0.42143087919732475  0.43336283535593445  0.44546769663250096  0.45726812854025667
  0.46859063124670319  0.47944551659047974  0.49029488009716743  0.50166987523846174
  0.51310806279870369  0.52468283394332649  0.53520945486223315  0.54512347187532417
  0.55446533077137616  0.56405935595103551  0.57442667502328004  0.58443892573712919
  0.59374885845452663  0.60216649891248863  0.61055884157428120  0.61929191616370416
  0.62831651072979766  0.63660624423012102  0.64552612468531012  0.65532786732831538
  0.66496467083943323  0.67459013555027014  0.68445160817437600  0.69601576963058465
  0.70861689031608954  0.72044544001822941  0.73110224347677533  0.74113750985109716
  0.75119345922193415  0.76159195380183053  0.77107674887479549  0.78164382613989447
  0.79083730931921403  0.80188180475297166  0.81230585209420392  0.82293977655653039
  0.83357197904870517  0.84275218047534595  0.85284228467844136  0.86341196330465608
  0.87465947880485850  0.88524955537666994  0.89610043997917443  0.90780168472123934
  0.91901485333163013  0.93029293534704538  0.94219011791918894  0.95660901157550560
  0.96829712976353355  0.97939980460971809  0.98931234870935569  1.00000000000000000
 -0.00214638760608353  0.00868689215283588  0.01915770539618044  0.02940568856664131
  0.04019436537659769  0.05311106142660382  0.06620227386021377  0.07950088731702563
  0.09346608707963791  0.10705278757665664  0.11996773963702091  0.13231207211310750
  0.14390740281532344  0.15501716934724954  0.16571720727219844  0.17621896009864482
  0.18661205791625163  0.19598349516834518  0.20481142905379940  0.21373983399625496
  0.22228396714060786  0.23108250978456654  0.24002977328691361  0.25038362111518264
  0.25996612184549323  0.26964476426042361  0.27864474815935625  0.28833403196965035
  0.29869096561799996  0.30971056620293363  0.32100846948775807  0.33266094742330199
  0.34508688940570309  0.35712749749348022  0.36737308650455502  0.37826393523158464
  0.38863776343667666  0.39846276125535790  0.40738501043961822  0.41705515607845312
  0.42784183083232802  0.43881515244360819  0.44919410524501852  0.45921828204150428
  0.47013382259772912  0.48217520831512201  0.49374082151710907  0.50458838912866588
  0.51458824875094467  0.52454724652549778  0.53417072507829333  0.54391810063860568
  0.55463908491887426  0.56571876851378844  0.57602904309900593  0.58513164499497805
  0.59366113516751218  0.60269630334373681  0.61171502866793115  0.62119705619888776
  0.63068322900390317  0.64026466362022449  0.64952672479119533  0.65852070020872011
  0.66708404199893157  0.67539410531408273  0.68334000286556518  0.69399361057170827
  0.70539477989290389  0.71547750489519724  0.72541657622199085  0.73435052499089992
  0.74502428174737512  0.75565208185463006  0.76540537136159892  0.77586312176453354
  0.78723551858818663  0.79969690109623781  0.81156953163397838  0.82412034125509381
  0.83717416344658180  0.85015389270624686  0.86193793640796657  0.87229397353243443
  0.88152889720229000  0.88996304967085305  0.89893391711836845  0.90758170575647035
  0.91596469916780188  0.92476966943343653  0.93433498486235989  0.94717788634275202
  0.96084837219415375  0.97392649523568486  0.98745489371411888  1.00000000000000000
   1.6860953099181722E-015  -1.0000000000000000     
 F F F F F F F F F F F F F F F F F F F F F F F F F F F F F F F F F F F F F F F F F F F F F F F F F F F F F F F F F F F F F F F F F F F F F F F F F F F F F F F F F F F F F F F F F F F F F F F F F F F F F F F F F F F F F F F F F F F F F F F F F F F F F F F F
  <DiscreteSampler_grid>
  grouped_processes
  1 # 1 for a reference and 2 for a running grid.
  10 # Attribute 'min_bin_probing_points' of the grid.
  1 # Attribute 'grid_mode' of the grid. 1=='default',2=='initialization'
  0.0000000000000000 # Attribute 'small_contrib_threshold' of the grid.
  0.5000000000000000 # Attribute 'damping_power' of the grid.
 # binID   n_entries weight   weight_sqr   abs_weight
    25   10   9.711673747259656E-013   2.675612495126210E-024   9.711673747259656E-013
    28   10   1.008045027650724E-012   3.471304448454063E-024   1.008045027650724E-012
  </DiscreteSampler_grid>
