 -0.00000000643194987  0.00000265152176480  0.00001970284197449  0.00005344954801812
  0.00010514263718733  0.00017064361393855  0.00024987727871060  0.00033831940804348
  0.00044103210199939  0.00055640131353964  0.00068432099230292  0.00082436914568374
  0.00096933792229827  0.00111953419624531  0.00127218335382046  0.00143709740328353
  0.00160595210081655  0.00177780879209351  0.00195702002600988  0.00213729413947014
  0.00232320051643825  0.00251856651595036  0.00271520716153995  0.00291417536783798
  0.00311909518957650  0.00332644842010646  0.00353250766566482  0.00374536938846887
  0.00397506948151097  0.00421175018559671  0.00444901001874425  0.00468591179485325
  0.00491794950396284  0.00515827706733642  0.00540601427561648  0.00565079493128565
  0.00589509689757844  0.00614191829827623  0.00639669181548054  0.00666685854047448
  0.00694831938582722  0.00722898209621204  0.00750508959201438  0.00777351044127463
  0.00803434379678216  0.00828924177637884  0.00854084475023279  0.00881108427977855
  0.00907654992962844  0.00933674808415435  0.00959287876749575  0.00984656460228597
  0.01010045624410775  0.01035066693006454  0.01060291412406467  0.01086524899515975
  0.01114305555089038  0.01143611413954395  0.01175104724790980  0.01207870678835140
  0.01241726911388027  0.01278011455636021  0.01321205070861977  0.01375969887501518
  0.01465256772423159  0.01618412853087942  0.01746443953434021  0.01843970102652673
  0.01938220671237753  0.02036844125926811  0.02127984106677723  0.02218748496845529
  0.02308534026453179  0.02399300059879137  0.02492515090164741  0.02588385351794164
  0.02686255093926488  0.02785624753954150  0.02886475125145499  0.02989447181933592
  0.03091392383151510  0.03200112123274723  0.03328130816457090  0.03463754013883806
  0.03605398129448791  0.03755653974299587  0.03910269666928038  0.04067741876579384
  0.04265640799065763  0.04517645803595771  0.04796330734804611  0.05122539414650597
  0.05626389856486051  0.06779021143914019  0.11641987894379097  1.00000000000000000
  0.00902935202992060  0.01698397627673980  0.02869707024355389  0.04103672460419928
  0.05208746686455110  0.06334696044034341  0.07429672377792203  0.08492287087420212
  0.09582484021235929  0.10666339956917636  0.11802004011615265  0.12915793324034874
  0.13988296368269026  0.15005089392157417  0.15996883632383913  0.17018557455415947
  0.18031828610485207  0.19021853166770203  0.20118193997888267  0.21199156773379804
  0.22318290390633624  0.23436758115703046  0.24558113151760816  0.25702964025204905
  0.26833548527835943  0.27967190970673539  0.29070542053358639  0.30111845552364586
  0.31101093241428690  0.32041642121322128  0.32941769471780785  0.33909700993922187
  0.34876719954910285  0.35872182809036846  0.36902526735283225  0.37939267677356897
  0.39008841852326454  0.40054958046762212  0.41087914891423294  0.42097018260442193
  0.43102369737091489  0.44091640180407426  0.45144095292558872  0.46242745621090109
  0.47365999630121053  0.48437123496397955  0.49456431359122605  0.50452843587722562
  0.51430077310738642  0.52406032571417227  0.53353652786196659  0.54302635187133985
  0.55286115639874234  0.56300924083536830  0.57327555696577992  0.58374286867544811
  0.59454075144187502  0.60535034106925700  0.61639376355354558  0.62738086333705123
  0.63868336134199211  0.65014265568772300  0.66208630080575126  0.67469078961009010
  0.68705341064260017  0.69841525510170344  0.70925582447446267  0.72015790103146438
  0.73081912157040685  0.74094655958665812  0.75081399936682758  0.76087622387731757
  0.77106412793214230  0.78120992719051774  0.79172539890703808  0.80295604241800000
  0.81382071809177170  0.82375633708935847  0.83331745941409674  0.84289347724698138
  0.85232277161940495  0.86154678369136894  0.87058761929122452  0.87985732446487097
  0.88964588587827809  0.89920729910478270  0.90900452354839156  0.91885333461345764
  0.92909951248822520  0.93924052847450090  0.94967515528811408  0.95986244751149985
  0.97012051954409073  0.97980947347011005  0.99145764928922109  1.00000000000000000
 -0.00002114603923080  0.00026202355989034  0.00074124164869533  0.00148402374001213
  0.00248859995214677  0.00374054948947914  0.00527595115676662  0.00705976905430776
  0.00911591056346085  0.01127249706237779  0.01372763705356091  0.01651309778891704
  0.01944411861851069  0.02252699723690870  0.02611758044626549  0.02960415655095990
  0.03303857447162546  0.03645936191117569  0.03997168302384940  0.04372456739171104
  0.04767324943083339  0.05194101808638082  0.05652088036894769  0.06123635570953567
  0.06591134015119057  0.07071373883247645  0.07551740492719343  0.08033050511797113
  0.08533053935875209  0.09021014668118761  0.09524913480957604  0.10063612142253044
  0.10608829930467938  0.11180734130617569  0.11790705590501049  0.12444438908036781
  0.13146303345039625  0.13924106767683142  0.14667319474741775  0.15378835672715674
  0.16107192674243939  0.16884730923894101  0.17696226984613950  0.18481193509868926
  0.19269894982322525  0.20090606371751568  0.20960428722303956  0.21850162424602010
  0.22784851860256813  0.23747812142146074  0.24719603784904517  0.25698093276150763
  0.26696831395902354  0.27768942454213258  0.28912484379624603  0.30130213948379581
  0.31267213163668850  0.32334821051137008  0.33414707760038725  0.34513721994927538
  0.35651688233235340  0.36846992928376432  0.38053723936047795  0.39281241442839698
  0.40513712919563671  0.41725045786316745  0.42976384350870622  0.44332604381767043
  0.45690381681650583  0.47005956326731124  0.48512765863318219  0.50068419503810579
  0.51629586719579890  0.53208616182125312  0.54842919066047713  0.56491183540732770
  0.58176086561719242  0.59863801533585792  0.61551943654389263  0.63252112761771140
  0.64980168521567305  0.66733419108511594  0.68534487212176731  0.70363891962391334
  0.72185865013597239  0.73972068306910244  0.75711884164169863  0.77434608703686847
  0.79143745139222010  0.80922927590243932  0.82767673463972014  0.84636605777443030
  0.86493769382728392  0.88261904974105887  0.89548377239672639  1.00000000000000000
 -0.00250822003003250  0.01012403579996097  0.02037511092826913  0.03080500907485341
  0.04124908381207402  0.05167090650823212  0.06210016731527414  0.07184277826351307
  0.08132632795946081  0.09078760857545345  0.10021955423913390  0.11045408591611272
  0.12180367555009569  0.13361198842101682  0.14591446157915619  0.15872418611822106
  0.17168779781533719  0.18442628810751535  0.19691141563387249  0.20907262588710229
  0.22074110415657194  0.23222849944425952  0.24343892781625609  0.25508806110715865
  0.26642090737653495  0.27765180231475145  0.28879548106371011  0.30082770686039673
  0.31247522703015157  0.32371330739920423  0.33467832950103921  0.34567573633010362
  0.35670633416591163  0.36740747144335884  0.37807961641365634  0.38875603454506902
  0.39975493772472254  0.41121140247112792  0.42257213131506788  0.43363394037498959
  0.44501304065206199  0.45636873748538087  0.46682870799527454  0.47663968943815410
  0.48659078671691341  0.49638866746004356  0.50613373835641640  0.51607618557950508
  0.52654194774089635  0.53728229340546685  0.54819814812973477  0.55912343978267243
  0.56954972533381676  0.57956774029650870  0.58920282801262325  0.59833692208954603
  0.60716563814760360  0.61603736363155071  0.62545627247444058  0.63505845650238968
  0.64480349797391867  0.65533708445370853  0.66662373351081383  0.67837163673860423
  0.69012265400975370  0.70158476265020298  0.71304609356978566  0.72451704498114211
  0.73540759586449533  0.74567842412536911  0.75597947819416100  0.76602124570247843
  0.77608237890302323  0.78608524811497671  0.79608194270632859  0.80593154549750357
  0.81558314907016571  0.82515781453933534  0.83447948448308495  0.84344372266118006
  0.85244218261066351  0.86216295773763829  0.87247990448491541  0.88234330351652601
  0.89176717325530708  0.90105634657895040  0.91030893253182288  0.91970110033145380
  0.92908998814390042  0.93851830892647514  0.94815718944037142  0.95794723627576894
  0.96786687831261009  0.97820365214587657  0.98882195240821014  1.00000000000000000
 -0.00302479449777828  0.01058608110730130  0.02207071891662697  0.03417658708377459
  0.04566430416831391  0.05699211295815655  0.06748372049291733  0.07797443531805981
  0.08881002918206631  0.09980937710938706  0.11011576729530725  0.12036332111678887
  0.13153993976090950  0.14242760269191113  0.15273493261105672  0.16280661110566499
  0.17334463966341318  0.18414168972295386  0.19546839627889739  0.20665480791763041
  0.21715254768670106  0.22707997856183867  0.23809133144907138  0.24970706798959691
  0.26103767729402372  0.27238974270658317  0.28393051828248300  0.29506371487285443
  0.30615271764204982  0.31693383488849536  0.32690392570215915  0.33666461650600488
  0.34628669361791992  0.35595996899741605  0.36570371026395948  0.37546369421274878
  0.38622261743051972  0.39708200714587083  0.40800502565444213  0.41839144554687185
  0.42862214280536953  0.43877833314399456  0.44915604877021403  0.45955890171466451
  0.46979949909574459  0.48085698731453080  0.49258674657433493  0.50441700388373700
  0.51586503553183538  0.52711643720218171  0.53849298842146642  0.54979522745118281
  0.56118085765587755  0.57247325758449241  0.58364066943003567  0.59436766007951158
  0.60463723171093697  0.61479711627209688  0.62501438204558424  0.63534889242392956
  0.64574094594428588  0.65614906951771113  0.66670670816502120  0.67764059735015958
  0.68911206952191784  0.70119703640386633  0.71278268234343256  0.72301550493235034
  0.73265235459360178  0.74136511951211703  0.75033564302070899  0.75976400531271004
  0.76958864973745789  0.77939701261732452  0.78901276546776666  0.79866652297907526
  0.80815847216822434  0.81727248487708626  0.82619848166419962  0.83536515827540991
  0.84485967727564870  0.85420929517997302  0.86347935284887334  0.87251702100887840
  0.88179916778023515  0.89104641153065367  0.90086289154795318  0.91082012120973976
  0.92111494290249640  0.93145823336955469  0.94167728284762553  0.95241398746546413
  0.96407589012012218  0.97659458554228418  0.98857825875713423  1.00000000000000000
 -0.00294855745242269  0.01074253176361616  0.02214444868599054  0.03388117050930431
  0.04545624735830293  0.05705649617334655  0.06867538040923692  0.08052805245501292
  0.09249729444143467  0.10456064930404495  0.11659791478419683  0.12843449932341400
  0.13983005341027802  0.15069158518257086  0.16122927744216500  0.17128835566671458
  0.18109454247473716  0.19068491108979885  0.19990762245206900  0.20929108712263134
  0.21866334875003890  0.22796131796901872  0.23779346615934902  0.24895637686110117
  0.26145432395914264  0.27402480197793633  0.28577180397271018  0.29654653188904007
  0.30665043987069035  0.31666238746899172  0.32666633221141728  0.33665450259360780
  0.34632619577650331  0.35607265571940155  0.36645863431330766  0.37668955385728864
  0.38648628999818274  0.39605955272971954  0.40600079068694894  0.41592885295953574
  0.42596305139434587  0.43638820203593437  0.44765993304496898  0.45887800216223990
  0.46945521319228228  0.47981272173531214  0.49022526037265074  0.50065409657851079
  0.51104338607269661  0.52201512816042261  0.53383264881294601  0.54506176737839662
  0.55620598697720447  0.56699537409796918  0.57822575836302215  0.58821794627208046
  0.59761968567487611  0.60712274983483361  0.61649175885525176  0.62586121839889408
  0.63523423105549848  0.64470881286459047  0.65471869463952259  0.66537723115821457
  0.67662708520541737  0.68799908121235664  0.69898067415458431  0.70938125297795573
  0.71932843279378822  0.72943765615698430  0.73954003656673051  0.74934030254752804
  0.75970091067581513  0.77019169433900481  0.78103718364879227  0.79165081246038160
  0.80218137822571256  0.81264696647777279  0.82285604109454447  0.83321885937739992
  0.84401304903265462  0.85485693142736119  0.86523498400106635  0.87532568046002968
  0.88550309840668551  0.89598950744250749  0.90645781114032042  0.91751038282752373
  0.92798271493226492  0.93847128351187181  0.94841027496147245  0.95850277893647307
  0.96862441758495910  0.97874790592137129  0.98945897674547578  1.00000000000000000
 -0.00258401505807755  0.01026430644850843  0.02029300884889595  0.03061321665368521
  0.04074338009894124  0.05093648077156645  0.06072884543872532  0.07118884930635902
  0.08236373181964317  0.09410371049445343  0.10555329150945822  0.11662590783593091
  0.12738070579632210  0.13783978169625588  0.14880762396588648  0.16032489823278823
  0.17162383564305508  0.18248138329830058  0.19337574059577659  0.20462746301955864
  0.21601306627116440  0.22748269037229280  0.23900128681124011  0.25059237367167658
  0.26234793521973038  0.27388970357769149  0.28475226061029307  0.29540259697174248
  0.30656683955725467  0.31754295046970610  0.32758629187648874  0.33772365470063120
  0.34794749641718237  0.35821469365756764  0.36829437625712125  0.37884340714319237
  0.39013919126287738  0.40154727461203221  0.41258945833115629  0.42369635556795116
  0.43484597751014237  0.44599345439027310  0.45697970399833188  0.46813861972694237
  0.47909474425275295  0.48891482664851255  0.49837461049698289  0.50743043721684278
  0.51652511506971699  0.52516231285714043  0.53332037811474797  0.54131072598286312
  0.55048670906560282  0.55945749799105671  0.56891211576133982  0.57849482171453270
  0.58874536695344892  0.59962657632000416  0.61015869195565775  0.62066001195004383
  0.63102572581838878  0.64131186243229588  0.65155093258754571  0.66201458959047677
  0.67281606532109106  0.68312439331137997  0.69444980778629362  0.70641528565351619
  0.71857047328449197  0.73032805797916489  0.74124302474824288  0.75170741765456006
  0.76154278200155112  0.77129156960623602  0.78085023761611383  0.79023515314921322
  0.79939768683776946  0.80831651226223178  0.81732322611104302  0.82657053190561880
  0.83636598647092575  0.84666745344495586  0.85754349926678097  0.86912122546852877
  0.88121819596470463  0.89310029033588423  0.90387464386273941  0.91438809214524852
  0.92539224285139743  0.93654322881623209  0.94691920647629668  0.95692503847226928
  0.96804317588831157  0.97899857423613190  0.98962568998360956  1.00000000000000000
 -0.00240365270927546  0.00922168718902594  0.01909655218847694  0.02973216662394182
  0.04049741148564672  0.05104418911456780  0.06120911253156845  0.07139467873759886
  0.08217419261370644  0.09364311162018107  0.10541427184151864  0.11687038580012291
  0.12861831512469588  0.14043366269970833  0.15186186791707662  0.16287994795624133
  0.17370821469610365  0.18426885685469688  0.19519111814241616  0.20636098487512758
  0.21793662548201587  0.22917019942043995  0.24081249122537954  0.25273353982852476
  0.26466295813177992  0.27613720195806862  0.28714088997224357  0.29752665280604773
  0.30753831365623480  0.31773300127108312  0.32831415051431456  0.33991489375329315
  0.35180910209076927  0.36308337357784209  0.37412324322397289  0.38510883157961340
  0.39609868419262934  0.40738962866398321  0.41824361653593045  0.42861917896450474
  0.43936419710876712  0.45127039526108825  0.46271212538643725  0.47359551239197289
  0.48398666831150838  0.49459753613532020  0.50491010833195094  0.51531291853481309
  0.52571792489466629  0.53583604449834954  0.54597724214551446  0.55577533646875377
  0.56565315395316185  0.57523517912033750  0.58477654367410803  0.59501113041121156
  0.60502735676043662  0.61485895135852142  0.62477370023937806  0.63489559109846794
  0.64492387513168314  0.65450982777363764  0.66383033195137187  0.67381103552042187
  0.68450826723585889  0.69494225921473585  0.70507750955590798  0.71503658549052496
  0.72481137198499246  0.73480178052135203  0.74475600346931492  0.75478915620102616
  0.76445806951605721  0.77436118040188751  0.78475642950556612  0.79508217560246364
  0.80518298260238419  0.81539179249234406  0.82579500371358394  0.83597054576024499
  0.84594094002320697  0.85616729965687144  0.86674529437173231  0.87677761906317286
  0.88590495088388355  0.89498050221007996  0.90451496549001253  0.91451434729113024
  0.92445774228558020  0.93428938658105443  0.94613305289199834  0.95910962642422415
  0.96943751386004717  0.97967219998666644  0.98960049449871557  1.00000000000000000
   3.0683790733430485E-016  -1.0000000000000000     
 F F F F F F F F F F F F F F F F F F F F F F F F F F F F F F F F F F F F F F F F F F F F F F F F F F F F F F F F F F F F F F F F F F F F F F F F F F F F F F F F F F F F F F F F F F F F F F F F F F F F F F F F F F F F F F F F F F F F F F F F F F F F F F F F
  <DiscreteSampler_grid>
  grouped_processes
  1 # 1 for a reference and 2 for a running grid.
  10 # Attribute 'min_bin_probing_points' of the grid.
  1 # Attribute 'grid_mode' of the grid. 1=='default',2=='initialization'
  0.0000000000000000 # Attribute 'small_contrib_threshold' of the grid.
  0.5000000000000000 # Attribute 'damping_power' of the grid.
 # binID   n_entries weight   weight_sqr   abs_weight
    19   10   1.176941710135653E-012   2.877906631073819E-024   1.176941710135653E-012
    22   10   1.158160685509844E-012   1.754076215281652E-024   1.158160685509844E-012
  </DiscreteSampler_grid>
