 -0.00000313265722169  0.00004351443174673  0.00013392768587955  0.00024450443069811
  0.00036340181017131  0.00049161248732415  0.00062603606459894  0.00076543744894136
  0.00091487345641565  0.00107084441182978  0.00122876189938312  0.00138578714867550
  0.00154568352089816  0.00171391398109786  0.00188448123672952  0.00205341588675146
  0.00222747133065967  0.00240010178996718  0.00257190672721061  0.00274456533594025
  0.00293154339751814  0.00311908199358026  0.00330343322927216  0.00348500003307847
  0.00366421697769332  0.00384593865186227  0.00402174064204358  0.00419763591201815
  0.00437452267785632  0.00455448955425198  0.00473962556216150  0.00492569785031697
  0.00511585672463423  0.00530300830116192  0.00548755112710320  0.00567212843440431
  0.00585560237516475  0.00603485047369540  0.00621116778600435  0.00638506988184185
  0.00655755775018574  0.00673111814396042  0.00690424631991313  0.00707639680045731
  0.00724648019988101  0.00741512423266859  0.00758138108720238  0.00774517965791799
  0.00790736853656345  0.00806357133748996  0.00821168122686105  0.00835823878411243
  0.00850466028242393  0.00865359140874848  0.00880806773739390  0.00896160101003542
  0.00911244167936466  0.00925705695181002  0.00938924826611613  0.00951749645913118
  0.00964774844472426  0.00978657828552823  0.00993498571564666  0.01008647114474640
  0.01024200261351124  0.01039764090602716  0.01055625472896379  0.01071982586088919
  0.01088854961264427  0.01106658364815039  0.01125586043449624  0.01145558065134766
  0.01166485771249731  0.01188601858527145  0.01211099590373670  0.01234064818347761
  0.01257589482239845  0.01281911951422653  0.01307208037057536  0.01333900355844221
  0.01362185127937995  0.01392123042620221  0.01423958636156112  0.01458702684711429
  0.01497950113755503  0.01543196702065387  0.01593834874053650  0.01649394254108425
  0.01711587156582589  0.01782282497196414  0.01868364597035129  0.01990710096661269
  0.02191642107829991  0.02765538880355383  0.05256967420653289  1.00000000000000000
  0.00878485115075556  0.01795281938493129  0.02970429316026350  0.04103616369984786
  0.05294016331227696  0.06413915866691890  0.07519415162687498  0.08556472023187527
  0.09586450091193392  0.10606483466633287  0.11623869727546714  0.12689789920328035
  0.13782209616275568  0.14840333147444396  0.15880277307127302  0.16907370193329221
  0.17915416083495267  0.18934699545091144  0.19957282734401435  0.20946933005745899
  0.21900628107373424  0.22876758692116889  0.23920098258093567  0.24882554469518184
  0.25812506953743247  0.26724513198467542  0.27767836913572197  0.28781120559126905
  0.29841708344732831  0.30877944886118430  0.32005072162703452  0.33134906156244065
  0.34272885251017787  0.35341315442910765  0.36302141989658204  0.37260035857529145
  0.38226555103490728  0.39219991164233703  0.40230587609821811  0.41213758822385160
  0.42232288631120252  0.43312285274600199  0.44374292069083260  0.45396703134558286
  0.46441175180181693  0.47503579379478283  0.48579330652787933  0.49663973589190830
  0.50760435531091186  0.51878642359523230  0.53013121985882894  0.54205001597273406
  0.55321857212426906  0.56441523149160655  0.57606739622390168  0.58723224490935411
  0.59826323086780020  0.60927770242121249  0.62012237290032013  0.63041493979103569
  0.64038874820275804  0.65040332446550664  0.66033112645653647  0.67090808561651716
  0.68156345983767463  0.69233027147988158  0.70268777819866213  0.71332306913294574
  0.72432673391504865  0.73502776732813568  0.74538388828253277  0.75552790780178858
  0.76546193912634952  0.77565366075221875  0.78594466143138308  0.79662872250462569
  0.80752053429713955  0.81841026500837810  0.82901985455762250  0.83947282807099277
  0.84965937319296470  0.86022475723520087  0.86986605824695717  0.88027857653767183
  0.89078098158801977  0.90170646544259847  0.91261858816921737  0.92301498838292828
  0.93317249182689743  0.94327859323508989  0.95337370231941754  0.96309803718992837
  0.97255679127858607  0.98277280133000633  0.99112907446675369  1.00000000000000000
 -0.00013868321689353  0.00130590679727702  0.00347565687081624  0.00627392951874685
  0.00941231779536458  0.01280770851098469  0.01652401581462537  0.02047474475851773
  0.02472040732133404  0.02925648325360925  0.03362217509656810  0.03802925034088472
  0.04275348980626496  0.04759955091501069  0.05252611819710971  0.05746613373513536
  0.06248559667403104  0.06766412682327315  0.07298817339169890  0.07847233916977470
  0.08420882646885933  0.09013445492416550  0.09624924387951916  0.10246393467708959
  0.10860703260909824  0.11469814054403235  0.12081623964206531  0.12705838761460803
  0.13339258054908593  0.13975108217398324  0.14615979399016990  0.15271549199033760
  0.15943743673426014  0.16627182883563349  0.17324371544837067  0.18037582487866796
  0.18772287027994092  0.19535694554981597  0.20324458828344041  0.21127167494892554
  0.21941338510001152  0.22783153906013606  0.23681538374041836  0.24589371733773532
  0.25494877261961657  0.26391882815597967  0.27290624301032590  0.28226674105385879
  0.29151490892765680  0.30088545080527745  0.31019525393253611  0.31985830803455145
  0.33001340951113073  0.34062473545868122  0.35124754332048913  0.36157300846879442
  0.37190045154951773  0.38251469063138427  0.39370185142255221  0.40554173781795172
  0.41772696796635711  0.42987921031085402  0.44206694537439628  0.45449607574952799
  0.46705807029162649  0.47971651509070934  0.49272490165442540  0.50595305332895801
  0.51897017692838510  0.53205184969411601  0.54522092199306416  0.55862755888241822
  0.57295732591415349  0.58719552905391059  0.60215805955885338  0.61719111055504960
  0.63219890978683779  0.64779308091103971  0.66444243585791707  0.68127224713807155
  0.69864686060229975  0.71611361045526578  0.73362358451582521  0.75121265730397846
  0.76883815397059196  0.78669506678570811  0.80486532702252278  0.82328933030605000
  0.84194337864188840  0.86093530543316676  0.88036149845922029  0.90012864185988162
  0.92018578742276358  0.93995630192409385  0.95544057782087422  1.00000000000000000
 -0.00286876555569848  0.00997810841363176  0.02167441180122772  0.03323212923771746
  0.04463378174178095  0.05557363969019172  0.06610904576102951  0.07658460082914614
  0.08664033702118311  0.09711607312620432  0.10776690000570126  0.11826877500938260
  0.12869556412441668  0.13916583375672731  0.14966272489598087  0.15980959312275247
  0.16974318498873583  0.17957546285183398  0.18965453176454555  0.19970780995650025
  0.21008637073064965  0.22083605777644705  0.23143778770136370  0.24178325010868620
  0.25207314113735746  0.26248212509680147  0.27288001566159709  0.28305810815098315
  0.29385898252311110  0.30530201217185576  0.31662323279743732  0.32744879202992044
  0.33785287212237386  0.34828178131280785  0.35865283473699472  0.36912526368632331
  0.37966923908131067  0.39036107971090667  0.40136031907838854  0.41249302285158568
  0.42353763839693664  0.43467050276324903  0.44596317458631368  0.45726651038721278
  0.46834150607726899  0.47903755971414014  0.48957677308628261  0.50019135516545621
  0.51068057272856104  0.52084374395765098  0.53076672147022774  0.54081750196160172
  0.55143848708389920  0.56247198822377042  0.57356831292213228  0.58455687025235081
  0.59542892473555920  0.60626899260263289  0.61710975958817293  0.62799164444113420
  0.63890823679995457  0.64980116249385422  0.66069896576863762  0.67154784112047006
  0.68217783945556432  0.69225082218426537  0.70163462954458766  0.71084137897776578
  0.72019971657189896  0.73046770677103312  0.74108947368113154  0.75148106484520794
  0.76130493879704042  0.77120579137695344  0.78133061263700010  0.79129542410924836
  0.80141133576807000  0.81202953311074522  0.82268651230579681  0.83318333785436927
  0.84327141825513730  0.85328342734980511  0.86318100919688323  0.87347445419705827
  0.88402609445687685  0.89445176240787294  0.90487995511978436  0.91555610435773072
  0.92631934814799366  0.93702557857203750  0.94786398010918327  0.95862509309118482
  0.96897985801727793  0.97929182871300025  0.98958928948754521  1.00000000000000000
 -0.00205534628463542  0.00857097013694073  0.01754198349544333  0.02694610548245947
  0.03652086347170676  0.04611092314376033  0.05648611274392414  0.06706283076818895
  0.07810741518938485  0.08913663742931008  0.10000291868261794  0.11094185642761561
  0.12173396209357266  0.13251923346632655  0.14305271392111335  0.15264096583664585
  0.16246240682788229  0.17203969370039718  0.18248877763121912  0.19341939519581910
  0.20433757698151445  0.21470763406402640  0.22465091955367092  0.23425620402629888
  0.24388195641694005  0.25386957405597999  0.26413800623925066  0.27453171698376377
  0.28478694801061699  0.29555525022784984  0.30723387799313895  0.31852369899230160
  0.32933882035679929  0.34006709001927887  0.35073607711922183  0.36123681544542163
  0.37149788024494668  0.38182329295451478  0.39222684344872538  0.40242216825139648
  0.41257906815909356  0.42271103009419186  0.43318217005774984  0.44385576386713343
  0.45440665215743425  0.46470673422014735  0.47505797686363199  0.48522089277381458
  0.49527712123663020  0.50557715836325956  0.51602343622708335  0.52648201530676986
  0.53720946806601710  0.54863210308191412  0.56061354749992454  0.57234193962999413
  0.58378305710908451  0.59481241427232623  0.60568721117294388  0.61652078976005975
  0.62738829106692084  0.63799739711055770  0.64836558180748283  0.65878262322077241
  0.66948350488281583  0.68052430712622303  0.69196129006809071  0.70386167351065010
  0.71555911749991086  0.72678204083645748  0.73822071368520803  0.74934065503949310
  0.75918338863076906  0.76943081900396149  0.77998800428148174  0.79071584820067331
  0.80124040885182191  0.81177826176570589  0.82237219160197850  0.83282628660851632
  0.84284521465251860  0.85272151620608283  0.86266851261318223  0.87318237333074100
  0.88355826676455873  0.89380368398233034  0.90412896098179685  0.91468422957161877
  0.92614012343412655  0.93818280037134838  0.94893536244429177  0.95926880604353582
  0.96912828694569342  0.97952218048050821  0.98992650049275155  1.00000000000000000
 -0.00249240986463987  0.00941893418758085  0.01980515497864563  0.03058625127033193
  0.04091502567143974  0.05225582632033731  0.06314735368053735  0.07416851029480032
  0.08496154307925070  0.09545321534090778  0.10567351327468585  0.11547992531829541
  0.12549837826221877  0.13587562563899730  0.14627749050816682  0.15730790414913867
  0.16822707799888714  0.17867933968822264  0.18915117855155034  0.19969324951925058
  0.20999015676042757  0.22004068339180938  0.23053948883588954  0.24229081468830521
  0.25379963109194764  0.26428900137999028  0.27507037431572323  0.28598935149943577
  0.29705374847061711  0.30743238498944370  0.31792960465231401  0.32867535484849908
  0.33918916290133311  0.34954362797815935  0.35997371257459537  0.37021522493931597
  0.38031361534518549  0.39048876866833393  0.40095831320126563  0.41163892396456780
  0.42227545951768403  0.43210162625001219  0.44119349611745085  0.45032671186920015
  0.45950698469170820  0.46963812942508942  0.47979486008209499  0.48974441290343002
  0.49980190349172748  0.50993975698221672  0.52023943323057087  0.53090802319269192
  0.54177972680953790  0.55289239843321847  0.56411564722046614  0.57546649474415545
  0.58638812390178296  0.59682868269777678  0.60721042259447688  0.61779300501876067
  0.62824285756718434  0.63843251337531615  0.64888043431514875  0.66030091569786242
  0.67136054272296508  0.68205981180106146  0.69307558996815555  0.70411499986126258
  0.71489062515026325  0.72530411764662761  0.73637212544263408  0.74794433608058974
  0.75874618736655686  0.76928066085157853  0.77904514148373583  0.78897168254135763
  0.79910892796334387  0.80893487994188418  0.81868280652717573  0.82842333414869718
  0.83872849667479354  0.85021853896069821  0.86184715924333655  0.87343930413578941
  0.88468239081736755  0.89577704472862851  0.90730787654776313  0.91853938412520630
  0.92983317605127336  0.94051221881235303  0.95106226132150806  0.96129350714440565
  0.97152288133912867  0.98139422456157743  0.99096141106912405  1.00000000000000000
 -0.00211133896287189  0.00858753403125055  0.01858077791930794  0.02788817138114224
  0.03768069647177359  0.04758735349551452  0.05765150564179602  0.06757362764086200
  0.07768664432129149  0.08845867634968443  0.09965743453765814  0.11079312045072515
  0.12170828747455138  0.13242345147712195  0.14291198230099816  0.15332822716770031
  0.16392899563422694  0.17492125039262030  0.18648448336910980  0.19836827237025770
  0.20978979039351825  0.21984937023313747  0.22962678627255212  0.23939567359106939
  0.24978000499922212  0.26021496974277719  0.27067037625077039  0.28114793191520859
  0.29182825180042310  0.30209558539396097  0.31199725999690681  0.32171439369117077
  0.33176661973735216  0.34204576440416429  0.35239655417560173  0.36286553496304108
  0.37331215575264870  0.38371613440962032  0.39398495813940693  0.40449155007208004
  0.41523939421672335  0.42601741713321761  0.43681993258830465  0.44783881205277953
  0.45876316416150281  0.46942905387887546  0.47952765044767853  0.48929789208900315
  0.49885422557129205  0.50879719764631925  0.51918188904108986  0.53002974805651792
  0.54131544670046061  0.55312127149903745  0.56515470911441945  0.57714309099544925
  0.58913773193026209  0.60110409278797228  0.61294636035503536  0.62446932424900270
  0.63523944215934802  0.64568852223323303  0.65645576702606534  0.66751672328115119
  0.67845806425486166  0.68909820692401302  0.69951786895140922  0.70983489041101278
  0.72011032419725207  0.73035833906931624  0.74067324787588340  0.75107522608455723
  0.76132756461061479  0.77124466808753223  0.78100554177560688  0.79090866347974265
  0.80121384499546011  0.81144304816146495  0.82153540183436491  0.83173277369638510
  0.84206087576337252  0.85274339152496770  0.86359638779433656  0.87435879365917368
  0.88494758136689855  0.89518935247893572  0.90542872425110643  0.91599725541672083
  0.92649773857994588  0.93715695531036181  0.94766835236578084  0.95828826203440032
  0.96926420281494508  0.97980933455403341  0.98992881258390775  1.00000000000000000
 -0.00222910547246410  0.00907034989821170  0.01861969275979444  0.02889214799844793
  0.03923254014257663  0.05043043598218575  0.06150418304469393  0.07351241823530456
  0.08538706931053822  0.09726542030313996  0.10836686505861022  0.11888787307959775
  0.12943118998094544  0.14023386367206186  0.15132464509405077  0.16208262111797322
  0.17269912765846435  0.18331354480532974  0.19395498284029589  0.20468268308476692
  0.21518871323328703  0.22556817050340799  0.23612164122920834  0.24675424370361890
  0.25742603377662071  0.26818140784532801  0.27919307137796867  0.29056038107852622
  0.30204419994964932  0.31305298636670703  0.32335347692671912  0.33341901413202185
  0.34339582292677373  0.35319761664723831  0.36283518623203037  0.37251737768793808
  0.38267092636480748  0.39323669275839662  0.40398592263400457  0.41458797920118523
  0.42503478200576850  0.43564822847869034  0.44659886837679025  0.45761734398293713
  0.46840022839055973  0.47896543755574478  0.48954525626622786  0.50027198162261943
  0.51112686323445666  0.52176850093790916  0.53178863067228566  0.54151127609951299
  0.55119683846368295  0.56073784190571119  0.56987904656165855  0.57901810063075765
  0.58868239944576894  0.59855832247154206  0.60861823307460661  0.61870076623626136
  0.62913153190586901  0.64033316623166769  0.65147002775319263  0.66221293389526503
  0.67291350188589172  0.68276973801464391  0.69250633524086347  0.70216928444644133
  0.71236072974361808  0.72248864929886181  0.73273170379046859  0.74218013806492367
  0.75161384051022107  0.76138170125434812  0.77224191069615478  0.78391675459212817
  0.79528144282545932  0.80626021464809938  0.81712488133171546  0.82787737070728495
  0.83852346818814494  0.84919983491575624  0.85989223525387004  0.87062378132596852
  0.88148301733605583  0.89237136134310535  0.90309449384880314  0.91381369058707296
  0.92466140704415700  0.93563829961726552  0.94672277726972975  0.95748709227456252
  0.96791104966582908  0.97849538919202550  0.98870441335798787  1.00000000000000000
   6.9240794295278863E-013  -1.0000000000000000     
 F F F F F F F F F F F F F F F F F F F F F F F F F F F F F F F F F F F F F F F F F F F F F F F F F F F F F F F F F F F F F F F F F F F F F F F F F F F F F F F F F F F F F F F F F F F F F F F F F F F F F F F F F F F F F F F F F F F F F F F F F F F F F F F F
  <DiscreteSampler_grid>
  grouped_processes
  1 # 1 for a reference and 2 for a running grid.
  10 # Attribute 'min_bin_probing_points' of the grid.
  1 # Attribute 'grid_mode' of the grid. 1=='default',2=='initialization'
  0.0000000000000000 # Attribute 'small_contrib_threshold' of the grid.
  0.5000000000000000 # Attribute 'damping_power' of the grid.
 # binID   n_entries weight   weight_sqr   abs_weight
    19   10   9.848130351234390E-006   2.890045758042983E-010   9.848130351234390E-006
    37   10   5.756927253128987E-006   4.991090764167896E-011   5.756927253128987E-006
  </DiscreteSampler_grid>
