  0.05153034569380496  0.05163072666285035  0.05174096341785932  0.05187928012117501
  0.05201381631882065  0.05214440929827592  0.05229230762135759  0.05244696455869308
  0.05266012205209423  0.05287550811941843  0.05309256691832846  0.05333312024457372
  0.05355167634926475  0.05373657526307939  0.05397767012054605  0.05421742933083451
  0.05444739609182386  0.05464868619767922  0.05483346694777322  0.05501422533076652
  0.05519638727679407  0.05539125331562507  0.05559296400006655  0.05574702259563092
  0.05591480821071940  0.05609126431481171  0.05626774379785568  0.05647694029210360
  0.05670897676879078  0.05694878742980268  0.05723207946497421  0.05755879450393981
  0.05787993281134496  0.05821216503403237  0.05853192635536749  0.05880955401410490
  0.05910131148866395  0.05936458928099259  0.05959588781849359  0.05981298123195999
  0.06002627029315172  0.06027964107645038  0.06054625392883349  0.06082178154138071
  0.06110083058700433  0.06140990365817143  0.06169710272302573  0.06200102059241619
  0.06236498674136738  0.06283360227055713  0.06337621467053438  0.06400077815719658
  0.06461253728546558  0.06510807986799069  0.06566486280386025  0.06622847464554220
  0.06689722011097712  0.06764442071607923  0.06835124737329201  0.06901389614914794
  0.06964908093532680  0.07026947545814646  0.07095036054647483  0.07167792160675732
  0.07254317503531212  0.07345608813291600  0.07444271534705137  0.07539020286405926
  0.07634986685787196  0.07730652807336397  0.07823000916793883  0.07922777747395576
  0.08025726292544150  0.08126983726949980  0.08218431275668897  0.08323241970115947
  0.08459465355987583  0.08617054132527609  0.08791446084350441  0.08986273338881402
  0.09217520982823986  0.09420241044524967  0.09605688228498550  0.09775574292129843
  0.09996887881836122  0.10212855109196572  0.10496951862793376  0.11001002577260388
  0.11476543093463977  0.12018017912195819  0.12776418470673057  0.14065704601727372
  0.16706976959447170  0.21843028855959698  0.53031646820543099  1.00000000000000000
  0.00901783189838200  0.02000464370323668  0.03154636026797831  0.04389853110518802
  0.05707892496362977  0.07092229463698844  0.08636602568550802  0.10094350820915900
  0.11199031776272904  0.12240808587467046  0.13342296163154316  0.14098475385329196
  0.14763673189158488  0.15595247448307445  0.16440736009181120  0.17537910378428734
  0.18597174711939696  0.19736701912702925  0.20762983937844304  0.21765812205036414
  0.22773532990402889  0.23713025247224942  0.24637666362539426  0.25540475017086806
  0.26114461568040581  0.26586297144616367  0.27019841821924451  0.27627828788026809
  0.28355914151975653  0.28858404231940482  0.29457553959693572  0.30170703361632156
  0.30918434001575273  0.31758600577243651  0.33595142896429497  0.35401922558360005
  0.36999443105427443  0.38235841905245616  0.39309544113792633  0.40481236610817667
  0.41616631326200820  0.42778110485112214  0.43581634419885967  0.44301106920314420
  0.44883026440682811  0.45574422331217773  0.46508093202721357  0.47545762279019954
  0.48639183988129020  0.49714124746418975  0.50730951976463590  0.51768541904377718
  0.53030692061843243  0.54073921016819571  0.54862592516738706  0.55629332942317256
  0.56556438262099717  0.57409124887514340  0.58280744504747606  0.59232999446997492
  0.60519081689921850  0.62572085743743211  0.64301306389855128  0.65744343192335564
  0.67264086539597190  0.68637610792563875  0.69702568287702971  0.70815802844040754
  0.72068592971926038  0.73332792600576135  0.74471009697857660  0.75666091514899092
  0.76742453826901391  0.77607903108184617  0.78390197884301616  0.79133292454303172
  0.79811521884661840  0.80504159768432138  0.81433095145008283  0.82223761045564703
  0.83222165408487558  0.85176137302902355  0.87202436806689088  0.88958481051660887
  0.90522850458152881  0.91920656522596766  0.93087341337939855  0.93914470610703382
  0.95202554009898466  0.96282238695905242  0.97056595786156497  0.97580005555393146
  0.98159652090466809  0.98653866622961528  0.99070485317988244  1.00000000000000000
 -0.00380216350845585  0.02000600365448140  0.04211967258053648  0.06174043998366978
  0.07926840229095145  0.09529580472078608  0.11110812989697545  0.12629745727936148
  0.13839204603516539  0.14984417263127206  0.16230929124746490  0.17670008355451783
  0.18934288764415824  0.19895129666169667  0.20785980314748737  0.21460942708747832
  0.22144524030140555  0.22965276414889785  0.23811041355874946  0.24557624600838665
  0.25676053799053244  0.27164710084879135  0.29165684518447232  0.30391760155380998
  0.31688705676898288  0.33007158648807028  0.34356233617747162  0.36173852988787281
  0.38039107582699361  0.39705238120893166  0.41055370451172341  0.42261577847592596
  0.43535134103750123  0.44725911004345448  0.46069130830507771  0.47566405443753595
  0.49169964811714756  0.50876495778564323  0.52123987834383667  0.52936323451709355
  0.53626469896781492  0.54456425949447596  0.55750915683495184  0.56816045642610824
  0.57688472966170656  0.58665239236057920  0.59845204429214338  0.60823886048698073
  0.61587461807163923  0.62322994861448699  0.62903584029336579  0.63432509286753702
  0.64003607900867654  0.64733506600399493  0.65591603074277338  0.66040883946002116
  0.66547885217255431  0.67082445912411270  0.67809434889781250  0.69058095064781233
  0.70227261672995700  0.71374449116381933  0.72910980412717064  0.74593760409590804
  0.75645637685433675  0.76454567507525095  0.77237082804670354  0.77975629262389412
  0.78782951980768801  0.79400724511432252  0.79811786969612941  0.80255317564967665
  0.80762096518339688  0.81571957463605094  0.82204137660000531  0.82804189698019137
  0.83407558142783200  0.84185324471538248  0.84906562601221469  0.85558564629891865
  0.86206746145311464  0.87078261982785632  0.88189868052284559  0.89379690349304375
  0.90390023215986981  0.91140340451727353  0.91842364102724150  0.92386713120785957
  0.92931062138847764  0.93623229959555343  0.94330713391496857  0.95434965922385262
  0.96477265615939667  0.97481969262077905  0.98647068402753768  1.00000000000000000
 -0.00311792740260089  0.00964582295418693  0.02163351874350881  0.03357837851152671
  0.04436642133755724  0.05122597514953963  0.05688407560073921  0.06422987949312234
  0.07185000590414181  0.07852064385803695  0.08540867695380792  0.09068023866552717
  0.09491053764091409  0.09830266851803700  0.10306847850403944  0.11171872736047915
  0.12587654974595963  0.14089303610050732  0.16247769138186607  0.18308160474351204
  0.19611947870563334  0.20495134611837970  0.21307296733178899  0.22194102082999104
  0.23279662216582980  0.24094706907187868  0.24845601649697530  0.26473644949266101
  0.27587949092187697  0.28460160757050545  0.29181410759227189  0.29708753166493868
  0.30266687576485768  0.31131274869331199  0.32003797378426685  0.32780344346896606
  0.33500405285518997  0.34481349370605219  0.35780195922450780  0.37728888157610463
  0.39879931317736733  0.41430124691778564  0.42521915006304273  0.43535715781516932
  0.44816113991160766  0.46162653246123353  0.47014513382369971  0.47901571456240055
  0.48899804700928828  0.50015668587391093  0.51202894550023270  0.52335084091879980
  0.53595048726722661  0.55278155979332499  0.56581946806969141  0.57201135715344698
  0.57682603355829110  0.58076576287997617  0.58488944016358935  0.58912780377247642
  0.59351192300972910  0.60122824195026969  0.60862768633877917  0.61663616254855858
  0.63219685529433933  0.64923427240342324  0.66275800329710821  0.67445601907431174
  0.68681106818620041  0.70016672742761488  0.71022128227427783  0.72042597917720153
  0.73160356612486299  0.74006878656793940  0.74867808588692442  0.75875700511713029
  0.76763596348303909  0.77687212179907861  0.78741004843686535  0.80202555347528781
  0.82043974657433449  0.83980382184338964  0.85706808801278589  0.87118831046844525
  0.88472268355698480  0.89826022496864788  0.91594035735363921  0.92735536021050025
  0.93899000014970802  0.94821603572403546  0.95752166067904032  0.96696282063440708
  0.97491767455096512  0.98294808322996730  0.99169566362941408  1.00000000000000000
 -0.00180477233983374  0.00853884743517266  0.01606082464963516  0.02273007964012647
  0.02840417218277203  0.03405221226183656  0.03898594114828385  0.04470202838417242
  0.05125616260283655  0.05947179875664525  0.06861118642216399  0.07586057250189326
  0.08404214308340704  0.09641306243005172  0.11286694494471643  0.12967842386385248
  0.14439534225834896  0.15677209260229982  0.17058762500296362  0.18341368263422031
  0.19380159444763159  0.20572438203510451  0.21766890956306201  0.22757857059493736
  0.23557423414015632  0.24268465409496751  0.24875195587637763  0.25268730091022207
  0.25637794810071196  0.25979198756967214  0.26667944946206223  0.27603193793515080
  0.28471038785896224  0.29396843716503268  0.30206384418912013  0.30983966401680718
  0.31830478961120373  0.32718705320402741  0.33469077927486351  0.34262440534162308
  0.35222443883905369  0.36861272798876099  0.38377777352156806  0.39750681851232378
  0.41075800647662353  0.42311449486884928  0.43497081957970946  0.44771228493622189
  0.46196208952984913  0.47748746464332692  0.49212873563948017  0.50506229106229705
  0.51621924916314177  0.52557139076585291  0.53346944170034993  0.54259544448653352
  0.55278175247578021  0.56334764078496335  0.57048867089090172  0.57663877331472913
  0.58335040779464808  0.59219867064065146  0.60121924527999937  0.60986320611834233
  0.61866286291807315  0.63481739476254628  0.66144511215833235  0.68534981851339460
  0.70356668982755399  0.71875814635339597  0.73307550576775171  0.75024334508212320
  0.76577717599742123  0.77858913711556932  0.79111509606801267  0.80324525526020762
  0.81552634606021113  0.82594089729636500  0.83668492321671772  0.84640465598079961
  0.85678981989397585  0.86538890124548629  0.87163851006164195  0.87771294135313527
  0.88359687993254032  0.89025564890913811  0.89717319506270832  0.90606862178300318
  0.91688426368786247  0.92886135214652954  0.94175042176558987  0.95589886354732834
  0.96903869482652449  0.98086871770822370  0.99098440995896186  1.00000000000000000
 -0.00169920002832885  0.00261288013662122  0.00691276975801926  0.01110910304229827
  0.01776015503504401  0.02739760747734430  0.03635288671746262  0.05027307119091090
  0.06490132432828770  0.07673008833209104  0.08790560844006445  0.09861405606200971
  0.10720531600311584  0.11519408939363036  0.12254468836838703  0.13405511811727003
  0.14522042332461024  0.15671819321767960  0.16941678165964177  0.18601490811702218
  0.20480203601497510  0.22880101489699242  0.25045106983113008  0.25918295318884776
  0.26611134713050888  0.27429581801558856  0.28444739029531618  0.29409662293311145
  0.30284815078586591  0.31168006731556697  0.32403549614038119  0.33784226135512785
  0.35104903330818787  0.36477406464711792  0.37743881154255954  0.39019087699337424
  0.40404087473799533  0.41919697625028718  0.43299344415047714  0.44689999532319291
  0.46086054849553953  0.47361179346293036  0.48344827689763509  0.49195157940997014
  0.50097932904526410  0.50985498251193651  0.51835234419848419  0.52660769414002284
  0.53567022398774566  0.54583265147499460  0.55674216483088446  0.56828580447123056
  0.58081595539350650  0.59571033419020958  0.60968568978285698  0.61881013185990341
  0.62666683952101543  0.63266218491004200  0.64010522974078388  0.64870364209084830
  0.65481663419849101  0.66175203559652773  0.67022206122105199  0.67754850347187445
  0.68221480118832867  0.68650519644377295  0.69115396412948060  0.69733321155133265
  0.70520999493837411  0.71289149260867912  0.71908262454860605  0.72367026147750324
  0.73265391304808958  0.74429579894565934  0.75893522966513949  0.77302763695215992
  0.78235436876076214  0.79261891800852591  0.80228302188383094  0.81225769254481284
  0.82260876341971090  0.83331363472766029  0.84424072490413393  0.85644236135192797
  0.86894354780846428  0.87957076370502807  0.88949645720556691  0.89876676356895724
  0.90586058909478839  0.91360626219542884  0.92330467508806890  0.93810311514174483
  0.95714247850972922  0.97389634649065215  0.98699021205263815  1.00000000000000000
 -0.00163050222302622  0.00223622487583914  0.00610295197470450  0.00848481954672100
  0.01062384923919064  0.01428749554622346  0.01789425358631222  0.02202547776243258
  0.02690561964972596  0.03310263352981147  0.03914635955175943  0.04594915009543574
  0.05428861197817487  0.06280575503526130  0.07250714213478934  0.08340739389153713
  0.09501147036422579  0.10581812579246257  0.11589615979289986  0.12479508150972513
  0.13423435221329466  0.14487141185580604  0.15197246639077056  0.15949208491612016
  0.17009174427548818  0.17978288332842488  0.18701844932340483  0.19341187917555011
  0.20029523369461746  0.20876757825996953  0.21740072033384744  0.22502978458195816
  0.23276147801442704  0.24180042671576965  0.24935168390308141  0.26130950339978892
  0.27415863290323345  0.28473900827583770  0.29611575004591795  0.30815173487503705
  0.32200049816547854  0.33936489604445186  0.35874065776237418  0.38309568046529024
  0.40856549336156273  0.43498464243031354  0.47153132184918467  0.50564520996085616
  0.52991268815200487  0.55206055489127759  0.58314802166553015  0.61933138226328188
  0.64685395374833210  0.66538189554731653  0.68038160462029607  0.69316761243068548
  0.70747364718628858  0.72987262658878138  0.74655553942799568  0.76197061377805309
  0.77217148527991686  0.78233048889129220  0.79295502518340433  0.80383570566508511
  0.81571097570842832  0.83085869579147942  0.85023150561721983  0.85952597242245121
  0.86584885637504527  0.87089430181499550  0.87565040963686136  0.88116852220220487
  0.88925529916089174  0.89837770573138465  0.90713581367722018  0.91465672806169795
  0.92188491915140380  0.92977898565100026  0.93428804045185887  0.93833263490627539
  0.94114544557781799  0.94430252053218267  0.94735932069478734  0.95068904733720172
  0.95462662732627268  0.95841876110614865  0.96309614163058033  0.96843102883557419
  0.97254526594597801  0.97638987725203419  0.97955185866426298  0.98284459814322356
  0.98637868701396880  0.99054840807425992  0.99526834569243450  1.00000000000000000
 -0.00309822800755156  0.00830345333106781  0.01964379274013300  0.03031166975990949
  0.04121901612482099  0.05382829805410483  0.06636274034306253  0.07834736864169109
  0.09092853214025501  0.10828405684813620  0.12388225310433694  0.13447485264927730
  0.14358331120104201  0.15265866442101983  0.16263408910069604  0.17093956156057225
  0.17668748204992205  0.18074570042598556  0.18521014613465012  0.18899258269892710
  0.19338359465503047  0.19948242302365515  0.20561533321500169  0.21164357345084939
  0.22076743056841350  0.23046458573232881  0.24347846554183936  0.25552210518148233
  0.26466443973318998  0.27448783896805223  0.28385372005020243  0.29286137405396734
  0.30140237487324928  0.31254518414267191  0.32664581600782761  0.33971861503876316
  0.35163682192884477  0.36425255496542475  0.38140397468790810  0.40787581273013146
  0.42547473104973954  0.43828646442274916  0.44818803374162869  0.45653098259903580
  0.46584045454797307  0.47650653533689130  0.49043461491299584  0.50299983827807881
  0.51501608149920175  0.52861754894292889  0.54307607352852838  0.56015379868583315
  0.56983763256225595  0.57650184749359989  0.58234573617488583  0.58768435602096381
  0.59291685955024898  0.59864104331024126  0.60493390358959931  0.61171456361906495
  0.61888333599932799  0.62493049227558473  0.63572894938740632  0.64351215343041834
  0.64937162817810046  0.65465334477841830  0.65941750909565700  0.66513891905552003
  0.67428924313775174  0.68310052577919056  0.69391197943809924  0.70302839398837735
  0.71223329450407591  0.72151876017299355  0.73154534298223084  0.74193615059233986
  0.75062387223838056  0.76504833018371410  0.78138203984284227  0.79926365558935364
  0.81464086698224092  0.82520672748231261  0.83521553803967086  0.84422616499477687
  0.85185380725451798  0.86037136789486846  0.87332690430850102  0.88822751134669786
  0.90217030518648422  0.91309312704142798  0.92560987333352696  0.93826807510187515
  0.95019166500571495  0.96344726853501239  0.98055443431748701  1.00000000000000000
   2.3643811854356460E-030  -1.0000000000000000     
 F F F F F F F F F F F F F F F F F F F F F F F F F F F F F F F F F F F F F F F F F F F F F F F F F F F F F F F F F F F F F F F F F F F F F F F F F F F F F F F F F F F F F F F F F F F F F F F F F F F F F F F F F F F F F F F F F F F F F F F F F F F F F F F F
  <DiscreteSampler_grid>
  grouped_processes
  1 # 1 for a reference and 2 for a running grid.
  10 # Attribute 'min_bin_probing_points' of the grid.
  1 # Attribute 'grid_mode' of the grid. 1=='default',2=='initialization'
  0.0000000000000000 # Attribute 'small_contrib_threshold' of the grid.
  0.5000000000000000 # Attribute 'damping_power' of the grid.
 # binID   n_entries weight   weight_sqr   abs_weight
    19   10   2.526636870387096E-026   3.198182351185248E-051   2.526636870387096E-026
    22   10   5.203454978117445E-027   1.973896317167399E-052   5.203454978117445E-027
    25   10   3.321575224603241E-027   1.010504155162600E-052   3.321575224603241E-027
    28   10   9.789095550623015E-027   9.375359312866902E-052   9.789095550623015E-027
  </DiscreteSampler_grid>
